byte offset: 0
first index: 0
index count: 16242
topology: trianglelist
format: DXGI_FORMAT_R16_UINT

0 1 2
1 0 3
4 5 6
5 4 7
8 9 10
9 8 11
12 13 14
13 12 15
16 17 18
17 16 19
20 21 22
21 20 23
24 25 26
25 24 27
26 28 24
28 26 29
28 29 30
31 32 33
32 31 34
33 35 31
35 33 36
35 36 37
38 39 40
39 38 41
40 42 38
42 40 43
42 43 44
45 46 47
46 45 48
47 49 45
49 47 50
49 50 51
52 53 54
53 52 55
52 54 56
54 53 57
54 57 58
57 53 59
60 61 62
61 60 63
64 63 60
65 62 61
66 60 62
60 66 67
66 68 67
69 67 68
68 66 70
71 70 66
72 73 74
73 72 75
74 76 72
76 74 77
77 78 76
78 77 79
79 80 78
81 80 79
80 81 82
83 84 85
84 83 86
87 83 85
83 87 88
89 88 87
88 89 90
90 89 91
90 91 92
92 91 93
94 95 96
95 94 97
96 98 94
98 96 99
99 100 98
100 99 101
101 102 100
101 103 102
102 103 104
102 104 105
106 107 108
107 106 109
110 106 108
106 110 111
112 111 110
111 112 113
113 112 114
113 114 115
115 114 116
117 118 119
118 117 120
117 119 121
118 120 122
119 118 123
119 123 124
123 125 124
124 125 126
125 123 127
127 123 128
129 130 131
130 129 132
131 130 133
134 133 130
133 134 135
134 136 135
136 134 137
137 138 136
139 138 137
133 140 131
133 141 140
141 133 135
135 142 141
136 142 135
136 143 142
144 143 136
144 145 143
145 144 146
144 136 147
147 146 144
148 146 147
141 142 149
145 149 143
149 142 143
141 149 140
140 149 150
149 145 150
150 151 140
152 151 150
153 154 155
154 153 156
157 153 155
153 157 158
159 158 157
158 159 160
160 159 161
162 163 164
163 162 165
164 166 162
166 164 167
167 168 166
168 167 169
168 169 170
171 172 173
172 171 174
175 171 173
171 175 176
177 176 175
176 177 178
178 177 179
180 181 182
181 180 183
182 184 180
184 182 185
185 186 184
186 185 187
186 187 188
189 190 191
190 189 192
189 191 193
191 190 194
191 194 195
194 190 196
197 198 199
198 197 200
201 200 197
202 199 198
203 197 199
197 203 204
203 205 204
206 204 205
205 203 207
208 207 203
209 210 211
210 209 212
211 213 209
213 211 214
213 214 215
216 217 218
217 216 219
218 220 216
220 218 221
220 221 222
223 224 225
224 223 226
225 227 223
227 225 228
227 228 229
230 231 232
231 230 233
230 232 234
232 231 235
232 235 236
235 231 237
238 239 240
239 238 241
242 241 238
243 240 239
244 238 240
238 244 245
244 246 245
247 245 246
246 244 248
249 248 244
250 251 252
251 250 253
254 253 250
253 254 255
255 254 256
256 257 255
257 256 258
259 260 261
260 259 262
259 263 262
263 259 264
264 265 263
264 266 265
266 267 265
268 269 270
269 268 271
272 271 268
271 272 273
273 272 274
273 274 275
275 274 276
276 274 277
278 279 280
279 278 281
278 282 281
282 278 283
283 284 282
283 285 284
285 286 284
287 288 289
288 287 290
287 291 290
288 292 289
290 293 288
290 294 293
295 293 294
294 296 295
293 295 297
297 298 293
299 300 301
300 299 302
302 303 300
303 304 300
304 303 305
306 304 305
304 306 307
307 306 308
309 307 308
303 302 310
303 311 305
311 303 310
305 311 312
306 305 312
306 312 313
314 306 313
315 314 313
314 315 316
314 317 306
317 314 316
318 317 316
311 319 312
319 315 313
319 313 312
311 310 319
310 320 319
315 319 320
320 310 321
322 320 321
323 324 325
324 323 326
327 326 323
326 327 328
328 327 329
329 330 328
330 329 331
332 333 334
333 332 335
332 336 335
336 332 337
337 338 336
337 339 338
339 340 338
341 342 343
342 341 344
345 344 341
344 345 346
346 345 347
346 347 348
348 347 349
349 347 350
351 352 353
352 351 354
351 355 354
355 351 356
356 357 355
356 358 357
358 359 357
360 361 362
361 360 363
360 364 363
361 365 362
363 366 361
363 367 366
368 366 367
367 369 368
366 368 370
370 371 366
372 373 374
373 372 375
375 376 373
376 377 373
377 376 378
379 377 378
377 379 380
380 379 381
382 380 381
376 375 383
376 384 378
384 376 383
378 384 385
379 378 385
379 385 386
387 379 386
388 387 386
387 388 389
387 390 379
390 387 389
391 390 389
384 392 385
392 388 386
392 386 385
384 383 392
383 393 392
388 392 393
393 383 394
395 393 394
396 397 398
397 396 399
400 399 396
399 400 401
401 400 402
402 403 401
403 402 404
405 406 407
406 405 408
405 409 408
409 405 410
410 411 409
410 412 411
412 413 411
414 415 416
415 414 417
418 417 414
417 418 419
419 418 420
419 420 421
421 420 422
422 420 423
424 425 426
425 424 427
424 428 427
428 424 429
429 430 428
429 431 430
431 432 430
433 434 435
434 433 436
433 437 436
434 438 435
436 439 434
436 440 439
441 439 440
440 442 441
439 441 443
443 444 439
445 446 447
446 445 448
448 449 446
449 450 446
450 449 451
452 450 451
450 452 453
453 452 454
455 453 454
449 448 456
449 457 451
457 449 456
451 457 458
452 451 458
452 458 459
460 452 459
461 460 459
460 461 462
460 463 452
463 460 462
464 463 462
457 465 458
465 461 459
465 459 458
457 456 465
456 466 465
461 465 466
466 456 467
468 466 467
469 470 471
470 469 472
473 472 469
472 473 474
474 473 475
475 476 474
476 475 477
478 479 480
479 478 481
478 482 481
482 478 483
483 484 482
483 485 484
485 486 484
487 488 489
488 487 490
491 490 487
490 491 492
492 491 493
492 493 494
494 493 495
495 493 496
497 498 499
498 497 500
497 501 500
501 497 502
502 503 501
502 504 503
504 505 503
506 507 508
507 506 509
506 510 509
507 511 508
509 512 507
509 513 512
514 512 513
513 515 514
512 514 516
516 517 512
518 519 520
519 518 521
521 522 519
522 523 519
523 522 524
525 523 524
523 525 526
526 525 527
528 526 527
522 521 529
522 530 524
530 522 529
524 530 531
525 524 531
525 531 532
533 525 532
534 533 532
533 534 535
533 536 525
536 533 535
537 536 535
530 538 531
538 534 532
538 532 531
530 529 538
529 539 538
534 538 539
539 529 540
541 539 540
542 543 544
543 542 545
545 546 543
546 545 547
547 548 546
548 547 549
550 551 552
551 550 553
553 554 551
554 553 555
555 556 554
556 555 557
558 559 560
559 558 561
561 562 559
562 561 563
563 564 562
564 563 565
566 567 568
567 566 569
569 570 567
570 569 571
571 572 570
572 571 573
574 575 576
575 574 577
577 574 578
575 579 576
580 574 576
574 580 581
580 582 581
583 581 582
582 580 584
580 585 584
586 587 588
587 586 589
588 587 590
588 590 591
590 592 591
592 590 593
589 594 587
588 595 586
592 596 591
590 597 593
598 599 600
599 598 601
600 602 598
602 600 603
602 603 604
605 606 607
606 605 608
607 609 605
609 607 610
609 610 611
612 613 614
613 612 615
614 616 612
616 614 617
616 617 618
619 620 621
620 619 622
621 623 619
623 621 624
623 624 625
626 627 628
627 626 629
626 628 630
628 627 631
628 631 632
631 627 633
634 635 636
635 634 637
638 637 634
639 636 635
640 634 636
634 640 641
640 642 641
643 641 642
642 640 644
645 644 640
646 647 648
647 646 649
648 650 646
650 648 651
650 651 652
653 654 655
654 653 656
655 657 653
657 655 658
657 658 659
660 661 662
661 660 663
660 662 664
662 661 665
662 665 666
665 661 667
668 669 670
669 668 671
672 671 668
673 670 669
674 668 670
668 674 675
674 676 675
677 675 676
676 674 678
679 678 674
680 681 682
681 680 683
684 683 680
683 684 685
686 687 688
687 686 689
690 689 686
689 690 691
692 693 694
693 692 695
692 696 695
696 692 697
698 699 700
700 701 698
701 700 702
702 703 701
704 702 700
704 700 705
706 707 708
706 709 707
709 710 707
708 711 706
711 708 712
713 714 715
713 716 714
716 717 714
715 718 713
718 715 719
720 721 722
723 721 720
724 721 723
724 725 721
726 725 724
725 726 727
728 729 730
729 728 731
731 732 729
732 733 729
733 732 734
735 733 734
733 735 736
732 731 737
732 738 734
738 732 737
734 738 739
735 734 739
735 739 740
741 735 740
742 741 740
741 742 743
738 744 739
744 742 740
744 740 739
738 737 744
737 745 744
742 744 745
745 737 746
747 745 746
748 749 750
749 748 751
752 751 748
751 752 753
753 752 754
754 755 753
755 754 756
757 758 759
758 757 760
757 761 760
761 757 762
762 763 761
762 764 763
764 765 763
766 767 768
767 766 769
766 770 769
770 766 771
771 772 770
771 773 772
773 774 772
775 776 777
776 775 778
775 779 778
778 780 776
778 781 780
782 780 781
781 783 782
780 782 784
785 786 787
786 788 787
788 789 787
789 788 790
788 791 790
788 786 791
791 792 790
793 789 790
793 790 792
794 793 792
795 794 792
791 795 792
791 796 795
796 791 797
797 791 798
799 797 798
796 800 795
795 800 794
800 796 801
789 793 802
803 802 793
794 803 793
794 800 803
804 805 806
805 804 807
807 808 805
808 807 809
809 810 808
810 809 811
812 813 814
813 812 815
815 816 813
816 815 817
817 818 816
818 817 819
820 821 822
821 820 823
823 824 821
824 823 825
825 826 824
826 825 827
828 829 830
829 828 831
830 829 832
830 832 833
832 834 833
834 832 835
830 836 828
834 837 833
838 839 840
841 840 839
842 841 839
841 842 843
840 841 844
841 845 844
846 847 848
847 846 849
849 850 847
850 849 851
852 853 854
853 852 855
855 856 853
856 855 857
858 859 860
859 858 861
861 862 859
862 861 863
864 865 866
864 867 865
865 868 866
868 865 869
868 870 866
865 871 869
872 873 874
873 872 875
876 877 878
877 876 879
880 881 882
881 880 883
884 885 886
885 884 887
888 889 890
889 888 891
892 893 894
893 892 895
896 897 898
897 896 899
900 901 902
901 900 903
904 905 906
905 904 907
908 909 910
909 908 911
912 913 914
913 912 915
916 917 918
917 916 919
920 921 922
921 920 923
924 925 926
925 924 927
928 929 930
929 928 931
932 933 934
933 932 935
936 937 938
937 936 939
940 941 942
941 940 943
944 945 946
945 944 947
948 949 950
949 948 951
952 953 954
953 952 955
956 957 958
957 956 959
960 961 962
963 962 961
963 964 962
965 961 960
961 965 966
966 967 961
968 967 966
969 961 967
970 961 969
963 961 970
971 969 967
969 971 972
973 971 967
973 967 968
973 974 971
974 972 971
974 973 975
973 976 975
976 973 977
977 973 968
975 976 978
976 979 978
979 976 980
977 980 976
981 979 980
979 981 982
982 983 979
983 978 979
983 982 984
985 983 984
983 985 986
986 985 987
988 986 987
986 989 983
990 984 982
984 990 991
991 985 984
992 991 990
991 992 993
993 994 991
985 991 994
994 993 995
995 985 994
996 995 993
995 996 997
998 993 992
993 998 996
999 996 998
996 999 1000
999 1001 1000
1001 1002 1000
1002 1001 1003
1004 998 992
998 1004 1005
1006 992 990
1004 992 1006
1006 990 1007
1007 990 1008
1009 995 997
1009 997 1010
982 1008 990
1008 982 981
1008 981 1011
999 1012 1001
1013 1001 1012
1013 1014 1001
1001 1014 1003
1012 1015 1013
1012 1016 1015
1017 1016 1012
1012 999 1017
1017 999 1018
1013 1015 1019
1019 1014 1013
1009 1010 1020
1020 1021 1009
1021 1020 1022
1021 1022 1023
1024 1009 1021
1021 1025 1024
1025 1026 1024
1026 1025 1027
1028 1024 1026
1026 987 1028
987 1026 1029
1029 1026 1030
1024 1028 995
995 1009 1024
985 995 1028
987 985 1028
1023 1031 1021
1031 1025 1021
1032 1025 1031
1033 1030 1026
1033 1026 1027
1034 1029 1030
1035 1029 1034
1029 1035 1036
1029 1036 987
1037 1035 1034
1035 1037 1038
1035 1038 1039
1035 1039 1040
987 1036 988
988 1041 986
986 1041 989
1042 983 989
1042 978 983
1043 978 1042
975 978 1043
1043 1044 975
974 975 1044
1045 1046 1047
1046 1045 1048
1047 1046 1049
1047 1050 1045
1051 1046 1048
1045 1052 1048
1052 1053 1048
1051 1048 1053
1053 1052 1054
1052 1045 1055
1050 1055 1045
1056 1049 1046
1051 1056 1046
1057 1049 1056
1058 1057 1056
1057 1058 1059
1049 1057 1060
1060 1057 1061
1061 1057 1059
1060 1062 1049
1062 1047 1049
1062 1060 1063
1061 1063 1060
1064 1058 1056
1051 1064 1056
1058 1064 1065
1065 1066 1058
1066 1059 1058
1066 1065 1067
1067 1068 1066
1069 1066 1068
1069 1068 1070
1069 1071 1066
1059 1066 1071
1072 1059 1071
1059 1072 1073
1059 1073 1061
1073 1074 1061
1063 1061 1074
1075 1063 1074
1063 1075 1076
1076 1062 1063
1074 1073 1077
1072 1077 1073
1078 1071 1069
1071 1078 1072
1068 1067 1079
1080 1079 1067
1065 1080 1067
1079 1080 1081
1069 1082 1078
1082 1069 1070
1082 1083 1078
1083 1072 1078
1083 1082 1084
1085 1084 1082
1070 1085 1082
1084 1085 1086
1087 1086 1085
1085 1088 1087
1088 1089 1087
1089 1088 1090
1086 1087 1091
1089 1091 1087
1091 1089 1092
1092 1089 1093
1085 1070 1088
1068 1088 1070
1088 1068 1090
1094 1089 1090
1089 1094 1095
1093 1089 1095
1096 1095 1094
1096 1094 1097
1095 1096 1098
1098 1093 1095
1090 1079 1094
1079 1090 1068
1096 1099 1098
1099 1093 1098
1096 1100 1099
1101 1100 1096
1096 1097 1101
1102 1099 1100
1099 1102 1103
1099 1103 1093
1102 1104 1103
1104 1093 1103
1104 1102 1105
1106 1105 1102
1105 1106 1107
1108 1106 1102
1101 1108 1100
1108 1102 1100
1106 1108 1109
1108 1110 1109
1108 1101 1110
1110 1111 1109
1111 1110 1112
1101 1112 1110
1112 1101 1097
1112 1097 1113
1112 1113 1111
1113 1097 1114
1113 1114 1115
1115 1116 1113
1115 1117 1116
1117 1115 1118
1119 1117 1118
1120 1118 1115
1114 1120 1115
1114 1121 1120
1121 1114 1122
1114 1097 1122
1081 1122 1097
1118 1120 1123
1121 1123 1120
1123 1124 1118
1119 1118 1124
1124 1123 1125
1126 1125 1123
1123 1121 1126
1125 1126 1127
1080 1126 1121
1122 1080 1121
1080 1122 1081
1126 1080 1128
1126 1128 1127
1127 1128 1129
1080 1065 1128
1065 1064 1128
1130 1119 1124
1131 1130 1124
1130 1131 1132
1131 1124 1133
1127 1133 1125
1133 1124 1125
1132 1134 1130
1134 1132 1135
1136 1134 1135
1134 1136 1137
1138 1137 1136
1137 1138 1139
1139 1140 1137
1140 1134 1137
1140 1139 1141
1142 1141 1139
1141 1142 1143
1143 1142 1144
1139 1145 1142
1145 1139 1138
1146 1142 1145
1144 1142 1146
1133 1147 1131
1148 1147 1133
1147 1148 1149
1148 1150 1149
1150 1148 1129
1129 1151 1150
1151 1129 1152
1152 1153 1151
1153 1152 1154
1154 1152 1064
1154 1054 1153
1054 1154 1053
1051 1053 1154
1154 1064 1051
1064 1152 1128
1128 1152 1129
1127 1148 1133
1127 1129 1148
1155 1156 1157
1156 1158 1157
1159 1158 1156
1158 1159 1160
1160 1159 1161
1161 1159 1162
1155 1157 1163
1155 1164 1156
1164 1159 1156
1159 1164 1165
1162 1159 1165
1164 1155 1166
1167 1164 1166
1168 1167 1166
1168 1166 1155
1164 1167 1169
1165 1164 1169
1165 1169 1170
1170 1171 1165
1165 1171 1172
1169 1173 1170
1174 1170 1173
1174 1175 1170
1174 1176 1175
1167 1177 1169
1177 1173 1169
1177 1167 1178
1168 1178 1167
1179 1178 1168
1178 1179 1180
1180 1177 1178
1181 1179 1168
1180 1179 1181
1182 1180 1181
1183 1180 1182
1180 1183 1184
1185 1184 1183
1184 1185 1186
1187 1184 1186
1177 1187 1173
1173 1187 1174
1186 1188 1187
1174 1187 1188
1188 1176 1174
1188 1186 1189
1184 1187 1190
1190 1180 1184
1177 1180 1190
1187 1177 1190
1185 1183 1191
1182 1191 1183
1182 1192 1191
1193 1192 1182
1181 1193 1182
1194 1193 1181
1195 1193 1194
1193 1195 1196
1196 1197 1193
1197 1196 1198
1198 1199 1197
1199 1198 1200
1198 1196 1201
1201 1202 1198
1198 1202 1200
1202 1201 1203
1204 1202 1203
1205 1204 1203
1203 1201 1205
1204 1205 1206
1206 1207 1204
1207 1206 1208
1202 1204 1209
1207 1209 1204
1209 1200 1202
1210 1195 1194
1194 1168 1210
1199 1211 1197
1193 1197 1211
1192 1193 1211
1209 1207 1212
1213 1209 1212
1209 1213 1214
1215 1214 1213
1214 1215 1216
1216 1200 1214
1214 1200 1209
1200 1216 1199
1211 1199 1217
1218 1215 1213
1215 1218 1219
1220 1217 1199
1220 1199 1216
1221 1217 1220
1217 1221 1222
1223 1213 1212
1218 1213 1223
1223 1224 1218
1224 1223 1225
1226 1225 1223
1225 1226 1227
1225 1227 1228
1226 1229 1227
1229 1226 1230
1226 1208 1230
1208 1226 1207
1224 1231 1218
1219 1218 1231
1231 1224 1232
1232 1233 1231
1234 1231 1233
1233 1232 1235
1235 1232 1236
1233 1237 1234
1237 1233 1238
1239 1237 1238
1237 1239 1240
1240 1241 1237
1241 1242 1237
1237 1242 1234
1243 1242 1241
1234 1242 1219
1234 1219 1231
1241 1240 1244
1244 1245 1241
1241 1245 1243
1245 1244 1246
1221 1243 1245
1238 1247 1239
1248 1239 1247
1247 1238 1249
1249 1250 1247
1251 1245 1246
1245 1251 1252
1221 1245 1252
1221 1252 1253
1251 1253 1252
1253 1251 1254
1248 1247 1255
1247 1250 1255
1256 1255 1250
1255 1256 1257
1257 1258 1255
1258 1257 1259
1260 1259 1257
1259 1260 1261
1262 1261 1260
1262 1260 1263
1257 1256 1263
1257 1263 1260
1261 1262 1264
1262 1265 1264
1265 1262 1266
1262 1267 1266
1267 1262 1268
1263 1268 1262
1269 1267 1268
1270 1269 1268
1270 1263 1256
1268 1263 1270
1269 1270 1271
1272 1271 1270
1271 1272 1273
1274 1273 1272
1256 1274 1272
1270 1256 1272
1273 1274 1275
1274 1276 1275
1276 1274 1277
1249 1276 1277
1233 1276 1249
1250 1277 1274
1249 1277 1250
1250 1274 1256
1271 1278 1269
1273 1278 1271
1273 1279 1278
1279 1280 1278
1279 1273 1236
1276 1236 1275
1236 1273 1275
1281 1278 1280
1278 1281 1282
1282 1269 1278
1236 1276 1235
1233 1235 1276
1282 1283 1269
1267 1269 1283
1283 1284 1267
1284 1283 1285
1284 1285 1286
1287 1285 1283
1283 1282 1287
1281 1287 1282
1285 1287 1288
1288 1287 1289
1287 1281 1289
1266 1267 1284
1290 1284 1286
1290 1265 1284
1266 1284 1265
1290 1286 1291
1288 1291 1285
1285 1291 1286
1288 1292 1291
1292 1293 1291
1290 1291 1294
1291 1293 1294
1295 1161 1296
1297 1161 1295
1297 1160 1161
1297 1158 1160
1158 1297 1298
1295 1299 1297
1297 1299 1298
1295 1300 1299
1295 1301 1300
1295 1296 1302
1302 1301 1295
1302 1303 1301
1302 1304 1303
1304 1302 1305
1305 1302 1296
1303 1304 1306
1304 1307 1306
1306 1308 1303
1309 1303 1308
1309 1301 1303
1310 1309 1308
1309 1310 1311
1309 1311 1312
1312 1313 1309
1301 1309 1313
1301 1313 1314
1301 1314 1300
1312 1311 1315
1316 1304 1305
1305 1162 1316
1165 1316 1162
1162 1305 1296
1304 1316 1172
1165 1172 1316
1161 1162 1296
1317 1318 1319
1319 1318 1320
1318 1321 1320
1322 1318 1317
1323 1322 1317
1323 1324 1322
1323 1317 1325
1317 1326 1325
1327 1326 1317
1317 1319 1327
1319 1328 1327
1328 1319 1320
1329 1318 1322
1322 1324 1329
1329 1321 1318
1330 1321 1329
1324 1330 1329
1330 1324 1331
1331 1332 1330
1330 1332 1333
1330 1333 1321
1334 1321 1333
1334 1320 1321
1334 1333 1335
1336 1335 1333
1335 1336 1337
1333 1332 1338
1336 1333 1338
1339 1336 1338
1336 1340 1337
1341 1337 1340
1337 1341 1342
1343 1342 1341
1342 1343 1344
1345 1342 1344
1346 1345 1344
1346 1347 1345
1347 1346 1348
1347 1349 1345
1349 1347 1350
1351 1349 1350
1351 1352 1349
1353 1347 1348
1354 1350 1347
1353 1354 1347
1350 1354 1355
1355 1351 1350
1354 1353 1356
1356 1353 1357
1355 1354 1358
1359 1354 1356
1354 1359 1358
1356 1360 1359
1360 1356 1361
1361 1356 1362
1362 1356 1357
1363 1360 1361
1363 1364 1360
1364 1363 1365
1365 1363 1366
1367 1355 1358
1359 1367 1358
1355 1367 1368
1367 1359 1369
1360 1369 1359
1369 1360 1364
1370 1369 1364
1365 1370 1364
1369 1370 1371
1371 1367 1369
1370 1365 1372
1370 1373 1371
1373 1370 1374
1370 1375 1374
1375 1370 1372
1367 1371 1376
1376 1371 1377
1377 1371 1373
1365 1366 1378
1365 1378 1372
1363 1379 1366
1372 1380 1375
1380 1372 1381
1372 1378 1381
1378 1382 1381
1382 1378 1383
1380 1384 1375
1385 1375 1384
1384 1386 1385
1385 1386 1387
1386 1384 1388
1389 1388 1384
1384 1380 1389
1390 1389 1380
1380 1381 1390
1389 1390 1391
1381 1392 1390
1382 1392 1381
1393 1392 1382
1383 1393 1382
1392 1393 1394
1394 1395 1392
1390 1392 1395
1395 1394 1396
1397 1395 1396
1395 1397 1398
1399 1395 1398
1400 1399 1398
1399 1400 1401
1395 1399 1402
1390 1395 1402
1388 1389 1403
1389 1391 1403
1404 1402 1399
1402 1404 1405
1406 1402 1405
1402 1406 1407
1408 1407 1406
1407 1408 1391
1391 1408 1403
1390 1402 1407
1391 1390 1407
1409 1410 1411
1412 1410 1409
1413 1412 1409
1411 1410 1414
1414 1415 1411
1416 1415 1414
1415 1416 1417
1416 1418 1417
1418 1419 1417
1418 1416 1420
1416 1421 1420
1421 1416 1422
1423 1420 1421
1420 1423 1424
1424 1418 1420
1424 1425 1418
1418 1425 1419
1426 1424 1423
1424 1426 1427
1417 1428 1415
1428 1417 1429
1429 1417 1419
1429 1430 1428
1431 1429 1419
1429 1431 1430
1432 1431 1419
1431 1432 1433
1434 1433 1432
1434 1432 1419
1419 1425 1434
1425 1435 1434
1433 1434 1435
1435 1425 1436
1436 1424 1427
1424 1436 1425
1436 1437 1435
1435 1437 1433
1437 1436 1438
1438 1436 1427
1438 1439 1437
1439 1438 1440
1440 1441 1439
1441 1440 1442
1437 1439 1443
1443 1439 1441
1437 1443 1433
1430 1431 1444
1445 1430 1444
1446 1433 1443
1446 1431 1433
1444 1431 1446
1443 1447 1446
1447 1443 1448
1449 1446 1447
1446 1449 1450
1450 1444 1446
1447 1451 1449
1450 1449 1451
1451 1447 1452
1447 1448 1453
1447 1453 1452
1448 1454 1453
1454 1448 1455
1443 1455 1448
1443 1441 1455
1455 1441 1456
1457 1456 1441
1455 1456 1458
1455 1458 1454
1452 1453 1459
1453 1454 1459
1454 1460 1459
1461 1459 1460
1462 1461 1460
1459 1461 1463
1464 1463 1461
1462 1464 1461
1465 1459 1463
1459 1465 1452
1465 1466 1452
1466 1465 1467
1468 1467 1465
1468 1465 1463
1467 1468 1469
1464 1462 1470
1462 1471 1470
1472 1471 1462
1462 1460 1472
1471 1472 1473
1474 1464 1470
1464 1474 1475
1475 1476 1464
1476 1463 1464
1477 1476 1475
1477 1478 1476
1478 1477 1479
1478 1480 1476
1481 1476 1480
1482 1481 1480
1478 1482 1480
1476 1481 1483
1475 1484 1477
1479 1477 1484
1485 1478 1479
1486 1485 1479
1486 1352 1485
1478 1485 1487
1482 1478 1487
1487 1485 1488
1488 1485 1351
1351 1485 1352
1488 1489 1487
1490 1487 1489
1490 1482 1487
1489 1488 1491
1492 1489 1491
1489 1492 1493
1489 1493 1490
1492 1491 1494
1495 1491 1488
1495 1488 1351
1494 1491 1495
1355 1495 1351
1495 1355 1368
1496 1493 1492
1493 1496 1497
1495 1498 1494
1498 1495 1368
1499 1494 1498
1492 1499 1496
1499 1492 1494
1499 1500 1496
1499 1501 1500
1499 1498 1501
1502 1493 1497
1502 1503 1493
1490 1493 1503
1504 1503 1502
1503 1504 1505
1502 1506 1504
1497 1506 1502
1497 1507 1506
1508 1506 1507
1509 1508 1507
1509 1510 1508
1510 1509 1511
1509 1512 1511
1512 1509 1513
1514 1513 1500
1514 1500 1515
1501 1515 1500
1510 1516 1508
1506 1508 1516
1516 1517 1506
1504 1506 1517
1517 1516 1518
1516 1510 1519
1515 1520 1514
1521 1520 1515
1520 1521 1522
1523 1520 1522
1520 1523 1524
1501 1521 1515
1520 1524 1525
1525 1513 1514
1513 1525 1512
1514 1520 1525
1522 1526 1523
1526 1522 1527
1521 1527 1522
1527 1528 1526
1528 1527 1529
1501 1530 1521
1530 1529 1527
1521 1530 1527
1530 1501 1498
1376 1530 1498
1530 1376 1529
1376 1531 1529
1531 1376 1377
1531 1532 1529
1532 1528 1529
1531 1533 1532
1533 1531 1534
1531 1377 1534
1535 1533 1534
1533 1535 1536
1537 1536 1535
1536 1537 1538
1539 1538 1537
1539 1387 1538
1385 1387 1539
1537 1385 1539
1535 1374 1537
1374 1535 1373
1534 1373 1535
1377 1373 1534
1537 1375 1385
1374 1375 1537
1376 1498 1367
1367 1498 1368
1540 1541 1542
1540 1542 1543
1543 1542 1544
1544 1542 1545
1544 1546 1543
1546 1544 1547
1544 1545 1548
1548 1549 1544
1549 1547 1544
1549 1548 1550
1551 1546 1547
1551 1552 1546
1540 1543 1552
1546 1552 1543
1552 1551 1553
1551 1554 1553
1551 1547 1554
1552 1553 962
962 1553 1555
1553 1554 1555
1552 962 964
1540 1552 964
1540 964 1541
963 1541 964
960 962 1555
1554 960 1555
1550 1556 1549
1557 965 960
1557 1558 965
1559 1558 1557
965 1558 1560
1561 1558 1559
1562 1561 1559
1563 1561 1562
1563 1562 1564
1558 1561 1565
1560 966 965
966 1560 1566
1567 966 1566
1567 1566 1568
968 966 1567
1569 1567 1568
1567 1569 968
1570 968 1569
968 1570 977
977 1570 1571
980 977 1571
1572 980 1571
1572 981 980
1572 1573 981
981 1573 1574
981 1574 1575
1576 1575 1574
1574 1577 1576
1577 1574 1578
1578 1574 1579
1579 1574 1573
1578 1579 1580
1581 1578 1580
1581 1582 1578
1578 1583 1577
1583 1578 1582
1011 981 1575
1008 1011 1584
1584 1007 1008
1585 1586 1482
1585 1482 1490
1587 1585 1490
1587 1490 1588
1588 1490 1503
1588 1503 1505
1481 1482 1586
1481 1586 1589
1590 1589 1586
1468 1589 1590
1590 1591 1468
1468 1591 1469
1483 1589 1468
1589 1483 1481
1468 1463 1483
1463 1476 1483
1592 1593 1594
1593 1592 1595
1592 1596 1595
1003 1596 1592
1597 1003 1592
1003 1597 1598
1003 1014 1596
1003 1598 1002
1599 1002 1598
1599 1000 1002
1000 1599 1600
1000 1600 1601
1600 1599 1602
1600 1602 1603
1600 1603 1604
1601 1600 1604
1604 1605 1601
1605 1606 1601
1601 996 1000
996 1601 997
1606 997 1601
1010 997 1606
1607 1608 1609
1608 1607 1610
1608 1610 1611
1611 1612 1608
1613 1611 1610
1611 1613 1614
1609 1615 1607
1615 1609 1616
1609 1617 1616
1617 1609 1618
1618 1609 1608
1607 1615 1619
1614 1620 1611
1620 1614 1621
1622 1620 1621
1620 1622 1623
1622 1624 1623
1624 1622 1625
1624 1625 1626
1623 1624 1627
1628 1620 1623
1628 1623 1627
1620 1628 1611
1627 1629 1628
1629 1627 1630
1631 1630 1627
1627 1624 1631
1632 1631 1624
1630 1631 1633
1632 1633 1631
1633 1634 1630
1630 1634 1629
1634 1633 1635
1635 1633 1636
1633 1637 1636
1637 1633 1632
1632 1638 1637
1638 1632 1639
1632 1640 1639
1640 1632 1641
1637 1642 1636
1642 1637 1638
1643 1636 1642
1636 1643 1644
1635 1636 1644
1645 1635 1644
1645 1634 1635
1645 1646 1634
1647 1646 1645
1645 1644 1647
1646 1647 1648
1649 1648 1647
1650 1649 1647
1649 1650 1651
1650 1652 1651
1652 1650 1653
1654 1653 1650
1650 1647 1654
1647 1644 1654
1653 1654 1655
1644 1655 1654
1655 1644 1643
1648 1649 1656
1657 1656 1649
1649 1658 1657
1656 1657 1076
1648 1659 1646
1660 1646 1659
1634 1646 1660
1661 1634 1660
1662 1661 1660
1660 1659 1662
1661 1662 1663
1663 1662 1664
1662 1659 1665
1662 1665 1664
1665 1659 1666
1664 1665 1667
1668 1664 1667
1664 1668 1669
1669 1670 1664
1663 1664 1670
1671 1663 1670
1671 1661 1663
1671 1672 1661
1671 1673 1672
1673 1671 1674
1670 1669 1675
1674 1671 1675
1675 1671 1670
1676 1675 1669
1675 1676 1677
1675 1677 1678
1675 1678 1674
1679 1672 1673
1672 1679 1680
1681 1672 1680
1629 1681 1680
1672 1681 1661
1634 1661 1681
1681 1629 1634
1679 1682 1680
1629 1680 1682
1682 1679 1618
1683 1618 1679
1679 1673 1683
1618 1683 1617
1674 1684 1673
1684 1683 1673
1684 1674 1678
1682 1612 1629
1629 1612 1628
1611 1628 1612
1618 1608 1682
1608 1612 1682
1685 1189 1686
1686 1687 1685
1687 1686 1688
1689 1687 1688
1688 1690 1689
1690 1688 1185
1185 1688 1686
1687 1689 1691
1689 1692 1691
1692 1689 1693
1690 1693 1689
1692 1693 1254
1690 1185 1191
1254 1693 1253
1694 1253 1693
1690 1191 1694
1694 1693 1690
1694 1222 1253
1221 1253 1222
1192 1694 1191
1192 1695 1694
1694 1695 1222
1222 1695 1217
1695 1192 1211
1217 1695 1211
1220 1243 1221
1696 1243 1220
1696 1242 1243
1219 1242 1696
1215 1219 1696
1696 1216 1215
1696 1220 1216
1697 1332 1698
1697 1338 1332
1332 1331 1698
1699 1700 1701
1700 1699 1702
1703 1700 1702
1703 1348 1700
1703 1353 1348
1353 1703 1357
1703 1704 1357
1704 1703 1705
1704 1706 1357
1700 1348 1346
1701 1700 1346
1346 1707 1701
1708 1701 1707
1707 1343 1708
1344 1343 1707
1346 1344 1707
1709 1701 1708
1357 1706 1362
1706 1710 1362
1706 1711 1710
1711 1712 1710
1363 1710 1712
1379 1363 1712
1710 1363 1361
1361 1362 1710
1713 1366 1379
1366 1713 1383
1393 1383 1713
1366 1383 1378
1714 1715 1716
1715 1714 1717
1718 1717 1714
1717 1718 1719
1626 1717 1719
1717 1626 1720
1715 1717 1720
1718 1641 1719
1641 1626 1719
1641 1718 1640
1641 1624 1626
1632 1624 1641
1715 1721 1716
1722 1723 1724
1723 1722 1725
1725 1726 1723
1726 1725 1727
1725 1486 1727
1486 1725 1334
1334 1725 1722
1334 1728 1486
1727 1729 1726
1729 1727 1730
1486 1730 1727
1730 1731 1729
1731 1730 1732
1732 1733 1731
1733 1732 1734
1484 1734 1732
1735 1733 1734
1484 1735 1734
1733 1735 1736
1736 1735 1737
1475 1735 1484
1474 1735 1475
1474 1737 1735
1474 1738 1737
1732 1730 1479
1484 1732 1479
1479 1730 1486
1470 1738 1474
1471 1738 1470
1486 1728 1352
1728 1349 1352
1739 1349 1728
1349 1739 1345
1739 1728 1335
1342 1345 1739
1335 1337 1739
1739 1337 1342
1334 1335 1728
1320 1334 1740
1740 1334 1722
1722 1741 1740
1742 1740 1741
1740 1742 1328
1320 1740 1328
1742 1743 1328
1328 1743 1327
1741 1722 1724
1422 1744 1745
1416 1744 1422
1416 1414 1744
1410 1744 1414
1412 1744 1410
1744 1412 1745
1454 1746 1472
1458 1746 1454
1746 1458 1747
1746 1747 1473
1746 1473 1472
1456 1747 1458
1454 1472 1460
1457 1747 1456
1457 1441 1442
1018 1748 1749
1748 1018 1750
1751 1750 1018
1750 1751 1752
1018 998 1751
998 1018 999
1752 1751 1005
1751 998 1005
1018 1749 1753
1018 1753 1017
1017 1753 1016
1507 1497 1754
1509 1507 1754
1754 1513 1509
1500 1513 1754
1496 1754 1497
1496 1500 1754
1755 1210 1163
1195 1210 1755
1155 1163 1210
1168 1155 1210
1181 1168 1194
1093 1104 1756
1092 1093 1756
1676 1757 1083
1757 1676 1758
1669 1758 1676
1758 1669 1668
1084 1676 1083
1676 1084 1677
1084 1086 1677
1072 1083 1757
1077 1072 1757
1758 1077 1757
1077 1758 1759
1668 1759 1758
1759 1074 1077
1074 1759 1075
1760 1075 1759
1668 1760 1759
1668 1667 1760
1075 1760 1666
1656 1075 1666
1076 1075 1656
1656 1666 1648
1659 1648 1666
1665 1666 1760
1665 1760 1667
1062 1076 1657
1657 1761 1062
1657 1658 1761
1761 1658 1762
1763 1762 1658
1762 1763 1764
1047 1062 1761
1050 1047 1761
1761 1762 1050
1762 1765 1050
1765 1762 1764
1055 1050 1765
1766 1763 1658
1763 1766 1767
1651 1767 1766
1767 1651 1652
1649 1651 1766
1649 1766 1658
1768 1119 1130
1768 1130 1134
1768 1134 1140
1428 1769 1415
1415 1769 1411
1428 1430 1445
1445 1444 1770
1444 1450 1770
1255 1258 1771
1248 1255 1771
1279 1225 1228
1225 1279 1224
1232 1224 1279
1236 1232 1279
1279 1228 1280
1772 1280 1228
1227 1772 1228
1772 1227 1229
1438 1427 1773
1773 1427 1426
1774 1775 1776
1340 1336 1777
1777 1336 1339
1451 1452 1466
1223 1212 1226
1226 1212 1207
1233 1249 1238
1778 1613 1610
1610 1607 1778
1607 1619 1778
1185 1686 1186
1186 1686 1189
1779 1188 1189
1779 1176 1188
1189 1780 1779
1685 1780 1189
1781 1780 1685
1782 1783 1784
1146 1782 1784
1146 1784 1144
1081 1094 1079
1094 1081 1097
1170 1785 1171
1785 1170 1786
1787 1785 1786
1786 1170 1175
1788 1789 1516
1789 1518 1516
1518 1789 1790
1788 1516 1519
1791 1792 1793
1791 1794 1792
1792 1794 1795
1796 1792 1795
1792 1796 1797
1798 1792 1797
1797 1799 1798
1798 1799 1800
1801 1800 1799
1801 1802 1800
1801 1799 1803
1799 1804 1803
1804 1799 1805
1804 1805 1806
1806 1805 1807
1805 1808 1807
1808 1805 1809
1810 1809 1805
1799 1810 1805
1810 1799 1811
1799 1797 1811
1810 1812 1809
1811 1812 1810
1808 1809 1813
1809 1812 1813
1800 1802 1814
1800 1814 1815
1816 1800 1815
1816 1798 1800
1817 1798 1816
1798 1817 1818
1817 1819 1818
1817 1816 1820
1820 1821 1817
1822 1817 1821
1819 1817 1822
1821 1823 1822
1823 1821 1824
1820 1825 1821
1821 1825 1824
1826 1822 1823
1798 1818 1792
1826 1827 1822
1826 1828 1827
1827 1828 1829
1830 1827 1829
1830 1831 1827
1831 1832 1827
1822 1833 1819
1833 1822 1834
1822 1835 1834
1827 1835 1822
1836 1835 1827
1827 1832 1836
1793 1792 1818
1837 1793 1818
1838 1837 1818
1819 1838 1818
1812 1839 1840
1840 1839 1841
1842 1839 1812
1813 1812 1840
1812 1843 1842
1811 1843 1812
1797 1843 1811
1797 1796 1843
1844 1845 1846
1846 1845 1847
1844 1848 1845
1849 1848 1844
1850 1848 1849
1851 1849 1844
1850 1852 1848
1850 1853 1852
1853 1850 1854
1850 1855 1854
1856 1855 1850
1856 1849 1851
1849 1856 1850
1857 1856 1851
1856 1857 1858
1857 1859 1858
1860 1859 1857
1857 1861 1860
1860 1861 1862
1860 1863 1859
1863 1860 1864
1859 1865 1858
1865 1859 1863
1851 1866 1857
1857 1866 1861
1851 1867 1866
1860 1868 1864
1860 1862 1868
1864 1868 1869
1869 1868 1870
1869 1870 1871
1869 1871 1872
1873 1867 1851
1873 1851 1874
1873 1874 1875
1874 1876 1875
1846 1876 1874
1851 1844 1874
1844 1846 1874
1877 1876 1846
1878 1877 1846
1878 1846 1847
1847 1845 1879
1845 1880 1879
1881 1880 1845
1881 1882 1880
1881 1883 1882
1882 1883 1884
1885 1884 1883
1885 1883 1881
1881 1852 1885
1886 1884 1885
1848 1852 1881
1845 1848 1881
1887 1888 1889
1888 1887 1890
1890 1887 1891
1892 1888 1890
1888 1892 1893
1893 1892 1894
1890 1895 1892
1895 1890 1891
1896 1894 1892
1897 1892 1895
1892 1897 1896
1896 1897 1898
1897 1899 1898
1899 1900 1898
1901 1898 1900
1898 1901 1902
1896 1902 1894
1902 1896 1898
1894 1902 1903
1901 1903 1902
1900 1899 1904
1899 1897 1905
1906 1897 1895
1891 1906 1895
1897 1906 1907
1907 1905 1897
1906 1908 1907
1908 1906 1909
1907 1910 1905
1905 1910 1911
1911 1910 1912
1912 1907 1908
1907 1912 1910
1913 1911 1912
1911 1913 1914
1914 1915 1911
1905 1911 1915
1915 1914 1916
1912 1917 1913
1917 1912 1908
1909 1917 1908
1917 1918 1913
1914 1913 1918
1918 1917 1919
1917 1909 1920
1920 1919 1917
1919 1920 1921
1921 1922 1919
1922 1921 1923
1922 1923 1924
1919 1922 1925
1918 1925 1914
1914 1925 1916
1919 1925 1918
1922 1926 1925
1926 1922 1927
1924 1927 1922
1927 1928 1926
1928 1927 1929
1927 1924 1930
1916 1931 1915
1899 1915 1931
1932 1899 1931
1899 1932 1904
1915 1899 1905
1931 1933 1932
1933 1926 1928
1933 1931 1934
1934 1925 1926
1926 1933 1934
1931 1916 1934
1925 1934 1916
1929 1935 1928
1935 1933 1928
1935 1929 1936
1937 1936 1929
1927 1937 1929
1937 1927 1930
1936 1937 1938
1933 1935 1939
1939 1932 1933
1940 1904 1932
1932 1939 1940
1904 1940 1941
1941 1900 1904
1900 1941 1942
1942 1901 1900
1901 1942 1943
1944 1901 1943
1901 1944 1945
1903 1901 1945
1894 1903 1946
1946 1893 1894
1946 1947 1893
1948 1947 1946
1947 1888 1893
1949 1950 1951
1950 1949 1952
1951 1953 1949
1953 1951 1954
1955 1951 1950
1951 1955 1954
1954 1956 1953
1956 1954 1957
1955 1957 1954
1957 1958 1956
1958 1957 1959
1959 1960 1958
1960 1959 1961
1960 1961 1962
1963 1953 1956
1953 1963 1964
1964 1949 1953
1949 1964 1952
1965 1962 1961
1962 1965 1966
1967 1962 1966
1962 1967 1968
1967 1969 1968
1970 1969 1967
1969 1970 1971
1972 1971 1970
1970 1973 1972
1973 1970 1974
1967 1974 1970
1974 1975 1973
1975 1974 1976
1976 1977 1975
1977 1976 1978
1979 1978 1976
1978 1979 1980
1981 1979 1976
1974 1967 1981
1981 1976 1974
1966 1981 1967
1979 1981 1982
1983 1979 1982
1983 1984 1979
1984 1980 1979
1985 1983 1982
1986 1983 1985
1983 1986 1987
1986 1985 1988
1980 1989 1978
1989 1977 1978
1989 1980 1990
1991 1990 1980
1980 1984 1991
1990 1991 1992
1982 1981 1993
1988 1985 1993
1982 1993 1985
1966 1993 1981
1966 1994 1993
1995 1993 1994
1994 1996 1995
1997 1995 1996
1995 1997 1998
1998 1999 1995
1999 1988 1993
1999 1993 1995
1999 1998 2000
2001 1999 2000
1999 2001 2002
1996 1994 2003
2004 2003 1994
2003 2004 2005
1966 1965 1994
2004 2006 2005
2006 2004 2007
2008 1994 1965
1994 2008 2004
2009 2008 1965
2010 2009 1965
2008 2009 2011
2012 2008 2011
2008 2012 2013
2004 2013 2007
2013 2004 2008
2013 2014 2007
2014 2013 2015
2016 2014 2015
2014 2016 2017
2016 2018 2017
2018 2016 2019
2019 2016 2020
2020 2013 2012
2013 2020 2015
2020 2016 2015
2018 2021 2017
2007 2021 2006
2021 2007 2014
2017 2021 2014
1965 1961 2010
1961 2022 2010
2022 1961 1959
1957 2022 1959
2022 1957 2023
1957 1955 2023
2024 1964 2025
1964 2024 2026
2027 2024 2025
2024 2027 2028
2028 2026 2024
2029 2027 2025
1964 2029 2025
2027 2029 2030
2031 2027 2030
2027 2031 2032
2032 2028 2027
2026 2028 2033
2028 2032 2033
2029 1964 1963
2029 1963 2034
2034 2030 2029
1963 2035 2034
2035 1963 2036
2037 2035 2036
2035 2037 2038
2039 2038 2037
2038 2039 2040
2039 2041 2040
2041 2039 2042
2043 2041 2042
2041 2043 2044
2038 2040 2045
2045 2035 2038
2035 2045 2046
2045 2047 2046
2047 2045 2048
2049 2048 2045
2050 2035 2046
2047 2050 2046
2035 2050 2034
2050 2047 2031
1962 2042 2039
2042 1962 1968
1968 2043 2042
2043 1968 1969
2051 2045 2040
2051 2052 2045
2051 2053 2052
2053 2051 2054
2055 2054 2051
2055 2051 2041
2041 2051 2040
2054 2055 2056
2057 2054 2056
2054 2057 2058
2054 2058 2059
2060 2059 2058
2058 2061 2060
2059 2060 2062
2061 2063 2060
2063 2062 2060
2063 2061 2064
2064 2061 2065
2058 2065 2061
2057 2066 2058
2065 2058 2066
2067 2065 2066
2066 2068 2067
2068 2066 2069
2070 2069 2066
2066 2057 2070
2069 2070 2071
2070 2072 2071
2072 2070 2073
2074 2067 2068
2067 2074 2075
2076 2067 2075
2067 2076 2065
2075 2077 2076
2077 2075 2078
2078 2075 2074
2078 2079 2077
2080 2077 2079
2077 2080 2081
2077 2081 2076
2079 2078 2082
2074 2082 2078
2082 2074 2083
2082 2084 2079
2079 2084 2080
2084 2082 2085
2083 2085 2082
2083 2086 2085
2086 2084 2085
2084 2086 2087
2080 2084 2087
2081 2065 2076
2065 2081 2064
2088 2089 2090
2089 2088 2091
2092 2091 2088
2091 2092 2093
2094 2090 2089
2089 2095 2094
2095 2089 2096
2096 2089 2053
2090 2094 2097
2098 2095 2096
2098 2096 2099
2053 2099 2096
2095 2098 2100
2098 2099 2101
2099 2102 2101
2102 2099 2103
2104 2103 2099
2104 2099 2105
2099 2053 2105
2103 2104 2106
2092 2107 2093
2104 2108 2106
2108 2104 2109
2062 2109 2104
2104 2105 2062
2109 2062 2063
2062 2105 2059
2105 2054 2059
2054 2105 2053
2106 2108 2110
2110 2103 2106
2108 2111 2110
2112 2110 2111
2112 2102 2113
2110 2112 2113
2103 2110 2113
2111 2108 2114
2115 2112 2111
2115 2111 2114
2114 2116 2115
2116 2114 2117
2116 2118 2115
2112 2115 2118
2118 2116 2119
2120 2112 2118
2102 2112 2120
2116 2121 2119
2119 2121 2122
2122 2118 2119
2118 2122 2120
2121 2116 2123
2117 2123 2116
2117 2124 2123
2123 2125 2121
2125 2123 2124
2122 2121 2125
2102 2103 2113
2049 2126 2127
2126 2049 2128
2127 2126 2129
2130 2127 2129
2127 2130 2131
2131 2130 2132
2132 2133 2131
2133 2132 2134
2134 2135 2133
2135 2134 2136
2136 2137 2135
2137 2136 2138
2139 2137 2138
2136 2139 2138
2139 2136 2134
2137 2139 2140
2141 2140 2139
2141 2134 2132
2134 2141 2139
2140 2141 2142
2142 2141 2143
2132 2143 2141
2143 2132 2130
2143 2092 2142
2092 2143 2107
2130 2107 2143
2107 2130 2129
2129 2093 2107
2093 2129 2126
2126 2091 2093
2091 2126 2128
2091 2128 2052
2052 2089 2091
2089 2052 2053
2045 2052 2128
2049 2045 2128
2144 2145 2146
2146 2145 2147
2147 2148 2146
2148 2147 2149
2148 2149 2150
2151 2146 2148
2146 2151 2152
2144 2146 2152
2000 2152 2151
2152 2000 1998
1998 2144 2152
2144 1998 1997
2153 2000 2151
2148 2153 2151
2148 2150 2153
2000 2153 2001
2154 2149 2147
2145 2154 2147
2145 2155 2154
2149 2154 2156
2149 2156 2150
2155 2156 2154
2156 2155 2157
2150 2156 2157
2158 2159 2160
2159 2158 2161
2158 2160 2162
2159 2163 2160
2163 2159 2164
2159 2165 2164
2165 2159 2166
2166 2159 2161
2167 2160 2163
2160 2167 2162
2168 2163 2164
2168 2164 2165
2097 2168 2165
2168 2097 2169
2169 2170 2168
2163 2168 2170
2163 2170 2167
2170 2169 2171
2171 2167 2170
2167 2171 2100
2095 2100 2171
2171 2094 2095
2094 2171 2169
2097 2094 2169
2172 2173 1988
2173 2172 2174
1999 2172 1988
2173 1986 1988
1986 2173 2175
2175 1987 1986
1987 2175 2176
2175 2177 2176
2177 2175 2178
2173 2178 2175
2178 2173 2179
2180 2173 2174
2173 2180 2179
2178 2181 2177
2181 2178 2182
2180 2183 2179
2183 2178 2179
2178 2183 2182
2183 2180 2184
2183 2185 2182
2182 2185 2181
2185 2183 2186
2184 2186 2183
2184 2187 2186
2187 2185 2186
2185 2187 2188
2181 2185 2188
2002 2172 1999
2039 2037 1960
2037 1958 1960
1958 2037 2036
2036 1956 1958
1956 2036 1963
1960 1962 2039
2050 2031 2030
2030 2034 2050
1977 1989 2189
1989 2190 2189
1990 2190 1989
2190 1990 2191
2191 2192 2190
2189 2190 2192
2192 2191 2193
1992 2193 2191
1992 2191 1990
2055 2041 2044
2070 2057 2073
1906 1891 2194
1891 1887 2194
2195 2196 2197
2196 2195 2198
2199 2198 2195
2200 2199 2195
2197 2200 2195
2199 2200 2201
2199 2201 2202
2198 2199 2203
2202 2203 2199
2203 2204 2198
2204 2203 2205
2202 2206 2203
2206 2205 2203
2207 2206 2202
2207 2208 2206
2205 2206 2208
2208 2207 2209
2210 2209 2207
2211 2210 2207
2210 2211 2212
2213 2212 2211
2212 2213 2214
2211 2207 2215
2215 2213 2211
2216 2214 2213
2214 2216 2217
2217 2216 2218
2213 2219 2216
2219 2213 2220
2213 2215 2220
2220 2215 2221
2216 2222 2218
2222 2216 2219
2223 2222 2219
2220 2223 2219
2223 2220 2221
2222 2223 2224
2225 2224 2223
2221 2225 2223
2224 2225 2226
2227 2226 2225
2225 2228 2227
2228 2225 2229
2225 2221 2229
2230 2229 2221
2201 2230 2221
2230 2201 2200
2230 2200 2231
2200 2197 2231
2232 2231 2197
2231 2232 2233
2234 2231 2233
2235 2227 2228
2235 2228 2234
2227 2235 2236
2226 2227 2237
2236 2237 2227
2237 2236 2238
2239 2238 2236
2238 2239 2240
2236 2241 2239
2241 2236 2235
2242 2240 2239
2240 2242 2243
2244 2239 2241
2239 2244 2242
2245 2243 2242
2243 2245 2246
2247 2242 2244
2242 2247 2245
2244 2248 2247
2248 2244 2249
2241 2249 2244
2249 2250 2248
2249 2251 2250
2241 2252 2249
2249 2252 2253
2253 2251 2249
2252 2254 2253
2255 2253 2254
2254 2256 2255
2256 2254 2232
2254 2252 2257
2235 2257 2252
2247 2248 2258
2247 2259 2245
2259 2247 2260
2259 2246 2245
2259 2261 2246
2259 2262 2261
2260 2262 2259
2260 2263 2262
2233 2254 2257
2254 2233 2232
2232 2196 2256
2196 2232 2197
2234 2257 2235
2257 2234 2233
2247 2258 2260
2262 2263 2264
2265 2196 2198
2265 2198 2204
2266 2231 2234
2230 2231 2266
2228 2266 2234
2228 2229 2266
2266 2229 2230
2214 2267 2268
2214 2268 2212
2217 2267 2214
2217 2269 2267
2269 2270 2267
2270 2269 2271
2224 2272 2222
2226 2272 2224
2272 2226 2273
2226 2274 2273
2274 2226 2237
2238 2274 2237
2274 2238 2275
2240 2275 2238
2276 2201 2215
2201 2276 2202
2276 2207 2202
2215 2207 2276
2221 2215 2201
2235 2252 2241
2277 2278 2279
2280 2278 2277
2278 2280 2281
2281 2282 2278
2282 2281 2283
2284 2282 2283
2284 2283 2285
2281 2285 2283
2282 2284 2286
2287 2286 2284
2284 2285 2287
2286 2287 2288
2286 2288 2289
2289 2278 2282
2286 2289 2282
2285 2281 2290
2287 2285 2291
2291 2288 2287
2288 2291 2292
2289 2288 2292
2278 2289 2293
2279 2278 2293
2294 2281 2280
2281 2294 2290
2295 2294 2280
2295 2280 2296
2295 2296 2297
2295 2297 2298
2297 2299 2298
2299 2297 2300
2300 2297 2301
2296 2301 2297
2277 2301 2296
2300 2302 2299
2303 2302 2300
2302 2303 2304
2303 2305 2304
2306 2304 2305
2305 2307 2306
2307 2305 2308
2304 2306 2309
2310 2309 2306
2311 2309 2310
2309 2311 2312
2312 2304 2309
2304 2312 2302
2312 2311 2313
2314 2310 2306
2314 2306 2307
2305 2303 2315
2315 2308 2305
2307 2316 2314
2316 2307 2317
2317 2307 2308
2317 2318 2316
2318 2317 2319
2319 2320 2318
2320 2319 2321
2321 2322 2320
2322 2321 2323
2322 2323 2324
2325 2324 2323
2324 2325 2326
2327 2325 2323
2325 2327 2328
2329 2325 2328
2325 2329 2330
2325 2330 2326
2331 2328 2327
2328 2331 2332
2331 2327 2333
2334 2333 2327
2333 2334 2335
2327 2336 2334
2323 2336 2327
2336 2323 2321
2334 2336 2337
2337 2335 2334
2336 2338 2337
2338 2336 2339
2339 2340 2338
2340 2339 2341
2321 2339 2336
2339 2321 2319
2319 2341 2339
2319 2317 2341
2335 2337 2342
2337 2338 2343
2337 2343 2342
2344 2343 2338
2343 2344 2345
2344 2346 2345
2346 2344 2347
2348 2335 2342
2335 2348 2349
2342 2350 2348
2350 2342 2343
2345 2350 2343
2351 2346 2347
2352 2346 2351
2351 2353 2352
2353 2351 2354
2346 2352 2355
2356 2353 2354
2353 2356 2357
2358 2349 2348
2349 2358 2359
2360 2359 2358
2358 2361 2360
2361 2358 2362
2348 2362 2358
2362 2348 2350
2359 2360 2363
2363 2364 2359
2364 2363 2365
2365 2366 2364
2366 2365 2367
2368 2365 2363
2365 2368 2369
2369 2367 2365
2370 2363 2360
2363 2370 2368
2367 2369 2371
2369 2372 2371
2372 2369 2373
2374 2373 2369
2374 2369 2368
2375 2367 2371
2375 2366 2367
2366 2375 2376
2377 2368 2370
2377 2374 2368
2370 2378 2377
2378 2379 2377
2378 2380 2379
2380 2378 2381
2370 2382 2378
2382 2381 2378
2360 2382 2370
2382 2360 2361
2383 2382 2361
2382 2384 2381
2384 2382 2383
2384 2380 2381
2371 2385 2375
2385 2371 2372
2362 2383 2361
2383 2362 2386
2350 2386 2362
2350 2345 2386
2377 2379 2387
2388 2389 2390
2391 2388 2390
2388 2391 2392
2391 2393 2392
2393 2391 2394
2392 2393 2395
2395 2388 2392
2388 2395 2396
2390 2389 2397
2398 2389 2388
2398 2388 2396
2389 2398 2399
2389 2399 2397
2399 2398 2400
2395 2401 2396
2401 2398 2396
2401 2400 2398
2395 2402 2401
2402 2395 2403
2402 2404 2401
2401 2404 2400
2405 2402 2403
2402 2405 2406
2402 2406 2407
2408 2407 2406
2403 2409 2405
2409 2403 2410
2395 2410 2403
2410 2411 2409
2411 2410 2412
2413 2411 2412
2412 2299 2413
2299 2412 2298
2411 2413 2414
2393 2412 2410
2412 2393 2298
2394 2298 2393
2298 2394 2295
2408 2415 2407
2415 2408 2416
2417 2415 2416
2415 2417 2418
2404 2418 2417
2402 2415 2418
2402 2418 2404
2402 2407 2415
2419 2414 2413
2420 2419 2413
2420 2413 2299
2419 2420 2421
2299 2302 2420
2420 2422 2421
2422 2423 2421
2423 2419 2421
2423 2422 2424
2425 2423 2424
2423 2425 2426
2426 2427 2423
2419 2423 2427
2427 2426 2428
2429 2428 2426
2428 2429 2430
2431 2430 2429
2430 2431 2432
2430 2432 2433
2430 2433 2428
2434 2431 2429
2434 2429 2426
2425 2434 2426
2435 2427 2428
2433 2435 2428
2427 2435 2436
2436 2419 2427
2313 2422 2437
2312 2313 2437
2437 2422 2420
2437 2420 2302
2312 2437 2302
2438 2439 2440
2439 2438 2441
2438 2440 2442
2442 2443 2438
2443 2442 2444
2445 2444 2442
2444 2445 2446
2447 2438 2443
2438 2447 2441
2330 2447 2443
2447 2330 2448
2449 2441 2447
2448 2449 2447
2441 2449 2450
2450 2439 2441
2451 2450 2449
2450 2451 2452
2453 2450 2452
2450 2453 2454
2449 2448 2455
2456 2452 2451
2452 2456 2453
2457 2456 2451
2457 2451 2449
2457 2449 2455
2448 2330 2329
2450 2454 2458
2439 2450 2458
2326 2330 2443
2444 2326 2443
2326 2444 2324
2446 2324 2444
2322 2324 2446
2459 2460 2461
2460 2459 2462
2463 2462 2459
2462 2463 2464
2357 2462 2464
2462 2357 2465
2465 2460 2462
2459 2355 2463
2355 2459 2466
2461 2466 2459
2353 2357 2464
2463 2355 2352
2464 2352 2353
2352 2464 2463
2356 2467 2357
2468 2467 2356
2468 2356 2469
2469 2356 2470
2471 2469 2470
2469 2471 2472
2472 2471 2340
2340 2473 2472
2473 2340 2474
2474 2475 2473
2475 2474 2315
2308 2315 2474
2341 2308 2474
2341 2474 2340
2476 2473 2475
2473 2476 2477
2475 2478 2476
2478 2475 2479
2315 2479 2475
2301 2478 2479
2478 2301 2480
2479 2315 2303
2481 2477 2476
2482 2476 2478
2480 2482 2478
2476 2482 2483
2483 2481 2476
2482 2480 2484
2484 2485 2482
2485 2484 2486
2487 2486 2484
2486 2487 2488
2486 2489 2485
2489 2486 2490
2488 2490 2486
2482 2491 2483
2491 2482 2485
2489 2491 2485
2300 2479 2303
2479 2300 2301
2492 2484 2480
2484 2492 2487
2301 2492 2480
2493 2483 2491
2494 2493 2491
2494 2491 2489
2489 2495 2494
2495 2489 2496
2497 2495 2496
2495 2497 2498
2498 2494 2495
2494 2498 2493
2497 2499 2498
2499 2497 2500
2498 2501 2493
2501 2498 2499
2502 2499 2500
2502 2501 2499
2468 2502 2500
2468 2503 2502
2481 2502 2503
2502 2481 2504
2501 2502 2504
2468 2469 2503
2483 2493 2501
2501 2504 2483
2481 2483 2504
2469 2505 2503
2505 2481 2503
2469 2472 2505
2473 2505 2472
2505 2473 2477
2481 2505 2477
2506 2507 2508
2509 2507 2506
2510 2509 2506
2508 2510 2506
2509 2510 2511
2512 2511 2510
2511 2512 2513
2514 2513 2512
2513 2514 2515
2516 2513 2515
2513 2516 2517
2518 2516 2515
2514 2518 2515
2516 2518 2519
2518 2514 2520
2521 2519 2518
2520 2521 2518
2519 2521 2522
2521 2520 2523
2524 2522 2521
2523 2524 2521
2522 2524 2525
2524 2523 2526
2524 2527 2525
2526 2527 2524
2528 2513 2517
2529 2528 2517
2516 2529 2517
2528 2529 2530
2530 2531 2528
2531 2530 2532
2509 2528 2531
2531 2533 2509
2533 2531 2534
2532 2534 2531
2507 2509 2533
2528 2509 2511
2513 2528 2511
2534 2532 2535
2529 2536 2530
2536 2532 2530
2536 2529 2537
2529 2538 2537
2529 2516 2538
2519 2538 2516
2538 2519 2539
2538 2539 2540
2539 2541 2540
2541 2539 2542
2539 2522 2542
2522 2539 2519
2542 2543 2541
2543 2542 2544
2542 2525 2544
2525 2542 2522
2545 2543 2544
2525 2545 2544
2543 2545 2546
2545 2525 2547
2548 2536 2537
2536 2548 2549
2537 2550 2548
2550 2537 2551
2551 2552 2550
2552 2551 2553
2553 2551 2540
2553 2554 2552
2554 2553 2555
2540 2555 2553
2555 2540 2541
2555 2556 2554
2556 2555 2557
2541 2557 2555
2557 2541 2543
2557 2558 2556
2558 2557 2559
2546 2557 2543
2557 2546 2559
2558 2560 2556
2560 2554 2556
2560 2558 2561
2552 2562 2550
2563 2550 2562
2550 2563 2548
2564 2548 2563
2548 2564 2549
2564 2565 2549
2565 2564 2566
2566 2567 2565
2567 2566 2568
2569 2565 2567
2565 2569 2570
2569 2571 2570
2571 2569 2572
2572 2532 2571
2532 2572 2535
2570 2571 2536
2536 2571 2532
2536 2565 2570
2565 2536 2549
2566 2573 2568
2573 2566 2574
2564 2574 2566
2574 2564 2575
2564 2576 2575
2576 2564 2563
2563 2577 2576
2577 2563 2562
2577 2562 2578
2562 2552 2578
2552 2579 2578
2579 2552 2554
2554 2560 2579
2580 2579 2560
2579 2580 2581
2581 2578 2579
2561 2580 2560
2580 2561 2582
2583 2577 2578
2578 2581 2583
2376 2331 2584
2331 2376 2332
2333 2584 2331
2584 2333 2585
2585 2333 2335
2364 2584 2585
2584 2364 2366
2376 2584 2366
2585 2359 2364
2359 2585 2349
2585 2335 2349
2351 2470 2354
2470 2351 2347
2347 2471 2470
2471 2347 2344
2338 2471 2344
2340 2471 2338
2470 2356 2354
2492 2301 2277
2277 2279 2492
2277 2296 2280
2317 2308 2341
2395 2393 2410
2538 2540 2551
2537 2538 2551
2527 2586 2587
2547 2527 2587
2525 2527 2547
2526 2523 2588
2589 2590 2591
2591 2590 2592
2592 2593 2591
2593 2592 2594
2595 2591 2593
2595 2593 2596
2596 2593 2594
2596 2597 2595
2598 2595 2597
2595 2598 2599
2591 2595 2599
2589 2591 2599
2598 2589 2599
2597 2596 2600
2601 2598 2597
2600 2601 2597
2598 2601 2602
2601 2600 2603
2604 2601 2603
2604 2605 2601
2601 2605 2602
2604 2606 2605
2606 2604 2607
2608 2605 2606
2605 2608 2609
2609 2602 2605
2610 2609 2608
2609 2610 2611
2610 2608 2612
2606 2612 2608
2613 2611 2610
2611 2613 2614
2615 2614 2613
2614 2615 2616
2617 2616 2615
2616 2617 2618
2604 2619 2607
2619 2604 2620
2621 2609 2611
2609 2621 2622
2602 2609 2622
2623 2602 2622
2598 2602 2623
2589 2598 2623
2621 2624 2622
2625 2624 2621
2625 2621 2626
2627 2625 2626
2627 2624 2625
2627 2628 2624
2624 2628 2629
2622 2624 2630
2624 2629 2630
2630 2629 2631
2630 2631 2622
2622 2631 2623
2623 2631 2589
2631 2590 2589
2631 2632 2590
2631 2629 2632
2590 2632 2633
2627 2626 2634
2634 2626 2635
2635 2626 2636
2636 2637 2635
2626 2638 2636
2638 2637 2636
2638 2639 2637
2639 2638 2640
2641 2639 2640
2639 2641 2642
2642 2637 2639
2642 2641 2643
2644 2637 2642
2635 2637 2644
2640 2616 2641
2616 2640 2614
2618 2641 2616
2641 2618 2643
2640 2638 2611
2640 2611 2614
2611 2638 2621
2626 2621 2638
2645 2646 2647
2645 2647 2648
2649 2645 2648
2650 2645 2649
2649 2651 2650
2651 2649 2652
2649 2653 2652
2652 2653 2600
2653 2603 2600
2603 2653 2654
2653 2649 2655
2648 2655 2649
2653 2655 2656
2653 2656 2654
2655 2657 2656
2656 2657 2620
2620 2654 2656
2620 2657 2658
2658 2657 2659
2657 2660 2659
2660 2657 2661
2657 2655 2661
2648 2660 2661
2661 2655 2648
2654 2620 2604
2654 2604 2603
2662 2658 2659
2663 2662 2659
2663 2659 2660
2660 2664 2663
2664 2660 2665
2665 2660 2648
2658 2662 2666
2663 2667 2662
2668 2667 2663
2663 2664 2668
2620 2658 2619
2664 2665 2669
2665 2648 2647
2665 2647 2670
2647 2646 2671
2666 2672 2658
2672 2673 2658
2658 2673 2619
2596 2594 2652
2652 2600 2596
2592 2590 2674
2675 2676 2677
2675 2678 2676
2678 2675 2679
2675 2680 2679
2680 2675 2681
2679 2682 2678
2683 2678 2682
2684 2683 2682
2684 2685 2683
2684 2686 2685
2684 2687 2686
2678 2683 2688
2688 2676 2678
2682 2689 2684
2682 2679 2689
2679 2680 2690
2679 2690 2689
2690 2691 2689
2684 2689 2691
2691 2687 2684
2692 2686 2687
2686 2692 2693
2692 2694 2693
2685 2686 2695
2696 2692 2687
2691 2696 2687
2691 2697 2696
2690 2697 2691
2690 2698 2697
2692 2696 2699
2700 2686 2693
2695 2686 2700
2700 2693 2701
2701 2693 2694
2700 2701 2702
2702 2695 2700
2702 2701 2703
2704 2703 2701
2703 2704 2705
2706 2703 2705
2703 2706 2707
2707 2708 2703
2702 2703 2708
2708 2707 2709
2710 2708 2709
2708 2710 2711
2712 2704 2701
2694 2712 2701
2713 2707 2706
2707 2713 2714
2709 2707 2714
2702 2708 2715
2715 2708 2711
2695 2702 2715
2711 2710 2716
2715 2711 2716
2717 2715 2716
2717 2685 2715
2695 2715 2685
2718 2717 2716
2718 2716 2719
2719 2716 2710
2717 2718 2720
2717 2720 2721
2683 2685 2717
2717 2721 2683
2722 2721 2720
2723 2721 2722
2683 2721 2688
2688 2721 2724
2724 2721 2723
2724 2723 2725
2725 2723 2726
2722 2726 2723
2725 2726 2727
2688 2724 2676
2724 2728 2676
2725 2728 2724
2729 2728 2725
2725 2727 2729
2729 2730 2728
2676 2728 2730
2676 2730 2677
2731 2726 2722
2731 2727 2726
2731 2722 2732
2731 2732 2733
2722 2734 2732
2732 2734 2735
2736 2735 2734
2720 2736 2734
2736 2720 2718
2734 2722 2720
2732 2737 2733
2735 2737 2732
2719 2736 2718
2675 2677 2738
2738 2681 2675
2738 2739 2681
2739 2740 2681
2681 2740 2680
2698 2680 2740
2680 2698 2690
2740 2741 2698
2697 2698 2741
2741 2740 2742
2739 2742 2740
2741 2742 2743
2741 2743 2744
2744 2745 2741
2746 2745 2744
2744 2743 2746
2747 2745 2746
2747 2748 2745
2749 2748 2747
2748 2750 2745
2750 2748 2751
2751 2748 2752
2752 2748 2749
2753 2750 2751
2750 2753 2754
2754 2755 2750
2750 2755 2745
2755 2741 2745
2741 2755 2697
2755 2754 2699
2754 2753 2756
2699 2754 2756
2757 2756 2753
2696 2755 2699
2755 2696 2697
2699 2756 2692
2758 2759 2760
2758 2760 2761
2760 2762 2761
2762 2760 2763
2764 2761 2762
2764 2762 2765
2766 2762 2763
2762 2766 2767
2765 2762 2767
2768 2767 2766
2767 2768 2769
2768 2770 2769
2770 2768 2771
2770 2772 2769
2767 2772 2765
2772 2767 2769
2772 2773 2765
2773 2772 2774
2772 2775 2774
2775 2772 2776
2772 2770 2776
2776 2770 2777
2771 2777 2770
2778 2765 2773
2765 2778 2764
2777 2771 2779
2776 2777 2780
2777 2781 2780
2782 2776 2780
2775 2776 2782
2783 2781 2777
2783 2777 2779
2784 2785 2786
2785 2784 2787
2788 2786 2785
2789 2788 2785
2784 2790 2787
2790 2784 2791
2787 2792 2785
2785 2792 2789
2789 2793 2788
2794 2788 2793
2788 2794 2786
2795 2787 2790
2796 2795 2790
2787 2795 2797
2797 2792 2787
2792 2797 2798
2799 2797 2795
2800 2799 2795
2796 2800 2795
2800 2796 2801
2799 2800 2802
2801 2802 2800
2802 2801 2803
2799 2802 2804
2804 2797 2799
2805 2797 2804
2791 2806 2790
2806 2796 2790
2806 2807 2796
2807 2806 2808
2809 2807 2808
2807 2810 2796
2810 2803 2801
2796 2810 2801
2803 2810 2811
2803 2812 2802
2813 2807 2809
2807 2814 2810
2814 2807 2813
2815 2814 2813
2814 2815 2816
2810 2817 2811
2817 2810 2814
2816 2817 2814
2818 2803 2811
2803 2818 2812
2811 2819 2818
2819 2811 2817
2820 2813 2809
2820 2821 2813
2821 2820 2822
2821 2822 2823
2822 2824 2823
2825 2824 2822
2826 2822 2820
2822 2826 2825
2827 2825 2826
2825 2827 2828
2829 2826 2820
2809 2829 2820
2829 2809 2808
2830 2829 2808
2829 2830 2831
2831 2832 2829
2826 2829 2832
2826 2832 2827
2832 2831 2833
2834 2832 2833
2832 2834 2835
2835 2827 2832
2836 2828 2827
2827 2835 2836
2828 2836 2837
2833 2838 2834
2838 2833 2839
2831 2839 2833
2839 2831 2840
2830 2840 2831
2840 2830 2841
2830 2842 2841
2841 2843 2840
2843 2841 2844
2844 2841 2845
2791 2845 2841
2841 2842 2791
2845 2791 2784
2806 2791 2842
2846 2843 2844
2846 2844 2847
2848 2840 2843
2840 2848 2839
2846 2849 2843
2849 2848 2843
2849 2846 2850
2847 2850 2846
2839 2848 2851
2851 2848 2852
2852 2848 2849
2853 2851 2852
2853 2854 2851
2838 2851 2854
2854 2853 2855
2853 2852 2856
2856 2852 2857
2857 2852 2858
2858 2852 2849
2849 2850 2858
2858 2859 2857
2858 2860 2859
2858 2850 2860
2861 2860 2850
2850 2847 2861
2860 2861 2862
2860 2862 2863
2862 2864 2863
2864 2862 2865
2862 2866 2865
2862 2861 2866
2865 2867 2864
2867 2865 2868
2869 2867 2868
2867 2869 2870
2870 2871 2867
2872 2867 2871
2872 2864 2867
2873 2864 2872
2873 2874 2864
2864 2874 2863
2875 2871 2870
2871 2875 2876
2877 2875 2870
2870 2869 2877
2878 2875 2877
2879 2874 2873
2874 2879 2880
2873 2881 2879
2881 2873 2872
2871 2881 2872
2881 2871 2882
2876 2882 2871
2882 2876 2883
2884 2883 2876
2875 2884 2876
2885 2884 2875
2885 2875 2878
2886 2885 2878
2877 2886 2878
2877 2887 2886
2886 2887 2888
2886 2889 2885
2886 2888 2889
2889 2888 2890
2890 2891 2889
2890 2892 2891
2892 2890 2893
2888 2893 2890
2894 2893 2888
2888 2887 2894
2895 2893 2894
2893 2895 2896
2892 2897 2891
2891 2897 2898
2891 2898 2889
2897 2899 2898
2899 2897 2900
2901 2899 2900
2899 2901 2902
2901 2903 2902
2903 2901 2904
2896 2905 2893
2905 2892 2893
2896 2906 2905
2906 2896 2895
2892 2905 2907
2907 2897 2892
2905 2908 2907
2908 2905 2906
2897 2907 2909
2910 2897 2909
2910 2900 2897
2900 2910 2911
2901 2912 2904
2904 2912 2913
2912 2901 2914
2900 2914 2901
2914 2900 2911
2913 2915 2904
2915 2913 2916
2917 2915 2916
2904 2918 2903
2919 2903 2918
2903 2919 2920
2920 2902 2903
2902 2920 2921
2921 2899 2902
2921 2898 2899
2898 2921 2922
2898 2922 2889
2920 2923 2921
2923 2924 2921
2924 2922 2921
2924 2925 2922
2922 2925 2885
2922 2885 2889
2885 2925 2926
2927 2924 2923
2924 2927 2928
2925 2928 2926
2928 2925 2924
2928 2929 2926
2929 2928 2930
2927 2930 2928
2929 2930 2931
2932 2929 2931
2884 2929 2932
2885 2926 2884
2884 2926 2929
2883 2884 2932
2932 2933 2883
2933 2932 2934
2932 2931 2934
2935 2927 2923
2935 2936 2927
2930 2927 2936
2937 2930 2936
2931 2930 2937
2938 2936 2935
2938 2939 2936
2937 2936 2939
2939 2938 2940
2941 2940 2938
2940 2941 2942
2943 2941 2938
2935 2944 2938
2944 2943 2938
2944 2935 2945
2919 2945 2935
2935 2920 2919
2920 2935 2923
2919 2946 2945
2946 2919 2918
2943 2944 2947
2947 2945 2946
2945 2947 2944
2918 2948 2946
2948 2918 2949
2918 2904 2949
2949 2904 2915
2943 2950 2941
2950 2942 2941
2950 2943 2951
2942 2950 2952
2953 2946 2948
2946 2953 2947
2943 2953 2951
2953 2943 2947
2949 2954 2948
2954 2949 2915
2948 2954 2953
2954 2915 2917
2955 2954 2917
2954 2955 2956
2954 2956 2953
2953 2957 2951
2956 2957 2953
2950 2958 2952
2957 2959 2951
2950 2959 2958
2951 2959 2950
2960 2952 2958
2961 2952 2960
2962 2961 2960
2961 2962 2963
2961 2963 2964
2961 2964 2965
2939 2961 2965
2965 2937 2939
2937 2965 2966
2964 2966 2965
2967 2937 2966
2937 2967 2931
2961 2939 2940
2968 2931 2967
2931 2968 2934
2968 2967 2969
2966 2964 2970
2970 2967 2966
2970 2969 2967
2964 2971 2970
2970 2971 2972
2963 2973 2964
2964 2973 2971
2974 2934 2968
2974 2968 2975
2968 2969 2975
2934 2974 2933
2976 2933 2974
2976 2974 2977
2976 2977 2978
2978 2979 2976
2979 2978 2980
2980 2981 2979
2982 2980 2978
2977 2982 2978
2980 2982 2983
2983 2981 2980
2982 2977 2984
2977 2985 2984
2977 2974 2985
2974 2975 2985
2986 2976 2979
2979 2981 2986
2976 2986 2987
2933 2976 2987
2986 2882 2987
2882 2933 2987
2882 2986 2881
2879 2881 2986
2981 2879 2986
2933 2882 2883
2981 2983 2988
2988 2989 2981
2989 2879 2981
2990 2879 2989
2990 2989 2991
2989 2992 2991
2992 2993 2991
2993 2990 2991
2994 2990 2993
2993 2992 2995
2995 2996 2993
2996 2994 2993
2996 2995 2997
2996 2998 2994
2998 2999 2994
2874 2994 2999
2994 2874 2880
2879 2990 2880
2990 2994 2880
2999 2998 2859
3000 2859 2998
2859 3000 3001
3000 3002 3001
3003 3002 3000
3000 3004 3003
3004 3005 3003
3005 3004 3006
3007 3004 3000
2998 2996 3007
2998 3007 3000
3004 3007 3008
3008 3006 3004
3006 3008 3009
3009 3005 3006
3010 2859 3001
3001 3011 3010
3011 3001 3002
3012 3010 3011
3011 3013 3012
3013 3011 3014
3002 3014 3011
3014 3015 3013
3013 3015 3016
3016 3012 3013
3016 3015 3017
3014 3002 3018
3005 3018 3003
3018 3015 3014
3018 3002 3003
3019 3018 3005
3018 3020 3015
3020 3018 3019
3005 3009 3021
3021 3019 3005
3021 3009 3022
3023 3021 3022
3024 3023 3022
3025 3023 3024
3025 3021 3023
3021 3025 3026
3019 3027 3020
3021 3027 3019
3027 3021 3026
3027 3028 3020
3029 3020 3028
3030 3029 3028
3030 3028 3031
3020 3029 3032
3032 3015 3020
3015 3032 3017
3029 3033 3032
3033 3017 3032
3034 3029 3030
3029 3034 3033
3017 3033 3035
3034 3036 3033
3036 3035 3033
3036 3034 3037
3030 3031 3037
3030 3037 3034
3036 3038 3035
3039 3038 3036
3040 3038 3039
3041 3040 3039
3037 3041 3036
3041 3039 3036
3040 3042 3038
3042 3040 3043
3043 2856 3042
2857 3042 2856
3042 2857 3044
3010 3044 2857
3044 3010 3045
2856 3043 2853
2853 3043 2855
3040 2855 3043
2855 3040 3046
3045 3047 3044
3042 3047 3038
3047 3042 3044
3038 3047 3035
3016 3035 3047
3047 3045 3016
3035 3016 3017
3012 3016 3045
3045 3010 3012
2855 3046 2854
3048 2854 3046
2854 3048 3049
3049 2834 2854
2834 3049 2835
3049 2836 2835
2836 3049 3050
3051 3050 3049
3048 3051 3049
3052 3050 3051
3053 3050 3052
3054 3053 3052
3055 3054 3052
3055 3052 3056
3052 3051 3056
3051 3048 3056
3057 3055 3056
3048 3057 3056
3055 3058 3054
3054 3058 3059
3058 3060 3059
3060 3058 3055
3059 3060 3061
3062 3054 3059
3054 3062 3053
3062 3063 3053
3053 3063 3050
2836 3050 3063
3063 3062 3064
2836 3063 3064
3062 3065 3064
3065 3062 3066
3066 3062 3059
3067 3066 3059
3067 3059 3061
3061 3068 3067
3068 3061 3069
3070 3069 3061
3067 3071 3066
3071 3067 3068
3065 3066 3072
3071 3072 3066
3073 3065 3072
3072 3074 3073
3074 3072 3075
3072 3071 3075
3074 2837 3073
3065 3073 2837
2837 3074 3076
3076 2828 2837
3077 2828 3076
2828 3077 2825
3077 2824 2825
2824 3077 3078
3078 2823 2824
2823 3078 3079
3079 2821 2823
2821 3079 3080
3080 2813 2821
2813 3080 2815
3081 2815 3080
2815 3081 2816
2817 2816 3081
3081 2819 2817
2819 3081 3082
3082 2818 2819
2818 3082 3083
3084 2818 3083
2818 3084 2812
2812 3084 2802
2802 3084 2804
2804 3084 3085
2804 3085 3086
2804 3086 2805
3087 3088 3089
3087 3090 3088
3090 2887 3088
3091 2887 3090
2887 3091 2894
3092 2894 3091
2894 3092 2895
3092 2906 2895
2906 3092 3093
3093 2908 2906
3094 2908 3093
3094 2907 2908
3095 2907 3094
2907 3095 2909
3096 2909 3095
3097 2909 3096
3097 2910 2909
2910 3097 3098
3099 2910 3098
2910 3099 2911
3092 3100 3093
3101 3102 3103
3101 3104 3102
3104 3101 3105
3104 3106 3102
3107 3104 3105
3104 3107 3108
3108 3107 2865
3104 3108 3109
3109 3106 3104
3108 3110 3109
3110 3108 2866
3108 2865 2866
3109 3111 3106
3112 3106 3111
3111 3109 3113
3109 3110 3113
2868 3105 3101
2868 3107 3105
3107 2868 2865
2869 3101 3103
3101 2869 2868
3089 2869 3103
2877 2869 3089
3089 3088 2877
3089 3103 3087
3103 3114 3087
3115 3114 3103
3116 3087 3114
3090 3087 3116
3102 3115 3103
3102 3117 3115
3118 3117 3102
3118 3119 3117
3117 3119 3115
3115 3119 3120
3115 3120 3114
3114 3120 3121
3122 3119 3118
3123 3114 3121
3116 3114 3123
2877 3088 2887
3122 3118 3112
3122 3112 2793
3122 2793 2789
3112 2794 2793
2794 3112 3111
3111 3113 2794
3113 3124 2794
3125 2794 3124
2794 3125 2786
2845 2786 3125
2844 2845 3125
2844 3125 3124
2786 2845 2784
3113 3110 3124
2847 3124 3110
2847 2844 3124
2847 3110 2866
2866 2861 2847
2792 3126 2789
2798 3126 2792
2798 3127 3126
3127 3128 3126
3128 3127 3129
3130 3126 3128
3126 3130 3122
2789 3126 3122
3131 3132 3133
3132 3131 3134
3133 3135 3131
3136 3135 3133
3135 3136 3137
3134 3138 3132
3138 3134 3139
3140 3135 3137
3140 3131 3135
3131 3140 3141
3141 3134 3131
3142 3141 3140
3140 3143 3142
3143 3140 3144
3144 3145 3143
3145 3144 3146
3145 3146 3147
3148 3145 3147
3148 3143 3145
3143 3148 3149
3149 3142 3143
3141 3142 3149
3134 3141 3150
3150 3139 3134
3139 3150 3151
3152 3150 3141
3152 3141 3149
3148 3152 3149
3150 3152 3153
3153 3154 3150
3154 3153 3155
3152 3155 3153
3154 3155 3156
3155 3152 3157
3152 3148 3157
3155 3157 3158
3155 3158 3156
3159 3156 3158
3160 3159 3158
3160 3161 3159
3161 3160 3162
3162 3163 3161
3163 3162 3164
3164 3165 3163
3165 3164 3166
3162 3166 3164
3167 3158 3157
3158 3167 3160
3148 3167 3157
3167 3148 3168
3148 3169 3168
3169 3148 3147
3170 3168 3169
3168 3170 3171
3171 3170 3172
3173 3171 3172
3174 3171 3173
3174 3173 3175
3175 3173 3176
3177 3175 3176
3175 3177 3178
3178 3174 3175
3171 3174 3179
3179 3167 3168
3171 3179 3168
3167 3179 3160
3179 3162 3160
3162 3179 3180
3174 3178 3180
3180 3179 3174
3181 3178 3177
3181 3180 3178
3180 3181 3182
3183 3182 3181
3184 3183 3181
3184 3181 3185
3185 3181 3177
3183 3184 3186
3187 3183 3186
3188 3187 3186
3187 3188 3189
3190 3189 3188
3191 3190 3188
3190 3191 3192
3192 3193 3190
3193 3192 3194
3194 3195 3193
3195 3194 3196
3197 3195 3196
3195 3197 3198
3198 3197 3199
3200 3192 3191
3201 3200 3191
3192 3202 3194
3201 3203 3200
3192 3203 3202
3203 3192 3200
3203 3204 3202
3204 3203 3201
3205 3204 3201
3206 3190 3193
3195 3206 3193
3190 3206 3189
3198 3207 3195
3206 3195 3207
3207 3198 3208
3198 3209 3208
3209 3198 3210
3210 3211 3209
3211 3210 3212
3212 3213 3211
3212 3214 3213
3213 3214 3215
3214 3212 3216
3210 3216 3212
3217 3214 3216
3214 3217 3218
3218 3215 3214
3216 3210 3219
3216 3219 3220
3216 3220 3217
3210 3198 3219
3221 3208 3209
3208 3221 3222
3209 3223 3221
3223 3209 3211
3213 3223 3211
3221 3224 3222
3221 3225 3224
3226 3221 3223
3221 3226 3225
3227 3225 3226
3225 3227 3228
3225 3228 3229
3223 3230 3226
3231 3226 3230
3226 3231 3227
3231 3230 3232
3233 3232 3230
3233 3230 3234
3234 3235 3233
3235 3234 3236
3236 3237 3235
3235 3237 3238
3235 3238 3239
3239 3233 3235
3237 3236 3240
3240 3241 3237
3237 3241 3242
3237 3242 3238
3236 3243 3240
3244 3240 3243
3240 3244 3241
3245 3241 3244
3243 3246 3244
3247 3244 3246
3244 3247 3248
3245 3244 3248
3248 3249 3245
3249 3248 3250
3247 3250 3248
3250 3247 3251
3251 3252 3250
3250 3252 3253
3250 3253 3249
3252 3254 3253
3254 3252 3255
3256 3254 3255
3254 3256 3257
3256 3258 3257
3259 3257 3258
3257 3259 3260
3260 3254 3257
3259 3258 3261
3258 3262 3261
3256 3262 3258
3262 3256 3263
3264 3256 3255
3256 3264 3263
3252 3264 3255
3252 3251 3264
3251 3265 3264
3265 3266 3264
3264 3266 3263
3247 3265 3251
3265 3267 3266
3246 3265 3247
3265 3246 3268
3269 3268 3246
3246 3243 3269
3270 3265 3268
3265 3270 3267
3243 3271 3269
3271 3243 3236
3234 3271 3236
3234 3272 3271
3272 3269 3271
3269 3272 3268
3272 3234 3273
3230 3273 3234
3273 3230 3223
3223 3213 3273
3213 3272 3273
3272 3213 3274
3274 3268 3272
3268 3274 3270
3215 3274 3213
3274 3215 3275
3275 3270 3274
3276 3275 3215
3275 3276 3277
3275 3277 3278
3270 3275 3278
3215 3218 3276
2999 2860 2863
2859 2860 2999
2999 2863 2874
2857 2859 3010
3046 3279 3280
3281 3280 3279
3280 3281 3057
3279 3041 3281
3041 3037 3281
3279 3040 3041
3040 3279 3046
3037 3282 3281
3057 3048 3280
3280 3048 3046
3031 3282 3037
3283 3007 2996
2996 3284 3283
3284 2996 2997
3285 3284 2997
2995 3285 2997
3285 2995 3286
2992 3286 2995
3286 2992 3287
2992 3288 3287
3288 2992 3289
3288 3290 3287
3291 3287 3290
3287 3291 3286
3284 3285 3292
3293 3292 3285
3291 3293 3286
3286 3293 3285
3292 3293 3294
3295 3284 3292
3294 3295 3292
3284 3295 3296
3296 3283 3284
3283 3296 3297
3008 3283 3297
3283 3008 3007
3295 3294 3298
3299 3298 3294
3299 3294 3300
3293 3300 3294
3298 3299 3301
3301 3299 3302
3298 3303 3295
3303 3296 3295
3303 3298 3304
3301 3304 3298
3305 3297 3296
3296 3303 3305
3297 3305 3306
3306 3008 3297
3008 3306 3009
3306 3022 3009
3307 3022 3306
3305 3307 3306
3022 3307 3024
3307 3305 3308
3303 3308 3305
3308 3303 3309
3304 3309 3303
3309 3304 3310
3301 3311 3304
3311 3310 3304
3311 3312 3310
3312 3311 3313
3314 3310 3312
3310 3314 3309
3315 3309 3314
3309 3315 3308
3314 3316 3315
3317 3024 3307
3308 3317 3307
3315 3317 3308
3316 3317 3315
3317 3025 3024
3025 3317 3318
3317 3316 3318
3312 3319 3314
3319 3316 3314
3316 3319 3320
3321 3320 3319
3320 3321 3322
3322 3323 3320
3324 3323 3322
3323 3324 3325
3324 3326 3325
3326 3324 3327
3322 3328 3324
3321 3328 3322
3321 3329 3328
3319 3329 3321
3329 3319 3312
3330 3328 3329
3328 3330 3331
3324 3332 3327
3332 3324 3328
3328 3331 3332
3330 3333 3331
3313 3333 3330
3313 3329 3312
3329 3313 3330
3313 3334 3333
3334 3335 3333
3333 3335 3331
3313 3336 3334
3336 3313 3311
3311 3337 3336
3337 3311 3301
3337 3338 3336
3338 3334 3336
3335 3334 3338
3338 3337 3339
3340 3338 3339
3340 3335 3338
3335 3340 3341
3335 3341 3342
3331 3342 3332
3331 3335 3342
3342 3341 3343
3341 3344 3343
3337 3345 3339
3345 3337 3346
3339 3345 3347
3347 3340 3339
3345 3348 3347
3337 3302 3346
3302 3337 3301
3349 3346 3302
3302 3350 3349
3350 3302 3299
3300 3350 3299
3351 3350 3300
3293 3351 3300
3351 3293 3291
3352 3351 3291
3350 3351 3352
3290 3352 3291
3352 3290 3353
3288 3353 3290
3353 3288 3354
3289 3354 3288
3354 3289 2988
2989 2988 3289
2992 2989 3289
3355 3353 3354
3353 3355 3356
3355 3357 3356
3357 3355 3358
3357 3358 3359
3360 3359 3358
3358 3361 3360
3361 3362 3360
3362 3363 3360
3359 3360 3363
3363 3362 3364
3364 3365 3363
3365 3364 3366
3366 3367 3365
3367 3366 3368
3368 3369 3367
3369 3368 3370
3371 3362 3361
3361 3372 3371
3372 3361 3373
3361 3374 3373
3375 3373 3374
3376 3375 3374
3376 3374 3377
3375 3376 3378
3379 3378 3376
3380 3379 3376
3374 3361 3377
3381 3367 3369
3381 3369 3382
3383 3381 3382
3383 3382 3384
3381 3383 3348
3348 3385 3381
3367 3381 3385
3385 3365 3367
3365 3385 3386
3386 3363 3365
3363 3386 3359
3361 3358 3377
3377 3358 3387
3348 3388 3385
3388 3386 3385
3388 3348 3345
3346 3388 3345
3389 3359 3386
3359 3389 3357
3390 3388 3346
3386 3390 3389
3390 3386 3388
3390 3391 3389
3391 3357 3389
3391 3390 3349
3390 3346 3349
3350 3391 3349
3391 3350 3352
3353 3391 3352
3391 3353 3356
3357 3391 3356
3387 3376 3377
3355 3387 3358
3387 3355 3380
3392 3380 3355
3380 3392 3393
3394 3393 3392
3393 3394 3395
3392 3354 3394
3355 3354 3392
2983 3395 3394
3395 2983 2982
3394 2988 2983
2988 3394 3354
2984 3395 2982
3396 3393 3395
3393 3396 3397
3397 3380 3393
3398 3395 2984
3395 3398 3396
3398 3380 3397
3398 3397 3396
3380 3398 3399
2984 3399 3398
3399 2984 3400
2985 3400 2984
3401 3400 2985
2985 2975 3401
3402 3401 2975
2975 3403 3402
3402 3403 3404
3401 3402 3404
3404 3400 3401
3400 3404 3399
3399 3404 3405
3403 2975 2969
2969 3406 3403
3406 2969 3407
2970 3407 2969
2970 2972 3407
3408 3407 2972
3407 3408 3409
3410 3409 3408
3411 3409 3410
2972 3412 3408
3410 3408 3412
3412 3413 3410
3413 3412 3414
3414 3412 3415
3412 3416 3415
3416 3412 2971
3412 2972 2971
3415 3417 3414
3417 3413 3414
3417 3415 3418
3418 3415 3419
3419 3415 3416
3416 3420 3419
3420 3416 2973
2971 2973 3416
3421 3417 3418
3422 3417 3421
3413 3417 3422
3423 3422 3421
3424 3423 3421
3421 3425 3424
3421 3418 3425
3426 3425 3418
3426 3418 3419
3420 3426 3419
3427 3426 3420
2973 3427 3420
3426 3427 3428
2962 3428 3427
2963 2962 3427
3427 2973 2963
3428 2962 3429
2960 3429 2962
2958 3429 2960
3429 2958 3430
3428 3429 3430
3431 3425 3426
3428 3431 3426
3425 3432 3424
3432 3425 3431
3423 3424 3433
3433 3434 3423
3422 3423 3434
3422 3434 3435
3434 3436 3435
3436 3434 3437
3438 3434 3433
3434 3438 3437
3439 3437 3438
3437 3439 3440
3440 3436 3437
3440 3441 3436
3440 3442 3441
3443 3440 3439
3440 3443 3442
3443 3444 3442
3444 3443 3445
3446 3444 3445
3444 3446 3447
3448 3444 3447
3444 3448 3449
3442 3444 3449
3442 3449 3441
3448 3450 3449
3451 3441 3449
3436 3441 3451
3449 3452 3451
3452 3449 3453
3438 3454 3439
3454 3443 3439
3443 3454 3455
3456 3455 3454
3456 3454 3457
3458 3456 3457
3457 3459 3458
3460 3458 3459
3459 3457 3461
3461 3457 3462
3457 3454 3462
3462 3463 3461
3463 3462 3464
3463 3464 3465
3464 3432 3465
3432 3464 3424
3464 3433 3424
3438 3464 3462
3464 3438 3433
3454 3438 3462
3461 3466 3459
3466 3461 3463
3460 3459 3466
3456 3458 3467
3467 3468 3456
3455 3456 3468
3468 3467 3469
3469 3470 3468
3470 3469 3471
3467 3471 3469
3471 3467 3472
3467 3473 3472
3473 3467 3458
3474 3473 3458
3471 3472 3475
3473 3475 3472
3476 3473 3474
3473 3476 3477
3473 3477 3475
3468 3478 3455
3468 3470 3478
3455 3478 3443
3470 3479 3478
3479 3480 3478
3480 3479 3481
3446 3478 3480
3478 3446 3445
3443 3478 3445
3479 3482 3481
3482 3479 3483
3470 3483 3479
3483 3470 3484
3485 3484 3470
3486 3484 3485
3485 3475 3486
3484 3486 3487
3484 3488 3483
3488 3484 3487
3488 3489 3483
3483 3489 3482
3480 3490 3446
3491 3446 3490
3446 3491 3447
3492 3447 3491
3447 3492 3448
3493 3448 3492
3448 3493 3450
3494 3493 3492
3492 3491 3494
3493 3494 3495
3490 3496 3491
3496 3490 3497
3490 3480 3497
3481 3497 3480
3497 3481 3498
3482 3498 3481
3498 3482 3499
3499 3500 3498
3489 3499 3482
3499 3489 3501
3501 3500 3499
3498 3502 3497
3498 3500 3502
3496 3497 3502
3503 3502 3500
3504 3503 3500
3501 3504 3500
3505 3495 3494
3495 3505 3506
3507 3495 3506
3495 3507 3508
3509 3495 3508
3495 3509 3510
3372 3510 3509
3371 3372 3509
3371 3509 3511
3508 3511 3509
3507 3511 3508
3507 3512 3511
3364 3511 3512
3511 3364 3362
3371 3511 3362
3513 3364 3512
3364 3513 3366
3513 3368 3366
3513 3370 3368
3370 3513 3514
3514 3515 3370
3515 3369 3370
3369 3515 3382
3515 3384 3382
3384 3515 3516
3516 3517 3384
3517 3518 3384
3518 3517 3519
3517 3520 3519
3520 3517 3521
3517 3516 3521
3515 3514 3522
3522 3516 3515
3516 3522 3523
3523 3521 3516
3521 3523 3524
3524 3525 3521
3520 3521 3525
3525 3524 3526
3523 3526 3524
3526 3523 3527
3522 3527 3523
3519 3340 3518
3340 3519 3341
3519 3344 3341
3519 3520 3344
3340 3347 3518
3383 3518 3347
3383 3384 3518
3347 3348 3383
2942 2961 2940
2952 2961 2942
3528 3529 2957
3530 2957 3529
2957 3530 2959
2956 3528 2957
2959 3530 3430
3530 3428 3430
3531 3428 3530
3431 3428 3531
2959 3430 2958
3532 2956 2955
3533 3534 3535
3533 3453 3534
3536 3534 3453
3449 3536 3453
3449 3450 3536
3537 3536 3450
3493 3537 3450
3537 3493 3538
3495 3538 3493
3495 3510 3538
3536 3537 3539
3534 3536 3539
3538 3539 3537
3453 3533 3452
3540 3452 3533
3533 3541 3540
3541 3533 3542
3452 3540 3451
3540 3435 3451
3435 3436 3451
3435 3540 3543
3540 3541 3543
3410 3543 3541
3543 3410 3435
3435 3410 3413
3422 3435 3413
3541 3411 3410
3411 3541 3542
3542 3409 3411
3542 3544 3409
3409 3544 3545
3544 3406 3545
3545 3407 3409
3545 3406 3407
3535 3544 3542
3546 3544 3535
3404 3544 3546
3405 3404 3546
3404 3403 3544
3544 3403 3406
3535 3547 3546
3375 3546 3547
3375 3405 3546
3378 3405 3375
3405 3378 3379
3405 3379 3399
3534 3547 3535
3375 3547 3539
3539 3547 3534
3538 3375 3539
3375 3538 3510
3510 3373 3375
3510 3372 3373
3380 3399 3379
3380 3376 3387
3233 3239 3548
3549 3548 3239
3232 3233 3548
3549 3232 3548
3232 3549 3550
3550 3231 3232
3551 3231 3550
3231 3551 3227
3552 3551 3550
3553 3552 3550
3551 3228 3227
3228 3551 3554
3552 3554 3551
3554 3229 3228
3229 3554 3555
3554 3552 3556
3553 3556 3552
3556 3555 3554
3556 3553 3557
3557 3558 3556
3558 3557 3559
3560 3557 3553
3557 3560 3561
3561 3559 3557
3562 3561 3560
3561 3562 3563
3564 3560 3553
3564 3553 3550
3565 3560 3564
3560 3565 3562
3565 3564 3566
3549 3566 3564
3549 3564 3550
3567 3566 3549
3566 3567 3568
3569 3568 3567
3567 3238 3569
3238 3567 3239
3549 3239 3567
3568 3569 3570
3559 3561 3571
3561 3572 3571
3572 3561 3563
3571 3572 3573
3574 3571 3573
3574 3559 3571
3559 3574 3575
3576 3575 3574
3575 3576 3577
3576 3578 3577
3578 3576 3579
3578 3580 3577
3580 3578 3581
3582 3581 3578
3577 3583 3575
3583 3577 3580
3584 3580 3581
3584 3583 3580
3585 3584 3581
3585 3581 3586
3587 3585 3586
3585 3587 3588
3589 3588 3587
3590 3589 3587
3586 3590 3587
3589 3590 3591
3588 3589 3592
3593 3592 3589
3592 3593 3594
3594 3593 3595
3165 3594 3595
3165 3595 3163
3594 3165 3596
3596 3592 3594
3166 3596 3165
3596 3166 3597
3166 3162 3597
3180 3597 3162
3597 3180 3182
3598 3596 3597
3599 3596 3598
3596 3599 3600
3600 3592 3596
3601 3600 3599
3600 3601 3602
3603 3602 3601
3603 3601 3604
3599 3604 3601
3602 3603 3605
3606 3597 3182
3182 3183 3606
3187 3606 3183
3606 3187 3607
3189 3607 3187
3607 3189 3206
3607 3608 3606
3608 3599 3598
3597 3606 3608
3597 3608 3598
3609 3607 3206
3207 3609 3206
3610 3609 3207
3610 3207 3208
3222 3610 3208
3611 3610 3222
3224 3611 3222
3611 3224 3612
3225 3612 3224
3612 3225 3229
3609 3610 3613
3611 3613 3610
3607 3609 3614
3613 3614 3609
3614 3608 3607
3614 3613 3604
3604 3599 3614
3608 3614 3599
3555 3612 3229
3612 3555 3615
3616 3615 3555
3617 3612 3615
3612 3617 3611
3617 3604 3613
3613 3611 3617
3618 3617 3615
3615 3616 3618
3616 3619 3618
3618 3619 3620
3605 3618 3620
3620 3621 3605
3621 3602 3605
3602 3621 3588
3592 3602 3588
3602 3592 3600
3621 3585 3588
3620 3622 3621
3622 3585 3621
3585 3622 3584
3622 3583 3584
3583 3622 3623
3622 3620 3623
3619 3623 3620
3618 3605 3603
3617 3618 3603
3619 3624 3623
3616 3624 3619
3575 3623 3624
3623 3575 3583
3624 3559 3575
3559 3624 3558
3624 3616 3558
3558 3616 3556
3556 3616 3555
3604 3617 3603
3219 3199 3625
3219 3625 3220
3219 3198 3199
3626 3627 3628
3629 3626 3628
3626 3629 3630
3630 3631 3626
3626 3631 3632
3626 3632 3627
3631 3242 3632
3242 3631 3569
3631 3630 3633
3633 3634 3631
3631 3634 3569
3245 3627 3632
3627 3245 3249
3632 3241 3245
3241 3632 3242
3627 3635 3628
3253 3635 3627
3253 3627 3249
3635 3636 3628
3636 3629 3628
3636 3635 3637
3254 3635 3253
3635 3254 3638
3254 3260 3638
3639 3635 3638
3635 3639 3637
3238 3242 3569
3569 3634 3570
3568 3570 3640
3641 3568 3640
3568 3641 3566
3642 3566 3641
3566 3642 3565
3643 3565 3642
3565 3643 3562
3644 3562 3643
3562 3644 3563
3645 3563 3644
3563 3645 3572
3645 3573 3572
3573 3645 3646
3647 3573 3646
3573 3647 3574
3647 3576 3574
3576 3647 3579
3647 3648 3579
3646 3648 3647
3646 3649 3648
3644 3650 3645
3650 3646 3645
3646 3650 3649
3650 3651 3649
3652 3651 3650
3651 3652 3653
3653 3652 3654
3655 3648 3649
3648 3655 3656
3656 3657 3648
3648 3657 3579
3657 3578 3579
3578 3657 3582
3658 3656 3655
3658 3657 3656
3659 3582 3657
3657 3658 3659
3582 3659 3660
3660 3581 3582
3581 3660 3586
3590 3586 3660
3661 3652 3650
3644 3661 3650
3644 3662 3661
3662 3644 3643
3663 3664 3665
2836 3064 3065
2837 2836 3065
3505 3494 3666
3494 3491 3666
3491 3496 3666
2839 2851 2838
2838 2854 2834
2806 2830 2808
2830 2806 2842
3470 3471 3485
3471 3475 3485
3106 3112 3118
3118 3102 3106
3474 3458 3460
3150 3667 3151
3667 3150 3154
3156 3667 3154
3533 3535 3542
3668 3669 3670
3669 3668 3671
3672 3673 3674
3673 3672 3675
3672 3674 3676
3677 3678 3679
3678 3677 3680
3677 3679 3681
3682 3683 3684
3683 3682 3685
3682 3684 3686
3687 3688 3689
3688 3687 3690
3687 3689 3691
3692 3693 3694
3693 3692 3695
3692 3694 3696
3694 3693 3697
3694 3697 3698
3697 3693 3699
3700 3701 3702
3701 3700 3703
3702 3704 3700
3704 3702 3705
3706 3707 3708
3707 3706 3709
3708 3710 3706
3710 3708 3711
3712 3713 3714
3713 3712 3715
3714 3716 3712
3716 3714 3717
3718 3719 3720
3719 3718 3721
3720 3722 3718
3722 3720 3723
3724 3725 3726
3725 3724 3727
3728 3727 3724
3729 3726 3725
3730 3724 3726
3724 3730 3731
3730 3732 3731
3733 3731 3732
3732 3730 3734
3735 3734 3730
3736 3737 3738
3737 3736 3739
3740 3741 3742
3741 3740 3743
3744 3745 3746
3745 3744 3747
3748 3749 3750
3749 3748 3751
3752 3753 3754
3753 3752 3755
3754 3756 3752
3756 3754 3757
3757 3758 3756
3758 3757 3759
3760 3761 3762
3761 3760 3763
3764 3760 3762
3760 3764 3765
3766 3765 3764
3765 3766 3767
3768 3769 3770
3769 3768 3771
3770 3772 3768
3772 3770 3773
3773 3774 3772
3774 3773 3775
3776 3777 3778
3777 3776 3779
3780 3776 3778
3776 3780 3781
3782 3781 3780
3781 3782 3783
3784 3785 3786
3785 3784 3787
3784 3786 3788
3785 3787 3789
3786 3785 3790
3786 3790 3791
3791 3790 3792
3786 3791 3793
3786 3793 3794
3794 3793 3795
3796 3797 3798
3797 3796 3799
3798 3800 3796
3800 3798 3801
3802 3803 3804
3803 3802 3805
3804 3806 3802
3806 3804 3807
3808 3809 3810
3809 3808 3811
3810 3812 3808
3812 3810 3813
3814 3815 3816
3815 3814 3817
3816 3818 3814
3818 3816 3819
3820 3821 3822
3821 3820 3823
3824 3823 3820
3825 3822 3821
3826 3820 3822
3820 3826 3827
3826 3828 3827
3829 3827 3828
3828 3826 3830
3831 3830 3826
3832 3833 3834
3833 3832 3835
3836 3835 3832
3835 3836 3837
3837 3836 3838
3838 3839 3837
3839 3838 3840
3841 3842 3843
3842 3841 3844
3841 3845 3844
3845 3841 3846
3846 3847 3845
3846 3848 3847
3848 3849 3847
3850 3851 3852
3851 3850 3853
3854 3853 3850
3853 3854 3855
3855 3854 3856
3855 3856 3857
3857 3856 3858
3858 3856 3859
3860 3861 3862
3861 3860 3863
3860 3864 3863
3864 3860 3865
3865 3866 3864
3865 3867 3866
3867 3868 3866
3869 3870 3871
3870 3869 3872
3869 3873 3872
3870 3874 3871
3872 3875 3870
3872 3876 3875
3877 3875 3876
3876 3878 3877
3875 3877 3879
3879 3880 3875
3881 3882 3883
3882 3881 3884
3884 3885 3882
3885 3886 3882
3886 3885 3887
3888 3886 3887
3886 3888 3889
3889 3888 3890
3891 3889 3890
3887 3885 3892
3892 3885 3884
3887 3892 3893
3888 3887 3893
3888 3893 3894
3895 3888 3894
3896 3895 3894
3895 3896 3897
3895 3898 3888
3898 3895 3897
3899 3898 3897
3892 3900 3893
3900 3894 3893
3901 3896 3894
3901 3894 3900
3902 3901 3900
3892 3902 3900
3901 3902 3903
3904 3901 3903
3892 3884 3902
3905 3906 3907
3906 3905 3908
3907 3909 3905
3909 3907 3910
3909 3910 3911
3912 3913 3914
3913 3912 3915
3914 3916 3912
3916 3914 3917
3916 3917 3918
3919 3920 3921
3920 3919 3922
3921 3923 3919
3923 3921 3924
3923 3924 3925
3926 3927 3928
3927 3926 3929
3928 3930 3926
3930 3928 3931
3930 3931 3932
3933 3934 3935
3934 3933 3936
3933 3935 3937
3935 3934 3938
3935 3938 3939
3938 3934 3940
3941 3942 3943
3942 3941 3944
3945 3944 3941
3946 3943 3942
3947 3941 3943
3941 3947 3948
3947 3949 3948
3950 3948 3949
3949 3947 3951
3952 3951 3947
