byte offset: 0
first index: 0
index count: 7098
topology: trianglelist
format: DXGI_FORMAT_R16_UINT

0 1 2
2 1 3
3 1 4
4 1 5
5 1 6
6 1 7
7 1 8
8 1 9
9 1 10
10 1 11
11 1 12
12 1 13
13 1 14
14 1 15
15 1 16
16 1 0
17 18 19
17 19 20
21 18 17
21 22 18
23 22 21
23 24 22
25 24 23
25 26 24
27 26 25
27 28 26
29 28 27
29 30 28
31 30 29
31 32 30
33 32 31
33 34 32
35 34 33
35 36 34
37 36 35
37 38 36
39 38 37
39 40 38
41 40 39
41 42 40
43 42 41
43 44 42
45 44 43
45 46 44
47 46 45
47 48 46
20 48 47
20 19 48
49 50 51
49 51 52
52 51 53
52 53 54
51 55 53
51 56 55
50 56 51
50 57 56
58 49 52
58 52 59
52 54 60
59 52 60
56 61 55
56 57 62
63 56 62
57 64 62
56 63 65
56 65 61
61 65 66
58 59 67
59 68 67
68 59 69
59 60 69
69 60 70
71 58 67
72 58 71
72 73 58
74 75 72
74 76 75
76 77 75
76 78 77
78 79 77
78 80 79
80 81 79
80 82 81
83 81 64
84 85 86
84 86 87
85 88 86
85 89 88
89 90 88
91 84 87
92 61 90
60 93 91
94 95 96
96 95 97
98 95 94
99 100 101
99 101 102
99 102 103
99 103 104
103 105 104
103 106 105
106 107 105
106 108 107
108 109 107
108 110 109
111 100 99
111 99 112
113 112 99
113 99 104
105 107 114
107 109 114
105 114 115
105 115 104
113 104 115
116 113 115
114 116 115
114 117 116
118 117 114
119 118 114
119 120 118
119 121 120
119 122 121
123 121 122
116 117 124
117 125 124
125 126 124
127 126 125
127 128 126
129 128 127
129 130 128
128 131 126
130 131 128
130 132 131
133 134 135
133 135 136
136 135 137
136 137 138
138 137 139
137 140 139
140 141 139
141 140 142
141 142 143
144 145 146
144 146 147
146 148 147
149 145 144
149 144 150
151 149 150
152 151 153
152 153 154
155 152 154
155 154 156
157 155 156
157 156 158
151 159 153
159 160 153
160 159 161
160 161 162
161 163 162
161 164 163
163 164 165
166 167 158
166 158 168
169 170 171
169 171 172
170 173 171
170 174 173
174 175 173
174 176 175
177 176 174
177 178 176
179 178 177
179 177 180
177 181 180
181 177 174
181 174 170
181 170 182
176 183 175
176 184 183
176 178 184
178 179 185
178 185 186
178 186 184
185 187 186
186 187 188
186 188 189
189 188 190
189 190 191
191 190 192
191 192 193
192 194 193
192 195 194
196 182 170
196 170 169
197 198 199
197 199 200
198 201 199
202 197 200
202 200 203
204 202 203
204 205 202
205 206 202
207 208 199
207 199 209
209 199 210
211 208 207
211 212 208
213 212 211
213 211 214
214 211 215
216 217 218
217 219 218
219 220 218
219 221 220
221 219 222
221 222 223
223 222 224
219 225 222
219 226 225
217 226 219
218 220 227
216 218 227
222 225 228
222 228 224
224 228 229
224 229 230
229 231 230
229 232 231
231 232 233
231 233 234
233 235 234
233 236 235
235 236 237
235 237 238
238 237 239
238 239 240
239 241 240
239 242 241
241 242 243
241 243 244
231 245 230
246 230 245
246 224 230
235 247 234
248 234 247
231 248 245
248 231 234
249 238 240
250 238 249
235 250 247
250 235 238
223 224 246
223 246 251
223 251 252
249 240 253
241 253 240
241 254 253
254 241 255
241 244 256
256 244 257
244 258 257
258 259 257
259 258 260
261 259 260
261 260 262
262 263 261
262 264 263
264 265 263
264 266 265
265 266 267
265 267 268
267 269 268
267 270 269
269 270 271
271 272 269
257 259 273
269 274 268
268 274 275
265 268 275
269 276 274
272 276 269
275 274 277
274 278 277
275 277 279
280 265 275
280 275 279
265 280 281
273 282 283
284 283 282
284 256 283
257 273 283
256 257 283
273 285 282
285 273 286
273 287 286
288 285 286
288 289 285
288 290 289
288 291 290
291 292 290
291 293 292
291 294 293
293 294 295
296 288 286
297 288 296
297 296 298
273 299 287
273 259 299
300 299 259
300 259 261
301 299 300
299 301 302
301 303 302
303 304 302
303 305 304
305 303 306
306 303 307
307 303 308
308 303 309
304 310 302
299 302 310
299 310 311
311 310 312
310 313 312
304 313 310
305 313 304
313 314 312
313 315 314
305 315 313
314 315 316
316 315 305
316 305 306
314 316 317
318 317 316
318 316 319
319 316 306
320 318 319
320 319 306
320 306 307
318 320 321
321 320 322
322 320 307
322 307 308
321 322 323
324 322 308
323 322 324
325 323 324
324 308 309
326 324 309
326 309 327
309 303 327
263 326 327
281 326 263
265 281 263
263 327 261
327 303 328
261 327 328
261 328 329
303 329 328
303 301 329
300 261 329
301 300 329
330 331 332
333 330 332
333 332 334
335 333 334
335 334 336
337 335 336
337 336 338
335 339 333
335 340 339
341 340 335
341 342 340
333 339 343
333 343 330
330 343 344
345 346 347
347 348 345
347 349 348
349 350 348
349 351 350
351 352 350
351 353 352
353 354 352
353 355 354
355 356 354
355 357 356
357 358 356
357 359 358
359 360 358
359 361 360
362 360 361
363 362 361
363 361 364
364 365 363
364 366 365
366 367 365
366 368 367
368 369 367
368 370 369
370 371 369
371 372 369
371 373 372
374 375 373
376 375 374
376 377 375
378 377 376
378 379 377
380 379 378
380 381 379
381 380 382
381 382 383
383 382 384
385 384 382
385 386 384
387 386 385
387 388 386
389 388 387
389 390 388
391 390 389
391 352 390
392 352 391
392 350 352
393 350 392
393 348 350
394 348 393
394 395 348
395 394 396
397 398 399
397 399 400
401 402 403
401 403 404
402 405 403
402 406 405
406 407 405
406 408 407
408 409 407
408 410 409
411 401 404
411 412 401
413 412 411
413 414 412
415 414 413
415 416 414
415 417 416
415 418 417
418 419 417
410 420 409
421 420 410
422 423 424
425 423 422
426 425 422
423 427 424
428 426 422
429 426 428
430 429 428
430 431 429
432 431 430
432 433 431
434 432 430
434 430 435
435 430 428
431 436 429
431 437 436
433 437 431
437 438 436
437 439 438
440 439 437
433 440 437
440 441 439
442 435 428
443 436 438
436 444 429
429 444 426
436 445 444
443 445 436
443 446 445
428 422 442
424 442 422
447 448 449
447 449 450
451 448 447
451 452 448
453 452 451
453 454 452
455 454 453
455 456 454
457 456 455
458 459 460
461 459 458
425 459 461
423 425 461
423 461 462
423 462 463
423 463 464
423 464 465
423 465 466
427 423 466
244 243 258
467 468 469
470 471 472
473 472 471
473 471 474
475 476 477
478 475 477
478 477 479
480 477 481
482 477 480
482 483 477
484 485 486
484 486 487
488 484 487
488 489 484
488 490 489
488 491 490
491 492 490
491 493 492
494 492 493
494 493 495
495 493 496
497 492 494
497 498 492
490 492 498
490 498 489
499 497 494
499 500 497
501 500 499
501 502 500
501 503 502
504 503 501
505 501 499
505 499 506
506 499 494
506 494 495
507 505 506
495 496 508
506 495 508
507 506 509
506 510 509
511 512 513
511 513 514
515 511 514
513 516 517
516 518 517
516 519 518
518 515 520
521 522 523
521 523 524
522 525 523
522 526 525
524 527 521
524 528 527
528 529 527
528 530 529
530 531 529
530 532 531
532 533 531
532 534 533
534 535 533
534 536 535
536 537 535
536 538 537
539 537 538
539 540 537
539 541 540
542 543 544
542 545 543
542 546 545
547 545 546
547 548 545
548 547 549
548 550 545
545 550 543
548 551 550
551 548 549
551 549 552
549 553 552
547 553 549
553 554 552
555 554 553
556 555 553
547 557 553
557 556 553
558 559 560
558 560 561
562 559 558
562 563 559
564 563 562
564 562 565
565 566 564
560 567 561
567 568 561
567 569 568
567 570 569
570 571 569
570 572 571
571 572 573
571 573 574
574 573 575
574 575 576
576 575 577
576 577 578
578 577 579
580 581 579
580 582 581
583 582 580
583 584 582
585 579 581
581 586 585
587 585 586
587 586 588
589 587 588
589 588 590
591 589 590
591 590 592
593 591 592
593 594 591
595 594 593
595 596 594
595 597 596
598 597 595
599 597 598
599 598 600
601 599 600
601 600 602
603 601 602
603 604 601
604 603 605
606 607 608
606 608 609
610 611 612
613 611 610
613 610 614
613 614 615
614 616 615
614 617 616
617 618 616
617 619 618
613 620 611
621 622 623
621 623 624
625 621 624
625 624 626
622 627 623
622 628 627
628 629 627
630 629 628
631 630 628
631 632 630
633 632 631
633 631 634
634 635 633
635 634 636
635 636 637
626 638 625
638 639 625
638 626 640
626 641 640
640 641 642
642 641 643
642 643 644
642 644 645
642 645 646
644 647 645
644 648 647
648 649 647
648 650 649
650 651 649
651 652 649
652 647 649
651 653 652
650 654 651
654 655 651
654 656 655
656 657 655
656 658 657
659 653 651
659 651 655
657 659 655
657 660 659
660 657 661
661 662 660
652 663 647
647 663 664
658 665 657
661 657 665
658 666 665
666 661 665
658 667 666
647 664 645
664 668 645
645 668 646
642 646 669
640 642 669
646 670 669
671 669 670
671 640 669
638 640 671
672 638 671
672 671 673
673 671 670
638 672 639
672 674 639
675 674 672
675 676 674
677 678 679
677 679 680
680 679 681
682 677 680
682 680 683
683 680 681
677 682 684
677 684 685
684 686 685
687 678 677
687 677 685
684 688 686
689 686 688
690 686 689
690 687 685
690 685 686
689 688 691
684 692 688
688 692 693
691 688 693
694 693 692
694 692 695
684 695 692
689 696 690
697 698 699
697 699 700
701 699 698
701 702 699
703 704 705
703 705 706
707 708 584
707 584 709
710 711 712
710 713 711
710 714 713
713 714 715
714 716 715
715 716 717
715 717 718
718 717 719
718 719 720
719 637 720
719 721 637
721 635 637
722 723 724
725 722 724
726 725 724
726 724 727
726 727 728
729 726 728
725 730 722
722 730 731
730 732 731
733 734 735
733 735 736
737 734 733
737 738 734
739 738 737
740 736 735
740 735 741
742 740 741
742 741 743
744 742 743
743 745 744
743 746 745
745 746 747
745 747 748
748 747 749
749 747 750
749 750 751
750 752 751
750 753 752
742 754 755
754 756 755
754 757 756
757 758 756
758 759 756
758 760 759
759 760 761
759 761 762
763 754 742
626 764 641
624 764 626
624 765 764
623 765 624
623 766 765
627 766 623
767 768 769
767 769 770
771 767 770
771 772 767
773 772 771
773 771 774
775 773 774
769 768 776
768 777 776
777 778 776
777 779 778
779 780 778
769 776 781
778 781 776
778 782 781
778 780 783
778 783 784
778 784 782
785 786 787
785 787 788
786 789 787
790 785 788
790 788 791
792 790 791
793 794 795
793 795 796
796 795 797
798 794 793
799 798 793
799 800 798
801 800 799
802 801 799
803 802 799
804 805 806
804 806 807
808 805 804
808 809 805
806 810 807
807 810 811
807 811 812
813 812 811
813 814 812
815 814 813
815 813 816
815 816 817
816 818 817
818 819 817
818 820 819
820 821 819
809 808 822
822 823 809
822 824 823
825 824 822
820 826 821
820 827 826
828 827 820
827 828 829
827 829 830
827 830 826
828 820 831
832 830 829
832 833 830
830 833 826
833 832 834
833 834 835
826 833 835
836 835 834
826 835 836
836 834 837
826 836 838
826 838 839
826 839 821
840 841 825
842 840 825
843 842 825
844 843 825
845 844 825
846 845 825
847 846 825
848 825 841
847 825 822
808 847 822
808 849 847
850 847 849
851 850 849
851 852 850
825 848 824
848 853 824
848 854 853
855 854 848
855 848 841
840 855 841
856 857 858
859 857 856
859 860 857
860 859 861
860 861 862
862 861 863
862 863 864
863 865 864
863 866 865
866 867 865
866 868 867
868 869 867
868 870 869
870 871 869
870 872 871
870 873 872
873 874 872
875 876 877
875 877 878
878 877 879
878 879 880
881 880 879
881 882 880
882 881 883
882 883 884
876 875 885
876 885 886
886 885 887
886 887 888
889 887 890
889 890 891
891 892 893
891 893 894
894 893 895
894 895 896
896 897 898
899 895 897
900 901 902
901 900 903
903 904 901
903 905 904
901 904 906
901 906 907
907 906 908
906 909 908
909 906 910
909 910 911
910 912 911
910 913 912
913 914 912
915 900 902
915 916 900
917 918 919
919 918 920
920 918 921
922 917 919
922 923 917
922 924 923
922 925 924
926 924 925
925 927 926
924 928 923
924 929 928
929 924 926
926 930 929
926 927 931
925 931 927
922 932 925
925 932 931
922 933 932
934 933 922
935 934 922
935 922 919
936 937 938
939 938 937
940 938 939
940 939 941
939 942 941
943 936 938
943 938 940
943 940 944
941 942 945
942 946 945
945 946 947
947 948 945
949 943 944
949 950 943
950 949 951
947 952 948
949 953 951
954 951 953
954 955 951
955 954 956
954 957 956
956 957 958
956 958 959
960 956 959
955 956 960
960 959 961
958 962 959
962 961 959
958 963 962
963 964 962
963 965 964
964 965 966
964 966 967
966 968 967
966 969 968
968 969 970
968 970 971
971 970 972
964 973 962
962 973 961
964 974 973
974 964 967
974 967 975
968 975 967
968 976 975
976 968 971
976 971 977
977 971 978
971 979 978
971 972 979
978 980 977
978 981 980
982 983 984
982 984 985
986 983 982
986 987 983
988 987 986
988 989 987
990 989 988
990 991 989
992 991 990
992 993 991
994 993 992
994 995 993
996 997 998
996 998 999
997 1000 998
997 1001 1000
1001 1002 1000
1001 1003 1002
1003 1004 1002
1003 1005 1004
1004 1005 1006
1004 1006 1007
1008 1007 1006
1008 1006 1009
1010 1011 1012
1012 1011 1013
1012 1013 1014
1014 1013 1015
1014 1015 1016
1017 1018 953
1019 1017 953
1019 1020 1017
1021 1020 1019
1022 1021 1019
1023 1022 1019
1018 954 953
1018 1024 954
954 1024 957
949 1019 953
1019 949 944
1019 944 1023
940 1023 944
940 1025 1023
940 1026 1025
1026 940 941
1027 1026 941
941 1028 1027
1029 1027 1028
1030 1029 1028
1030 1028 1031
1031 1028 945
941 945 1028
1030 1031 1032
1032 1033 1030
1034 1032 1031
1034 1031 948
945 948 1031
1035 1036 1037
1035 1037 1038
1038 1037 1039
1040 1041 1042
1040 1042 1043
1042 1044 1043
1042 1045 1044
1046 1041 1040
1046 1047 1041
1048 1040 1043
1048 1043 1049
1043 1044 1049
1049 1044 1050
1045 1050 1044
1051 1046 1040
1051 1040 1048
1045 1052 1050
1045 1053 1052
1045 1054 1053
1042 1054 1045
1047 1055 1041
1047 1056 1055
1056 1057 1055
1055 1057 1058
1055 1058 1059
1059 1058 1060
1059 1060 1054
1054 1060 1053
1056 1061 1057
1057 1062 1058
1061 1062 1057
1058 1062 1063
1058 1063 1060
1061 1064 1062
1060 1063 1065
1060 1065 1053
1041 1055 1059
1041 1059 1042
1042 1059 1054
1066 1067 1068
1069 1067 1066
485 1066 1068
486 485 1068
1070 1071 1072
1070 1073 1071
1074 1073 1070
1075 1073 1074
1075 1076 1073
1077 1076 1075
1078 1077 1075
1078 1079 1077
1080 1079 1078
1080 1081 1079
1082 1081 1080
1082 1083 1081
1084 1083 1082
1084 1085 1083
1086 1085 1084
1086 1087 1085
1088 1087 1086
1088 1089 1087
1090 1091 1092
1093 1094 1095
1096 1093 1095
1096 1095 1097
1098 1096 1097
1098 1099 1096
1100 1099 1098
1100 1098 1101
1100 1101 1102
1103 1104 1105
1103 1105 1106
1107 1108 1109
1107 1109 1110
1110 1109 1111
1110 1111 1112
1113 1114 1115
1113 1115 1116
1116 1115 1117
1116 1117 1118
1118 1117 1119
1118 1119 1120
1120 1119 1121
1120 1121 1122
1122 1121 1123
1122 1123 1124
1125 1126 1127
1125 1127 1128
1129 1130 1131
1129 1131 1132
1132 1131 1133
1131 1134 1133
1130 1135 1131
1135 1136 1131
1131 1136 1137
1138 1139 1140
1138 1140 1141
1141 1140 1142
1141 1142 1143
1143 1142 1144
1143 1144 1145
1145 1144 1146
1145 1146 1147
1147 1146 1148
1147 1148 1149
1149 1148 1150
1149 1150 1151
1151 1150 1152
1151 1152 1153
1153 1152 1154
1153 1154 1155
1155 1154 1156
1155 1156 1157
1157 1156 1158
1157 1158 1159
1160 1159 1158
1160 1158 1161
1160 1161 1162
1160 1162 1163
1163 1162 1164
1163 1164 1165
1165 1164 1166
1165 1166 1167
1168 1167 1166
1168 1169 1167
1170 1166 1171
1172 1173 1167
1174 1175 1176
1174 1176 1177
1178 1179 1180
1178 1180 1181
1181 1180 1182
1181 1182 1183
1183 1182 1184
1183 1184 1185
1185 1184 1186
1185 1186 1187
1188 1189 1190
1188 1190 1191
1191 1190 1192
1191 1192 1193
1193 1192 1194
1193 1194 1195
1196 1189 1188
1196 1197 1189
1189 1198 1190
1189 1199 1198
1197 1199 1189
1190 1198 1200
1190 1200 1192
1192 1200 1201
1192 1201 1194
1197 1202 1199
1199 1203 1198
1199 1204 1203
1202 1204 1199
1198 1203 1205
1198 1205 1200
1200 1205 1206
1200 1206 1201
1202 1207 1204
1195 1208 1193
1193 1208 1191
1191 1208 1188
1188 1208 1196
1204 1209 1203
1203 1209 1205
1205 1209 1206
1207 1209 1204
1210 1211 1212
1210 1212 1213
1213 1212 1214
1213 1214 1215
1215 1214 1216
1215 1216 1217
1217 1216 1218
1217 1218 1219
1211 1220 1212
1211 1221 1220
1212 1220 1222
1212 1222 1214
1214 1222 1223
1214 1223 1216
1216 1223 1224
1216 1224 1218
1221 1225 1220
1221 1226 1225
1220 1225 1227
1220 1227 1222
1222 1227 1228
1222 1228 1223
1223 1228 1229
1223 1229 1224
1217 1230 1215
1219 1230 1217
1215 1230 1213
1213 1230 1210
1226 1231 1225
1225 1231 1227
1227 1231 1228
1228 1231 1229
1232 1233 1234
1232 1234 1235
1235 1234 1236
1235 1236 1237
1237 1236 1238
1237 1238 1239
1240 1233 1232
1240 1241 1233
1233 1242 1234
1233 1243 1242
1241 1243 1233
1234 1242 1244
1234 1244 1236
1236 1244 1245
1236 1245 1238
1241 1246 1243
1243 1247 1242
1243 1248 1247
1246 1248 1243
1242 1247 1249
1242 1249 1244
1244 1249 1250
1244 1250 1245
1246 1251 1248
1239 1252 1237
1237 1252 1235
1235 1252 1232
1232 1252 1240
1248 1253 1247
1247 1253 1249
1249 1253 1250
1251 1253 1248
1254 1255 1256
1254 1256 1257
1257 1256 1258
1257 1258 1259
1259 1258 1260
1259 1260 1261
1261 1260 1262
1261 1262 1263
1255 1264 1256
1255 1265 1264
1256 1264 1266
1256 1266 1258
1258 1266 1267
1258 1267 1260
1260 1267 1268
1260 1268 1262
1265 1269 1264
1265 1270 1269
1264 1269 1271
1264 1271 1266
1266 1271 1272
1266 1272 1267
1267 1272 1273
1267 1273 1268
1261 1274 1259
1263 1274 1261
1259 1274 1257
1257 1274 1254
1270 1275 1269
1269 1275 1271
1271 1275 1272
1272 1275 1273
1276 1277 1278
1276 1278 1279
1280 1276 1279
1280 1279 1281
1282 1283 1284
1282 1284 1285
1283 1286 1284
1283 1287 1286
1288 1289 1290
1288 1290 1291
1292 1288 1291
1292 1291 1293
1294 1295 1296
1294 1296 1297
1298 1294 1297
1298 1297 1299
1300 1301 1302
1300 1302 1303
1304 1301 1300
1304 1305 1301
1303 1302 1306
1307 1302 1308
1307 1308 1309
1310 1309 1308
1311 1310 1308
1311 1308 1312
1313 1311 1312
1313 1312 1314
1315 1316 1317
1315 1317 1318
1319 1316 1315
1319 1320 1316
1318 1317 1321
1318 1321 1322
1323 1324 1325
1324 1326 1325
1327 1328 1329
1327 1329 1330
1331 1328 1327
1328 1331 1332
1331 1327 1333
1334 1335 1336
1334 1336 1337
1338 1335 1334
1338 1339 1335
1340 1341 1342
1340 1342 1343
1344 1345 1346
1347 1345 1344
1345 1347 1348
1349 1345 1348
1345 1349 1350
1351 1352 1353
1351 1353 1354
1355 1354 1353
1355 1353 1356
1357 1355 1356
1357 1358 1355
1359 1358 1357
1359 1357 1360
1361 1359 1360
1361 1360 1362
1361 1362 1363
1361 1363 1364
1365 1139 1138
1366 1367 1368
1366 1368 1369
1370 1366 1369
1370 1371 1366
1372 1371 1370
1372 1373 1371
1368 1367 1374
1375 1376 1377
1376 1378 1377
1378 1379 1377
1379 1380 1377
1380 1381 1377
1381 1382 1377
1382 1383 1377
1383 1384 1377
1384 1385 1377
1385 1386 1377
1386 1387 1377
1387 1388 1377
1388 1389 1377
1389 1390 1377
1390 1391 1377
1391 1375 1377
1392 1393 1394
1392 1394 1395
1396 1392 1395
1396 1395 1397
1398 1396 1397
1398 1397 1399
1400 1398 1399
1400 1399 1401
1402 1400 1401
1402 1401 1403
1404 1402 1403
1404 1403 1405
1406 1404 1405
1406 1405 1407
1408 1406 1407
1408 1407 1409
1410 1408 1409
1410 1409 1411
1412 1410 1411
1412 1411 1413
1414 1412 1413
1414 1413 1415
1416 1414 1415
1416 1415 1417
1418 1416 1417
1418 1417 1419
1420 1418 1419
1420 1419 1421
1422 1420 1421
1422 1421 1423
1393 1422 1423
1393 1423 1394
1424 1425 1426
1424 1426 1427
1425 1428 1426
1425 1429 1428
1426 1428 1430
1426 1430 1431
1427 1426 1431
1427 1431 1432
1433 1425 1424
1433 1434 1425
1425 1435 1429
1434 1435 1425
1431 1430 1436
1431 1437 1432
1438 1437 1431
1432 1437 1439
1431 1436 1440
1431 1440 1438
1436 1441 1440
1433 1442 1434
1434 1442 1443
1443 1444 1434
1434 1444 1435
1444 1445 1435
1446 1442 1433
1447 1446 1433
1447 1433 1448
1449 1447 1450
1449 1450 1451
1451 1450 1452
1451 1452 1453
1453 1452 1454
1453 1454 1455
1455 1454 1456
1455 1456 1457
1458 1439 1456
1459 1460 1461
1459 1461 1462
1462 1461 1463
1462 1463 1464
1464 1463 1465
1466 1460 1459
1467 1465 1436
1435 1466 1468
1469 1470 1471
1470 1472 1471
1473 1469 1471
1474 1475 1476
1474 1476 1477
1474 1478 1475
1474 1479 1478
1478 1479 1480
1478 1480 1481
1481 1480 1482
1481 1482 1483
1483 1482 1484
1483 1484 1485
1486 1474 1477
1486 1487 1474
1488 1474 1487
1488 1479 1474
1480 1489 1482
1482 1489 1484
1480 1479 1490
1480 1490 1489
1488 1490 1479
1491 1490 1488
1489 1490 1491
1489 1491 1492
1493 1489 1492
1494 1489 1493
1494 1493 1495
1494 1495 1496
1494 1496 1497
1498 1497 1496
1491 1499 1492
1492 1499 1500
1500 1499 1501
1502 1500 1501
1502 1501 1503
1504 1502 1503
1504 1503 1505
1503 1501 1506
1505 1503 1506
1505 1506 1507
1508 1509 1510
1508 1510 1511
1509 1512 1510
1509 1513 1512
1513 1514 1512
1512 1514 1515
1515 1514 1516
1516 1517 1515
1516 1518 1517
1519 1520 1521
1519 1521 1522
1522 1521 1523
1522 1523 1524
1524 1523 1525
1524 1525 1526
1527 1524 1526
1527 1526 1528
1529 1527 1528
1529 1530 1527
1527 1530 1531
1531 1522 1524
1531 1524 1527
1531 1532 1522
1526 1525 1533
1526 1533 1534
1526 1534 1528
1528 1535 1529
1528 1536 1535
1528 1534 1536
1535 1536 1537
1536 1538 1537
1536 1539 1538
1539 1540 1538
1539 1541 1540
1541 1542 1540
1541 1543 1542
1542 1543 1544
1542 1544 1545
1546 1522 1532
1546 1519 1522
1547 1548 1549
1549 1548 1550
1550 1548 1551
1550 1551 1552
1552 1553 1550
1552 1554 1553
1554 1555 1553
1550 1553 1556
1550 1556 1557
1549 1550 1557
1548 1558 1551
1547 1558 1548
1553 1555 1559
1553 1559 1556
1555 1560 1559
1555 1561 1560
1560 1561 1562
1560 1562 1563
1562 1564 1563
1562 1565 1564
1564 1565 1566
1564 1566 1567
1566 1568 1567
1566 1569 1568
1569 1570 1568
1569 1571 1570
1570 1571 1572
1570 1572 1573
1572 1574 1573
1572 1575 1574
1562 1561 1576
1577 1576 1561
1577 1561 1555
1566 1565 1578
1579 1578 1565
1562 1576 1579
1579 1565 1562
1580 1571 1569
1581 1580 1569
1566 1578 1581
1581 1569 1566
1554 1577 1555
1554 1582 1577
1554 1583 1582
1580 1584 1571
1572 1571 1584
1572 1584 1585
1585 1586 1572
1587 1575 1572
1587 1588 1575
1575 1588 1589
1589 1588 1590
1590 1591 1589
1592 1591 1590
1592 1593 1591
1593 1592 1594
1593 1594 1595
1595 1594 1596
1595 1596 1597
1596 1598 1597
1596 1599 1598
1598 1599 1600
1598 1600 1601
1600 1602 1601
1602 1600 1603
1588 1604 1590
1600 1599 1605
1599 1606 1605
1596 1606 1599
1600 1605 1607
1603 1600 1607
1606 1608 1605
1605 1608 1609
1606 1610 1608
1611 1610 1606
1611 1606 1596
1596 1612 1611
1604 1613 1614
1615 1614 1613
1615 1613 1587
1588 1613 1604
1587 1613 1588
1604 1614 1616
1616 1617 1604
1604 1617 1618
1619 1617 1616
1619 1616 1620
1619 1620 1621
1619 1621 1622
1622 1621 1623
1622 1623 1624
1622 1624 1625
1624 1626 1625
1627 1617 1619
1628 1627 1619
1628 1629 1627
1604 1618 1630
1604 1630 1590
1631 1590 1630
1631 1592 1590
1631 1632 1592
1633 1631 1630
1633 1632 1631
1634 1632 1633
1633 1635 1634
1630 1635 1633
1634 1635 1636
1634 1636 1637
1637 1638 1634
1638 1639 1634
1639 1640 1634
1640 1641 1634
1630 1642 1635
1636 1635 1642
1630 1643 1642
1643 1644 1642
1642 1644 1645
1636 1642 1645
1637 1636 1645
1645 1644 1646
1645 1646 1647
1637 1645 1647
1646 1648 1647
1648 1638 1637
1648 1637 1647
1646 1649 1648
1650 1648 1649
1650 1651 1648
1651 1638 1648
1652 1651 1650
1652 1639 1638
1652 1638 1651
1650 1653 1652
1653 1654 1652
1654 1640 1639
1654 1639 1652
1653 1655 1654
1656 1640 1654
1655 1656 1654
1657 1656 1655
1656 1641 1640
1658 1641 1656
1658 1659 1641
1641 1659 1634
1594 1659 1658
1612 1594 1658
1596 1594 1612
1594 1592 1659
1659 1660 1634
1592 1660 1659
1634 1660 1632
1632 1660 1592
1661 1662 1663
1661 1663 1664
1665 1666 1667
1665 1667 1668
1668 1667 1669
1668 1669 1670
1670 1669 1671
1670 1671 1672
1672 1671 1673
1672 1673 1674
1675 1666 1665
1675 1665 1676
1677 1675 1676
1677 1676 1678
1679 1677 1678
1679 1678 1680
1679 1680 1681
1679 1681 1682
1682 1681 1683
1674 1673 1684
1685 1674 1684
1686 1687 1688
1689 1686 1688
1690 1686 1689
1688 1687 1691
1692 1686 1690
1693 1692 1690
1694 1692 1693
1694 1693 1695
1696 1694 1695
1696 1695 1697
1698 1694 1696
1698 1699 1694
1699 1692 1694
1695 1693 1700
1695 1700 1701
1697 1695 1701
1701 1700 1702
1701 1702 1703
1704 1701 1703
1697 1701 1704
1704 1703 1705
1706 1692 1699
1707 1702 1700
1700 1693 1708
1693 1690 1708
1700 1708 1709
1707 1700 1709
1707 1709 1710
1692 1706 1686
1687 1686 1706
1711 1712 1713
1714 1711 1713
1689 1714 1713
1688 1714 1689
1688 1715 1714
1688 1716 1715
1688 1717 1716
1688 1718 1717
1688 1719 1718
1691 1719 1688
1575 1589 1574
1720 1721 1722
1723 1724 1725
1726 1725 1724
1726 1727 1725
1728 1729 1730
1728 1730 1731
1732 1729 1728
1732 1728 1733
1732 1733 1734
1732 1734 1735
1735 1734 1736
1735 1736 1737
1738 1737 1736
1738 1739 1737
1739 1740 1737
1741 1738 1736
1741 1736 1742
1734 1733 1742
1734 1742 1736
1743 1738 1741
1743 1741 1744
1745 1743 1744
1745 1744 1746
1745 1746 1747
1748 1745 1747
1749 1743 1745
1749 1750 1743
1750 1739 1738
1750 1738 1743
1751 1750 1749
1739 1752 1740
1750 1752 1739
1751 1753 1750
1750 1753 1754
1755 1756 1757
1756 1758 1757
1756 1759 1758
1760 1755 1761
1762 1761 1763
1761 1762 1764
1762 1759 1764
1765 1766 1767
1765 1767 1768
1768 1767 1769
1768 1769 1770
1766 1765 1771
1766 1771 1772
1772 1771 1773
1772 1773 1774
1774 1773 1775
1774 1775 1776
1776 1775 1777
1776 1777 1778
1778 1777 1779
1778 1779 1780
1780 1779 1781
1780 1781 1782
1783 1782 1781
1783 1781 1784
1783 1784 1785
1786 1787 1788
1786 1788 1789
1786 1789 1790
1791 1790 1789
1791 1789 1792
1792 1793 1791
1792 1789 1794
1789 1788 1794
1792 1794 1795
1795 1793 1792
1795 1796 1793
1793 1796 1797
1791 1793 1797
1797 1796 1798
1799 1797 1798
1800 1797 1799
1791 1797 1801
1801 1797 1800
1802 1803 1804
1802 1804 1805
1806 1807 1808
1806 1808 1809
1810 1811 1812
1810 1812 1813
1814 1815 1816
1817 1814 1816
1817 1818 1814
1817 1819 1818
1818 1819 1820
1818 1820 1821
1821 1820 1822
1821 1822 1823
1817 1816 1824
1825 1826 1827
1825 1827 1828
1829 1826 1825
1829 1830 1826
1828 1827 1831
1828 1831 1832
1832 1831 1833
1834 1832 1833
1835 1832 1834
1835 1834 1836
1837 1835 1836
1837 1838 1835
1838 1837 1839
1839 1840 1838
1841 1840 1839
1841 1842 1840
1843 1842 1841
1843 1844 1842
1845 1844 1843
1845 1843 1846
1847 1845 1846
1847 1846 1848
1849 1847 1848
1850 1847 1849
1851 1850 1849
1851 1852 1850
1851 1853 1852
1854 1855 1856
1854 1856 1857
1858 1859 1860
1858 1860 1861
1859 1862 1860
1863 1859 1858
1863 1864 1859
1864 1862 1859
1858 1865 1863
1858 1866 1865
1865 1866 1867
1868 1866 1858
1868 1858 1861
1865 1867 1869
1870 1869 1867
1871 1870 1867
1871 1866 1868
1871 1867 1866
1870 1872 1869
1865 1869 1873
1874 1873 1869
1872 1874 1869
1875 1873 1874
1875 1876 1873
1865 1873 1876
1870 1871 1877
1878 1879 1880
1878 1880 1881
1882 1881 1880
1882 1880 1883
1884 1885 1886
1884 1886 1887
1886 1888 1887
1889 1890 1891
1892 1890 1889
1893 1890 1892
1893 1894 1890
1893 1895 1894
1896 1895 1893
1892 1889 1897
1889 1898 1897
1897 1898 1899
1900 1901 1902
1900 1902 1903
1904 1901 1900
1904 1900 1905
1905 1900 1906
1905 1906 1907
1907 1906 1908
1907 1908 1909
1910 1906 1900
1910 1900 1903
1908 1906 1910
1908 1910 1911
1911 1912 1908
1912 1911 1913
1914 1901 1904
1914 1915 1901
1902 1901 1915
1916 1915 1914
1916 1917 1915
1918 1917 1916
1918 1919 1917
1918 1916 1920
1918 1920 1921
1922 1918 1921
1830 1922 1921
1830 1921 1923
1924 1922 1830
1830 1829 1924
1924 1829 1925
1924 1926 1922
1927 1926 1924
1924 1925 1927
1927 1928 1926
1927 1925 1929
1930 1927 1929
1930 1929 1931
1922 1932 1918
1926 1932 1922
1826 1830 1923
1826 1923 1933
1827 1826 1933
1827 1933 1934
1831 1827 1934
1928 1935 1926
1926 1935 1932
1918 1932 1919
1919 1932 1935
1917 1919 1936
1937 1917 1936
1915 1917 1937
1915 1937 1938
1902 1915 1938
1939 1940 1941
1939 1941 1942
1941 1943 1942
1941 1944 1943
1943 1944 1945
1943 1945 1946
1946 1945 1947
1946 1947 1948
1949 1940 1939
1949 1939 1950
1951 1949 1950
1951 1952 1949
1953 1952 1951
1943 1954 1942
1954 1943 1946
1954 1946 1955
1955 1946 1956
1946 1948 1956
1909 1957 1958
1909 1958 1959
1958 1957 1912
1909 1908 1957
1912 1957 1908
1960 1961 1962
1960 1962 1963
1963 1962 1964
1965 1961 1960
1965 1966 1961
1967 1966 1965
1968 1969 1970
1968 1970 1971
1969 1972 1970
1973 1968 1971
1974 1968 1973
1974 1973 1975
1976 1974 1975
1977 1974 1976
1978 1974 1977
1979 1980 1981
1979 1981 1982
1983 1979 1982
1983 1982 1984
1981 1980 1985
1980 1986 1985
1980 1987 1986
1988 1986 1987
1988 1987 1989
1990 1988 1989
1990 1991 1988
1990 1992 1991
1991 1992 1993
1993 1992 1994
1993 1994 1995
1995 1994 1996
1984 1997 1983
1997 1984 1998
1997 1998 1999
2000 1997 1999
1995 1996 2001
1995 2001 2002
2003 1995 2002
2002 2004 2003
2002 2005 2004
2002 2001 2005
2003 2006 1995
2007 2004 2005
2007 2005 2008
2005 2001 2008
2008 2009 2007
2008 2010 2009
2001 2010 2008
2011 2009 2010
2001 2011 2010
2011 2012 2009
2001 2013 2011
2001 2014 2013
2001 1996 2014
2015 2000 2016
2017 2000 2015
2018 2000 2017
2019 2000 2018
2020 2000 2019
2021 2000 2020
2022 2000 2021
2023 2016 2000
2022 1997 2000
1983 1997 2022
1983 2022 2024
2025 2024 2022
2026 2024 2025
2026 2025 2027
2000 1999 2023
2023 1999 2028
2023 2028 2029
2030 2023 2029
2030 2016 2023
2015 2016 2030
2031 2032 2033
2034 2031 2033
2034 2033 2035
2035 2036 2034
2035 2037 2036
2037 2038 2036
2037 2039 2038
2038 2039 2040
2038 2040 2041
2041 2040 2042
2041 2042 2043
2043 2042 2044
2043 2044 2045
2045 2044 2046
2045 2046 2047
2045 2047 2048
2048 2047 2049
2050 2051 2052
2050 2052 2053
2051 2054 2052
2051 2055 2054
2056 2054 2055
2056 2055 2057
2057 2058 2056
2057 2059 2058
2060 2061 2062
2062 2063 2060
2063 2062 2064
2063 2064 2065
2062 2066 2064
2062 2067 2066
2067 2068 2066
2066 2068 2069
2069 2070 2066
2069 2071 2070
2070 2071 2072
2070 2072 2073
2073 2072 2074
2075 2061 2060
2075 2060 2076
2077 2078 2079
2078 2080 2079
2080 2081 2079
2082 2078 2077
2082 2077 2083
2082 2083 2084
2082 2084 2085
2086 2085 2084
2085 2086 2087
2084 2083 2088
2084 2088 2089
2089 2086 2084
2086 2089 2090
2086 2091 2087
2085 2087 2091
2082 2085 2092
2085 2091 2092
2082 2092 2093
2094 2082 2093
2095 2082 2094
2095 2078 2082
2096 2097 2098
2099 2098 2097
2100 2099 2097
2100 2101 2099
2099 2101 2102
2103 2097 2096
2103 2100 2097
2103 2104 2100
2101 2105 2102
2102 2105 2106
2105 2107 2106
2107 2105 2108
2109 2104 2103
2109 2103 2110
2110 2111 2109
2107 2108 2112
2109 2111 2113
2114 2113 2111
2114 2111 2115
2115 2116 2114
2114 2116 2117
2116 2118 2117
2116 2119 2118
2120 2119 2116
2115 2120 2116
2120 2121 2119
2118 2119 2122
2122 2119 2121
2118 2122 2123
2123 2122 2124
2123 2124 2125
2124 2126 2125
2124 2127 2126
2126 2127 2128
2126 2128 2129
2128 2130 2129
2128 2131 2130
2131 2132 2130
2124 2122 2133
2122 2121 2133
2124 2133 2134
2134 2127 2124
2134 2135 2127
2128 2127 2135
2128 2135 2136
2136 2131 2128
2136 2137 2131
2137 2138 2131
2131 2138 2139
2131 2139 2132
2138 2137 2140
2138 2140 2141
2142 2113 2143
2144 2113 2142
2144 2142 2145
2146 2144 2145
2147 2144 2146
2148 2144 2147
2143 2113 2114
2143 2114 2149
2114 2117 2149
2109 2113 2144
2144 2148 2104
2144 2104 2109
2100 2104 2148
2100 2148 2150
2100 2150 2151
2151 2101 2100
2152 2101 2151
2101 2152 2153
2154 2153 2152
2155 2153 2154
2155 2156 2153
2156 2105 2153
2101 2153 2105
2155 2157 2156
2157 2155 2158
2159 2156 2157
2159 2108 2156
2105 2156 2108
2160 2161 2162
2160 2162 2163
2162 2161 2164
2162 2164 2165
2166 2160 2163
2166 2163 2167
2168 2161 2160
2168 2169 2161
2161 2169 2164
2169 2170 2164
2165 2164 2170
2171 2168 2160
2171 2160 2166
2165 2170 2172
2165 2172 2173
2165 2173 2174
2162 2165 2174
2167 2163 2175
2167 2175 2176
2176 2175 2177
2175 2178 2177
2175 2179 2178
2179 2174 2180
2179 2180 2178
2174 2173 2180
2176 2177 2181
2177 2178 2182
2181 2177 2182
2178 2180 2183
2178 2183 2182
2181 2182 2184
2180 2185 2183
2180 2173 2185
2163 2179 2175
2163 2162 2179
2162 2174 2179
2186 2187 2188
2189 2186 2188
1731 2187 2186
1730 2187 1731
2190 2191 2192
2190 2192 2193
2194 2190 2193
2195 2194 2193
2195 2193 2196
2197 2195 2196
2198 2195 2197
2198 2197 2199
2200 2198 2199
2200 2199 2201
2202 2200 2201
2202 2201 2203
2204 2202 2203
2204 2203 2205
2206 2204 2205
2206 2205 2207
2208 2206 2207
2208 2207 2209
2210 2211 2212
2213 2214 2215
2216 2214 2213
2216 2217 2214
2218 2217 2216
2218 2216 2219
2220 2218 2219
2220 2221 2218
2220 2222 2221
2223 2224 2225
2226 2227 2228
2229 2228 2230
2231 2226 2230
2231 2230 2232
2233 2231 2234
2233 2234 2235
2236 2237 2235
2236 2235 2238
2239 2240 2238
2239 2238 2241
2242 2243 2241
2242 2241 2244
2245 2246 2247
2245 2247 2248
2249 2245 2248
2249 2248 2250
2246 2251 2247
2246 2252 2251
2253 2254 2255
2253 2255 2256
2257 2253 2256
2256 2258 2257
2257 2259 2253
2260 2261 2262
2260 2262 2263
2261 2264 2262
2261 2265 2264
2266 2267 2268
2266 2268 2269
2270 2266 2269
2270 2269 2271
2272 2273 2274
2275 2272 2274
2274 2276 2275
2277 2276 2274
2274 2278 2277
2279 2280 2281
2279 2281 2282
2283 2281 2280
2283 2284 2281
2285 2284 2283
2285 2283 2286
2287 2285 2286
2287 2288 2285
2289 2288 2287
2289 2290 2288
2289 2291 2290
2289 2292 2291
2293 2294 2295
2293 2295 2296
2297 2294 2293
2297 2293 2298
2299 2297 2298
2299 2298 2300
2295 2301 2296
2302 2303 2304
