byte offset: 0
first index: 5592
index count: 1608
topology: trianglelist
format: DXGI_FORMAT_R16_UINT

2130 2131 2132
2132 2131 2133
2134 2133 2131
2131 2135 2134
2135 2131 2136
2133 2137 2132
2136 2131 2138
2136 2138 2139
2139 2140 2136
2141 2140 2139
2142 2138 2131
2131 2130 2142
2136 2143 2135
2136 2144 2143
2142 2130 2145
2142 2145 2146
2142 2146 2147
2146 2148 2147
2147 2148 2149
2150 2149 2148
2149 2150 2151
2152 2151 2150
2151 2152 2153
2153 2154 2151
2154 2153 2155
2155 2156 2154
2157 2154 2156
2157 2156 2158
2157 2158 2159
2160 2157 2159
2157 2160 2161
2161 2162 2157
2154 2157 2162
2151 2162 2149
2162 2151 2154
2159 2163 2160
2163 2159 2164
2165 2164 2159
2165 2166 2164
2166 2167 2164
2166 2168 2167
2169 2164 2167
2168 2170 2167
2170 2171 2167
2171 2169 2167
2172 2160 2163
2173 2172 2163
2164 2174 2163
2169 2174 2164
2175 2165 2159
2176 2172 2173
2177 2176 2173
2178 2176 2177
2177 2179 2178
2179 2180 2178
2180 2179 2181
2182 2180 2181
2183 2181 2179
2184 2178 2180
2184 2185 2178
2185 2176 2178
2180 2186 2184
2186 2180 2187
2182 2187 2180
2187 2188 2186
2176 2185 2189
2172 2176 2189
2189 2190 2172
2160 2172 2190
2190 2161 2160
2191 2184 2186
2184 2191 2192
2192 2185 2184
2193 2192 2191
2192 2193 2194
2195 2194 2193
2161 2190 2196
2196 2197 2161
2198 2196 2190
2190 2189 2198
2189 2199 2198
2194 2199 2192
2199 2189 2185
2185 2192 2199
2162 2161 2197
2197 2149 2162
2149 2197 2147
2193 2200 2195
2200 2193 2201
2191 2201 2193
2201 2202 2200
2202 2201 2203
2204 2203 2201
2203 2204 2205
2201 2191 2204
2203 2206 2202
2206 2203 2207
2205 2207 2203
2206 2207 2208
2208 2207 2209
2209 2210 2208
2211 2207 2205
2209 2207 2211
2211 2212 2209
2212 2213 2209
2186 2204 2191
2204 2186 2214
2214 2205 2204
2215 2214 2186
2215 2216 2214
2217 2214 2216
2205 2214 2217
2211 2205 2217
2216 2218 2217
2219 2218 2216
2218 2219 2220
2221 2220 2219
2220 2221 2222
2221 2223 2222
2224 2220 2222
2223 2224 2222
2220 2224 2225
2226 2220 2225
2220 2226 2227
2220 2227 2218
2186 2188 2215
2225 2228 2226
2227 2229 2218
2218 2229 2230
2217 2218 2230
2217 2230 2231
2217 2231 2232
2225 2233 2228
2234 2228 2233
2234 2235 2228
2217 2232 2235
2234 2217 2235
2234 2211 2217
2211 2234 2236
2236 2212 2211
2236 2237 2212
2212 2237 2238
2238 2213 2212
2213 2238 2239
2239 2240 2213
2241 2240 2239
2240 2241 2242
2241 2243 2242
2244 2240 2242
2243 2244 2242
2240 2244 2245
2246 2240 2245
2240 2246 2213
2245 2247 2246
2248 2246 2247
2247 2245 2249
2248 2247 2250
2251 2250 2247
2251 2247 2249
2252 2248 2250
2251 2253 2250
2254 2250 2253
2254 2252 2250
2253 2251 2255
2255 2256 2253
2256 2257 2253
2253 2257 2254
2256 2255 2258
2259 2255 2251
2258 2255 2260
2255 2259 2260
2261 2260 2259
2258 2262 2256
2262 2263 2256
2264 2263 2262
2265 2264 2262
2262 2258 2265
2264 2266 2263
2264 2267 2266
2268 2267 2264
2264 2269 2268
2269 2270 2268
2269 2271 2270
2270 2271 2272
2270 2272 2273
2273 2274 2270
2273 2272 2275
2275 2276 2273
2275 2277 2276
2278 2265 2258
2260 2278 2258
2279 2141 2280
2195 2279 2280
2141 2139 2280
2280 2194 2195
2281 2194 2280
2139 2281 2280
2199 2194 2281
2281 2198 2199
2198 2281 2282
2139 2282 2281
2196 2198 2282
2282 2283 2196
2197 2196 2283
2283 2147 2197
2282 2139 2138
2283 2282 2138
2142 2283 2138
2147 2283 2142
2284 2285 2286
2287 2285 2284
2285 2288 2286
2288 2285 2289
2287 2289 2285
2289 2287 2290
2288 2289 2291
2291 2292 2288
2292 2291 2177
2177 2293 2292
2293 2177 2173
2173 2294 2293
2295 2294 2173
2295 2173 2163
2163 2296 2295
2174 2296 2163
2290 2297 2289
2297 2298 2289
2290 2299 2297
2298 2300 2289
2291 2289 2300
2291 2300 2301
2291 2301 2179
2179 2177 2291
2301 2302 2179
2179 2302 2303
2183 2179 2303
2183 2303 2304
2305 2306 2307
2308 2307 2306
2309 2308 2306
2307 2310 2305
2310 2158 2305
2311 2305 2158
2310 2312 2158
2312 2159 2158
2159 2312 2175
2158 2156 2311
2156 2155 2311
2313 2314 2315
2316 2314 2313
2313 2317 2316
2318 2316 2317
2318 2317 2319
2320 2317 2313
2320 2321 2317
2319 2317 2148
2150 2148 2317
2321 2150 2317
2321 2152 2150
2146 2318 2319
2146 2319 2148
2322 2323 2324
2323 2322 2248
2248 2252 2323
2246 2248 2322
2322 2213 2246
2256 2263 2325
2256 2325 2257
2326 2327 2328
2327 2329 2328
2330 2328 2329
2328 2330 2331
2331 2332 2328
2329 2327 2333
2332 2334 2328
2332 2335 2334
2335 2332 2336
2337 2335 2336
2338 2328 2334
2328 2338 2326
2332 2331 2339
2332 2339 2340
2338 2341 2326
2338 2342 2341
2338 2343 2342
2342 2343 2344
2343 2345 2344
2345 2346 2344
2346 2345 2347
2347 2348 2346
2348 2347 2349
2350 2349 2347
2349 2350 2351
2352 2351 2350
2350 2353 2352
2353 2354 2352
2353 2355 2354
2356 2355 2353
2353 2357 2356
2357 2353 2358
2353 2350 2358
2347 2358 2350
2358 2347 2345
2355 2356 2359
2359 2360 2355
2361 2355 2360
2361 2360 2362
2362 2360 2363
2362 2363 2364
2365 2363 2360
2364 2363 2366
2366 2363 2367
2367 2363 2365
2368 2359 2356
2369 2359 2368
2360 2359 2370
2365 2360 2370
2371 2355 2361
2372 2369 2368
2373 2369 2372
2374 2373 2372
2373 2374 2375
2375 2374 2376
2376 2377 2375
2378 2377 2376
2379 2375 2377
2380 2376 2374
2380 2374 2381
2381 2374 2372
2376 2380 2382
2382 2383 2376
2378 2376 2383
2383 2382 2384
2372 2385 2381
2368 2385 2372
2385 2368 2386
2356 2386 2368
2386 2356 2357
2387 2382 2380
2380 2388 2387
2388 2380 2381
2389 2387 2388
2388 2390 2389
2391 2389 2390
2357 2392 2386
2392 2357 2393
2394 2386 2392
2386 2394 2385
2385 2394 2395
2390 2388 2395
2395 2381 2385
2381 2395 2388
2358 2393 2357
2393 2358 2345
2345 2343 2393
2389 2391 2396
2396 2397 2389
2387 2389 2397
2397 2396 2398
2398 2399 2397
2400 2397 2399
2399 2401 2400
2397 2400 2387
2399 2398 2402
2402 2403 2399
2401 2399 2403
2402 2404 2403
2404 2405 2403
2405 2404 2406
2407 2401 2403
2405 2407 2403
2407 2405 2408
2408 2405 2409
2382 2387 2400
2400 2410 2382
2410 2400 2401
2411 2382 2410
2411 2410 2412
2413 2412 2410
2401 2413 2410
2407 2413 2401
2412 2413 2414
2414 2415 2412
2415 2414 2416
2417 2415 2416
2416 2418 2417
2417 2418 2419
2416 2420 2418
2419 2418 2420
2420 2416 2421
2422 2421 2416
2416 2423 2422
2416 2414 2423
2382 2411 2384
2421 2422 2424
2423 2414 2425
2414 2426 2425
2413 2426 2414
2413 2427 2426
2413 2428 2427
2421 2424 2429
2430 2429 2424
2430 2424 2431
2413 2431 2428
2430 2431 2413
2430 2413 2407
2407 2432 2430
2432 2407 2408
2432 2408 2433
2408 2434 2433
2434 2408 2409
2409 2435 2434
2435 2409 2436
2436 2437 2435
2437 2436 2438
2437 2438 2439
2436 2440 2438
2439 2438 2440
2440 2436 2441
2442 2441 2436
2436 2409 2442
2441 2442 2443
2444 2443 2442
2443 2445 2441
2444 2446 2443
2447 2443 2446
2447 2445 2443
2448 2446 2444
2447 2446 2449
2450 2449 2446
2450 2446 2448
2449 2451 2447
2451 2449 2452
2452 2449 2453
2449 2450 2453
2452 2454 2451
2455 2447 2451
2454 2456 2451
2451 2456 2455
2457 2455 2456
2454 2452 2458
2458 2452 2459
2460 2458 2459
2461 2458 2460
2458 2461 2454
2460 2459 2462
2460 2462 2463
2464 2460 2463
2460 2464 2465
2465 2464 2466
2465 2466 2467
2466 2468 2467
2466 2469 2468
2469 2466 2470
2469 2471 2468
2471 2469 2472
2471 2472 2473
2474 2454 2461
2456 2454 2474
2475 2476 2337
2391 2476 2475
2337 2476 2335
2476 2391 2390
2477 2476 2390
2335 2476 2477
2395 2477 2390
2477 2395 2394
2394 2478 2477
2335 2477 2478
2392 2478 2394
2478 2392 2479
2393 2479 2392
2479 2393 2343
2478 2334 2335
2479 2334 2478
2338 2334 2479
2343 2338 2479
2480 2481 2482
2483 2480 2482
2484 2482 2481
2482 2484 2485
2485 2483 2482
2483 2485 2486
2487 2485 2484
2484 2488 2487
2373 2487 2488
2488 2489 2373
2369 2373 2489
2489 2490 2369
2491 2369 2490
2491 2359 2369
2359 2491 2492
2370 2359 2492
2486 2485 2493
2493 2485 2494
2486 2493 2495
2494 2485 2496
2487 2496 2485
2487 2497 2496
2375 2497 2487
2487 2373 2375
2375 2498 2497
2375 2499 2498
2379 2499 2375
2379 2500 2499
2501 2502 2503
2504 2503 2502
2505 2503 2504
2502 2501 2506
2506 2501 2354
2507 2354 2501
2506 2354 2508
2355 2508 2354
2508 2355 2371
2354 2507 2352
2351 2352 2507
2509 2510 2511
2512 2509 2511
2509 2512 2513
2514 2513 2512
2514 2515 2513
2516 2509 2513
2516 2513 2517
2515 2344 2513
2346 2513 2344
2517 2513 2346
2517 2346 2348
2342 2515 2514
2342 2344 2515
2518 2519 2520
2520 2444 2518
2444 2520 2448
2442 2518 2444
2518 2442 2409
2452 2521 2459
2452 2453 2521
