byte offset: 0
first index: 0
index count: 6156
topology: trianglelist
format: DXGI_FORMAT_R16_UINT

0 1 2
0 2 3
4 5 6
4 6 7
8 9 10
8 10 11
12 13 14
12 14 15
16 17 18
16 18 19
18 20 19
18 21 20
22 23 24
22 24 25
22 26 27
28 29 30
28 30 31
32 33 34
32 34 35
36 37 38
36 38 39
40 38 41
40 41 42
43 44 45
43 45 46
47 48 49
47 49 50
51 52 53
51 53 54
55 56 57
55 57 58
59 60 61
59 61 62
63 64 65
63 65 66
67 68 69
67 69 70
71 72 73
74 71 73
75 76 77
75 77 78
79 76 75
79 80 76
81 80 79
81 82 80
83 82 81
83 84 82
85 86 83
85 87 86
88 87 85
88 89 87
90 89 88
90 91 89
92 91 90
92 93 91
94 95 96
94 96 97
98 99 100
98 100 101
98 102 103
98 103 104
105 106 107
106 108 107
109 110 111
109 111 112
113 114 112
115 116 117
115 117 118
116 119 117
116 120 119
118 121 115
122 115 121
122 121 123
124 122 123
124 123 125
126 124 125
126 125 127
128 126 127
129 128 127
129 127 130
131 132 133
132 134 133
132 135 134
136 137 138
136 138 139
140 141 142
141 143 142
144 145 146
147 148 149
150 151 152
153 154 155
153 155 156
157 158 159
157 159 160
161 158 157
162 161 157
163 164 161
164 163 165
166 164 165
166 161 164
167 166 165
167 168 166
169 167 165
169 165 170
170 165 163
171 169 170
171 170 172
172 170 163
163 161 173
172 163 174
175 163 173
176 177 178
176 178 179
180 181 182
180 182 183
184 185 186
184 186 187
188 189 190
188 190 191
192 193 194
192 194 195
196 197 198
196 198 199
198 197 200
198 200 201
202 203 204
202 204 205
202 206 207
208 209 210
208 210 211
212 213 214
212 214 215
216 217 218
216 218 219
220 221 218
220 222 221
223 224 225
223 225 226
227 228 229
227 229 230
231 232 233
231 233 234
235 236 237
235 237 238
239 240 241
239 241 242
243 244 245
243 245 246
247 248 249
247 249 250
251 252 253
254 252 251
255 256 257
255 257 258
259 255 258
259 258 260
261 259 260
261 260 262
263 261 262
263 262 264
265 263 266
265 266 267
268 265 267
268 267 269
270 268 269
270 269 271
272 270 271
272 271 273
274 275 276
274 276 277
278 279 280
280 279 281
282 283 284
282 284 285
286 283 287
288 289 290
288 290 291
291 290 292
291 292 293
289 288 294
295 294 288
295 296 294
297 296 295
297 298 296
299 298 297
299 300 298
301 300 299
302 300 301
302 303 300
304 305 306
306 305 307
306 307 308
309 310 311
309 311 312
313 314 315
315 314 316
317 318 319
320 321 322
323 324 325
326 327 328
326 328 329
330 331 159
330 159 332
333 330 332
334 330 333
335 336 333
335 333 337
337 338 335
339 338 337
339 337 333
340 338 339
340 339 341
342 338 340
342 343 338
343 335 338
344 343 342
344 345 343
345 335 343
345 346 335
347 336 335
348 349 350
348 350 351
352 353 354
355 352 354
356 353 357
357 353 358
357 358 359
360 361 362
360 362 363
364 365 361
366 367 362
364 368 369
360 369 370
364 371 368
372 368 373
374 375 376
377 375 374
378 379 376
379 380 376
379 381 380
382 383 384
385 383 382
386 387 384
387 388 384
387 389 388
390 391 392
390 393 391
394 392 395
396 391 397
394 398 399
390 400 398
394 399 401
402 403 399
404 405 406
407 404 406
408 405 409
409 405 410
409 410 411
412 413 414
412 414 415
416 413 412
416 417 413
418 417 416
418 419 417
418 420 419
418 421 420
421 422 420
421 423 422
423 424 422
423 425 424
424 425 426
424 426 427
428 426 425
428 425 429
430 427 426
430 431 427
431 430 432
431 432 433
434 433 432
434 435 433
435 434 436
437 436 434
438 437 434
437 438 439
439 440 437
439 441 440
441 442 440
430 443 444
430 444 445
446 447 448
446 448 449
450 446 449
450 451 446
447 452 448
447 453 452
454 453 447
454 455 453
452 453 456
457 452 456
458 457 456
459 457 458
459 458 460
461 459 460
461 462 459
463 462 461
463 464 462
464 463 465
466 464 465
467 466 465
467 468 466
469 468 467
469 467 470
471 469 470
471 472 469
473 474 475
473 475 476
475 474 477
475 477 478
478 477 479
478 479 480
479 481 480
479 482 481
481 482 483
481 483 484
483 485 484
483 486 485
485 486 487
485 487 488
488 487 489
488 489 490
490 489 491
490 491 492
492 491 493
492 493 494
494 493 495
494 495 496
497 496 495
495 498 497
499 500 501
499 501 502
503 502 501
503 504 502
505 504 503
505 506 504
507 506 505
507 508 506
509 508 507
509 510 508
511 510 509
511 512 510
513 512 511
513 514 512
515 514 513
515 516 514
517 516 515
517 518 516
519 518 517
519 520 518
521 520 519
521 522 520
522 521 523
522 523 524
525 526 524
525 527 526
528 529 525
528 525 530
530 531 528
530 532 531
532 533 531
532 534 533
534 535 533
534 536 535
536 537 535
536 538 537
538 539 537
538 540 539
540 541 539
540 542 541
542 543 541
542 544 543
544 545 543
544 546 545
546 547 545
546 548 547
548 549 547
548 550 549
551 549 550
551 550 552
553 554 555
553 555 556
557 554 553
557 558 554
559 560 561
562 559 561
563 562 561
563 561 564
565 566 567
565 567 568
568 567 569
568 569 570
570 569 571
570 571 572
572 571 573
572 573 574
574 573 575
574 575 576
576 575 577
576 577 578
578 577 579
578 579 580
580 579 581
580 581 582
583 584 585
583 585 586
586 585 587
586 587 588
588 587 589
588 589 590
591 592 593
591 593 594
594 593 595
594 595 596
595 597 596
595 598 597
597 598 599
597 599 600
599 601 600
599 602 601
601 602 603
601 603 604
605 606 607
605 607 608
609 610 611
609 611 612
613 614 615
613 615 616
617 618 619
617 619 620
621 622 623
621 623 624
625 626 627
625 627 628
629 630 631
629 631 632
633 634 635
633 635 636
637 638 639
637 639 640
641 642 643
641 643 644
645 646 647
645 647 648
649 650 651
649 651 652
653 654 655
653 655 656
656 655 657
656 657 658
658 657 659
658 659 660
661 662 663
661 663 664
664 663 665
664 665 666
666 665 667
666 667 668
669 670 671
669 671 672
673 674 675
673 675 676
677 678 679
677 679 680
680 679 681
680 681 682
682 681 683
682 683 684
684 683 685
684 685 686
686 685 687
686 687 688
688 687 689
688 689 690
690 689 691
690 691 692
692 691 693
692 693 694
694 693 695
694 695 696
697 698 699
698 700 699
698 701 700
698 702 701
703 473 476
703 476 704
415 414 705
415 705 706
705 707 706
705 708 707
709 710 711
709 711 712
713 714 715
713 715 716
717 718 719
717 719 720
721 722 723
721 723 724
724 723 725
724 725 726
726 725 727
726 727 728
728 727 729
728 729 730
730 729 731
730 731 732
732 731 733
732 733 734
734 733 735
734 735 736
736 735 737
736 737 738
739 740 741
739 741 742
742 741 743
742 743 744
744 743 745
744 745 746
747 748 749
747 749 750
751 747 750
751 750 752
753 751 752
753 752 754
753 754 755
753 755 756
748 757 749
748 758 757
757 758 759
757 759 760
756 755 761
756 761 762
762 761 763
762 763 764
763 765 764
763 766 765
767 764 765
767 768 764
769 765 766
769 766 770
770 771 769
770 772 771
773 771 772
773 772 774
774 775 773
776 773 775
777 773 776
776 778 777
778 776 779
778 779 780
780 779 781
769 782 783
769 783 784
785 786 787
785 787 788
787 789 788
787 790 789
791 789 790
791 790 792
793 791 792
793 794 791
795 794 793
795 793 796
797 795 796
797 796 798
799 800 801
799 802 800
803 802 799
803 799 804
801 800 805
801 805 806
807 801 806
807 806 808
805 809 806
810 809 805
811 809 810
812 811 810
812 813 811
814 813 812
814 812 815
816 814 815
816 815 817
818 816 817
819 818 817
820 818 819
820 819 821
822 820 821
822 823 820
824 823 822
824 822 825
826 827 828
826 828 829
828 830 829
828 831 830
831 832 830
831 833 832
832 833 834
832 834 835
834 836 835
834 837 836
836 837 838
836 838 839
838 840 839
838 841 840
841 842 840
841 843 842
843 844 842
843 845 844
845 846 844
845 847 846
847 848 846
847 849 848
850 848 849
848 850 851
852 853 854
852 854 855
856 852 855
856 855 857
858 859 860
861 859 858
862 859 861
862 863 859
864 865 866
864 866 867
865 868 866
865 869 868
869 870 868
869 871 870
871 872 870
871 873 872
873 874 872
873 875 874
875 876 874
875 877 876
877 878 876
877 879 878
879 880 878
879 881 880
882 883 884
882 884 885
883 886 884
883 887 886
887 888 886
887 889 888
890 891 892
890 892 893
894 895 896
894 896 897
898 899 900
898 900 901
902 903 904
902 904 905
906 907 908
906 908 909
910 911 912
910 912 913
914 915 916
914 916 917
918 919 920
918 920 921
922 923 924
922 924 925
926 927 928
926 928 929
930 931 932
930 932 933
934 935 936
934 936 937
938 939 940
938 940 941
939 942 940
939 943 942
943 944 942
943 945 944
946 947 948
946 948 949
947 950 948
947 951 950
951 952 950
951 953 952
954 955 956
954 956 957
958 959 960
958 960 961
962 963 964
962 964 965
963 966 964
963 967 966
967 968 966
967 969 968
969 970 968
969 971 970
971 972 970
971 973 972
973 974 972
973 975 974
975 976 974
975 977 976
977 978 976
977 979 978
979 980 978
979 981 980
982 983 984
984 983 985
984 985 986
984 986 987
988 989 827
988 827 826
523 529 990
523 990 991
992 993 994
992 994 995
996 997 998
996 999 997
1000 1001 1002
1000 1002 1003
1004 1005 1006
1004 1006 1007
1005 1008 1006
1005 1009 1008
1009 1010 1008
1009 1011 1010
1011 1012 1010
1011 1013 1012
1013 1014 1012
1013 1015 1014
1015 1016 1014
1015 1017 1016
1017 1018 1016
1017 1019 1018
1019 1020 1018
1019 1021 1020
1022 1023 1024
1022 1024 1025
1023 1026 1024
1023 1027 1026
1027 1028 1026
1027 1029 1028
1030 1031 1032
1030 1033 1031
1030 1032 1034
1030 1034 1035
1036 1030 1035
1037 1035 1034
1037 1034 1038
1039 1037 1038
1039 1038 1040
1041 1042 1043
1041 1043 1044
1045 1042 1041
1045 1041 1046
1047 1045 1046
1047 1046 1048
1049 1050 1051
1049 1051 1052
1053 1049 1052
1053 1052 1054
1055 1056 1057
1055 1057 1058
1059 1060 1061
1059 1062 1060
1059 1063 1062
1064 1065 1066
1064 1066 1067
1064 1068 1065
1064 1069 1068
1070 1071 1072
1073 1072 1071
1073 1071 1074
1070 1075 1071
1075 1076 1071
1075 1077 1076
1072 1078 1070
1078 1079 1070
1073 1074 1080
1081 1082 1083
1081 1083 1084
1085 1086 1087
1085 1087 1088
1089 1090 1091
1089 1091 1092
1093 1094 1095
1093 1095 1096
1097 1098 1099
1097 1099 1100
1101 1102 1103
1101 1103 1104
1105 1106 1107
1105 1107 1108
1109 1110 1111
1109 1111 1112
1113 1114 1109
1115 1116 1114
1117 1115 1110
1115 1118 1116
1119 1120 1121
1119 1121 1122
1119 1123 1120
1119 1124 1123
1125 1124 1119
1126 1123 1124
1126 1127 1123
1128 1127 1126
1128 1129 1127
1130 1131 1132
1130 1132 1133
1134 1130 1133
1134 1135 1130
1136 1135 1134
1136 1137 1135
1138 1139 1140
1138 1140 1141
1142 1139 1138
1142 1143 1139
1144 1145 1146
1144 1146 1147
1144 1147 1148
1149 1150 1151
1149 1151 1152
1149 1152 1153
1149 1153 1154
1155 1156 1157
1158 1157 1156
1158 1159 1157
1155 1157 1160
1160 1157 1161
1160 1161 1162
1156 1155 1163
1163 1155 1164
1158 1165 1159
1166 1167 1168
1166 1168 1169
1170 1171 1172
1170 1172 1173
1174 1175 1176
1174 1176 1177
1178 1179 1180
1178 1180 1181
1182 1183 1184
1182 1184 1185
1186 1187 1188
1186 1188 1189
1190 1191 1192
1190 1192 1193
1194 1195 1196
1197 1195 1194
1197 1194 1198
1199 1197 1198
1199 1200 1197
1201 1194 1202
1203 1201 1202
1204 1205 1206
1204 1206 1207
1204 1208 1205
1204 1209 1208
1210 1209 1204
1211 1208 1209
1211 1212 1208
1213 1212 1211
1213 1214 1212
1215 1216 1217
1215 1217 1218
1219 1215 1218
1219 1220 1215
1221 1220 1219
1221 1222 1220
1223 1224 1225
1223 1225 1226
1227 1224 1223
1227 1228 1224
1229 1230 1231
1229 1231 1232
1233 1234 1235
1233 1235 1236
1233 1236 1237
1238 1239 1240
1238 1240 1241
1238 1241 1242
1238 1242 1243
1244 1245 1246
1247 1246 1245
1247 1248 1246
1244 1246 1249
1249 1246 1250
1249 1250 1251
1245 1244 1252
1252 1244 1253
1247 1254 1248
1255 1256 1257
1255 1257 1258
1259 1260 1261
1259 1261 1262
1263 1264 1265
1263 1265 1266
1267 1268 1269
1267 1269 1270
1271 1272 1273
1271 1273 1274
1275 1276 1277
1275 1277 1278
1279 1280 1281
1279 1281 1282
1283 1284 1285
1283 1286 1284
1287 1283 1288
1289 1288 1290
1291 1285 1289
1289 1290 1292
1293 1294 1295
1293 1296 1294
1293 1295 1297
1293 1297 1298
1299 1293 1298
1300 1298 1297
1300 1297 1301
1302 1300 1301
1302 1301 1303
1304 1305 1306
1304 1306 1307
1308 1305 1304
1308 1304 1309
1310 1308 1309
1310 1309 1311
1312 1313 1314
1312 1314 1315
1316 1312 1315
1316 1315 1317
1318 1319 1320
1318 1321 1319
1318 1322 1321
1323 1324 1325
1323 1325 1326
1323 1327 1324
1323 1328 1327
1329 1330 1331
1332 1331 1330
1332 1330 1333
1329 1334 1330
1334 1335 1330
1334 1336 1335
1331 1337 1329
1337 1338 1329
1332 1333 1339
1340 1341 1342
1340 1342 1343
1344 1345 1346
1344 1346 1347
1348 1349 1350
1348 1350 1351
1352 1353 1354
1352 1354 1355
1356 1357 1358
1356 1358 1359
1360 1361 1362
1360 1362 1363
1364 1365 1366
1364 1366 1367
1368 1369 1370
1371 1368 1370
1371 1372 1368
1373 1372 1371
1373 1371 1374
1375 1376 1368
1377 1376 1375
1378 1379 1380
1378 1380 1381
1381 1380 1382
1381 1382 1383
1383 1382 1384
1383 1384 1385
1385 1384 1386
1385 1386 1387
1388 1389 1379
1388 1390 1389
1390 1391 1389
1390 1392 1391
1393 1394 1391
1393 1395 1394
1395 1386 1394
1395 1396 1386
1397 1398 1399
1397 1399 1400
1401 1402 1403
1401 1403 1404
1405 1406 1407
1405 1407 1408
1409 1410 1411
1409 1411 1412
1413 1414 1415
1413 1415 1416
1416 1415 1417
1416 1417 1418
1419 1417 1420
1419 1420 1421
1421 1420 1422
1421 1422 1423
1424 1423 1422
1424 1422 1425
1426 1424 1427
1426 1427 1428
1429 1430 1428
1429 1428 1431
1432 1429 1431
1432 1431 1433
1434 1435 1436
1434 1436 1437
1438 1439 1440
1438 1440 1441
1442 1443 1444
1442 1444 1445
1446 1447 1448
1446 1448 1449
1450 1451 1452
1450 1452 1453
1454 1451 1450
1454 1455 1451
1456 1455 1454
1456 1457 1455
1458 1457 1456
1458 1459 1457
1460 1461 1462
1460 1462 1463
1464 1461 1460
1464 1465 1461
1466 1465 1464
1466 1467 1465
1468 1467 1466
1468 1469 1467
1470 1471 1472
1470 1472 1473
1474 1471 1470
1474 1475 1471
1476 1475 1474
1476 1477 1475
1478 1477 1476
1478 1479 1477
1480 1481 1482
1480 1482 1483
1484 1481 1480
1484 1485 1481
1486 1485 1484
1486 1487 1485
1488 1487 1486
1488 1489 1487
1490 1491 1492
1490 1492 1493
1494 1491 1490
1494 1495 1491
1496 1495 1494
1496 1497 1495
1498 1497 1496
1498 1499 1497
1500 1501 1502
1500 1502 1503
1504 1501 1500
1504 1505 1501
1506 1505 1504
1506 1507 1505
1508 1507 1506
1508 1509 1507
1510 1511 1512
1513 1514 1515
1516 1515 1517
1518 1519 1520
1518 1520 1521
1522 1523 1524
1522 1524 1525
1526 1527 1528
1526 1528 1529
1530 1531 1532
1530 1532 1533
1534 1535 1536
1534 1536 1537
1538 1539 1540
1538 1540 1541
1542 1543 1544
1542 1544 1545
1546 1547 1548
1546 1548 1549
1550 1551 1552
1550 1552 1553
1554 1555 1556
1554 1556 1557
1558 1554 1557
1558 1557 1559
1560 1558 1559
1560 1559 1561
1562 1560 1561
1562 1561 1563
1564 1565 1566
1564 1566 1567
1568 1564 1567
1568 1567 1569
1570 1568 1569
1570 1569 1571
1572 1570 1571
1572 1571 1573
1574 1575 1576
1574 1576 1577
1578 1574 1577
1578 1577 1579
1580 1578 1579
1580 1579 1581
1582 1580 1581
1582 1581 1583
1584 1585 1586
1584 1586 1587
1588 1584 1587
1588 1587 1589
1590 1588 1589
1590 1589 1591
1592 1590 1591
1592 1591 1593
1594 1595 1596
1594 1596 1597
1598 1594 1597
1598 1597 1599
1600 1598 1599
1600 1599 1601
1602 1600 1601
1602 1601 1603
1604 1605 1606
1604 1606 1607
1608 1604 1607
1608 1607 1609
1610 1608 1609
1610 1609 1611
1612 1610 1611
1612 1611 1613
1614 1615 1616
1617 1618 1619
1620 1621 1618
1622 1623 1624
1622 1624 1625
1626 1627 1628
1629 1627 1626
1630 1631 1632
1630 1632 1633
1634 1635 1636
1634 1636 1637
1638 1639 1640
1640 1639 1641
1642 1643 1644
1643 1642 1645
1644 1646 1642
1644 1647 1646
1648 1649 1650
1651 1649 1648
1651 1648 1652
1653 1654 1655
1653 1655 1656
1657 1658 1659
1657 1659 1660
1657 1661 1662
1662 1661 1663
1664 1665 1666
1667 1665 1664
1664 1668 1667
1667 1668 1669
1665 1667 1670
1670 1671 1665
1672 1671 1670
1673 1671 1672
1674 1669 1668
1675 1669 1674
1676 1677 1678
1679 1676 1678
1680 1681 1682
1680 1682 1683
1684 1685 1686
1684 1686 1687
1688 1689 1690
1689 1691 1690
1692 1693 1694
1694 1695 1692
1693 1692 1696
1693 1696 1697
1698 1699 1700
1701 1698 1700
1701 1702 1698
1703 1704 1705
1703 1705 1706
1707 1708 1709
1707 1709 1710
1707 1711 1712
1711 1713 1712
1714 1715 1716
1717 1714 1716
1714 1717 1718
1717 1719 1718
1716 1720 1717
1720 1716 1721
1722 1720 1721
1723 1722 1721
1724 1718 1719
1725 1724 1719
1726 1727 1728
1729 1726 1728
1730 1731 1732
1730 1732 1733
1734 1735 1736
1734 1736 1737
1738 1739 1740
1739 1741 1740
1742 1743 1744
1744 1745 1742
1743 1742 1746
1743 1746 1747
1748 1749 1750
1751 1748 1750
1751 1752 1748
1753 1754 1755
1753 1755 1756
1757 1758 1759
1757 1759 1760
1757 1761 1762
1761 1763 1762
1764 1765 1766
1767 1764 1766
1764 1767 1768
1767 1769 1768
1766 1770 1767
1770 1766 1771
1772 1770 1771
1773 1772 1771
1774 1768 1769
1775 1774 1769
1776 1777 1778
1779 1777 1776
1780 1781 1782
1780 1782 1783
1784 1785 1786
1784 1786 1787
1788 1789 1790
1790 1789 1791
1792 1793 1794
1793 1792 1795
1794 1796 1792
1794 1797 1796
1798 1799 1800
1801 1799 1798
1801 1798 1802
1803 1804 1805
1803 1805 1806
1807 1808 1809
1807 1809 1810
1807 1811 1812
1812 1811 1813
1814 1815 1816
1817 1815 1814
1814 1818 1817
1817 1818 1819
1815 1817 1820
1820 1821 1815
1822 1821 1820
1823 1821 1822
1824 1819 1818
1825 1819 1824
1826 1827 1828
1826 1828 1829
1828 1830 1829
1831 1832 1833
1831 1833 1834
1835 1836 1837
1835 1837 1838
1839 1840 1841
1839 1841 1842
1843 1839 1842
1844 1845 1846
1844 1846 1847
1846 1845 1848
1849 1850 1851
1849 1851 1852
1853 1854 1855
1853 1855 1856
1857 1858 1859
1857 1860 1858
1861 1860 1857
1862 1863 1864
1862 1864 1865
1866 1867 1868
1866 1868 1869
1870 1871 1872
1870 1872 1873
1874 1875 1876
1874 1876 1877
1878 1879 1880
1878 1880 1881
1882 1883 1884
1882 1884 1885
1886 1887 1888
1886 1888 1889
1890 1891 1892
1893 1890 1892
1894 1895 1896
1894 1896 1897
1898 1899 1900
1898 1900 1901
1902 1903 1904
1903 1905 1904
1906 1907 1908
1909 1910 1911
1912 1913 1914
1915 1916 1917
1915 1917 1918
1919 1920 1921
1919 1921 1922
1923 1924 1925
1923 1925 1926
1927 1928 1929
1927 1929 1930
1931 1932 1933
1931 1933 1934
1935 1936 1937
1935 1937 1938
1939 1940 1941
1942 1939 1941
1943 1942 1941
1944 1945 1946
1944 1946 1947
1948 1949 1950
1948 1950 1951
1952 1953 1954
1952 1954 1955
1956 1957 1958
1956 1958 1959
1960 1961 1962
1960 1962 1963
1964 1965 1966
1964 1966 1967
1968 1969 1970
1968 1970 1971
1972 1973 1974
1975 1973 1972
1976 1977 1978
1976 1978 1979
1980 1981 1982
1980 1982 1983
1984 1985 1986
1986 1985 1987
1988 1989 1990
1991 1992 1993
1994 1995 1996
1997 1998 1999
1997 1999 2000
2001 2002 2003
2001 2003 2004
2005 2006 2007
2005 2007 2008
2009 2010 2011
2009 2011 2012
2013 2014 2015
2013 2015 2016
2017 2018 2019
2017 2019 2020
2021 2022 2023
2024 2022 2021
2025 2022 2024
2026 2027 2028
2026 2028 2029
2027 2026 2030
2027 2030 2031
2032 2033 2034
2035 2032 2034
2035 2036 2032
2035 2037 2036
2036 2037 2038
2036 2038 2039
2040 2038 2041
2040 2041 2042
2042 2041 2043
2042 2043 2044
2044 2043 2045
2044 2045 2046
2046 2045 2047
2046 2047 2048
2049 2050 2051
2049 2051 2052
2052 2053 2049
2052 2054 2053
2053 2054 2055
2053 2055 2056
2056 2055 2057
2056 2057 2058
2058 2057 2059
2058 2059 2060
2060 2059 2061
2060 2061 2062
2062 2061 2063
2062 2063 2064
2064 2063 2065
2064 2065 2066
2067 2068 2069
2067 2069 2070
2071 2069 2068
2071 2068 2072
2073 2074 2075
2073 2075 2076
2077 2078 2079
2077 2079 2080
2081 2082 2083
2081 2083 2084
2083 2082 2085
2083 2085 2086
2087 2088 2089
2087 2089 2090
2090 2089 2091
2090 2091 2092
2092 2091 2093
2092 2093 2094
2094 2093 2095
2094 2095 2096
2096 2095 2097
2096 2097 2098
2098 2097 2099
2098 2099 2100
2100 2099 2101
2100 2101 2102
2103 2104 2105
2103 2105 2106
2107 2108 2109
2107 2109 2110
2108 2111 2109
2108 2112 2111
2112 2113 2111
2112 2114 2113
2114 2115 2113
2114 2116 2115
2117 2118 2119
2117 2120 2118
2121 2117 2119
2121 2119 2122
2120 2123 2118
2120 2124 2123
2120 2125 2124
2125 2126 2124
2125 2127 2126
2127 2128 2126
2127 2129 2128
2129 2130 2128
2129 2131 2130
2131 2132 2130
2131 2133 2132
2133 2134 2132
2133 2135 2134
2136 2137 2138
2136 2138 2139
2140 2141 2142
2140 2142 2143
2142 2141 2144
2141 2145 2144
2146 2142 2144
2146 2144 2147
2144 2148 2147
2149 2150 2147
2151 2149 2147
2152 2153 2154
2153 2155 2154
2153 2156 2155
2154 2155 2157
2152 2154 2158
2159 2152 2158
2159 2158 2160
2161 2159 2160
2161 2160 2162
2163 2161 2162
2163 2162 2164
2165 2163 2164
2165 2164 2166
2167 2165 2166
2167 2166 2168
2169 2167 2168
2169 2168 2170
2154 2171 2158
2172 2173 2174
2172 2174 2175
2176 2177 2178
2176 2178 2179
2180 2177 2176
2180 2176 2181
2180 2181 2182
2183 2180 2182
2184 2180 2183
2185 2184 2183
2186 2184 2185
2186 2185 2187
2188 2184 2186
2189 2184 2188
2189 2190 2184
2191 2190 2189
2191 2192 2190
2193 2192 2191
2193 2191 2194
2195 2193 2194
2195 2194 2196
2193 2195 2197
2198 2193 2197
2199 2198 2197
2199 2200 2198
2195 2201 2197
2202 2203 2204
2205 2202 2204
2206 2202 2205
2206 2205 2207
2206 2207 2208
2208 2209 2206
2210 2209 2208
2203 2211 2204
2211 2212 2213
2211 2214 2212
2212 2214 2215
2212 2215 2216
2214 2217 2215
2218 2215 2217
2218 2217 2219
2220 2221 2222
2220 2222 2223
2224 2225 2226
2227 2225 2224
2228 2227 2224
2179 2227 2228
2179 2178 2227
2183 2182 2229
2230 2231 2232
2230 2232 2233
2234 2235 2236
2234 2236 2237
2237 2238 2234
2237 2239 2238
2240 2241 2242
2243 2241 2240
2243 2240 2244
2243 2244 2245
2244 2246 2245
2244 2247 2246
2248 2249 2246
2248 2250 2249
2250 2251 2249
2250 2252 2251
2252 2253 2251
2252 2254 2253
2254 2255 2253
2254 2256 2255
2257 2258 2259
2257 2259 2260
2258 2257 2261
2258 2261 2262
2261 2263 2262
2261 2264 2263
2264 2265 2263
2264 2266 2265
2266 2267 2265
2266 2268 2267
2268 2269 2267
2268 2270 2269
2270 2271 2269
2270 2272 2271
2272 2273 2271
2272 2274 2273
2275 2276 2277
2275 2277 2278
2279 2278 2277
2279 2280 2278
2281 2282 2283
2281 2283 2284
2285 2286 2287
2285 2287 2288
2289 2290 2291
2289 2291 2292
2291 2293 2292
2291 2294 2293
2295 2296 2297
2295 2297 2298
2296 2299 2297
2296 2300 2299
2300 2301 2299
2300 2302 2301
2302 2303 2301
2302 2304 2303
2304 2305 2303
2304 2306 2305
2306 2307 2305
2306 2308 2307
2308 2309 2307
2308 2310 2309
2311 2312 2313
2311 2313 2314
2315 2316 2317
2315 2317 2318
2318 2317 2319
2318 2319 2320
2320 2319 2321
2320 2321 2322
2322 2321 2323
2322 2323 2324
2325 2326 2327
2325 2327 2328
2329 2326 2325
2329 2330 2326
2328 2327 2331
2328 2331 2332
2328 2332 2333
2333 2332 2334
2333 2334 2335
2335 2334 2336
2335 2336 2337
2337 2336 2338
2337 2338 2339
2339 2338 2340
2339 2340 2341
2341 2340 2342
2341 2342 2343
2344 2345 2346
2344 2346 2347
2348 2349 2350
2348 2350 2351
2350 2352 2351
2351 2352 2353
2354 2352 2350
2354 2355 2352
2352 2355 2356
2357 2355 2358
2359 2355 2357
2360 2361 2362
2362 2361 2363
2362 2363 2364
2361 2365 2363
2360 2366 2361
2367 2366 2360
2367 2368 2366
2369 2368 2367
2369 2370 2368
2371 2370 2369
2371 2372 2370
2373 2372 2371
2373 2374 2372
2375 2374 2373
2375 2376 2374
2377 2376 2375
2377 2378 2376
2361 2366 2379
2380 2381 2382
2380 2382 2383
2384 2385 2386
2384 2386 2387
2388 2384 2387
2388 2389 2384
2388 2390 2389
2391 2390 2388
2392 2391 2388
2393 2391 2392
2394 2393 2392
2394 2395 2393
2396 2394 2392
2397 2396 2392
2397 2392 2398
2399 2397 2398
2399 2398 2400
2401 2399 2400
2401 2402 2399
2403 2402 2401
2403 2404 2402
2401 2405 2403
2406 2405 2401
2407 2405 2406
2407 2406 2408
2403 2405 2409
2410 2411 2412
2413 2411 2410
2414 2413 2410
2414 2415 2413
2414 2416 2415
2416 2414 2417
2418 2416 2417
2412 2411 2419
2419 2420 2421
2419 2421 2422
2421 2423 2422
2421 2424 2423
2422 2423 2425
2426 2425 2423
2426 2427 2425
2428 2429 2430
2428 2430 2431
2432 2433 2434
2435 2432 2434
2436 2432 2435
2385 2436 2435
2385 2435 2386
2391 2437 2390
2438 2439 2440
2438 2440 2441
2442 2443 2444
2444 2445 2442
2446 2447 2448
2446 2449 2447
2450 2451 2452
2452 2453 2450
2454 2455 2456
2457 2455 2454
2454 2456 2458
2457 2459 2455
2460 2461 2462
2460 2462 2463
2464 2465 2466
2464 2466 2467
2468 2469 2470
2470 2471 2468
2472 2473 2471
2473 2474 2475
2474 2473 2476
2477 2475 2470
2478 2479 2480
2480 2481 2478
2482 2483 2484
2482 2484 2485
2486 2487 2488
2487 2486 2489
2490 2491 2492
2493 2490 2492
2490 2494 2491
2493 2492 2495
2496 2497 2498
2499 2497 2496
2500 2497 2499
2500 2501 2497
2500 2502 2501
2501 2503 2497
2504 2505 2506
2504 2506 2507
2508 2509 2510
2508 2510 2511
2512 2513 2514
2514 2513 2515
2515 2513 2516
2512 2517 2513
2512 2518 2517
2517 2519 2513
2520 2521 2522
2521 2520 2523
2524 2525 2526
2524 2526 2527
2528 2529 2530
2529 2528 2531
2532 2533 2534
2535 2532 2534
2532 2536 2533
2535 2534 2537
2538 2539 2540
2538 2540 2541
2542 2543 2544
2542 2544 2545
2546 2547 2548
2547 2546 2549
2550 2546 2551
2552 2551 2553
2553 2554 2552
2555 2548 2552
2556 2557 2558
2557 2556 2559
2560 2561 2562
2560 2563 2561
2564 2565 2566
2566 2567 2564
2568 2569 2570
2571 2569 2568
2568 2570 2572
2571 2573 2569
2574 2575 2576
2577 2574 2576
2578 2577 2576
2578 2576 2579
2578 2579 2580
2579 2576 2581
2582 2583 2584
2582 2584 2585
2586 2587 2588
2586 2588 2589
2590 2591 2592
2593 2590 2592
2594 2593 2592
2594 2592 2595
2594 2595 2596
2595 2592 2597
2598 2599 2600
2600 2601 2598
2599 2602 2600
2599 2603 2602
2600 2602 2604
2600 2604 2605
2604 2606 2605
2605 2607 2600
2604 2608 2606
2604 2609 2608
2598 2610 2599
2598 2611 2610
2612 2611 2598
2612 2613 2611
2603 2614 2602
2612 2615 2613
2615 2616 2613
2613 2616 2617
2612 2618 2615
2619 2618 2612
2619 2620 2618
2619 2621 2620
2619 2622 2621
2622 2623 2621
2622 2624 2623
2624 2625 2623
2624 2626 2625
2627 2619 2612
2612 2628 2627
2627 2628 2629
2629 2628 2630
2630 2628 2631
2630 2631 2632
2631 2633 2632
2627 2629 2634
2629 2635 2634
2636 2627 2634
2636 2637 2627
2637 2638 2627
2638 2639 2627
2639 2640 2627
2640 2641 2627
2641 2642 2627
2642 2643 2627
2644 2645 2646
2646 2647 2644
2647 2646 2648
2646 2649 2648
2648 2649 2650
2648 2650 2651
2650 2652 2651
2650 2653 2652
2652 2653 2654
2652 2654 2655
2654 2656 2655
2656 2657 2655
2654 2658 2656
2656 2659 2657
2660 2659 2656
2661 2660 2656
2658 2662 2656
2658 2663 2662
2646 2664 2649
2665 2666 2667
2665 2668 2666
2668 2669 2666
2668 2670 2669
2670 2671 2669
2671 2672 2669
2672 2673 2669
2674 2673 2672
2674 2672 2671
2671 2675 2674
2676 2677 2678
2676 2678 2679
2680 2681 2682
2681 2683 2682
2684 2685 2686
2684 2686 2687
2688 2689 2690
2689 2691 2690
2692 2693 2694
2692 2694 2695
2696 2697 2698
2699 2696 2698
2700 2701 2702
2700 2702 2703
2704 2705 2706
2704 2706 2707
2704 2707 2708
2704 2708 2709
2709 2708 2710
2709 2710 2711
2711 2710 2712
2711 2712 2713
2713 2712 2714
2713 2714 2715
2714 2716 2715
2714 2717 2716
2718 2716 2717
2718 2719 2716
2720 2719 2718
2720 2721 2719
2722 2721 2720
2723 2724 2725
2723 2725 2726
2727 2728 2729
2727 2729 2730
2731 2732 2733
2732 2734 2733
2732 2735 2734
2735 2736 2734
2612 2737 2628
2598 2738 2612
2739 2740 2741
2739 2741 2742
2741 2743 2742
2741 2744 2743
2745 2744 2746
2745 2746 2747
2747 2746 2748
2747 2748 2749
2749 2748 2750
2749 2750 2751
2751 2750 2752
2751 2752 2753
2752 2754 2753
2752 2755 2754
2754 2755 2756
2754 2756 2757
2758 2759 2760
2759 2758 2761
2760 2759 2762
2760 2762 2763
2759 2764 2762
2759 2765 2764
2764 2765 2766
2765 2759 2767
2764 2766 2768
2764 2768 2769
2758 2760 2770
2758 2770 2771
2772 2758 2771
2772 2771 2773
2763 2762 2774
2772 2773 2775
2775 2773 2776
2773 2777 2776
2772 2775 2778
2779 2772 2778
2779 2778 2780
2781 2772 2779
2772 2781 2782
2779 2780 2783
2779 2783 2784
2784 2783 2785
2784 2785 2786
2786 2785 2787
2786 2787 2788
2781 2779 2789
2789 2790 2781
2790 2791 2781
2791 2792 2781
2791 2793 2792
2792 2793 2794
2789 2795 2790
2790 2795 2796
2797 2795 2789
2797 2789 2798
2798 2789 2799
2799 2789 2800
2800 2789 2801
2801 2789 2802
2802 2789 2803
2803 2789 2804
2805 2806 2807
2806 2805 2808
2808 2809 2806
2806 2809 2810
2809 2811 2810
2809 2812 2811
2811 2812 2813
2811 2813 2814
2813 2815 2814
2813 2816 2815
2815 2816 2817
2817 2816 2818
2815 2817 2819
2817 2818 2820
2821 2817 2820
2822 2817 2821
2819 2817 2823
2819 2823 2824
2806 2810 2825
2826 2827 2828
2826 2828 2829
2829 2828 2830
2829 2830 2831
2831 2830 2832
2832 2830 2833
2833 2830 2834
2835 2833 2834
2832 2833 2835
2835 2836 2832
2837 2838 2839
2837 2840 2838
2841 2842 2843
2842 2844 2843
2845 2846 2847
2845 2848 2846
2849 2850 2851
2850 2852 2851
2853 2854 2855
2853 2856 2854
2857 2858 2859
2860 2857 2859
2861 2862 2863
2861 2864 2862
2865 2866 2867
2865 2867 2868
2865 2869 2866
2865 2870 2869
2870 2871 2869
2870 2872 2871
2872 2873 2871
2872 2874 2873
2874 2875 2873
2874 2876 2875
2875 2876 2877
2875 2877 2878
2879 2878 2877
2879 2877 2880
2881 2879 2880
2881 2880 2882
2883 2881 2882
2884 2885 2886
2884 2887 2885
2888 2889 2890
2888 2891 2889
2892 2893 2894
2894 2893 2895
2894 2895 2896
2896 2895 2897
2898 2899 2900
2898 2900 2901
2900 2899 2902
2900 2902 2903
2904 2905 2903
2904 2906 2905
2906 2907 2905
2906 2908 2907
2908 2909 2907
2908 2910 2909
2910 2911 2909
2910 2912 2911
2911 2912 2913
2911 2913 2914
2913 2915 2914
2913 2916 2915
2758 2772 2917
