byte offset: 0
first index: 0
index count: 3768
topology: trianglelist
format: DXGI_FORMAT_R16_UINT

0 1 2
0 2 3
4 1 0
4 5 1
1 6 2
1 7 6
5 7 1
5 8 7
8 9 7
7 9 6
9 10 6
8 11 9
9 11 12
10 9 12
10 12 13
14 0 3
14 3 15
16 4 0
16 0 14
17 14 15
17 15 18
19 16 14
19 14 17
18 15 20
18 20 21
21 20 22
20 23 22
20 24 23
24 25 23
24 26 25
26 13 25
21 22 27
3 24 20
3 20 15
2 26 24
2 24 3
6 26 2
6 10 26
26 10 13
28 29 30
28 30 31
31 32 28
31 33 32
34 32 33
29 35 30
29 36 35
36 37 35
36 38 37
30 39 31
39 33 31
30 40 39
35 40 30
35 41 40
37 41 35
37 42 41
43 34 33
44 43 33
39 44 33
45 46 47
45 47 48
48 47 49
48 49 50
50 49 51
50 51 52
53 46 45
53 54 46
55 54 53
55 56 54
57 56 55
57 58 56
59 58 57
59 60 58
61 60 59
61 62 60
47 63 49
49 63 64
49 64 51
62 65 60
62 66 65
60 65 67
60 67 58
58 67 68
58 68 56
56 68 69
56 69 54
54 69 70
63 71 64
63 72 71
73 72 63
46 70 73
46 73 47
47 73 63
54 70 46
70 74 73
73 74 72
70 75 74
69 75 70
66 76 65
66 77 76
65 76 78
65 78 67
67 78 79
67 79 68
68 79 80
68 80 69
69 80 75
75 81 74
75 82 81
80 82 75
74 81 83
74 83 72
72 83 84
72 84 71
77 85 76
77 86 85
78 87 79
78 88 87
76 85 88
76 88 78
80 89 82
82 90 81
82 91 90
89 91 82
81 90 92
81 92 83
83 92 93
83 93 84
86 94 85
86 95 94
85 94 96
85 96 88
88 96 97
88 97 87
89 98 91
91 99 90
91 100 99
98 100 91
90 99 101
90 101 92
92 101 102
92 102 93
95 103 94
95 104 103
94 103 105
94 105 96
96 105 106
96 106 97
97 106 107
97 107 98
98 107 100
100 108 99
99 108 101
101 108 102
104 108 103
103 108 105
105 108 106
106 108 107
107 108 100
97 98 109
87 97 109
87 109 110
79 87 110
79 110 111
79 111 112
79 112 80
113 102 108
114 102 113
115 114 113
116 114 115
117 116 115
118 116 117
118 119 116
120 119 118
120 121 119
122 121 120
122 123 121
124 123 122
124 125 123
125 126 123
125 127 126
127 51 126
127 52 51
128 124 122
128 122 129
129 122 120
130 128 129
130 129 131
132 130 131
132 131 133
134 132 133
134 133 135
61 134 135
61 135 62
126 51 64
126 64 136
123 126 136
123 136 121
62 135 137
62 137 66
135 133 138
135 138 137
133 131 139
133 139 138
131 140 139
121 136 141
121 141 119
136 64 71
136 71 141
66 137 142
66 142 77
137 138 143
137 143 142
138 139 144
138 144 143
139 140 145
139 145 144
140 118 145
140 120 118
129 120 140
131 129 140
119 141 146
119 146 116
141 71 84
141 84 146
77 142 147
77 147 86
142 143 148
142 148 147
143 144 149
143 149 148
145 118 117
145 117 150
116 146 114
146 84 93
146 93 114
86 147 151
86 151 95
147 148 152
147 152 151
148 149 153
148 153 152
150 117 154
117 115 154
150 154 155
154 115 156
154 156 157
155 154 157
115 113 156
114 93 102
95 151 158
95 158 104
151 152 159
151 159 158
152 153 160
152 160 159
153 155 161
153 161 160
155 157 161
157 156 108
156 113 108
104 158 108
158 159 108
159 160 108
160 161 108
161 157 108
153 162 155
149 162 153
149 163 162
144 163 149
144 164 163
144 165 164
144 145 165
166 145 150
155 162 166
155 166 150
167 89 80
98 89 167
98 167 109
168 169 170
169 171 170
171 169 172
169 173 172
169 174 173
174 169 175
175 169 168
171 172 176
177 171 176
171 177 178
179 177 176
177 179 180
181 177 180
178 177 181
179 176 182
183 179 182
179 183 184
183 182 185
186 183 185
183 186 187
188 183 187
184 183 188
189 186 185
186 189 190
189 185 191
192 189 191
189 192 193
194 189 193
190 189 194
192 191 195
196 192 195
192 196 197
198 196 195
196 198 199
200 196 199
197 196 200
198 195 201
202 198 201
198 202 203
202 201 204
205 202 204
202 205 206
207 202 206
203 202 207
208 205 204
205 208 209
208 204 210
211 208 210
208 211 212
213 208 212
209 208 213
211 210 214
215 211 214
211 215 216
217 215 214
215 217 218
219 215 218
216 215 219
217 214 220
221 217 220
217 221 222
221 220 223
224 221 223
221 224 225
226 221 225
222 221 226
227 224 223
224 227 228
227 223 229
230 227 229
227 230 231
232 227 231
228 227 232
230 229 233
234 230 233
230 234 235
234 236 235
236 234 233
237 236 233
236 237 238
239 236 238
235 236 239
237 233 240
237 241 238
241 237 240
242 241 240
241 242 243
242 240 173
174 242 173
242 174 244
245 242 244
243 242 245
246 247 248
246 248 249
249 248 250
249 250 251
251 250 252
251 252 253
253 252 254
253 254 255
255 254 256
255 256 257
257 256 258
257 258 259
259 258 260
259 260 261
261 260 262
261 262 263
263 262 264
263 264 265
265 264 266
265 266 267
267 266 268
267 268 269
269 268 270
269 270 271
271 270 272
271 272 273
273 272 274
273 274 275
275 274 276
275 276 277
277 276 247
277 247 246
264 278 266
266 278 279
266 279 268
268 279 280
268 280 270
270 280 281
270 281 272
272 281 282
272 282 274
274 282 283
274 283 276
276 283 284
276 284 247
247 284 285
247 285 248
248 285 286
248 286 250
250 286 287
250 287 252
252 287 288
252 288 254
254 288 289
254 289 256
256 289 290
256 290 258
258 290 291
258 291 260
260 291 292
260 292 262
262 292 293
262 293 264
264 293 278
287 294 288
287 295 294
288 294 296
288 296 289
289 296 297
289 297 290
290 297 298
290 298 291
291 298 299
291 299 292
292 299 300
292 300 293
293 300 301
293 301 278
278 301 302
278 302 279
279 302 303
279 303 280
280 303 304
280 304 281
281 304 305
281 305 282
282 305 306
282 306 283
283 306 307
283 307 284
284 307 308
284 308 285
285 308 309
285 309 286
286 309 295
286 295 287
307 310 308
307 311 310
306 311 307
308 310 312
308 312 309
309 312 313
309 313 295
295 313 314
295 314 294
294 314 315
294 315 296
296 315 316
296 316 297
297 316 317
297 317 298
298 317 318
298 318 299
299 318 319
299 319 300
300 319 320
300 320 301
301 320 321
301 321 302
302 321 322
302 322 303
303 322 323
303 323 304
304 323 324
304 324 305
305 324 325
305 325 306
306 325 311
319 326 320
319 327 326
320 326 328
320 328 321
321 328 329
321 329 322
322 329 330
322 330 323
323 330 331
323 331 324
324 331 332
324 332 325
325 332 333
325 333 311
311 333 334
311 334 310
310 334 335
310 335 312
312 335 336
312 336 313
313 336 337
313 337 314
314 337 338
314 338 315
315 338 339
315 339 316
316 339 340
316 340 317
317 340 341
317 341 318
318 341 327
318 327 319
335 342 336
336 342 343
336 343 337
337 343 344
337 344 338
338 344 345
338 345 339
339 345 346
339 346 340
340 346 347
340 347 341
341 347 348
341 348 327
327 348 349
327 349 326
326 349 350
326 350 328
342 351 343
342 352 351
353 352 342
335 353 342
334 353 335
334 354 353
333 354 334
333 355 354
332 355 333
332 356 355
331 356 332
331 357 356
330 357 331
330 358 357
329 358 330
328 359 329
329 359 358
355 360 354
355 361 360
356 361 355
354 360 362
354 362 353
353 362 352
359 363 358
359 364 363
358 363 365
358 365 357
357 365 366
357 366 356
356 366 361
361 367 360
361 368 367
360 367 369
360 369 362
362 369 370
362 370 352
352 370 371
352 371 351
351 371 372
351 372 373
343 351 373
343 373 344
344 373 374
344 374 345
345 374 375
345 375 346
346 375 376
346 376 347
347 376 377
347 377 348
348 377 378
348 378 349
349 378 379
349 379 350
373 372 380
373 380 374
374 380 381
374 381 375
375 381 382
375 382 376
376 382 383
376 383 377
377 383 384
377 384 378
378 384 385
378 385 379
380 386 381
380 387 386
372 387 380
372 388 387
371 388 372
371 389 388
370 389 371
370 390 389
369 390 370
369 391 390
367 391 369
367 392 391
368 392 367
368 393 392
384 394 385
393 395 392
393 396 395
392 395 397
392 397 391
391 397 398
391 398 390
390 398 399
390 399 389
389 399 400
389 400 388
388 400 401
388 401 387
387 401 402
387 402 386
386 402 403
386 403 404
381 386 404
381 404 382
382 404 405
382 405 383
383 405 406
383 406 384
384 406 394
404 403 407
404 407 405
405 407 408
405 408 406
406 408 409
406 409 394
410 409 411
410 411 412
413 410 412
412 411 414
412 414 415
416 412 415
413 412 416
417 413 416
416 415 418
364 416 418
417 416 364
419 417 364
364 418 363
419 364 359
328 419 359
420 421 422
420 422 423
423 422 424
423 424 425
425 424 426
425 426 427
421 428 422
421 429 428
422 428 430
422 430 424
424 430 431
424 431 426
429 432 428
429 433 432
428 432 434
428 434 430
430 434 435
430 435 431
249 436 246
251 436 249
253 436 251
255 436 253
257 436 255
259 436 257
261 436 259
263 436 261
265 436 263
267 436 265
269 436 267
271 436 269
273 436 271
275 436 273
277 436 275
246 436 277
437 438 439
437 439 440
440 439 441
440 441 442
442 441 443
442 443 444
444 443 445
444 445 446
446 445 447
446 447 448
448 447 449
448 449 450
450 449 451
450 451 452
452 451 453
452 453 454
454 453 455
454 455 456
456 455 457
456 457 458
458 457 459
458 459 460
460 459 461
460 461 462
462 461 463
462 463 464
465 466 467
465 467 468
468 467 469
468 469 470
470 469 471
470 471 472
473 474 475
473 475 476
474 477 475
474 478 477
475 479 476
475 480 479
477 480 475
479 480 481
479 481 482
480 483 481
480 484 483
477 485 480
486 485 477
478 486 477
481 487 482
481 488 487
483 488 481
487 488 489
487 489 490
488 491 489
488 492 491
483 493 488
494 493 483
484 494 483
489 495 490
489 496 495
491 496 489
495 496 497
495 497 498
496 499 497
496 500 499
491 501 496
502 501 491
492 502 491
497 503 498
497 504 503
499 504 497
503 504 505
503 505 506
504 507 505
504 508 507
499 509 504
510 509 499
500 510 499
505 511 506
505 512 511
507 512 505
511 512 513
511 513 514
512 515 513
512 516 515
507 517 512
518 517 507
508 518 507
513 519 514
513 520 519
515 520 513
519 520 521
519 521 522
520 523 521
520 524 523
515 525 520
526 525 515
516 526 515
521 527 522
521 528 527
523 528 521
527 528 529
527 529 530
528 531 529
528 532 531
523 533 528
534 533 523
524 534 523
529 535 530
529 536 535
531 536 529
535 536 537
535 537 538
536 539 537
536 540 539
531 541 536
542 541 531
532 542 531
537 543 538
537 544 543
539 544 537
543 544 545
543 545 546
544 547 545
544 548 547
539 549 544
550 549 539
540 550 539
545 551 546
545 552 551
547 552 545
547 553 552
554 553 547
548 554 547
546 555 543
546 556 555
551 556 546
543 555 557
543 557 538
538 557 558
538 558 535
535 558 559
535 559 530
530 559 560
530 560 527
527 560 561
527 561 522
522 561 562
522 562 519
519 562 563
519 563 514
514 563 564
514 564 511
511 564 565
511 565 506
506 565 566
506 566 503
503 566 567
503 567 498
498 567 568
498 568 495
495 568 569
495 569 490
490 569 570
490 570 487
487 570 571
487 571 482
482 571 572
482 572 479
479 572 573
479 573 476
476 573 574
476 574 473
473 574 575
473 575 576
577 473 576
578 577 576
578 579 577
579 580 577
579 581 580
582 579 578
583 579 582
577 474 473
580 474 577
580 584 474
585 584 580
581 585 580
576 575 586
576 586 578
578 586 587
578 587 588
588 587 589
588 589 551
551 590 588
590 582 578
590 578 588
551 591 590
592 590 591
592 593 590
593 583 582
593 582 590
594 583 593
592 594 593
551 589 556
552 592 591
551 552 591
595 596 597
595 597 598
598 597 599
598 599 600
600 599 601
600 601 602
602 601 603
602 603 604
604 603 605
604 605 606
606 605 607
606 607 608
608 607 609
608 609 610
610 609 611
610 611 612
612 611 613
612 613 614
614 613 615
614 615 616
616 615 617
616 617 618
618 617 619
618 619 620
620 619 621
620 621 622
622 621 623
622 623 624
624 623 625
624 625 626
626 625 596
626 596 595
627 628 629
627 630 628
627 631 630
630 631 632
630 632 633
632 634 633
632 635 634
632 636 635
635 636 637
635 637 638
637 639 638
637 640 639
637 641 640
640 641 642
640 642 643
642 644 643
642 645 644
642 646 645
645 646 647
645 647 648
647 649 648
647 650 649
647 651 650
650 651 652
650 652 653
652 654 653
652 655 654
652 656 655
655 656 657
655 657 658
657 659 658
657 660 659
657 661 660
660 661 662
660 662 663
662 664 663
662 665 664
662 666 665
665 666 627
665 627 629
667 668 669
667 669 670
670 669 671
670 671 672
673 668 667
673 674 668
675 674 673
675 676 674
677 678 679
677 679 680
680 679 681
680 681 682
682 681 683
682 683 684
684 683 685
684 685 686
687 688 689
687 689 690
690 689 691
690 691 692
692 691 693
692 693 694
694 693 695
694 695 696
697 698 699
697 699 700
700 699 701
700 701 702
702 701 703
702 703 704
704 703 705
704 705 706
707 708 709
707 709 710
710 709 711
710 711 712
712 711 713
712 713 714
714 713 715
714 715 716
717 718 719
717 719 720
720 719 721
720 721 722
722 721 723
722 723 724
724 723 725
724 725 726
727 728 729
727 729 730
730 729 731
730 731 732
732 731 733
732 733 734
734 733 735
734 735 736
737 738 739
737 739 740
740 739 741
740 741 742
742 741 743
742 743 744
744 743 745
744 745 746
747 748 749
747 749 750
750 749 751
750 751 752
752 751 753
752 753 754
754 753 755
754 755 756
757 758 759
757 759 760
760 759 761
760 761 762
762 761 763
762 763 764
764 763 765
764 765 766
767 768 769
767 769 770
770 769 771
770 771 772
772 771 773
772 773 774
774 773 775
774 775 776
777 778 779
777 779 780
780 779 781
780 781 782
782 781 783
782 783 784
784 783 785
784 785 786
787 788 789
787 789 790
791 790 789
791 792 790
788 793 789
788 794 793
795 791 789
795 789 793
794 796 793
794 797 796
797 798 796
797 799 798
796 798 800
796 800 801
801 795 793
801 793 796
799 802 798
799 803 802
803 804 802
802 804 805
798 802 805
798 805 800
792 806 790
790 806 787
807 808 809
807 809 810
809 811 810
809 812 811
812 813 811
812 814 813
815 813 814
815 814 816
817 815 816
817 816 818
819 817 818
807 820 808
821 822 823
821 823 824
825 824 823
825 826 824
822 827 823
822 828 827
829 825 823
829 823 827
828 830 827
828 831 830
831 832 830
831 833 832
830 832 834
830 834 835
835 829 827
835 827 830
833 836 832
833 837 836
837 838 836
836 838 839
832 836 839
832 839 834
826 840 824
824 840 821
841 842 843
841 843 844
843 845 844
843 846 845
846 847 845
846 848 847
849 847 848
849 848 850
851 849 850
851 850 852
853 851 852
841 854 842
855 856 857
855 857 858
858 857 859
858 859 860
860 859 861
860 861 862
862 861 863
862 863 864
864 863 865
864 865 866
866 865 867
866 867 868
868 867 869
868 869 870
870 869 871
870 871 872
872 871 873
872 873 874
874 873 875
874 875 876
876 875 877
876 877 878
878 877 856
878 856 855
865 879 867
867 879 869
869 879 871
871 879 873
873 879 875
875 879 877
877 879 856
856 879 857
857 879 859
859 879 861
861 879 863
863 879 865
880 881 882
883 881 880
884 881 883
885 881 884
886 881 885
887 881 886
888 881 887
889 881 888
890 881 889
891 881 890
892 881 891
882 881 892
893 894 895
893 895 896
897 893 896
897 896 898
896 895 899
896 899 900
898 896 900
898 900 901
901 900 902
900 899 902
902 899 903
901 902 904
902 905 904
903 905 902
903 906 905
907 894 893
907 908 894
909 907 893
909 893 897
910 908 907
910 911 908
912 910 907
912 907 909
911 913 908
911 914 913
914 915 913
913 915 916
913 916 917
917 916 918
917 918 919
919 918 906
914 920 915
894 908 913
894 913 917
895 894 917
895 917 919
899 895 919
899 919 903
919 906 903
921 922 923
921 923 924
922 921 925
922 925 926
927 926 925
924 923 928
924 928 929
929 928 930
929 930 931
923 922 932
932 922 926
923 932 933
928 923 933
928 933 934
930 928 934
930 934 935
936 926 927
937 926 936
932 926 937
