byte offset: 0
first index: 62103
index count: 12279
topology: trianglelist
format: DXGI_FORMAT_R16_UINT

17050 17051 17052
17053 17052 17051
17052 17053 17054
17055 17056 17057
17056 17055 17058
17059 17055 17057
17055 17059 17060
17061 17060 17059
17060 17061 17062
17063 17062 17061
17062 17063 17064
17065 17066 17067
17066 17065 17068
17069 17068 17065
17068 17069 17070
17071 17070 17069
17066 17072 17067
17072 17066 17073
17073 17074 17072
17074 17073 17075
17076 17077 17078
17076 17078 17079
17078 17080 17079
17080 17078 17081
17081 17082 17080
17082 17081 17083
17079 17084 17076
17079 17085 17084
17086 17084 17085
17086 17087 17084
17087 17076 17084
17085 17079 17088
17079 17080 17088
17082 17083 17089
17082 17089 17090
17086 17085 17091
17091 17092 17086
17093 17082 17090
17093 17094 17082
17095 17082 17094
17082 17095 17080
17080 17095 17088
17096 17097 17098
17099 17098 17097
17098 17099 17100
17101 17100 17099
17099 17102 17101
17102 17099 17103
17097 17103 17099
17100 17101 17104
17104 17105 17100
17105 17104 17106
17107 17101 17102
17101 17107 17108
17108 17104 17101
17104 17108 17109
17109 17106 17104
17110 17109 17108
17109 17110 17111
17112 17109 17111
17106 17109 17112
17100 17113 17098
17113 17100 17105
17114 17098 17113
17096 17098 17114
17102 17115 17107
17115 17102 17116
17116 17103 17117
17118 17119 17117
17120 17119 17118
17119 17120 17121
17121 17120 17122
17121 17122 17123
17118 17117 17103
17124 17122 17120
17118 17124 17120
17097 17096 17124
17103 17097 17118
17124 17118 17097
17103 17116 17102
17125 17126 17127
17126 17125 17128
17129 17128 17125
17129 17125 17130
17131 17130 17125
17130 17131 17132
17133 17132 17131
17132 17133 17134
17135 17134 17133
17134 17135 17136
17137 17136 17135
17136 17137 17138
17139 17138 17137
17138 17139 17140
17141 17140 17139
17140 17141 17142
17143 17142 17141
17142 17143 17144
17145 17144 17143
17144 17145 17146
17134 17147 17132
17148 17132 17147
17147 17149 17148
17150 17148 17149
17129 17148 17150
17149 17147 17151
17152 17151 17147
17151 17152 17153
17153 17152 17154
17129 17130 17148
17132 17148 17130
17147 17134 17152
17152 17136 17154
17136 17152 17134
17138 17154 17136
17154 17138 17155
17140 17155 17138
17155 17140 17156
17142 17156 17140
17156 17142 17157
17144 17157 17142
17157 17144 17158
17146 17158 17144
17158 17146 17159
17160 17161 17162
17160 17163 17161
17163 17164 17161
17164 17165 17161
17166 17161 17165
17161 17166 17162
17165 17167 17166
17167 17165 17168
17168 17169 17167
17169 17168 17170
17170 17171 17169
17171 17170 17172
17172 17173 17171
17173 17172 17174
17175 17173 17174
17173 17175 17176
17177 17162 17166
17162 17177 17178
17179 17178 17177
17178 17179 17180
17180 17181 17178
17181 17180 17182
17182 17183 17181
17183 17182 17184
17160 17181 17183
17177 17185 17179
17185 17177 17186
17187 17185 17186
17162 17181 17160
17181 17162 17178
17166 17186 17177
17186 17166 17167
17167 17187 17186
17187 17167 17169
17169 17188 17187
17188 17169 17171
17171 17189 17188
17189 17171 17173
17176 17189 17173
17189 17176 17190
17191 17192 17193
17193 17194 17191
17195 17194 17193
17194 17195 17196
17197 17196 17195
17195 17198 17197
17199 17197 17198
17198 17200 17199
17201 17199 17200
17199 17201 17202
17203 17202 17201
17202 17203 17204
17200 17198 17205
17206 17205 17198
17198 17195 17206
17193 17206 17195
17205 17206 17207
17206 17208 17207
17208 17206 17209
17209 17210 17208
17210 17209 17211
17197 17199 17212
17202 17212 17199
17212 17202 17213
17203 17214 17204
17215 17204 17214
17204 17215 17216
17202 17216 17213
17216 17202 17204
17214 17203 17217
17206 17193 17209
17193 17211 17209
17211 17193 17192
17207 17218 17205
17218 17200 17205
17218 17207 17219
17210 17220 17208
17207 17220 17219
17220 17207 17208
17221 17222 17223
17222 17221 17224
17225 17221 17223
17223 17226 17225
17226 17223 17227
17227 17223 17222
17221 17225 17228
17225 17229 17228
17229 17225 17230
17229 17230 17231
17231 17230 17232
17232 17230 17233
17225 17233 17230
17233 17225 17226
17232 17233 17234
17235 17224 17221
17221 17228 17235
17224 17235 17236
17233 17237 17234
17226 17237 17233
17227 17238 17226
17237 17226 17238
17238 17227 17239
17239 17240 17238
17240 17239 17241
17237 17242 17234
17242 17237 17243
17243 17238 17240
17238 17243 17237
17244 17243 17240
17244 17242 17243
17241 17245 17240
17245 17244 17240
17246 17247 17248
17247 17246 17249
17250 17248 17247
17248 17250 17251
17252 17251 17250
17251 17252 17253
17254 17253 17252
17253 17254 17255
17256 17255 17254
17255 17256 17257
17258 17257 17256
17257 17258 17259
17260 17259 17258
17259 17260 17261
17260 17262 17261
17262 17260 17263
17264 17261 17262
17261 17264 17265
17262 17266 17264
17266 17262 17267
17267 17268 17266
17268 17267 17269
17270 17262 17263
17262 17270 17267
17267 17270 17269
17257 17271 17255
17272 17255 17271
17255 17272 17253
17273 17253 17272
17253 17273 17251
17274 17251 17273
17251 17274 17248
17275 17274 17273
17272 17275 17273
17274 17275 17276
17277 17276 17275
17276 17277 17278
17276 17278 17279
17279 17280 17276
17281 17280 17279
17280 17281 17282
17280 17282 17283
17284 17277 17275
17275 17272 17284
17277 17284 17285
17284 17286 17285
17286 17284 17287
17287 17288 17286
17288 17287 17289
17289 17290 17288
17290 17289 17291
17291 17292 17290
17292 17291 17293
17293 17294 17292
17294 17293 17295
17295 17296 17294
17296 17295 17297
17297 17298 17296
17298 17297 17299
17300 17285 17286
17285 17300 17301
17302 17286 17288
17286 17302 17300
17303 17288 17290
17288 17303 17302
17290 17304 17303
17304 17290 17292
17292 17305 17304
17305 17292 17294
17306 17294 17296
17294 17306 17305
17307 17296 17298
17296 17307 17306
17301 17277 17285
17277 17301 17308
17309 17277 17308
17277 17309 17278
17309 17310 17278
17311 17278 17310
17278 17311 17279
17311 17281 17279
17312 17313 17314
17313 17312 17315
17312 17246 17315
17246 17312 17316
17274 17313 17315
17246 17274 17315
17274 17276 17313
17276 17280 17313
17274 17246 17248
17316 17249 17246
17249 17316 17317
17316 17318 17317
17318 17316 17319
17312 17319 17316
17318 17319 17320
17320 17319 17321
17319 17312 17321
17314 17321 17312
17320 17321 17322
17323 17322 17321
17321 17314 17323
17322 17323 17324
17271 17257 17325
17259 17325 17257
17325 17259 17326
17261 17326 17259
17326 17261 17265
17325 17287 17271
17284 17271 17287
17271 17284 17272
17287 17325 17289
17326 17289 17325
17289 17326 17291
17326 17293 17291
17293 17326 17265
17265 17295 17293
17295 17265 17264
17264 17297 17295
17297 17264 17266
17266 17299 17297
17299 17266 17268
17327 17328 17329
17329 17330 17327
17330 17329 17331
17331 17332 17330
17332 17331 17333
17334 17331 17329
17331 17334 17335
17335 17333 17331
17336 17335 17334
17335 17336 17337
17338 17335 17337
17335 17338 17339
17333 17335 17339
17340 17339 17338
17339 17340 17341
17342 17341 17340
17339 17343 17333
17343 17339 17341
17342 17343 17341
17343 17342 17344
17345 17344 17342
17346 17344 17345
17338 17347 17340
17347 17348 17340
17347 17338 17349
17337 17349 17338
17349 17337 17350
17336 17350 17337
17351 17342 17340
17348 17351 17340
17352 17342 17351
17352 17351 17348
17352 17353 17342
17353 17345 17342
17354 17353 17352
17353 17354 17355
17353 17356 17345
17356 17353 17355
17357 17345 17356
17345 17357 17358
17358 17359 17345
17359 17360 17345
17359 17358 17361
17362 17360 17359
17361 17362 17359
17360 17362 17363
17364 17363 17362
17363 17364 17365
17362 17361 17366
17366 17364 17362
17367 17365 17364
17365 17367 17368
17367 17364 17369
17364 17366 17369
17366 17370 17369
17370 17366 17371
17366 17372 17371
17372 17366 17361
17373 17370 17371
17373 17371 17374
17371 17372 17374
17361 17375 17372
17374 17372 17375
17375 17361 17358
17358 17376 17375
17376 17358 17357
17357 17377 17376
17377 17357 17378
17356 17378 17357
17378 17356 17379
17356 17380 17379
17381 17379 17380
17378 17381 17377
17379 17381 17378
17381 17380 17382
17355 17382 17380
17380 17356 17355
17382 17355 17354
17383 17344 17346
17344 17383 17343
17383 17333 17343
17333 17383 17332
17384 17385 17386
17385 17387 17386
17386 17387 17388
17389 17388 17387
17388 17389 17390
17389 17391 17390
17391 17389 17392
17392 17393 17391
17393 17394 17391
17391 17394 17390
17394 17393 17395
17393 17392 17396
17392 17389 17397
17389 17398 17397
17398 17389 17387
17387 17385 17398
17399 17400 17401
17400 17399 17402
17403 17401 17400
17401 17403 17404
17403 17400 17405
17402 17405 17400
17405 17406 17403
17407 17406 17405
17405 17408 17407
17408 17409 17407
17409 17408 17410
17411 17410 17408
17410 17411 17412
17413 17408 17405
17408 17413 17411
17405 17402 17413
17414 17413 17402
17414 17411 17413
17409 17415 17407
17416 17404 17403
17417 17416 17403
17403 17406 17417
17417 17406 17407
17418 17412 17411
17411 17414 17418
17412 17418 17419
17417 17407 17420
17407 17421 17420
17415 17421 17407
17422 17423 17424
17424 17425 17422
17426 17422 17425
17422 17426 17427
17428 17427 17426
17429 17430 17431
17432 17430 17429
17432 17433 17430
17434 17432 17429
17432 17434 17435
17436 17435 17434
17436 17437 17435
17437 17438 17435
17433 17432 17438
17438 17432 17435
17438 17437 17439
17439 17433 17438
17433 17439 17440
17439 17441 17440
17441 17439 17442
17437 17442 17439
17442 17437 17443
17436 17443 17437
17442 17444 17441
17444 17442 17443
17444 17445 17441
17444 17446 17445
17446 17447 17445
17448 17446 17444
17436 17448 17443
17448 17444 17443
17449 17450 17451
17449 17452 17450
17450 17452 17453
17454 17449 17451
17454 17451 17455
17456 17455 17451
17455 17456 17457
17455 17458 17454
17459 17457 17456
17457 17459 17460
17453 17461 17450
17451 17461 17456
17461 17451 17450
17461 17453 17462
17462 17463 17461
17463 17456 17461
17456 17463 17459
17464 17465 17466
17465 17464 17467
17467 17464 17468
17469 17470 17471
17470 17469 17472
17472 17469 17473
17472 17473 17474
17474 17473 17475
17473 17476 17475
17473 17469 17477
17471 17477 17469
17477 17471 17478
17479 17476 17473
17480 17479 17473
17477 17480 17473
17481 17477 17478
17482 17477 17481
17482 17479 17480
17477 17482 17480
17483 17484 17485
17484 17483 17486
17483 17487 17486
17487 17483 17488
17489 17487 17488
17490 17491 17492
17490 17492 17493
17492 17494 17493
17495 17491 17490
17496 17491 17495
17496 17497 17491
17497 17496 17498
17495 17499 17496
17498 17500 17497
17501 17497 17500
17497 17501 17502
17502 17494 17492
17502 17491 17497
17491 17502 17492
17503 17502 17501
17494 17502 17503
17500 17498 17504
17505 17506 17507
17506 17505 17508
17508 17509 17506
17510 17511 17512
17513 17511 17510
17511 17513 17514
17515 17514 17513
17515 17516 17514
17517 17516 17515
17518 17519 17520
17519 17518 17521
17522 17521 17518
17521 17522 17523
17518 17524 17522
17524 17518 17525
17520 17525 17518
17525 17526 17524
17526 17525 17527
17528 17527 17525
17525 17520 17528
17527 17528 17529
17530 17527 17529
17530 17531 17527
17531 17532 17527
17532 17533 17527
17533 17526 17527
17534 17535 17536
17537 17536 17535
17536 17537 17538
17539 17540 17541
17540 17539 17542
17543 17540 17542
17544 17542 17539
17544 17539 17541
17542 17544 17545
17546 17542 17545
17542 17546 17547
17542 17547 17548
17542 17548 17543
17549 17547 17546
17550 17549 17546
17549 17550 17551
17552 17545 17544
17552 17546 17545
17546 17552 17550
17553 17552 17544
17554 17555 17556
17557 17555 17554
17555 17557 17558
17554 17559 17557
17554 17560 17559
17556 17561 17554
17554 17562 17560
17561 17562 17554
17563 17564 17565
17566 17565 17564
17564 17563 17567
17568 17564 17567
17564 17568 17566
17569 17568 17567
17570 17567 17563
17571 17567 17570
17567 17571 17572
17569 17567 17572
17563 17573 17570
17574 17575 17576
17575 17574 17577
17578 17575 17577
17575 17578 17579
17580 17579 17578
17581 17582 17583
17582 17584 17583
17584 17582 17585
17585 17586 17584
17586 17585 17587
17588 17589 17590
17591 17589 17588
17592 17591 17588
17591 17592 17593
17594 17592 17588
17588 17595 17594
17590 17595 17588
17594 17595 17596
17595 17597 17596
17595 17590 17597
17590 17598 17597
17599 17600 17601
17600 17599 17602
17599 17601 17603
17604 17602 17599
17603 17604 17599
17602 17604 17605
17604 17603 17606
17607 17600 17602
17600 17607 17608
17607 17609 17608
17610 17602 17605
17602 17610 17607
17610 17609 17607
17609 17610 17611
17612 17613 17614
17613 17615 17614
17615 17613 17616
17617 17618 17619
17617 17620 17618
17617 17619 17621
17617 17621 17622
17617 17623 17620
17617 17622 17623
17622 17624 17623
17618 17625 17619
17626 17627 17628
17629 17626 17628
17626 17629 17630
17631 17632 17633
17632 17634 17633
17634 17632 17635
17636 17637 17638
17638 17639 17636
17638 17640 17639
17640 17641 17639
17639 17641 17636
17640 17638 17642
17643 17642 17638
17643 17644 17642
17644 17643 17645
17642 17646 17640
17646 17642 17644
17647 17640 17646
17640 17647 17648
17640 17648 17641
17645 17649 17644
17646 17644 17649
17649 17645 17650
17649 17650 17651
17645 17652 17650
17652 17651 17650
17647 17646 17653
17653 17646 17649
17654 17653 17649
17649 17655 17654
17651 17655 17649
17656 17654 17655
17655 17657 17656
17655 17651 17657
17658 17656 17657
17656 17658 17659
17657 17651 17660
17651 17652 17660
17657 17660 17661
17661 17658 17657
17660 17662 17661
17652 17662 17660
17663 17664 17665
17666 17665 17664
17667 17665 17666
17665 17667 17668
17668 17669 17665
17663 17665 17669
17669 17670 17663
17669 17668 17671
17671 17672 17669
17669 17672 17670
17670 17673 17663
17674 17675 17676
17677 17675 17674
17675 17677 17678
17679 17680 17681
17679 17681 17682
17679 17683 17680
17679 17684 17683
17679 17685 17684
17679 17682 17685
17681 17680 17686
17685 17687 17684
17688 17689 17690
17688 17691 17689
17691 17688 17692
17693 17694 17695
17695 17696 17693
17695 17697 17696
17696 17697 17698
17699 17693 17696
17700 17699 17696
17700 17696 17698
17700 17698 17701
17702 17700 17701
17700 17702 17699
17701 17703 17702
17704 17703 17701
17705 17706 17707
17706 17705 17708
17705 17709 17708
17708 17710 17706
17709 17710 17708
17706 17710 17711
17712 17710 17709
17706 17711 17713
17714 17706 17713
17706 17714 17715
17709 17705 17716
17712 17709 17717
17709 17718 17717
17718 17709 17719
17709 17720 17719
17721 17722 17723
17722 17721 17724
17725 17722 17724
17726 17727 17728
17728 17729 17726
17728 17730 17729
17727 17726 17731
17730 17728 17732
17733 17730 17732
17732 17734 17733
17732 17735 17734
17734 17736 17733
17737 17735 17732
17737 17732 17728
17737 17728 17727
17738 17739 17740
17741 17742 17743
17742 17741 17744
17745 17743 17742
17746 17747 17748
17747 17746 17749
17749 17746 17750
17751 17749 17750
17751 17750 17752
17753 17751 17752
17753 17754 17751
17751 17754 17749
17752 17755 17753
17756 17753 17755
17747 17749 17757
17754 17757 17749
17758 17759 17760
17760 17761 17758
17758 17761 17762
17761 17760 17763
17762 17761 17763
17760 17764 17763
17765 17762 17763
17760 17766 17764
17760 17767 17766
17767 17760 17768
17762 17769 17758
17765 17770 17762
17771 17762 17770
17762 17771 17772
17762 17772 17773
17774 17775 17776
17775 17774 17777
17778 17777 17774
17779 17780 17781
17780 17779 17782
17779 17783 17782
17784 17779 17781
17779 17784 17785
17785 17783 17779
17780 17786 17781
17780 17787 17786
17780 17788 17787
17788 17780 17782
17787 17788 17789
17790 17785 17784
17791 17792 17793
17794 17795 17796
17795 17794 17797
17798 17795 17797
17799 17800 17801
17801 17800 17802
17802 17803 17801
17803 17802 17804
17803 17804 17805
17806 17803 17805
17806 17805 17807
17807 17808 17806
17809 17806 17808
17809 17803 17806
17809 17810 17803
17810 17799 17801
17810 17801 17803
17808 17807 17811
17800 17799 17812
17800 17812 17813
17800 17813 17814
17802 17800 17814
17813 17815 17814
17816 17815 17813
17813 17817 17816
17817 17813 17818
17818 17813 17812
17818 17812 17819
17818 17820 17817
17820 17818 17821
17821 17818 17819
17821 17822 17820
17822 17821 17823
17819 17823 17821
17823 17819 17824
17825 17826 17827
17826 17825 17828
17829 17825 17827
17830 17827 17826
17831 17830 17826
17832 17827 17830
17832 17829 17827
17830 17833 17832
17830 17834 17833
17834 17830 17831
17834 17835 17833
17836 17834 17831
17837 17838 17839
17838 17840 17839
17841 17840 17838
17840 17841 17842
17841 17843 17842
17844 17843 17841
17844 17845 17843
17846 17845 17844
17847 17846 17844
17847 17844 17841
17847 17841 17848
17848 17838 17837
17848 17841 17838
17845 17846 17849
17839 17850 17837
17839 17851 17850
17839 17852 17851
17840 17852 17839
17851 17852 17853
17854 17851 17853
17855 17851 17854
17851 17855 17856
17856 17850 17851
17856 17857 17850
17858 17856 17855
17856 17858 17859
17859 17857 17856
17860 17859 17858
17859 17860 17861
17861 17857 17859
17857 17861 17862
17863 17864 17865
17864 17863 17866
17867 17865 17864
17868 17863 17865
17869 17863 17868
17870 17868 17865
17870 17865 17867
17868 17870 17871
17868 17871 17872
17872 17869 17868
17872 17871 17873
17874 17869 17872
17875 17876 17877
17878 17875 17877
17877 17876 17879
17880 17879 17876
17879 17880 17881
17882 17881 17880
17881 17882 17883
17884 17878 17877
17878 17884 17885
17886 17887 17888
17887 17886 17889
17887 17890 17888
17890 17887 17891
17892 17889 17886
17891 17893 17890
17893 17891 17894
17895 17886 17888
17896 17886 17895
17896 17895 17897
17897 17898 17896
17899 17898 17897
17898 17899 17900
17900 17901 17898
17901 17902 17898
17898 17902 17896
17901 17900 17903
17903 17904 17901
17904 17903 17905
17906 17904 17905
17904 17906 17907
17908 17902 17901
17908 17901 17904
17909 17904 17907
17904 17909 17908
17910 17908 17909
17908 17910 17911
17912 17911 17910
17911 17912 17913
17913 17912 17914
17908 17911 17915
17913 17915 17911
17915 17902 17908
17896 17902 17915
17916 17914 17912
17914 17916 17917
17918 17914 17917
17918 17919 17914
17920 17919 17918
17892 17920 17918
17919 17921 17914
17919 17922 17921
17886 17920 17892
17913 17923 17915
17923 17913 17914
17924 17915 17923
17925 17926 17927
17925 17927 17928
17929 17928 17927
17927 17930 17929
17930 17927 17931
17931 17927 17926
17932 17929 17930
17931 17933 17930
17933 17931 17934
17935 17934 17931
17935 17931 17926
17934 17935 17936
17936 17937 17934
17937 17936 17938
17938 17939 17937
17939 17938 17940
17941 17937 17939
17937 17941 17942
17934 17942 17933
17942 17934 17937
17943 17942 17941
17942 17943 17944
17944 17933 17942
17940 17945 17939
17945 17940 17946
17945 17946 17947
17948 17947 17946
17948 17949 17947
17950 17947 17949
17947 17950 17951
17947 17951 17945
17952 17951 17950
17951 17952 17953
17945 17951 17953
17950 17954 17952
17939 17955 17941
17941 17955 17943
17945 17953 17955
17955 17939 17945
17949 17956 17950
17956 17954 17950
17957 17954 17956
17957 17956 17958
17956 17959 17958
17958 17959 17960
17959 17956 17961
17956 17949 17961
17948 17962 17949
17962 17961 17949
17961 17962 17963
17962 17964 17963
17962 17965 17964
17966 17964 17965
17965 17967 17966
17964 17966 17968
17969 17967 17965
17969 17970 17967
17965 17948 17969
17948 17965 17962
17969 17971 17970
17969 17972 17971
17972 17969 17948
17973 17972 17948
17948 17974 17973
17974 17975 17973
17972 17973 17976
17972 17976 17971
17976 17973 17977
17977 17973 17975
17975 17978 17977
17979 17978 17975
17975 17980 17979
17980 17981 17979
17981 17980 17982
17974 17946 17982
17981 17982 17946
17946 17974 17948
17981 17946 17940
17940 17983 17981
17983 17940 17938
17983 17938 17984
17985 17979 17981
17985 17981 17983
17985 17983 17984
17986 17979 17985
17985 17987 17986
17985 17988 17987
17988 17985 17989
17984 17989 17985
17987 17990 17986
17991 17986 17990
17990 17992 17991
17992 17990 17993
17994 17993 17990
17990 17987 17994
17988 17994 17987
17993 17994 17995
17996 17995 17994
17994 17988 17996
17995 17996 17997
17986 17991 17998
17988 17999 17996
17996 18000 17997
18000 17996 17999
17988 18001 17999
18001 17988 17989
17999 18002 18000
18002 17999 18003
18003 17999 18001
18003 18004 18002
18004 18003 18005
18006 18005 18003
18005 18006 18007
18005 18007 18008
18009 18008 18007
18008 18009 18010
18010 18009 18011
18012 18011 18009
18012 17925 18011
18012 17926 17925
17935 17926 18012
18012 18013 17935
18012 18014 18013
18014 18007 18006
17989 18013 18014
17989 18014 18006
18013 17936 17935
17936 18013 17984
17989 17984 18013
17938 17936 17984
18015 18016 17989
18016 18015 18003
18001 18016 18003
18016 18001 17989
18017 18018 18019
18018 18017 18020
18021 18018 18020
18018 18021 18022
18017 18023 18020
18020 18023 18024
18025 18022 18021
18021 18026 18025
18026 18021 18027
18027 18020 18024
18020 18027 18021
18027 18028 18026
18022 18025 18029
18026 18028 18030
18030 18025 18026
18030 18028 18031
18025 18030 18032
18025 18033 18029
18033 18025 18032
18034 18033 18032
18030 18034 18032
18033 18034 18035
18034 18030 18036
18036 18030 18031
18037 18024 18023
18028 18027 18037
18037 18027 18024
18037 18023 18038
18038 18039 18037
18037 18039 18040
18041 18040 18039
18041 18042 18040
18043 18042 18041
18044 18043 18041
18044 18041 18045
18045 18041 18046
18047 18046 18038
18045 18046 18047
18048 18043 18044
18043 18048 18049
18049 18042 18043
18050 18049 18048
18049 18050 18051
18051 18050 18052
18051 18053 18049
18049 18053 18042
18053 18051 18054
18051 18055 18054
18055 18051 18056
18056 18051 18052
18038 18057 18047
18057 18038 18058
18023 18058 18038
18058 18023 18017
18019 18058 18017
18058 18019 18059
18060 18061 18062
18061 18060 18063
18061 18063 18064
18065 18064 18063
18064 18065 18066
18067 18066 18065
18066 18067 18068
18068 18069 18066
18064 18066 18069
18069 18068 18070
18065 18071 18067
18072 18067 18071
18067 18072 18073
18071 18065 18074
18063 18074 18065
18074 18063 18060
18070 18075 18069
18076 18075 18070
18070 18077 18076
18078 18076 18077
18079 18078 18077
18079 18077 18080
18080 18077 18070
18068 18080 18070
18078 18079 18081
18081 18082 18078
18083 18078 18082
18082 18084 18083
18084 18082 18085
18085 18086 18084
18086 18085 18087
18085 18088 18087
18089 18087 18088
18088 18090 18089
18090 18088 18091
18087 18089 18092
18092 18086 18087
18088 18085 18093
18082 18093 18085
18088 18094 18091
18094 18088 18093
18095 18094 18093
18082 18081 18095
18093 18082 18095
18096 18094 18095
18095 18081 18096
18094 18096 18097
18098 18097 18096
18096 18099 18098
18097 18098 18100
18086 18092 18101
18102 18086 18101
18086 18102 18103
18104 18103 18102
18103 18104 18105
18105 18106 18103
18106 18105 18107
18108 18106 18107
18106 18108 18109
18084 18103 18106
18103 18084 18086
18110 18109 18108
18109 18110 18111
18111 18083 18109
18106 18083 18084
18083 18106 18109
18083 18111 18112
18078 18083 18112
18113 18105 18104
18105 18113 18114
18076 18078 18112
18075 18112 18111
18112 18075 18076
18115 18111 18110
18111 18115 18075
18069 18075 18115
18110 18108 18116
18107 18116 18108
18116 18117 18110
18118 18117 18116
18117 18118 18119
18119 18120 18117
18121 18117 18120
18120 18119 18122
18123 18122 18119
18122 18123 18124
18125 18124 18123
18124 18125 18126
18119 18127 18123
18127 18119 18118
18128 18123 18127
18123 18128 18125
18129 18128 18127
18118 18129 18127
18128 18129 18130
18116 18107 18118
18105 18118 18107
18118 18105 18114
18131 18110 18121
18110 18131 18115
18115 18131 18069
18117 18121 18110
18132 18133 18134
18133 18132 18135
18135 18072 18133
18072 18135 18073
18136 18073 18135
18136 18135 18132
18073 18136 18137
18137 18067 18073
18067 18137 18068
18080 18068 18137
18080 18137 18136
18136 18132 18138
18080 18136 18138
18139 18079 18080
18139 18081 18079
18081 18139 18099
18081 18099 18096
18140 18141 18142
18140 18142 18143
18143 18144 18140
18140 18145 18141
18144 18143 18146
18146 18147 18144
18147 18146 18148
18140 18149 18145
18150 18144 18147
18151 18144 18150
18151 18152 18144
18144 18152 18140
18153 18152 18151
18154 18155 18156
18155 18157 18156
18157 18155 18158
18159 18157 18158
18157 18159 18160
18159 18161 18160
18154 18162 18155
18162 18154 18163
18154 18164 18163
18163 18164 18165
18166 18167 18168
18166 18169 18167
18169 18166 18170
18171 18169 18170
18169 18171 18172
18173 18174 18175
18174 18173 18176
18177 18173 18175
18173 18177 18178
18179 18174 18176
18177 18179 18178
18174 18179 18180
18179 18177 18180
18180 18177 18181
18177 18175 18181
18181 18175 18174
18180 18181 18174
18182 18183 18184
18183 18182 18185
18186 18187 18188
18187 18186 18189
18190 18191 18192
18191 18190 18193
18194 18195 18196
18195 18194 18197
18198 18199 18200
18199 18198 18201
18202 18198 18200
18198 18202 18203
18204 18199 18201
18202 18204 18203
18199 18204 18205
18204 18202 18205
18205 18202 18206
18202 18200 18206
18206 18200 18199
18205 18206 18199
18207 18208 18209
18208 18207 18210
18211 18212 18213
18212 18211 18214
18215 18216 18217
18216 18215 18218
18219 18220 18221
18220 18219 18222
18223 18224 18225
18224 18223 18226
18227 18223 18225
18223 18227 18228
18229 18224 18226
18227 18229 18228
18224 18229 18230
18229 18227 18230
18230 18227 18231
18227 18225 18231
18231 18225 18224
18230 18231 18224
18232 18233 18234
18233 18232 18235
18236 18237 18238
18237 18236 18239
18240 18241 18242
18241 18240 18243
18244 18245 18246
18245 18244 18247
18248 18249 18250
18249 18248 18251
18252 18248 18250
18248 18252 18253
18254 18249 18251
18252 18254 18253
18249 18254 18255
18254 18252 18255
18255 18252 18256
18252 18250 18256
18256 18250 18249
18255 18256 18249
18257 18258 18259
18258 18257 18260
18261 18262 18263
18262 18261 18264
18265 18266 18267
18266 18265 18268
18269 18270 18271
18270 18269 18272
18273 18274 18275
18276 18275 18274
18275 18276 18277
18276 18278 18277
18278 18276 18279
18278 18279 18280
18273 18275 18281
18273 18281 18282
18282 18281 18283
18282 18283 18284
18285 18286 18287
18286 18285 18288
18289 18287 18286
18286 18290 18289
18290 18286 18291
18288 18291 18286
18287 18289 18292
18290 18293 18289
18293 18290 18294
18295 18289 18293
18289 18295 18292
18291 18288 18296
18297 18288 18285
18288 18297 18298
18298 18296 18288
18296 18299 18291
18299 18296 18300
18296 18301 18300
18301 18296 18302
18296 18298 18302
18291 18303 18290
18303 18291 18299
18303 18294 18290
18294 18303 18304
18305 18292 18295
18306 18292 18305
18307 18306 18305
18306 18307 18308
18308 18309 18306
18309 18308 18310
18311 18309 18310
18309 18311 18312
18031 18312 18311
18309 18287 18306
18292 18306 18287
18287 18309 18285
18312 18285 18309
18285 18312 18297
18297 18312 18031
18297 18031 18028
18297 18028 18298
18037 18298 18028
18298 18037 18302
18037 18301 18302
18313 18314 18315
18314 18313 18316
18317 18315 18314
18315 18317 18318
18319 18318 18317
18318 18319 18320
18321 18320 18319
18322 18320 18321
18316 18323 18314
18323 18316 18324
18314 18325 18317
18325 18314 18323
18325 18319 18317
18313 18315 17895
18318 17895 18315
17897 18318 18320
18318 17897 17895
18320 17899 17897
18320 18322 17899
18326 18327 18328
18327 18329 18328
18330 18328 18329
18328 18330 18331
18327 18326 18332
18333 18334 18335
18336 18335 18334
18335 18336 18337
18337 18336 18338
18339 18340 18341
18339 18342 18340
18343 18342 18339
18339 18344 18343
18345 18343 18344
18346 18097 18347
18097 18346 18094
18348 18346 18347
18346 18348 18349
18350 18094 18346
18349 18350 18346
18350 18349 18351
18100 18347 18097
18347 18100 18352
18353 18347 18352
18347 18353 18348
18354 18355 18356
18357 18355 18354
18355 18357 18358
18359 18360 18361
18362 18361 18360
18361 18362 18363
18364 18365 18366
18365 18364 18367
18368 18367 18364
18367 18368 18369
18370 18369 18368
17933 17944 18371
18371 17930 17933
17930 18371 17932
17932 18372 17929
18372 17932 18373
17928 17929 18372
18374 18375 18376
18375 18374 18377
18377 18374 18378
18378 18379 18377
18379 18378 18380
17961 18381 17959
17960 17959 18381
17963 18381 17961
17986 17998 17979
18382 18383 18384
18385 18383 18382
18383 18385 18386
18383 18387 18384
18387 18388 18384
18388 18387 18389
18389 18390 18388
18390 18389 18391
18392 18386 18385
18393 18394 18395
18394 18393 18396
18397 18393 18395
18393 18397 18398
18394 18396 18399
18400 18398 18397
18398 18400 18401
18395 18394 18402
18403 18402 18394
18403 18404 18402
18405 18402 18404
18404 18406 18405
18407 18405 18406
18405 18407 18408
18408 18409 18405
18405 18409 18402
18409 18408 18410
18410 18411 18409
18402 18409 18411
18411 18410 18412
18413 18407 18406
18414 18413 18406
18415 18412 18410
18412 18415 18416
18410 18417 18415
18417 18410 18408
18417 18408 18407
18406 18418 18414
18406 18404 18418
18419 18418 18404
18418 18419 18420
18421 18420 18419
18421 18419 18422
18420 18421 18423
18424 18423 18421
18423 18424 18425
18424 18426 18425
18426 18424 18427
18428 18421 18422
18428 18424 18421
18429 18424 18428
18424 18429 18427
18428 18430 18429
18430 18428 18431
18431 18432 18430
18432 18431 18433
18433 18434 18432
18433 18435 18434
18435 18433 18436
18428 18436 18431
18433 18431 18436
18436 18428 18422
18435 18436 18437
18403 18436 18422
18419 18403 18422
18404 18403 18419
18434 18438 18432
18438 18434 18439
18440 18439 18434
18440 18434 18441
18442 18440 18441
18440 18442 18399
18399 18442 18394
18441 18434 18443
18441 18443 18444
18445 18446 18447
18446 18445 18448
18448 18445 18449
18449 18450 18448
18451 18450 18449
18449 18452 18451
18453 18451 18452
18454 18453 18452
18453 18454 18455
18451 18453 18456
18452 18449 18457
18457 18449 18445
18454 18452 18458
18457 18458 18452
18458 18457 18445
18450 18451 18459
18456 18459 18451
18459 18456 18460
18450 18461 18448
18459 18461 18450
18461 18459 18462
18463 18459 18460
18459 18463 18462
18463 18464 18462
18461 18462 18464
18464 18463 18465
18464 18466 18461
18467 18461 18466
18468 18455 18454
18458 18468 18454
18455 18468 18469
18468 18458 18470
18468 18470 18471
18470 18458 18445
18472 18471 18470
18470 18473 18472
18472 18473 18474
18474 18473 18475
18476 18474 18475
18476 18475 18477
18477 18475 18478
18475 18479 18478
18475 18480 18479
18479 18480 18445
18445 18480 18470
18477 18481 18476
18481 18477 18482
18482 18477 18478
18482 18483 18481
18483 18482 18484
18485 18484 18482
18482 18478 18485
18484 18485 18486
18484 18487 18483
18488 18484 18486
18484 18488 18489
18489 18487 18484
18490 18491 18492
18491 18490 18493
18494 18492 18491
18492 18494 18495
18496 18495 18494
18495 18496 18497
18493 18490 18498
18499 18498 18490
18500 18498 18499
18501 18502 18503
18501 18504 18502
18504 18505 18502
18505 18506 18502
18506 18503 18502
18506 18505 18507
18505 18508 18507
18508 18505 18509
18510 18503 18506
18511 18509 18505
18505 18504 18511
18509 18511 18512
18513 18501 18503
18510 18513 18503
18513 18514 18501
18513 18515 18514
18514 18515 18516
18513 18510 18517
18513 18517 18518
18519 18518 18517
18520 18518 18519
18518 18520 18521
18520 18522 18521
18522 18520 18523
18523 18524 18522
18524 18523 18525
18526 18525 18523
18527 18526 18523
18525 18526 18528
18529 18528 18526
18530 18529 18526
18530 18526 18527
18530 18531 18529
18532 18529 18531
18531 18533 18532
18533 18531 18534
18534 18535 18533
18535 18534 18536
18529 18532 18537
18528 18529 18537
18538 18536 18534
18536 18538 18539
18534 18540 18538
18540 18534 18531
18531 18530 18540
18541 18540 18530
18541 18538 18540
18538 18541 18542
18538 18542 18539
18543 18541 18530
18541 18544 18542
18541 18545 18544
18546 18544 18545
18544 18546 18547
18548 18545 18541
18541 18543 18548
18545 18548 18546
18548 18549 18546
18550 18546 18549
18550 18551 18546
18551 18547 18546
18552 18551 18550
18551 18552 18553
18552 18554 18553
18554 18552 18555
18556 18547 18551
18553 18556 18551
18547 18556 18557
18556 18553 18558
18559 18553 18554
18553 18559 18558
18550 18560 18552
18560 18555 18552
18560 18550 18561
18561 18550 18549
18555 18560 18562
18563 18562 18560
18561 18563 18560
18562 18563 18564
18565 18564 18563
18566 18565 18563
18563 18561 18566
18565 18566 18567
18568 18567 18566
18567 18568 18569
18564 18565 18570
18566 18549 18568
18549 18566 18561
18548 18568 18549
18568 18548 18571
18568 18571 18569
18543 18571 18548
18543 18527 18572
18543 18572 18573
18523 18572 18527
18572 18523 18573
18543 18530 18527
18574 18575 18576
18577 18575 18574
18575 18577 18578
18577 18579 18578
18579 18577 18580
18581 18577 18574
18577 18581 18582
18583 18582 18581
18582 18583 18584
18585 18584 18583
18584 18585 18586
18586 18587 18584
18584 18587 18588
18588 18582 18584
18587 18586 18589
18582 18588 18590
18577 18582 18590
18580 18577 18590
18591 18586 18585
18591 18585 18592
18581 18592 18583
18585 18583 18592
18586 18591 18593
18593 18589 18586
18594 18593 18591
18589 18593 18595
18596 18595 18593
18596 18593 18594
18597 18591 18592
18591 18597 18594
18592 18598 18599
18600 18598 18592
18598 18600 18601
18598 18602 18599
18598 18603 18602
18602 18604 18599
18604 18602 18605
18605 18606 18604
18606 18605 18607
18602 18608 18605
18608 18607 18605
18608 18602 18609
18609 18602 18603
18603 18610 18609
18603 18611 18610
18607 18608 18612
18613 18601 18600
18614 18613 18600
18615 18614 18600
18615 18616 18614
18617 18616 18615
18615 18592 18617
18618 18617 18592
18617 18619 18616
18617 18620 18619
18617 18618 18620
18618 18621 18620
18622 18621 18618
18621 18622 18623
18624 18622 18618
18592 18624 18618
18624 18625 18622
18592 18581 18624
18624 18581 18574
18592 18615 18600
18576 18624 18574
18626 18627 18628
18627 18626 18629
18626 18630 18629
18630 18631 18629
18631 18630 18632
18632 18633 18631
18633 18632 18634
18635 18634 18632
18635 18632 18630
18634 18635 18636
18637 18631 18633
18633 18638 18637
18638 18633 18639
18631 18637 18640
18640 18629 18631
18629 18640 18627
18636 18635 18641
18642 18636 18641
18636 18642 18643
18642 18644 18643
18644 18642 18645
18641 18645 18642
18646 18644 18645
18644 18646 18647
18648 18647 18646
18647 18648 18649
18650 18649 18648
18649 18650 18651
18652 18649 18651
18651 18653 18652
18654 18652 18653
18652 18654 18655
18653 18651 18656
18650 18656 18651
18649 18652 18657
18657 18647 18649
18658 18652 18655
18652 18658 18657
18659 18657 18658
18647 18657 18659
18658 18660 18659
18660 18658 18661
18661 18662 18660
18662 18661 18663
18656 18650 18664
18650 18665 18664
18665 18650 18666
18666 18667 18665
18667 18666 18668
18669 18668 18666
18668 18669 18670
18669 18671 18670
18671 18669 18672
18666 18648 18669
18648 18666 18650
18672 18673 18671
18673 18672 18674
18646 18674 18672
18669 18646 18672
18646 18669 18648
18674 18646 18645
18668 18675 18667
18675 18668 18676
18645 18641 18674
18674 18677 18673
18677 18674 18641
18677 18641 18635
18677 18635 18678
18678 18673 18677
18673 18679 18671
18679 18670 18671
18670 18679 18680
18681 18680 18679
18679 18673 18681
18680 18681 18682
18683 18682 18681
18682 18683 18684
18684 18685 18682
18685 18684 18686
18686 18687 18685
18687 18686 18688
18682 18689 18680
18689 18682 18685
18690 18685 18687
18685 18690 18689
18690 18691 18689
18680 18689 18691
18691 18690 18692
18683 18681 18693
18673 18693 18681
18673 18678 18693
18668 18680 18676
18680 18668 18670
18694 18695 18696
18695 18694 18697
18638 18697 18694
18697 18638 18639
18639 18698 18697
18698 18695 18697
18698 18699 18695
18699 18698 18700
18698 18639 18701
18698 18701 18700
18634 18700 18701
18700 18634 18636
18700 18636 18643
18633 18701 18639
18701 18633 18634
18700 18643 18702
18700 18702 18703
18704 18703 18702
18703 18704 18705
18705 18704 18660
18702 18644 18704
18644 18702 18643
18647 18704 18644
18704 18647 18659
18659 18660 18704
18660 18662 18705
18706 18707 18708
18706 18709 18707
18706 18708 18710
18706 18710 18711
18709 18706 18712
18706 18713 18712
18712 18714 18709
18715 18714 18712
18714 18715 18716
18717 18712 18713
18717 18718 18712
18718 18715 18712
18719 18720 18721
18719 18721 18722
18723 18721 18720
18721 18723 18724
18723 18725 18724
18725 18723 18726
18725 18726 18727
18722 18728 18719
18728 18729 18719
18728 18730 18729
18731 18732 18733
18734 18733 18732
18733 18734 18735
18734 18736 18735
18736 18734 18737
18738 18739 18740
18739 18738 18741
18738 18742 18741
18742 18738 18743
18739 18744 18740
18744 18742 18743
18744 18739 18745
18742 18744 18745
18745 18746 18742
18742 18746 18741
18746 18739 18741
18745 18739 18746
18747 18748 18749
18748 18747 18750
18751 18752 18753
18752 18751 18754
18755 18756 18757
18756 18755 18758
18759 18760 18761
18760 18759 18762
18763 18764 18765
18764 18763 18766
18763 18767 18766
18767 18763 18768
18764 18769 18765
18769 18767 18768
18769 18764 18770
18767 18769 18770
18770 18771 18767
18767 18771 18766
18771 18764 18766
18770 18764 18771
18772 18773 18774
18773 18772 18775
18776 18777 18778
18777 18776 18779
18780 18781 18782
18781 18780 18783
18784 18785 18786
18785 18784 18787
18788 18789 18790
18789 18788 18791
18788 18792 18791
18792 18788 18793
18789 18794 18790
18794 18792 18793
18794 18789 18795
18792 18794 18795
18795 18796 18792
18792 18796 18791
18796 18789 18791
18795 18789 18796
18797 18798 18799
18798 18797 18800
18801 18802 18803
18802 18801 18804
18805 18806 18807
18806 18805 18808
18809 18810 18811
18810 18809 18812
18813 18814 18815
18814 18813 18816
18813 18817 18816
18817 18813 18818
18814 18819 18815
18819 18817 18818
18819 18814 18820
18817 18819 18820
18820 18821 18817
18817 18821 18816
18821 18814 18816
18820 18814 18821
18822 18823 18824
18823 18822 18825
18826 18827 18828
18827 18826 18829
18830 18831 18832
18831 18830 18833
18834 18835 18836
18835 18834 18837
18838 18839 18840
18839 18841 18840
18841 18839 18842
18843 18841 18842
18841 18843 18844
18843 18845 18844
18838 18846 18839
18838 18847 18846
18847 18848 18846
18849 18848 18847
18850 18851 18852
18852 18851 18853
18852 18853 18854
18853 18855 18854
18853 18856 18855
18856 18857 18855
18858 18857 18856
18857 18858 18859
18860 18861 18862
18861 18860 18863
18863 18864 18861
18865 18861 18864
18861 18865 18866
18866 18862 18861
18864 18863 18867
18868 18865 18864
18865 18868 18869
18870 18864 18867
18864 18870 18868
18862 18866 18871
18871 18446 18862
18446 18871 18447
18862 18872 18860
18872 18862 18446
18873 18871 18866
18871 18873 18874
18866 18875 18873
18875 18866 18865
18869 18875 18865
18875 18869 18876
18877 18870 18867
18867 18878 18877
18878 18879 18877
18879 18878 18880
18881 18880 18878
18880 18881 18882
18881 18883 18882
18883 18881 18884
18883 18884 18467
18872 18467 18884
18863 18881 18878
18878 18867 18863
18881 18863 18860
18860 18884 18881
18884 18860 18872
18872 18448 18467
18872 18446 18448
18467 18448 18461
18885 18886 18887
18888 18889 18890
18891 18890 18889
18892 18893 18894
18894 18893 18895
18893 18896 18895
18896 18893 18897
18898 18892 18894
18899 18900 18901
18900 18899 18902
18899 18901 18658
18901 18661 18658
18661 18901 18903
18904 18901 18900
18901 18904 18903
18903 18663 18661
18663 18903 18905
18906 18903 18904
18903 18906 18905
18907 18908 18909
18908 18907 18910
18910 18911 18908
18907 18909 18912
18601 18913 18914
18914 18611 18601
18611 18914 18610
18601 18613 18913
18915 18916 18917
18915 18917 18918
18915 18918 18919
18919 18920 18915
18920 18919 18921
18922 18923 18924
18924 18925 18922
18925 18924 18926
18927 18928 18929
18928 18930 18929
18930 18928 18931
18932 18933 18934
18933 18932 18935
18934 18936 18932
18936 18934 18937
18938 18936 18937
18939 18940 18941
18942 18943 18944
18943 18942 18945
18946 18942 18944
18944 18947 18946
18948 18946 18947
18871 18874 18949
18949 18447 18871
18447 18949 18445
18547 18950 18544
18950 18547 18557
18542 18544 18950
18951 18521 18522
18951 18515 18521
18515 18951 18516
18952 18953 18954
18953 18952 18955
18952 18956 18955
18956 18952 18957
18954 18953 18958
18959 18953 18955
18953 18959 18960
18959 18961 18960
18959 18962 18961
18963 18962 18959
18960 18961 18964
18965 18963 18959
18955 18965 18959
18965 18955 18956
18966 18965 18956
18965 18966 18967
18965 18967 18963
18953 18960 18968
18968 18958 18953
18968 18960 18964
18956 18969 18966
18969 18956 18957
18970 18971 18957
18971 18970 18972
18957 18971 18973
18974 18973 18971
18971 18972 18974
18972 18975 18974
18975 18972 18976
18970 18976 18972
18970 18977 18976
18973 18974 18978
18977 18979 18976
18979 18980 18976
18980 18981 18976
18981 18975 18976
18982 18983 18984
18985 18982 18984
18984 18986 18985
18984 18987 18986
18984 18988 18987
18989 18988 18984
18983 18989 18984
18990 18989 18983
18991 18983 18982
18991 18990 18983
18991 18982 18992
18993 18994 18995
18993 18996 18994
18997 18995 18994
18997 18994 18998
18994 18999 18998
19000 18997 18998
18998 18999 19001
19000 18998 19001
18999 19002 19001
19003 19004 19005
19006 19003 19005
19003 19006 19007
19008 19009 19010
19011 19008 19010
19010 19009 19012
19010 19012 19013
19014 19010 19013
19011 19010 19014
19013 19015 19014
19009 19008 19016
19008 19017 19016
19008 19018 19017
19008 19019 19018
19008 19011 19019
19020 19021 19022
19022 19021 19023
19024 19023 19021
19023 19024 19025
19024 19021 19026
19021 19020 19026
19026 19020 19027
19028 19027 19020
19028 19029 19027
19030 19024 19026
19030 19026 19027
19031 19030 19027
19029 19031 19027
19032 19033 19034
19032 19035 19033
19034 19036 19032
19034 19037 19036
19037 19034 19038
19035 19039 19033
19033 19039 19040
19040 19034 19033
19034 19041 19038
19034 19040 19041
19042 19043 19044
19044 19045 19042
19046 19045 19044
19045 19047 19042
19048 19042 19047
19042 19048 19049
19042 19049 19043
19047 19045 19050
19045 19051 19050
19046 19052 19045
19045 19052 19051
19053 19054 19055
19054 19056 19055
19056 19054 19057
19058 19055 19056
19055 19058 19059
19060 19055 19059
19060 19053 19055
19061 19060 19059
19062 19059 19058
19059 19062 19063
19061 19059 19063
19053 19064 19054
19065 19066 19067
19066 19065 19068
19069 19065 19067
19070 19071 19072
19073 19072 19071
19072 19073 19074
19075 19076 19077
19078 19077 19076
19077 19078 19079
19080 19081 19082
19082 19083 19080
19083 19082 19084
19085 19086 19087
19087 19088 19085
19088 19087 19089
19090 19091 19092
19092 19093 19090
19093 19092 19094
19095 19096 19097
19098 19096 19095
19096 19098 19099
19100 19101 19102
19101 19100 19103
19104 19100 19102
19100 19104 19105
19103 19106 19101
19101 19107 19102
19107 19101 19108
19107 19108 19109
19107 19109 19110
19111 19107 19110
19108 19112 19109
19113 19107 19111
19102 19113 19104
19113 19102 19107
19104 19113 19114
19113 19115 19114
19113 19111 19115
19116 19108 19101
19101 19106 19116
19116 19112 19108
19114 19117 19104
19117 19105 19104
19118 19119 19105
19119 19118 19120
19118 19121 19120
19122 19121 19118
19105 19122 19118
19121 19122 19123
19119 19120 19124
19119 19124 19125
19125 19124 19126
19126 19124 19127
19127 19124 19128
19128 19124 19129
19121 19129 19120
19124 19120 19129
19130 19131 19132
19133 19130 19132
19134 19131 19130
19132 19131 19135
19133 19132 19136
19132 19135 19136
19131 19134 19137
19131 19137 19138
19131 19138 19139
19131 19139 19135
19133 19140 19130
19141 19142 19143
19141 19143 19144
19145 19143 19142
19145 19146 19143
19146 19147 19143
19146 19148 19147
19149 19148 19146
19149 19146 19145
19148 19150 19147
19151 19152 19153
19151 19154 19152
19154 19151 19155
19156 19157 19158
19157 19159 19158
19157 19160 19159
19160 19157 19161
19161 19162 19160
19163 19161 19157
19163 19157 19156
19156 19164 19163
19158 19165 19156
19156 19165 19166
19156 19166 19167
19156 19167 19164
19168 19169 19170
19169 19171 19170
19171 19172 19170
19172 19171 19173
19172 19174 19170
19170 19174 19168
19174 19175 19168
19175 19174 19176
19176 19174 19172
19177 19168 19175
19177 19175 19178
19175 19179 19178
19179 19175 19176
19180 19181 19182
19182 19181 19183
19184 19181 19180
19185 19184 19180
19181 19184 19186
19183 19181 19186
19182 19187 19180
19180 19187 19188
19188 19189 19180
19189 19185 19180
19190 19191 19192
19191 19190 19193
19194 19191 19193
19195 19193 19190
19190 19196 19195
19196 19190 19197
19190 19192 19197
19193 19195 19198
19193 19198 19199
19194 19193 19200
19193 19199 19200
19201 19202 19203
19201 19204 19202
19205 19204 19201
19206 19202 19204
19202 19206 19207
19204 19208 19206
19208 19204 19209
19205 19209 19204
19209 19210 19208
19210 19209 19211
19212 19211 19209
19212 19209 19205
19213 19214 19215
19214 19213 19216
19217 19216 19213
19218 19219 19220
19219 19218 19221
19222 19219 19221
19223 19224 19225
19224 19226 19225
19226 19224 19227
19228 19229 19230
19231 19229 19228
19229 19231 19232
19233 19234 19235
19236 19234 19233
19234 19236 19237
19238 19239 19240
19239 19238 19241
19238 19242 19241
19243 19244 19245
19245 19246 19243
19246 19245 19247
19248 19249 19250
19250 19251 19248
19252 19251 19250
19251 19252 19253
19253 19254 19251
19254 19248 19251
19254 19253 19255
19248 19254 19256
19254 19257 19256
19258 19254 19255
19254 19258 19259
19259 19257 19254
19260 19257 19259
19261 19259 19258
19259 19261 19262
19262 19260 19259
19263 19260 19262
19261 19263 19262
19264 19260 19263
19263 19261 19265
19265 19264 19263
19266 19253 19252
19267 19266 19252
19253 19266 19268
19268 19255 19253
19255 19268 19269
19270 19255 19269
19255 19270 19258
19258 19271 19261
19271 19258 19270
19261 19272 19265
19272 19261 19271
19265 19272 19273
19264 19265 19273
19274 19264 19273
19252 19275 19267
19252 19250 19275
19250 19249 19275
19276 19277 19278
19276 19279 19277
19279 19276 19280
19281 19280 19276
19280 19281 19282
19283 19281 19276
19278 19283 19276
19281 19283 19284
19281 19284 19285
19281 19286 19282
19286 19281 19287
19287 19281 19285
19287 19288 19286
19288 19287 19289
19290 19289 19287
19287 19285 19290
19291 19289 19290
19291 19288 19289
19292 19291 19290
19288 19291 19293
19293 19291 19292
19280 19294 19279
19295 19279 19294
19296 19282 19286
19282 19296 19297
19286 19298 19296
19298 19286 19288
19288 19299 19298
19299 19288 19293
19279 19295 19300
19279 19300 19277
19277 19300 19278
19292 19301 19293
19301 19299 19293
19302 19301 19292
19294 19280 19303
19282 19303 19280
19303 19282 19297
19304 19305 19306
19306 19307 19304
19305 19308 19306
19308 19309 19306
19309 19308 19310
19310 19311 19309
19311 19310 19312
19312 19313 19311
19313 19314 19311
19314 19315 19311
19314 19316 19315
19317 19304 19307
19318 19317 19307
19319 19318 19307
19319 19307 19320
19321 19319 19320
19322 19321 19320
19323 19322 19320
19323 19320 19324
19325 19323 19324
19326 19325 19324
19327 19325 19326
19328 19327 19326
19328 19326 19329
19330 19328 19329
19331 19330 19329
19331 19329 19332
19329 19333 19332
19333 19334 19332
19335 19324 19320
19307 19335 19320
19335 19307 19336
19337 19335 19336
19335 19337 19338
19338 19337 19339
19338 19339 19340
19338 19340 19341
19338 19341 19342
19343 19338 19342
19343 19342 19344
19343 19344 19345
19346 19343 19345
19346 19345 19347
19346 19347 19348
19348 19349 19346
19348 19350 19349
19350 19351 19349
19344 19352 19345
19352 19353 19345
19349 19354 19346
19354 19343 19346
19354 19349 19355
19351 19355 19349
19343 19354 19356
19355 19351 19357
19357 19351 19358
19356 19338 19343
19338 19356 19335
19324 19335 19356
19326 19324 19356
19354 19326 19356
19326 19354 19329
19355 19329 19354
19329 19355 19333
19357 19333 19355
19333 19357 19359
19360 19333 19359
19361 19360 19359
19361 19362 19360
19361 19363 19362
19364 19363 19361
19365 19364 19361
19360 19366 19333
19367 19365 19361
19361 19368 19367
19359 19368 19361
19365 19367 19369
19365 19369 19370
19367 19368 19371
19368 19359 19371
19367 19371 19372
19367 19372 19373
19373 19369 19367
19359 19374 19371
19374 19359 19357
19369 19373 19375
19376 19375 19373
19377 19376 19373
19372 19377 19373
19372 19378 19377
19375 19376 19379
19376 19380 19379
19379 19380 19381
19381 19382 19379
19382 19381 19383
19384 19382 19383
19384 19383 19385
19384 19385 19386
19384 19386 19387
19385 19388 19386
19385 19389 19388
19384 19387 19390
19390 19391 19384
19391 19390 19392
19391 19392 19393
19391 19393 19394
19395 19391 19394
19395 19394 19396
19395 19396 19397
19395 19397 19398
19399 19395 19398
19400 19399 19398
19399 19400 19401
19399 19401 19402
19403 19399 19402
19404 19403 19402
19395 19405 19391
19406 19391 19405
19391 19406 19384
19405 19395 19407
19399 19407 19395
19403 19408 19399
19407 19399 19408
19408 19403 19409
19410 19384 19406
19384 19410 19382
19410 19379 19382
19379 19410 19375
19411 19375 19410
19375 19411 19369
19369 19411 19412
19411 19413 19412
19414 19413 19411
19415 19414 19411
19415 19411 19416
19410 19416 19411
19416 19410 19406
19417 19415 19416
19418 19417 19416
19419 19418 19416
19419 19416 19420
19369 19412 19421
19419 19420 19422
19423 19419 19422
19424 19423 19422
19425 19424 19422
19425 19422 19426
19427 19425 19426
19428 19427 19426
19429 19428 19426
19429 19426 19430
19429 19430 19431
19432 19429 19431
19433 19432 19431
19434 19433 19431
19434 19431 19435
19436 19434 19435
19437 19436 19435
19438 19437 19435
19438 19435 19439
19440 19438 19439
19430 19426 19407
19407 19431 19430
19426 19405 19407
19431 19407 19408
19435 19431 19408
19409 19435 19408
19435 19409 19439
19405 19420 19406
19420 19416 19406
19420 19405 19422
19405 19426 19422
19441 19442 19443
19441 19444 19442
19441 19445 19444
19441 19446 19445
19446 19447 19445
19337 19441 19443
19337 19443 19339
19448 19446 19441
19337 19448 19441
19446 19448 19449
19448 19337 19336
19311 19449 19448
19449 19311 19315
19448 19309 19311
19306 19448 19336
19448 19306 19309
19307 19306 19336
19358 19450 19374
19357 19358 19374
19451 19452 19453
19452 19451 19454
19453 19452 19455
19456 19455 19452
19455 19456 19457
19458 19457 19456
19457 19458 19459
19459 19458 19460
19460 19458 19461
19461 19458 19462
19461 19462 19463
19464 19454 19451
19465 19454 19464
19466 19454 19465
19466 19467 19454
19468 19467 19466
19469 19467 19468
19470 19467 19469
19470 19471 19467
19472 19471 19470
19473 19471 19472
19474 19473 19472
19475 19473 19474
19475 19476 19473
19477 19476 19475
19478 19476 19477
19478 19479 19476
19476 19479 19480
19480 19479 19481
19471 19482 19467
19482 19454 19467
19454 19482 19483
19482 19484 19483
19484 19482 19485
19485 19486 19484
19485 19487 19486
19485 19488 19487
19485 19489 19488
19490 19489 19485
19490 19491 19489
19490 19492 19491
19493 19492 19490
19493 19494 19492
19493 19495 19494
19495 19493 19496
19495 19496 19497
19497 19496 19498
19491 19492 19499
19499 19492 19500
19501 19496 19493
19490 19501 19493
19496 19501 19502
19502 19498 19496
19501 19490 19503
19498 19502 19504
19504 19505 19498
19485 19503 19490
19503 19485 19482
19482 19471 19503
19473 19503 19471
19473 19501 19503
19501 19473 19476
19476 19502 19501
19502 19476 19480
19480 19504 19502
19504 19480 19506
19507 19506 19480
19508 19506 19507
19508 19507 19509
19508 19509 19510
19511 19508 19510
19512 19508 19511
19507 19480 19513
19514 19508 19512
19508 19514 19515
19506 19508 19515
19512 19516 19514
19512 19517 19516
19514 19518 19515
19515 19518 19506
19514 19519 19518
19514 19520 19519
19516 19520 19514
19506 19518 19521
19521 19504 19506
19520 19516 19522
19522 19523 19520
19524 19520 19523
19519 19520 19524
19519 19524 19525
19523 19522 19526
19523 19526 19527
19526 19528 19527
19528 19526 19529
19529 19530 19528
19531 19530 19529
19531 19532 19530
19531 19533 19532
19531 19534 19533
19532 19533 19535
19532 19535 19536
19531 19537 19534
19537 19531 19538
19538 19539 19537
19538 19540 19539
19538 19541 19540
19542 19541 19538
19542 19543 19541
19542 19544 19543
19542 19545 19544
19546 19545 19542
19547 19545 19546
19546 19548 19547
19546 19549 19548
19550 19549 19546
19551 19549 19550
19552 19542 19538
19538 19553 19552
19553 19538 19531
19542 19552 19554
19554 19546 19542
19555 19550 19546
19546 19554 19555
19550 19555 19556
19531 19557 19553
19557 19531 19529
19526 19557 19529
19557 19526 19522
19522 19558 19557
19558 19522 19516
19516 19559 19558
19558 19559 19560
19561 19558 19560
19562 19558 19561
19562 19563 19558
19557 19563 19553
19563 19557 19558
19564 19563 19562
19565 19563 19564
19566 19563 19565
19566 19567 19563
19516 19568 19559
19566 19569 19567
19570 19569 19566
19571 19569 19570
19572 19569 19571
19572 19573 19569
19574 19573 19572
19575 19573 19574
19576 19573 19575
19576 19577 19573
19576 19578 19577
19579 19578 19576
19580 19578 19579
19581 19578 19580
19581 19582 19578
19583 19582 19581
19584 19582 19583
19585 19582 19584
19585 19586 19582
19587 19586 19585
19577 19554 19573
19578 19554 19577
19552 19573 19554
19573 19552 19569
19552 19567 19569
19567 19552 19553
19567 19553 19563
19556 19582 19586
19582 19556 19555
19554 19578 19555
19582 19555 19578
19588 19589 19590
19588 19590 19591
19588 19591 19592
19588 19592 19593
19593 19592 19594
19484 19589 19588
19484 19486 19589
19593 19595 19588
19595 19484 19588
19595 19593 19596
19484 19595 19483
19596 19458 19595
19458 19596 19462
19595 19458 19456
19452 19595 19456
19595 19452 19483
19454 19483 19452
19505 19521 19597
19504 19521 19505
19598 19599 19600
19598 19601 19599
19601 19602 19599
19602 19600 19599
19602 19601 19603
19600 19602 19604
19605 19600 19604
19601 19606 19603
19607 19605 19604
19608 19604 19602
19603 19608 19602
19604 19608 19609
19609 19607 19604
19610 19607 19609
19607 19610 19611
19610 19609 19612
19608 19612 19609
19612 19608 19613
19614 19613 19608
19608 19603 19614
19606 19614 19603
19613 19614 19615
19615 19614 19616
19616 19614 19617
19614 19606 19617
19618 19616 19617
19619 19618 19617
19618 19619 19620
19619 19621 19620
19618 19620 19622
19622 19616 19618
19622 19623 19616
19616 19624 19615
19624 19625 19615
19624 19626 19625
19626 19624 19627
19612 19625 19628
19626 19628 19625
19624 19616 19629
19629 19616 19623
19629 19630 19624
19624 19630 19627
19627 19630 19631
19631 19632 19627
19627 19632 19633
19634 19627 19633
19630 19629 19635
19623 19635 19629
19635 19631 19630
19623 19636 19635
19628 19626 19637
19628 19637 19638
19639 19638 19637
19637 19640 19639
19641 19640 19637
19642 19641 19637
19638 19643 19628
19639 19643 19638
19628 19643 19610
19644 19610 19643
19610 19644 19645
19646 19644 19643
19643 19639 19646
19644 19646 19647
19610 19645 19611
19645 19648 19611
19648 19649 19611
19650 19649 19648
19651 19611 19649
19611 19651 19607
19607 19651 19605
19610 19612 19628
19652 19653 19654
19652 19654 19655
19656 19657 19658
19657 19656 19659
19660 19661 19662
19661 19660 19663
19664 19665 19666
19665 19664 19667
19668 19669 19670
19669 19668 19671
19672 19673 19674
19675 19676 19677
19678 19679 19680
19681 19682 19683
19684 19685 19686
19685 19684 19687
19688 19687 19684
19687 19688 19689
19689 19688 19690
19691 19687 19689
19692 19687 19691
19691 19693 19692
19693 19691 19694
19689 19694 19691
19694 19695 19693
19695 19694 19696
19697 19695 19696
19687 19692 19698
19694 19689 19699
19699 19689 19700
19701 19699 19700
19701 19694 19699
19694 19701 19696
19702 19701 19700
19702 19696 19701
19696 19702 19697
19703 19704 19705
19705 19704 19706
19707 19706 19704
19708 19706 19707
19709 19706 19708
19709 19710 19706
19711 19710 19709
19711 19712 19710
19708 19707 19713
19714 19712 19711
19715 19706 19710
19715 19716 19706
19717 19716 19715
19718 19713 19707
19718 19707 19704
19713 19718 19719
19720 19721 19722
19721 19723 19722
19723 19721 19724
19725 19723 19724
19723 19725 19726
19727 19726 19725
19726 19727 19728
19729 19730 19731
19730 19729 19732
19731 19733 19729
19733 19731 19734
19734 19735 19733
19736 19734 19731
19731 19737 19736
19738 19736 19737
19736 19738 19739
19739 19734 19736
19740 19739 19738
19739 19740 19741
19742 19741 19740
19737 19731 19743
19734 19739 19744
19744 19745 19734
19746 19745 19744
19739 19746 19744
19746 19739 19741
19747 19745 19746
19741 19747 19746
19747 19741 19742
19748 19749 19750
19749 19751 19750
19752 19750 19751
19753 19752 19751
19754 19753 19751
19754 19751 19755
19756 19754 19755
19756 19755 19757
19753 19758 19752
19759 19756 19757
19760 19755 19751
19760 19751 19761
19762 19760 19761
19758 19763 19752
19763 19750 19752
19763 19758 19764
19765 19766 19767
19768 19767 19766
19767 19768 19769
19768 19770 19769
19770 19768 19771
19771 19772 19770
19772 19771 19773
19774 19775 19776
19774 19777 19775
19774 19778 19777
19779 19778 19774
19777 19778 19780
19778 19781 19780
19781 19778 19782
19783 19775 19777
19775 19783 19784
19784 19785 19775
19775 19785 19786
19787 19783 19777
19787 19777 19780
19776 19775 19788
19775 19786 19788
19789 19776 19788
19790 19782 19778
19779 19790 19778
19779 19791 19790
19792 19791 19779
19793 19794 19795
19794 19796 19795
19796 19797 19795
19795 19797 19798
19795 19798 19799
19795 19799 19793
19797 19800 19798
19798 19800 19801
19801 19802 19798
19798 19802 19803
19799 19798 19803
19804 19799 19803
19803 19805 19804
19806 19805 19803
19806 19803 19802
19801 19807 19802
19808 19800 19797
19809 19808 19797
19810 19809 19797
19810 19811 19809
19810 19797 19812
19801 19813 19807
19814 19807 19813
19815 19807 19814
19813 19801 19816
19814 19817 19815
19817 19814 19818
19819 19813 19816
19813 19819 19820
19814 19813 19820
19821 19814 19820
19821 19818 19814
19822 19819 19816
19823 19822 19808
19819 19822 19824
19823 19824 19822
19824 19825 19819
19819 19825 19826
19827 19819 19826
19827 19820 19819
19827 19828 19820
19820 19828 19821
19821 19828 19829
19824 19830 19825
19830 19831 19825
19824 19823 19832
19823 19833 19832
19833 19834 19832
19824 19832 19835
19832 19834 19835
19830 19824 19835
19822 19816 19800
19808 19822 19800
19816 19801 19800
19836 19837 19802
19802 19807 19836
19838 19836 19807
19802 19837 19806
19839 19840 19799
19841 19799 19840
19841 19793 19799
19839 19799 19804
19796 19812 19797
19842 19843 19844
19845 19844 19843
19844 19845 19846
19846 19847 19844
19847 19846 19848
19849 19848 19846
19848 19849 19850
19850 19851 19848
19851 19850 19852
19852 19853 19851
19853 19852 19854
19848 19855 19847
19855 19848 19851
19856 19847 19855
19855 19857 19856
19857 19855 19858
19851 19858 19855
19858 19851 19853
19847 19856 19859
19859 19844 19847
19860 19852 19850
19852 19860 19861
19861 19854 19852
19850 19862 19860
19862 19850 19849
19863 19861 19860
19861 19863 19864
19860 19865 19863
19865 19860 19862
19854 19866 19853
19866 19854 19867
19867 19868 19866
19868 19867 19869
19869 19870 19868
19870 19869 19871
19872 19866 19868
19870 19872 19868
19866 19872 19873
19872 19870 19874
19875 19872 19874
19873 19872 19875
19875 19857 19873
19876 19871 19869
19871 19876 19877
19869 19878 19876
19878 19869 19867
19876 19879 19877
19879 19876 19880
19876 19881 19880
19881 19876 19878
19878 19882 19881
19882 19878 19883
19867 19883 19878
19883 19867 19854
19857 19858 19873
19853 19873 19858
19873 19853 19866
19880 19884 19879
19884 19880 19885
19885 19886 19884
19886 19885 19887
19885 19888 19887
19888 19885 19889
19880 19889 19885
19889 19880 19881
19889 19890 19888
19890 19889 19891
19881 19891 19889
19891 19881 19882
19890 19892 19888
19892 19890 19893
19893 19894 19892
19894 19893 19895
19896 19895 19893
19895 19896 19897
19898 19897 19896
19896 19899 19898
19899 19896 19900
19893 19900 19896
19900 19893 19890
19891 19900 19890
19900 19901 19899
19901 19900 19902
19900 19891 19902
19903 19899 19901
19899 19903 19904
19904 19898 19899
19898 19904 19905
19897 19898 19906
19905 19906 19898
19906 19905 19907
19897 19908 19895
19908 19897 19909
19906 19909 19897
19909 19906 19910
19907 19910 19906
19910 19907 19911
19910 19912 19909
19913 19909 19912
19913 19908 19909
19912 19910 19914
19911 19914 19910
19914 19911 19915
19914 19916 19912
19912 19916 19917
19912 19917 19913
19917 19918 19913
19919 19913 19918
19913 19919 19920
19920 19921 19913
19921 19908 19913
19922 19921 19920
19920 19919 19922
19921 19922 19923
19923 19924 19921
19924 19923 19925
19924 19925 19926
19927 19926 19925
19926 19927 19928
19929 19928 19927
19928 19929 19930
19930 19931 19928
19931 19930 19932
19929 19927 19933
19933 19925 19923
19925 19933 19927
19923 19922 19933
19886 19928 19931
19928 19886 19926
19887 19926 19886
19888 19926 19887
19926 19888 19892
19892 19924 19926
19931 19884 19886
19884 19931 19934
19932 19934 19931
19934 19879 19884
19935 19879 19934
19934 19932 19935
19879 19935 19936
19936 19877 19879
19877 19936 19937
19937 19871 19877
19871 19937 19938
19939 19871 19938
19871 19939 19870
19939 19874 19870
19874 19939 19940
19941 19940 19939
19940 19941 19942
19942 19943 19940
19943 19942 19944
19945 19940 19943
19946 19944 19942
19944 19946 19947
19945 19943 19948
19944 19948 19943
19948 19944 19949
19946 19950 19947
19950 19946 19951
19952 19944 19947
19944 19952 19949
19953 19947 19950
19947 19953 19952
19954 19945 19948
19949 19955 19948
19955 19954 19948
19954 19955 19956
19955 19957 19956
19958 19956 19957
19956 19958 19959
19957 19955 19960
19960 19961 19957
19961 19960 19962
19962 19963 19961
19963 19962 19964
19965 19962 19960
19960 19955 19965
19962 19965 19966
19966 19964 19962
19964 19966 19967
19968 19952 19953
19952 19968 19969
19969 19949 19952
19949 19969 19970
19955 19949 19970
19971 19961 19963
19961 19971 19972
19972 19957 19961
19957 19972 19958
19967 19973 19964
19974 19964 19973
19973 19975 19974
19975 19973 19976
19977 19976 19973
19978 19976 19977
19979 19974 19975
19974 19979 19980
19963 19980 19971
19980 19963 19974
19964 19974 19963
19973 19967 19977
19981 19978 19977
19978 19981 19982
19983 19981 19977
19981 19983 19984
19983 19985 19984
19985 19983 19986
19986 19987 19985
19987 19986 19988
19989 19987 19988
19990 19980 19979
19990 19971 19980
19971 19990 19991
19992 19991 19990
19991 19992 19993
19993 19994 19991
19994 19993 19995
19996 19995 19993
19993 19992 19996
19995 19996 19997
19997 19998 19995
19998 19997 19999
20000 19995 19998
19995 20000 19994
19998 20001 20000
20001 19998 20002
19999 20002 19998
20001 20002 20003
20001 20003 20004
20005 20004 20003
20006 20005 20003
20003 20007 20006
20006 20007 20008
20009 20006 20008
20010 20008 20007
20003 20010 20007
20010 20011 20008
20011 20012 20008
20008 20012 20013
20013 20009 20008
20011 20014 20012
20011 20015 20014
20015 20011 20016
20010 20016 20011
20016 20017 20015
20016 20018 20017
20019 20018 20016
20016 20010 20019
20020 20019 20010
20019 20020 20021
20018 20019 20022
20021 20022 20019
20022 20021 20023
20023 20024 20022
20024 20025 20022
20017 20018 20025
20022 20025 20018
20024 20023 20026
20003 20020 20010
20003 20002 20027
20002 19999 20027
20028 20029 19945
19945 20030 20028
19954 20030 19945
20030 19954 20031
19945 20029 19940
20029 19874 19940
20028 19874 20029
20031 20005 20030
20031 20004 20005
19959 20004 20031
20031 19956 19959
19954 19956 20031
19959 20001 20004
19875 19874 20028
19959 20000 20001
20000 19959 19958
19958 19994 20000
19994 19958 19972
19972 19991 19994
19991 19972 19971
20032 20033 20034
20032 20035 20033
20032 20036 20035
20036 20032 20037
20037 20038 20036
20038 20037 20039
20040 20039 20037
20039 20040 20041
20037 20042 20040
20042 20037 20032
20032 20034 20042
20043 20034 20033
20044 19942 19941
19942 20044 19946
20045 19946 20044
19946 20045 19951
20046 19951 20045
19951 20046 20047
20046 20048 20047
20049 20047 20048
20047 20049 20050
20051 20050 20049
20050 20051 20052
20053 20052 20051
20052 20053 20054
20048 20046 20055
20056 20055 20046
20055 20056 20057
20058 20053 20051
20049 20058 20051
20058 20049 20059
20048 20060 20049
20055 20060 20048
20060 20059 20049
20060 20055 20061
20057 20061 20055
20061 20057 20062
20060 20063 20059
20061 20063 20060
20063 20061 20064
20062 20064 20061
20064 20062 20065
20054 19953 20052
19953 20054 19968
19950 20052 19953
20052 19950 20050
19950 20047 20050
20047 19950 19951
19916 19914 20066
20067 20066 19914
19915 20067 19914
20066 20067 20068
20069 20067 19915
19915 20070 20069
20070 19915 19911
19911 20071 20070
20071 19911 19907
20067 20069 20072
19907 20073 20071
20073 19907 19905
19905 20074 20073
20074 19905 19904
19904 20075 20074
20075 19904 19903
19903 20076 20075
20076 19903 19865
19901 19865 19903
19865 19901 19863
19902 19863 19901
19863 19902 19864
19862 20076 19865
20076 19862 20077
19849 20077 19862
20077 19849 20078
19846 20078 19849
20078 19846 19845
19902 19882 19864
19882 19902 19891
19883 19864 19882
19864 19883 19861
19854 19861 19883
20079 20080 20081
20080 20079 20082
20083 20080 20082
20080 20083 20084
20085 20084 20083
20084 20085 20086
20087 20086 20085
20086 20087 20088
20089 20088 20087
20088 20089 20090
20091 20090 20089
20090 20091 20092
20092 20091 20093
19941 19939 20094
20095 19941 20094
19941 20095 20044
20095 20045 20044
20045 20095 20096
20096 20046 20045
20046 20096 20056
20097 20098 20099
20098 20097 19842
20100 20099 20098
20099 20100 20101
20102 20101 20100
20101 20102 20103
20101 20104 20099
20104 20101 20105
20103 20105 20101
20105 20106 20104
20106 20105 20107
20108 20107 20105
20105 20103 20108
20107 20108 20109
20109 20110 20107
20110 20109 20111
20107 20112 20106
20112 20107 20110
20111 20113 20110
20113 20111 20114
20110 20115 20112
20115 20110 20113
20116 20109 20108
20109 20116 20117
20117 20111 20109
20118 20117 20116
20117 20118 20119
20116 20120 20118
20120 20116 20121
20108 20121 20116
20119 20122 20117
20122 20114 20111
20111 20117 20122
20122 20119 20123
20123 20124 20122
20114 20122 20124
20124 20123 20125
20126 20119 20118
20120 20126 20118
20119 20126 20127
20127 20123 20119
20126 20120 20128
20121 20129 20120
20129 20128 20120
20129 20121 20102
20129 20130 20128
20102 20121 20103
20121 20108 20103
20125 20131 20124
20131 20125 20132
20132 20133 20131
20133 20132 20134
20135 20133 20134
20133 20135 20136
20137 20136 20135
20136 20137 20138
20139 20138 20137
20134 20140 20135
20132 20140 20134
20140 20132 20141
20125 20141 20132
20141 20125 20142
20123 20142 20125
20142 20123 20143
20123 20127 20143
20136 20144 20133
20144 20136 20145
20138 20145 20136
20145 20146 20144
20146 20147 20144
20147 20146 20148
20146 20149 20148
20149 20146 20150
20146 20145 20151
20151 20150 20146
20150 20151 20152
20153 20151 20145
20151 20153 20154
20154 20152 20151
20152 20154 20155
20156 20154 20153
20154 20156 20157
20157 20155 20154
20155 20157 20158
20158 20159 20155
20159 20158 20160
20161 20158 20157
20162 20161 20157
20162 20157 20156
20162 20156 20139
20153 20139 20156
20158 20161 20163
20163 20160 20158
20160 20163 20164
20161 20162 20165
20166 20163 20161
20165 20166 20161
20163 20166 20167
20167 20168 20163
20164 20163 20168
20168 20167 20169
20160 20170 20159
20171 20159 20170
20159 20171 20172
20173 20172 20171
20172 20173 20174
20175 20174 20173
20174 20175 20176
20177 20176 20175
20176 20177 20178
20177 20179 20178
20179 20177 20180
20180 20181 20179
20181 20180 20182
20182 20183 20181
20183 20182 20184
20184 20097 20183
20097 20184 19843
20174 20152 20172
20155 20172 20152
20172 20155 20159
20178 20149 20176
20150 20176 20149
20152 20174 20150
20176 20150 20174
20106 20179 20181
20179 20106 20112
20112 20178 20179
20149 20178 20115
20178 20112 20115
20115 20148 20149
20148 20115 20113
20114 20148 20113
20148 20114 20147
20124 20147 20114
20147 20124 20131
20131 20144 20147
20144 20131 20133
20181 20104 20106
20104 20181 20183
20183 20099 20104
20099 20183 20097
20097 19843 19842
19844 19859 19842
20185 20186 20187
20186 20185 20188
20189 20186 20188
20188 20190 20189
20189 20191 20186
20186 20191 20192
20186 20192 20193
20186 20193 20187
20194 20192 20191
20192 20194 20195
20196 20195 20194
20195 20196 20197
20198 20197 20196
20197 20198 20199
20200 20194 20191
20200 20191 20189
20189 20201 20200
20189 20190 20201
20190 20202 20201
20190 20203 20202
20190 20188 20203
20204 20200 20201
20201 20205 20204
20206 20204 20205
20204 20206 20207
20205 20201 20208
20201 20202 20208
20207 20209 20204
20200 20204 20209
20209 20207 20210
20211 20210 20207
20207 20206 20211
20210 20211 20212
20210 20213 20209
20209 20213 20200
20200 20213 20214
20213 20210 20215
20215 20214 20213
20216 20210 20212
20210 20216 20215
20216 20217 20215
20214 20215 20217
20217 20216 20218
20219 20216 20212
20219 20218 20216
20218 20219 20220
20221 20222 20223
20223 20193 20221
20187 20193 20223
20185 20187 20223
20193 20224 20221
20224 20225 20221
20224 20193 20226
20192 20226 20193
20226 20192 20195
20197 20226 20195
20226 20197 20227
20199 20227 20197
20227 20199 20228
20229 20228 20199
20199 20230 20229
20230 20199 20198
20198 20231 20230
20231 20198 20232
20196 20232 20198
20232 20196 20233
20194 20233 20196
20233 20194 20234
20194 20200 20234
20228 20229 20235
20236 20235 20229
20236 20229 20230
20235 20236 20237
20238 20227 20228
20235 20238 20228
20227 20238 20239
20239 20226 20227
20226 20239 20224
20238 20235 20240
20235 20241 20240
20241 20235 20237
20241 20242 20240
20242 20241 20243
20241 20244 20243
20244 20241 20245
20245 20241 20237
20246 20244 20245
20244 20246 20247
20238 20248 20239
20248 20224 20239
20248 20238 20249
20240 20249 20238
20249 20240 20242
20224 20248 20225
20250 20251 20252
20251 20250 20253
20252 20254 20250
20254 20252 20255
20256 20252 20251
20252 20256 20257
20257 20255 20252
20255 20257 20258
20259 20257 20256
20257 20259 20260
20260 20258 20257
20258 20260 20261
20259 20262 20260
20262 20261 20260
20261 20262 20263
20263 20262 20264
20264 20265 20263
20265 20264 20266
20266 20264 20267
20267 20268 20266
20266 20268 20265
20268 20267 20269
20270 20268 20269
20263 20271 20261
20271 20263 20265
20258 20261 20271
20272 20273 20274
20272 20275 20273
20275 20272 20276
20276 20277 20275
20277 20276 20278
20278 20279 20277
20279 20278 20280
20280 20281 20279
20281 20280 20282
20282 20283 20281
20283 20282 20284
20284 20285 20283
20285 20286 20283
20250 20254 20287
20287 20253 20250
20253 20287 20288
20289 20288 20287
20288 20289 20290
20291 20290 20289
20290 20291 20292
20291 20221 20292
20221 20291 20222
20170 20160 20293
20164 20293 20160
20293 20164 20294
20168 20294 20164
20294 20168 20295
19895 19921 19894
19921 19895 19908
19921 19924 19894
19924 19892 19894
20145 20138 20153
20139 20153 20138
20296 20297 20298
20298 20297 20299
20299 20300 20298
20300 20296 20298
20300 20299 20301
20296 20300 20302
20303 20302 20300
20302 20303 20304
20303 20305 20304
20305 20303 20306
20307 20305 20306
20307 20306 20308
20308 20309 20307
20309 20308 20310
20300 20301 20311
20312 20308 20306
20312 20310 20308
20306 20303 20312
20313 20310 20312
20314 20313 20312
20303 20314 20312
20314 20300 20311
20314 20303 20300
20311 20315 20314
20313 20314 20315
20315 20311 20316
20301 20316 20311
20316 20317 20315
20317 20313 20315
20313 20317 20318
20317 20316 20319
20318 20320 20313
20317 20321 20318
20317 20319 20321
20319 20322 20321
20321 20322 20323
20316 20301 20319
20324 20320 20318
20325 20324 20318
20326 20325 20318
20326 20318 20327
20318 20321 20327
20325 20328 20324
20329 20325 20326
20326 20330 20329
20331 20329 20330
20329 20331 20332
20331 20333 20332
20333 20334 20332
20334 20329 20332
20329 20334 20335
20325 20329 20335
20330 20326 20336
20336 20326 20327
20323 20337 20321
20338 20339 20340
20338 20341 20339
20341 20338 20342
20339 20341 20343
20344 20343 20341
20343 20344 20345
20344 20346 20345
20346 20344 20347
20347 20344 20348
20341 20348 20344
20341 20342 20348
20346 20347 20349
20349 20347 20350
20347 20348 20351
20347 20351 20350
20349 20350 20352
20353 20354 20355
20354 20353 20356
20356 20353 20357
20357 20353 20358
20358 20353 20359
20353 20360 20359
20353 20361 20360
20353 20362 20361
20356 20363 20354
20363 20356 20364
20363 20364 20365
20366 20353 20355
20353 20366 20362
20362 20366 20367
20367 20368 20362
20367 20369 20368
20370 20371 20372
20370 20372 20373
20373 20374 20370
20372 20375 20373
20375 20376 20373
20376 20375 20377
20378 20376 20377
20376 20378 20379
20379 20380 20376
20373 20376 20380
20373 20380 20374
20378 20381 20379
20381 20382 20379
20379 20383 20380
20379 20382 20383
20381 20384 20382
20385 20386 20387
20386 20385 20388
20388 20389 20386
20389 20390 20386
20390 20391 20386
20386 20391 20392
20386 20392 20393
20386 20393 20394
20388 20385 20395
20395 20396 20388
20395 20397 20396
20386 20398 20387
20398 20386 20394
20394 20399 20398
20399 20394 20400
20399 20400 20401
20402 20403 20404
20403 20405 20404
20406 20405 20403
20402 20407 20403
20407 20406 20403
20402 20408 20407
20409 20407 20408
20407 20409 20410
20411 20410 20409
20410 20411 20412
20413 20412 20411
20412 20413 20414
20415 20414 20413
20414 20415 20416
20417 20416 20415
20411 20418 20413
20415 20413 20418
20418 20411 20419
20409 20419 20411
20419 20409 20420
20408 20420 20409
20420 20408 20421
20422 20420 20421
20423 20422 20421
20422 20423 20424
20421 20425 20423
20425 20421 20408
20408 20402 20425
20426 20416 20417
20426 20427 20416
20427 20414 20416
20426 20428 20427
20427 20429 20414
20414 20429 20412
20429 20430 20412
20430 20431 20412
20430 20432 20431
20431 20432 20433
20433 20432 20434
20435 20433 20434
20436 20435 20434
20435 20436 20437
20438 20437 20436
20437 20438 20439
20438 20440 20439
20440 20438 20441
20441 20442 20440
20442 20441 20443
20444 20435 20437
20435 20444 20445
20444 20446 20445
20446 20444 20447
20448 20447 20444
20437 20448 20444
20448 20437 20439
20447 20448 20449
20448 20450 20449
20450 20448 20451
20439 20451 20448
20451 20439 20440
20442 20451 20440
20451 20442 20452
20453 20452 20442
20452 20453 20454
20454 20455 20452
20456 20452 20455
20456 20451 20452
20451 20456 20450
20455 20454 20457
20458 20454 20453
20454 20458 20459
20459 20460 20454
20459 20461 20460
20462 20461 20459
20458 20462 20459
20463 20454 20460
20454 20463 20457
20464 20462 20458
20458 20465 20464
20466 20464 20465
20464 20466 20467
20466 20468 20467
20465 20458 20469
20462 20464 20470
20467 20470 20464
20470 20467 20471
20468 20471 20467
20471 20468 20472
20453 20469 20458
20469 20453 20473
20474 20469 20473
20473 20475 20474
20443 20475 20473
20473 20442 20443
20442 20473 20453
20469 20476 20465
20476 20477 20465
20477 20466 20465
20469 20474 20478
20476 20469 20478
20476 20479 20477
20478 20479 20476
20479 20480 20477
20479 20478 20481
20482 20481 20478
20482 20478 20474
20481 20483 20479
20484 20483 20481
20484 20481 20482
20479 20485 20480
20485 20479 20486
20483 20486 20479
20486 20487 20485
20488 20486 20483
20488 20487 20486
20488 20483 20489
20483 20484 20489
20406 20490 20491
20406 20492 20490
20492 20406 20445
20493 20445 20406
20406 20407 20493
20445 20493 20435
20410 20493 20407
20493 20410 20433
20433 20435 20493
20410 20431 20433
20431 20410 20412
20492 20445 20446
20405 20406 20491
