byte offset: 0
first index: 0
index count: 9180
topology: trianglelist
format: DXGI_FORMAT_R16_UINT

0 1 2
0 3 1
0 4 3
0 5 4
6 2 1
6 7 2
8 6 1
8 1 3
9 8 3
9 3 4
10 9 4
10 4 5
11 7 6
11 12 7
13 11 6
13 6 8
14 13 8
14 8 9
15 14 9
15 9 16
11 13 17
13 14 18
13 18 17
19 18 14
19 14 15
16 20 21
22 21 20
22 23 21
22 24 23
22 25 24
26 24 25
26 25 27
28 23 24
28 24 26
29 21 23
29 23 28
16 21 29
30 26 27
30 27 12
31 28 26
31 26 30
32 29 28
32 28 31
33 29 32
33 10 29
30 34 31
31 35 32
31 34 35
36 33 32
36 32 35
37 38 39
37 39 40
37 40 41
37 41 42
43 39 38
43 38 44
45 40 39
45 39 43
46 41 40
46 40 45
47 42 41
47 41 46
48 43 44
48 44 49
50 45 43
50 43 48
51 46 45
51 45 50
52 46 51
52 53 46
48 54 50
50 55 51
50 54 55
56 52 51
56 51 55
53 57 58
57 59 58
60 58 59
60 59 61
60 61 62
60 63 58
53 58 63
64 62 61
64 65 62
66 64 61
66 61 59
57 66 59
67 65 64
67 49 65
68 67 64
68 64 66
69 68 66
69 66 57
70 69 57
70 57 47
67 68 71
68 69 72
68 72 71
73 72 69
73 69 70
74 75 76
75 77 76
75 78 77
74 79 75
79 80 75
81 78 75
75 82 81
75 80 83
84 83 80
84 80 85
86 85 80
86 87 85
87 88 85
89 85 88
84 85 89
89 88 90
91 92 93
91 93 94
95 96 97
95 97 98
99 100 101
99 101 102
103 104 105
103 105 106
107 108 109
107 109 110
111 112 113
111 113 114
115 116 117
115 117 118
117 119 118
119 120 118
119 121 120
121 122 120
121 123 122
124 125 126
124 126 127
125 128 126
128 125 129
128 129 130
131 130 129
131 129 132
133 134 135
133 135 136
137 138 139
137 139 140
141 142 143
144 141 143
142 145 143
145 146 143
146 147 143
147 148 143
149 143 150
151 143 149
150 143 152
152 143 153
153 143 154
154 143 155
156 157 158
159 158 157
159 160 158
156 158 161
161 158 162
158 163 162
164 162 163
164 165 162
166 162 165
166 165 167
167 165 168
169 168 165
169 165 170
165 164 170
160 171 158
158 171 172
173 174 175
173 175 176
177 178 179
177 179 180
181 182 183
181 183 184
185 186 187
185 187 188
187 189 190
187 190 191
190 189 192
192 189 193
192 193 194
194 193 195
194 195 196
197 198 199
197 199 200
201 202 203
201 203 204
205 206 207
205 207 208
208 207 209
209 210 208
209 211 210
212 210 211
212 213 210
214 215 216
214 216 217
218 219 220
218 220 221
222 223 219
222 224 223
225 226 227
228 226 225
227 226 229
229 226 230
230 226 231
231 226 232
233 234 226
235 233 226
234 236 226
236 237 226
237 238 226
238 239 226
240 241 242
241 243 242
241 244 243
240 242 245
245 242 246
242 247 246
248 246 247
248 249 246
250 246 249
250 249 251
251 249 252
252 249 253
249 248 253
252 253 254
243 255 242
242 255 256
257 258 259
257 259 260
261 262 263
261 263 264
265 266 267
265 267 268
269 270 271
269 271 272
273 274 275
273 275 276
277 278 279
277 279 280
279 278 281
281 278 282
281 282 283
283 282 284
283 284 285
286 287 288
286 288 289
289 288 290
290 291 289
290 292 291
293 291 292
293 294 291
295 296 288
295 288 297
298 299 300
298 300 301
302 303 304
302 304 305
306 307 308
307 309 308
307 310 309
306 311 307
311 312 307
313 310 307
307 314 313
307 312 315
316 315 312
316 312 317
318 317 312
318 319 317
319 320 317
321 317 320
316 317 321
321 320 322
323 324 325
323 325 326
327 328 329
327 329 330
331 332 333
331 333 334
335 336 337
335 337 338
339 340 341
339 341 342
343 344 345
343 345 346
347 348 349
347 349 350
349 351 350
351 352 350
351 353 352
353 354 352
353 355 354
356 357 358
356 358 359
357 360 358
360 357 361
360 361 362
363 362 361
363 361 364
365 366 367
365 367 368
369 370 371
369 371 372
372 371 373
372 373 374
375 374 373
375 373 376
375 376 377
375 377 378
379 380 373
379 381 380
382 381 379
382 383 381
373 380 384
373 384 385
385 384 386
385 386 387
388 389 390
388 390 391
392 390 389
392 393 390
394 395 388
394 396 395
397 395 396
397 398 395
399 400 401
402 399 401
403 401 404
405 401 403
406 407 408
406 408 409
410 411 412
410 412 413
414 415 416
414 416 417
415 418 416
415 419 418
418 419 420
418 420 421
420 422 421
420 423 422
424 418 425
424 425 426
427 424 426
427 426 428
425 418 429
425 429 430
429 431 430
429 432 431
433 434 435
433 435 436
437 436 435
437 435 438
439 433 440
439 440 441
442 441 440
442 440 443
444 445 446
444 446 447
448 449 450
448 450 451
452 453 454
452 454 455
453 456 454
453 457 456
456 457 458
456 458 459
458 460 459
458 461 460
462 456 463
462 463 464
465 462 464
465 464 466
467 463 456
467 456 468
468 469 467
468 470 469
471 472 473
471 473 474
475 474 473
475 473 476
477 471 478
477 478 479
480 479 478
480 478 481
477 482 483
477 483 484
485 483 482
485 486 483
484 487 488
484 488 489
490 488 487
490 491 488
492 493 494
495 493 492
496 497 493
498 496 493
499 500 501
499 501 502
503 504 505
503 505 506
507 508 509
507 509 510
510 509 511
510 511 512
512 511 513
512 513 514
514 513 515
514 515 516
517 518 511
517 519 518
520 519 517
520 521 519
511 518 522
511 522 523
523 522 524
523 524 525
526 527 528
526 528 529
530 531 532
530 532 533
534 535 536
537 536 535
537 535 538
534 536 539
539 536 540
541 536 537
536 541 542
536 543 540
544 540 543
544 545 540
546 540 545
546 545 547
547 545 548
545 549 548
545 550 549
544 550 545
551 552 553
551 553 554
555 556 557
555 557 558
559 560 561
559 561 562
563 564 565
563 565 566
567 568 569
567 569 570
571 572 573
571 573 574
575 576 577
575 577 578
577 576 579
579 576 580
579 580 581
581 580 582
581 582 583
584 585 586
584 586 587
587 586 588
588 589 587
588 590 589
591 589 590
591 592 589
593 594 595
593 595 596
597 598 599
597 599 600
601 602 603
604 602 601
603 602 605
605 602 606
606 602 607
607 602 608
609 610 602
611 609 602
610 612 602
612 613 602
613 614 602
614 615 602
616 617 618
618 617 619
618 619 620
616 621 617
621 622 617
617 623 619
617 622 624
625 624 622
625 622 626
627 626 622
627 628 626
628 629 626
629 630 626
630 625 626
629 631 630
617 632 623
633 634 635
633 635 636
637 638 639
637 639 640
641 642 643
641 643 644
645 646 647
645 647 648
649 650 651
649 651 652
653 654 652
653 652 655
652 656 655
656 657 655
656 658 657
658 659 657
658 660 659
661 662 663
661 663 664
665 666 667
665 667 668
666 669 667
669 666 670
669 670 671
672 671 670
672 670 673
674 675 676
674 676 677
678 679 680
678 680 681
682 681 683
682 683 684
685 686 687
688 685 687
686 689 687
689 690 687
690 691 687
691 692 687
693 687 694
695 687 693
694 687 696
696 687 697
697 687 698
698 687 699
700 701 702
703 702 701
703 701 704
700 705 701
705 706 701
701 707 704
701 706 708
709 708 706
709 706 710
711 710 706
711 712 710
712 713 710
714 710 713
714 715 710
715 709 710
701 716 707
717 718 719
717 719 720
721 722 723
721 723 724
725 726 727
725 727 728
729 730 731
729 731 732
733 734 735
733 735 736
737 738 739
737 739 740
739 741 740
741 742 740
741 743 742
743 744 742
743 745 744
746 747 748
746 748 749
747 750 748
750 747 751
750 751 752
753 752 751
753 751 754
755 756 757
755 757 758
759 760 761
759 761 762
763 764 765
766 765 764
766 764 767
763 765 768
768 765 769
770 765 766
765 770 771
765 772 769
773 769 772
773 774 769
775 769 774
775 774 776
776 774 777
774 778 777
774 779 778
773 779 774
780 781 782
780 782 783
784 785 786
784 786 787
788 789 790
788 790 791
792 793 794
792 794 795
796 797 798
796 798 799
800 801 802
800 802 803
804 805 806
804 806 807
806 805 808
808 805 809
808 809 810
810 809 811
810 811 812
813 814 815
813 815 816
816 815 817
817 818 816
817 819 818
820 818 819
820 821 818
822 823 824
822 824 825
826 827 828
826 828 829
827 830 828
827 831 830
831 832 830
831 833 832
833 834 832
833 835 834
836 830 837
836 837 838
839 836 838
839 838 840
830 841 837
830 842 841
842 843 841
842 844 843
845 846 847
845 847 848
849 848 847
849 847 850
851 845 852
851 852 853
854 853 852
854 852 855
856 857 858
859 857 856
860 861 857
862 860 857
863 864 865
863 865 866
867 868 869
867 869 870
871 872 873
871 873 874
874 873 875
874 875 876
875 877 876
875 878 877
877 878 879
877 879 880
881 882 875
881 883 882
884 883 881
884 885 883
886 875 882
886 887 875
887 886 888
887 888 889
890 891 892
890 892 893
894 892 891
894 895 892
896 897 890
896 898 897
899 897 898
899 900 897
901 902 903
901 903 904
905 906 907
905 907 908
909 910 911
909 911 912
912 911 913
912 913 914
913 915 914
913 916 915
915 916 917
915 917 918
919 920 913
919 921 920
922 921 919
922 923 921
920 924 913
920 925 924
924 925 926
924 926 927
928 929 930
928 930 931
932 930 929
932 933 930
934 935 928
934 936 935
937 935 936
937 938 935
934 939 940
934 940 941
942 941 940
942 940 943
939 944 945
939 945 946
947 946 945
947 945 948
949 950 951
952 949 951
953 951 954
955 951 953
956 957 958
956 958 959
960 961 962
960 962 963
964 965 966
964 966 967
968 969 970
968 970 971
969 972 970
969 973 972
974 972 973
974 975 972
974 976 975
974 977 976
978 972 979
978 979 980
981 978 980
981 980 982
972 983 979
972 984 983
984 985 983
984 986 985
987 988 989
987 989 990
991 992 993
991 993 994
995 996 997
998 997 996
998 996 999
1000 997 998
1000 1001 997
1002 997 1001
1003 998 999
1003 999 1004
1005 1000 998
1005 998 1006
1007 1003 1004
1007 1005 1003
1002 1008 1009
1002 1009 1010
1011 1008 1000
1011 1012 1008
1013 1010 1009
1013 1009 1011
1014 1011 1000
1014 1000 1015
1007 1014 1015
1016 1013 1011
1016 1011 1014
1007 1016 1014
1002 1017 1018
1019 1018 1017
1019 1017 1013
1020 1018 1019
1020 1021 1018
995 1018 1021
1022 1019 1013
1022 1013 1023
1024 1020 1019
1024 1019 1025
1026 1022 1023
1026 1024 1022
995 1027 1028
995 1028 1029
1030 1027 1020
1030 1031 1027
999 1029 1028
999 1028 1030
1032 1030 1020
1032 1020 1033
1026 1032 1033
1034 999 1030
1034 1030 1032
1026 1034 1032
1035 1036 1037
1038 1037 1036
1038 1036 1039
1040 1037 1038
1040 1041 1037
1042 1037 1041
1043 1038 1039
1043 1039 1044
1045 1040 1038
1045 1038 1046
1047 1043 1044
1047 1045 1043
1042 1048 1049
1042 1049 1050
1051 1048 1040
1051 1052 1048
1053 1050 1049
1053 1049 1051
1054 1051 1040
1054 1040 1055
1056 1053 1051
1056 1051 1054
1057 1054 1055
1057 1056 1054
1042 1058 1059
1060 1059 1058
1060 1058 1053
1061 1059 1060
1061 1062 1059
1035 1059 1062
1063 1060 1053
1063 1053 1064
1057 1063 1064
1065 1061 1060
1057 1065 1063
1065 1060 1066
1035 1067 1068
1035 1068 1069
1070 1067 1061
1070 1071 1067
1039 1069 1068
1039 1068 1070
1072 1070 1061
1072 1061 1073
1074 1039 1070
1074 1070 1072
1047 1072 1073
1047 1074 1072
1075 1076 1077
1075 1077 1078
1079 1076 1075
1079 1080 1076
1081 1080 1079
1081 1082 1080
1083 1082 1081
1083 1084 1082
1085 1075 1078
1085 1086 1075
1086 1079 1075
1086 1087 1079
1087 1081 1079
1087 1088 1081
1088 1083 1081
1088 1089 1083
1084 1090 1082
1084 1091 1090
1085 1092 1093
1092 1094 1093
1092 1095 1094
1093 1094 1096
1093 1096 1097
1097 1096 1098
1097 1098 1099
1099 1098 1100
1099 1100 1101
1102 1093 1097
1085 1093 1102
1102 1097 1103
1103 1097 1099
1103 1099 1104
1104 1099 1101
1104 1101 1089
1098 1105 1100
1098 1106 1105
1085 1107 1108
1107 1109 1108
1107 1110 1109
1108 1109 1111
1108 1111 1112
1112 1111 1113
1112 1113 1114
1114 1113 1115
1114 1115 1116
1085 1108 1117
1117 1108 1112
1117 1112 1118
1118 1112 1114
1118 1114 1119
1119 1114 1116
1119 1116 1089
1113 1120 1115
1113 1121 1120
1122 1123 1106
1122 1106 1124
1125 1123 1122
1125 1126 1123
1095 1126 1125
1095 1127 1126
1128 1129 1121
1128 1121 1130
1131 1129 1128
1131 1132 1129
1110 1132 1131
1110 1133 1132
1134 1135 1136
1134 1137 1135
1138 1136 1135
1138 1139 1136
1140 1138 1135
1140 1135 1137
1141 1139 1138
1141 1142 1139
1143 1138 1140
1143 1144 1138
1145 1142 1141
1145 1141 1143
1134 1146 1147
1134 1148 1146
1149 1140 1147
1149 1147 1150
1151 1149 1146
1151 1146 1148
1152 1140 1149
1152 1153 1140
1145 1153 1152
1154 1152 1149
1154 1149 1151
1145 1152 1154
1155 1151 1156
1155 1156 1157
1158 1157 1156
1158 1159 1157
1160 1155 1157
1160 1157 1159
1161 1151 1155
1161 1162 1151
1163 1155 1160
1163 1164 1155
1165 1162 1161
1165 1161 1163
1158 1166 1167
1158 1168 1166
1169 1160 1167
1169 1167 1170
1139 1169 1166
1139 1166 1168
1171 1160 1169
1171 1172 1160
1165 1172 1171
1173 1171 1169
1173 1169 1139
1165 1171 1173
1174 1175 1176
1177 1176 1175
1177 1178 1176
1179 1177 1175
1179 1175 1180
1181 1180 1175
1182 1178 1177
1182 1183 1178
1184 1177 1179
1184 1185 1177
1186 1183 1182
1186 1182 1184
1181 1187 1188
1181 1189 1187
1190 1179 1188
1190 1188 1191
1192 1190 1187
1192 1187 1189
1193 1179 1190
1193 1194 1179
1186 1194 1193
1195 1193 1190
1195 1190 1192
1196 1193 1195
1181 1197 1198
1199 1192 1198
1199 1198 1197
1200 1199 1197
1200 1197 1201
1174 1201 1197
1202 1192 1199
1202 1203 1192
1196 1203 1202
1204 1199 1200
1196 1202 1204
1204 1205 1199
1174 1206 1207
1174 1208 1206
1209 1200 1207
1209 1207 1210
1178 1209 1206
1178 1206 1208
1211 1200 1209
1211 1212 1200
1213 1211 1209
1213 1209 1178
1196 1212 1211
1186 1211 1213
1214 1215 1216
1214 1216 1217
1218 1215 1214
1218 1219 1215
1220 1219 1218
1220 1221 1219
1222 1221 1220
1222 1223 1221
1085 1214 1217
1085 1224 1214
1224 1218 1214
1224 1225 1218
1225 1220 1218
1225 1226 1220
1226 1222 1220
1226 1089 1222
1223 1227 1221
1223 1228 1227
1229 1230 1216
1229 1231 1230
1232 1231 1229
1232 1233 1231
1234 1227 1233
1234 1233 1232
1235 1236 1237
1235 1237 1238
1239 1235 1238
1239 1238 1240
1239 1240 1241
1239 1241 1242
1243 1244 1237
1243 1237 1245
1246 1244 1243
1246 1247 1244
1246 1241 1247
1246 1248 1241
1249 1250 1251
1249 1251 1252
1252 1251 1253
1251 1254 1253
1251 1255 1254
1254 1255 1256
1254 1256 1257
1258 1257 1256
1259 1257 1258
1260 1259 1258
1260 1261 1259
1260 1262 1261
1263 1261 1262
1263 1262 1264
1264 1265 1263
1264 1266 1265
1267 1268 1269
1267 1269 1270
1271 1269 1268
1271 1268 1272
1273 1271 1272
1273 1274 1271
1267 1275 1276
1267 1276 1277
1276 1278 1277
1276 1279 1278
1280 1278 1279
1280 1281 1278
1282 1283 1284
1282 1284 1285
1284 1283 1286
1284 1286 1287
1286 1288 1287
1289 1290 1291
1289 1291 1292
1291 1290 1293
1291 1293 1294
1295 1296 1297
1295 1297 1298
1299 1295 1298
1299 1298 1300
1301 1299 1300
1301 1300 1302
1303 1304 1305
1304 1306 1305
1307 1308 1309
1307 1309 1310
1311 1310 1309
1307 1312 1308
1307 1313 1312
1312 1313 1314
1312 1314 1315
1314 1316 1315
1317 1315 1316
1317 1318 1315
1319 1320 1321
1322 1323 1324
1322 1324 1325
1323 1326 1324
1323 1327 1326
1326 1327 1328
1326 1328 1329
1330 1328 1331
1330 1331 1332
1331 1333 1332
1333 1334 1332
1333 1335 1334
1336 1334 1337
1336 1337 1338
1336 1338 1339
1336 1339 1340
1341 1337 1334
1342 1343 1344
1342 1344 1345
1346 1342 1345
1346 1345 1347
1348 1346 1347
1349 1350 1351
1349 1351 1352
1353 1349 1352
1353 1352 1354
1355 1353 1354
1355 1354 1356
1357 1358 1359
1357 1359 1360
1361 1360 1359
1362 1363 1364
1362 1364 1365
1364 1363 1366
1364 1366 1367
1366 1368 1367
1368 1369 1367
1368 1370 1369
1371 1362 1365
1368 1372 1370
1369 1370 1373
1370 1374 1373
1373 1374 1375
1374 1376 1375
1374 1377 1376
1370 1378 1374
1379 1380 1376
1381 1382 1377
1383 1384 1379
1383 1385 1384
1386 1387 1383
1386 1383 1388
1387 1385 1389
1390 1387 1391
1390 1391 1392
1390 1392 1393
1394 1393 1392
1395 1393 1394
1395 1394 1396
1397 1395 1396
1397 1398 1395
1399 1398 1397
1392 1391 1400
1401 1402 1388
1402 1401 1403
1402 1403 1404
1405 1402 1404
1406 1405 1404
1406 1407 1405
1408 1407 1406
1408 1406 1409
1410 1408 1409
1403 1401 1411
1412 1401 1400
1412 1400 1413
1414 1411 1415
1415 1416 1414
1415 1417 1416
1418 1419 1417
1420 1416 1421
1422 1423 1421
1422 1424 1423
1425 1422 1378
1425 1378 1426
1427 1425 1426
1427 1426 1428
1426 1378 1428
1427 1428 1429
1430 1429 1428
1431 1429 1430
1431 1430 1432
1433 1431 1432
1433 1434 1431
1435 1434 1433
1424 1436 1425
1437 1438 1439
1437 1439 1440
1437 1440 1441
1442 1438 1437
1442 1437 1443
1441 1440 1444
1441 1444 1445
1446 1445 1444
1447 1446 1444
1448 1446 1447
1448 1447 1449
1448 1449 1450
1451 1450 1449
1451 1452 1450
1452 1451 1453
1452 1453 1454
1442 1455 1456
1442 1456 1457
1456 1458 1457
1456 1459 1458
1456 1460 1459
1459 1460 1461
1459 1461 1462
1463 1462 1461
1464 1462 1463
1465 1464 1463
1465 1466 1464
1465 1467 1466
1468 1466 1467
1468 1467 1469
1469 1470 1468
1469 1471 1470
1472 1473 1474
1472 1474 1475
1476 1475 1474
1476 1477 1475
1477 1476 1478
1479 1480 1481
1479 1481 1482
1481 1483 1482
1481 1484 1483
1485 1486 1487
1485 1487 1488
1485 1489 1486
1485 1490 1489
1491 1489 1490
1491 1492 1489
1493 1494 1495
1495 1494 1496
1497 1498 1499
1497 1499 1500
1497 1500 1501
1497 1501 1502
1501 1503 1502
1501 1504 1503
1505 1503 1504
1506 1505 1504
1506 1504 1507
1508 1509 1507
1508 1510 1509
1510 1508 1511
1510 1511 1512
1509 1513 1507
1514 1515 1516
1517 1518 1519
1520 1521 1522
1520 1522 1523
1523 1522 1524
1523 1524 1525
1525 1524 1526
1525 1526 1527
1528 1527 1529
1528 1529 1530
1531 1528 1530
1532 1531 1530
1532 1530 1533
1533 1534 1535
1534 1536 1535
1534 1537 1536
1533 1535 1538
1538 1539 1533
1540 1541 1542
1540 1542 1543
1544 1541 1540
1544 1545 1541
1545 1544 1546
1545 1546 1547
1548 1549 1550
1548 1550 1551
1549 1552 1550
1249 1553 1554
1249 1554 1555
1553 1556 1554
1554 1556 1557
1554 1557 1558
1558 1557 1559
1558 1559 1560
1561 1560 1559
1562 1561 1559
1563 1561 1562
1564 1563 1562
1564 1562 1565
1566 1564 1565
1566 1567 1564
1567 1566 1568
1567 1568 1569
1570 1571 1572
1570 1572 1573
1572 1574 1573
1572 1575 1574
1576 1574 1575
1576 1577 1574
1570 1578 1579
1570 1579 1580
1579 1578 1581
1579 1581 1582
1583 1582 1581
1583 1584 1582
1585 1586 1587
1585 1587 1588
1589 1588 1587
1589 1590 1588
1591 1590 1589
1592 1593 1594
1592 1594 1595
1594 1596 1595
1594 1597 1596
1598 1599 1600
1598 1600 1601
1598 1602 1599
1598 1603 1602
1604 1602 1603
1604 1605 1602
1606 1607 1608
1608 1607 1609
1610 1611 1612
1610 1612 1613
1610 1613 1614
1610 1614 1615
1614 1616 1615
1614 1617 1616
1618 1616 1617
1618 1617 1619
1618 1619 1620
1621 1622 1619
1621 1623 1622
1623 1621 1624
1623 1624 1625
1622 1626 1619
1627 1628 1629
1630 1631 1632
1633 1634 1635
1633 1635 1636
1636 1635 1637
1636 1637 1638
1638 1637 1639
1638 1639 1640
1641 1640 1639
1641 1639 1642
1643 1641 1642
1644 1643 1642
1644 1642 1645
1645 1646 1647
1646 1648 1647
1646 1649 1648
1645 1647 1650
1650 1651 1645
1652 1653 1654
1652 1654 1655
1656 1653 1652
1656 1657 1653
1657 1656 1658
1657 1658 1659
1660 1661 1662
1660 1662 1663
1661 1664 1662
1665 1666 1667
1665 1667 1668
1667 1666 1669
1667 1669 1670
1669 1671 1670
1672 1673 1674
1672 1674 1675
1674 1673 1676
1674 1676 1677
1678 1679 1680
1678 1680 1681
1682 1678 1681
1682 1681 1683
1684 1682 1683
1684 1683 1685
1686 1687 1688
1687 1689 1688
1690 1691 1692
1690 1692 1693
1690 1694 1691
1690 1695 1694
1694 1695 1696
1694 1696 1697
1696 1698 1697
1699 1697 1698
1699 1700 1697
1701 1702 1700
1701 1703 1702
1703 1704 1702
1703 1705 1704
1706 1701 1700
1707 1708 1709
1710 1711 1712
1713 1714 1715
1713 1715 1716
1714 1717 1715
1714 1718 1717
1717 1718 1719
1717 1719 1720
1721 1719 1722
1721 1722 1723
1722 1724 1723
1724 1725 1723
1724 1726 1725
1725 1727 1728
1725 1728 1729
1729 1728 1730
1729 1730 1731
1732 1727 1725
1733 1734 1735
1733 1735 1736
1737 1733 1736
1737 1736 1738
1739 1737 1738
1739 1738 1740
1741 1742 1743
1741 1743 1744
1745 1744 1743
1746 1747 1748
1746 1748 1749
1750 1749 1748
1750 1751 1749
1749 1752 1746
1752 1749 1753
1754 1753 1749
1755 1754 1749
1751 1755 1756
1757 1758 1759
1757 1759 1760
1761 1759 1758
1761 1762 1759
1763 1764 1765
1763 1765 1766
1767 1763 1766
1767 1766 1768
1766 1765 1769
1769 1770 1766
1771 1766 1770
1772 1766 1771
1768 1773 1772
1774 1775 1776
1774 1776 1777
1778 1775 1774
1778 1774 1779
1780 1781 1782
1782 1783 1780
1780 1784 1781
1780 1785 1784
1786 1780 1783
1780 1786 1787
1780 1787 1788
1780 1788 1789
1790 1791 1792
1790 1792 1793
1794 1792 1791
1794 1795 1792
1792 1796 1793
1796 1792 1797
1798 1797 1792
1799 1798 1792
1795 1799 1800
1801 1802 1803
1801 1803 1804
1805 1803 1802
1805 1806 1803
1807 1808 1809
1807 1809 1810
1811 1807 1810
1811 1810 1812
1810 1809 1813
1813 1814 1810
1815 1810 1814
1816 1810 1815
1812 1817 1816
1818 1819 1820
1818 1820 1821
1822 1819 1818
1822 1818 1823
1824 1825 1826
1825 1827 1828
1827 1826 1829
1827 1829 1830
1827 1831 1832
1832 1833 1824
1827 1834 1831
1824 1835 1834
1836 1837 1838
1836 1838 1839
1837 1840 1838
1838 1840 1841
1838 1841 1842
1841 1843 1842
1841 1844 1843
1845 1843 1844
1846 1845 1844
1847 1845 1846
1847 1846 1848
1847 1848 1849
1850 1849 1848
1850 1851 1849
1851 1850 1852
1851 1852 1853
1854 1855 1856
1854 1856 1857
1858 1857 1856
1858 1859 1857
1860 1859 1858
1860 1858 1861
1854 1862 1863
1854 1863 1864
1863 1862 1865
1863 1865 1866
1867 1866 1865
1867 1865 1868
1869 1870 1871
1869 1871 1872
1871 1873 1872
1871 1874 1873
1873 1874 1875
1876 1877 1878
1876 1878 1879
1878 1880 1879
1878 1881 1880
1882 1883 1884
1882 1884 1885
1886 1883 1882
1886 1887 1883
1888 1887 1886
1888 1889 1887
1890 1891 1892
1892 1891 1893
1894 1895 1896
1894 1896 1897
1894 1897 1898
1894 1898 1899
1898 1900 1899
1898 1901 1900
1900 1901 1902
1903 1902 1901
1903 1901 1904
1905 1906 1904
1905 1904 1907
1905 1907 1908
1905 1908 1909
1910 1904 1906
1911 1912 1913
1914 1915 1916
1917 1918 1919
1917 1919 1920
1920 1919 1921
1920 1921 1922
1921 1923 1922
1921 1924 1923
1925 1926 1923
1925 1927 1926
1926 1927 1928
1928 1927 1929
1928 1929 1930
1931 1932 1929
1931 1933 1932
1931 1934 1933
1931 1935 1934
1936 1929 1932
1937 1938 1939
1937 1939 1940
1941 1938 1937
1941 1942 1938
1943 1942 1941
1943 1944 1942
1945 1946 1947
1945 1947 1948
1949 1947 1946
1950 1951 1952
1953 1951 1954
1953 1954 1955
1956 1953 1955
1957 1953 1956
1958 1957 1956
1958 1959 1957
1958 1960 1959
1961 1959 1960
1962 1961 1960
1962 1963 1961
1964 1963 1962
1964 1962 1965
1966 1964 1965
1957 1967 1953
1959 1968 1957
1954 1969 1970
1971 1967 1972
1972 1973 1971
1972 1974 1973
1975 1974 1972
1976 1974 1975
1976 1975 1977
1978 1976 1977
1978 1979 1976
1980 1979 1978
1973 1981 1971
1981 1967 1971
1981 1982 1967
1982 1983 1984
1982 1984 1985
1983 1986 1981
1987 1985 1988
1989 1990 1987
1989 1987 1991
1991 1992 1989
1990 1993 1994
1995 1996 1992
1995 1997 1996
1995 1998 1997
1999 1997 1998
2000 1999 1998
2000 2001 1999
2002 2001 2000
2002 2000 2003
2004 2002 2003
1996 1997 2005
2006 1996 2007
2006 2007 2008
2009 2010 2007
2009 2011 2010
2009 2012 2011
2013 2012 2009
2014 2012 2013
2014 2013 2015
2016 2014 2015
2016 2017 2014
2018 2017 2016
2011 2019 2010
2019 2020 2021
2022 2020 2023
2022 2023 1969
2024 2019 2022
2024 2022 2005
2025 2026 2027
2025 2028 2026
2025 2029 2028
2030 2025 2027
2030 2031 2025
2032 2028 2029
2032 2033 2028
2034 2033 2032
2035 2033 2034
2036 2035 2034
2036 2037 2035
2036 2038 2037
2039 2037 2038
2039 2038 2040
2040 2041 2039
2040 2042 2041
2030 2043 2044
2044 2043 2045
2044 2045 2046
2044 2046 2047
2046 2048 2047
2046 2049 2048
2050 2048 2049
2051 2050 2049
2052 2050 2051
2052 2051 2053
2052 2053 2054
2055 2054 2053
2055 2056 2054
2056 2055 2057
2056 2057 2058
2030 2044 2059
2060 2061 2062
2060 2062 2063
2062 2061 2064
2062 2064 2065
2064 2066 2065
2067 2068 2069
2067 2069 2070
2071 2069 2068
2071 2068 2072
2073 2074 2075
2073 2075 2076
2073 2076 2077
2073 2077 2078
2079 2078 2077
2079 2077 2080
2081 2082 2083
2082 2084 2083
2085 2086 2087
2085 2087 2088
2085 2089 2086
2085 2090 2089
2089 2090 2091
2089 2091 2092
2093 2092 2091
2094 2092 2093
2094 2095 2092
2096 2095 2097
2096 2097 2098
2098 2099 2096
2098 2100 2099
2097 2095 2101
2102 2103 2104
2105 2106 2107
2108 2109 2110
2108 2110 2111
2109 2112 2110
2109 2113 2112
2113 2114 2112
2113 2115 2114
2116 2117 2115
2116 2118 2117
2119 2118 2116
2120 2118 2119
2120 2121 2118
2121 2122 2123
2121 2123 2124
2124 2123 2125
2124 2125 2126
2122 2121 2127
2128 2129 2130
2128 2130 2131
2132 2128 2131
2132 2131 2133
2133 2134 2132
2133 2135 2134
2136 2137 2138
2136 2138 2139
2140 2139 2138
1836 2141 2142
1836 2142 2143
2143 2142 2144
2142 2145 2144
2142 2146 2145
2147 2145 2146
2147 2148 2145
2149 2148 2147
2150 2148 2149
2151 2150 2149
2152 2150 2151
2152 2153 2150
2154 2153 2152
2154 2152 2155
2155 2156 2154
2155 2157 2156
2158 2159 2160
2158 2160 2161
2160 2159 2162
2160 2162 2163
2164 2163 2162
2164 2162 2165
2158 2166 2167
2158 2167 2168
2167 2169 2168
2167 2170 2169
2171 2169 2170
2171 2170 2172
2173 2174 2175
2173 2175 2176
2175 2174 2177
2175 2177 2178
2179 2178 2177
2180 2181 2182
2180 2182 2183
2184 2182 2181
2184 2181 2185
2186 2187 2188
2186 2188 2189
2190 2186 2189
2190 2189 2191
2192 2190 2191
2192 2191 2193
2194 2195 2196
2195 2197 2196
2198 2199 2200
2198 2200 2201
2198 2202 2199
2198 2203 2202
2202 2203 2204
2202 2204 2205
2206 2205 2204
2206 2207 2205
2206 2208 2207
2209 2210 2211
2212 2213 2214
2215 2216 2217
2215 2217 2218
2216 2219 2217
2216 2220 2219
2220 2221 2219
2220 2222 2221
2223 2221 2222
2223 2224 2221
2225 2224 2223
2226 2224 2225
2226 2227 2224
2227 2228 2229
2227 2229 2230
2230 2229 2231
2230 2231 2232
2228 2227 2233
2234 2235 2236
2234 2236 2237
2237 2238 2234
2237 2239 2238
2238 2239 2240
2241 2242 2243
2241 2243 2244
2245 2241 2244
2245 2244 2246
2246 2247 2245
2246 2248 2247
2249 2250 2251
2249 2251 2252
2253 2252 2251
2254 2255 2256
2254 2256 2257
2256 2258 2257
2256 2259 2258
2258 2259 2260
2261 2262 2263
2261 2263 2264
2263 2265 2264
2263 2266 2265
2267 2268 2269
2267 2269 2270
2267 2271 2268
2267 2272 2271
2273 2271 2272
2273 2274 2271
2275 2276 2277
2277 2276 2278
2279 2280 2281
2279 2281 2282
2279 2282 2283
2279 2283 2284
2283 2285 2284
2283 2286 2285
2285 2286 2287
2288 2287 2286
2288 2286 2289
2290 2291 2289
2290 2289 2292
2290 2292 2293
2290 2293 2294
2295 2289 2291
2296 2297 2298
2299 2300 2301
2302 2303 2304
2302 2304 2305
2305 2304 2306
2305 2306 2307
2306 2308 2307
2306 2309 2308
2310 2311 2308
2310 2312 2311
2311 2312 2313
2313 2312 2314
2313 2314 2315
2314 2316 2317
2316 2318 2317
2316 2319 2318
2314 2317 2320
2321 2314 2320
2322 2323 2324
2322 2324 2325
2326 2323 2322
2326 2327 2323
2328 2327 2326
2328 2329 2327
2330 2331 2332
2330 2332 2333
2334 2332 2331
2335 2336 2337
2335 2337 2338
2339 2337 2336
2339 2336 2340
2336 2335 2341
2342 2336 2341
2343 2336 2342
2344 2336 2343
2340 2345 2344
2346 2347 2348
2346 2348 2349
2350 2349 2348
2350 2348 2351
2352 2353 2354
2352 2354 2355
2356 2353 2352
2356 2357 2353
2353 2358 2354
2358 2353 2359
2360 2359 2353
2361 2360 2353
2357 2361 2362
2363 2364 2365
2363 2365 2366
2367 2363 2366
2367 2368 2363
2369 2370 2371
2370 2369 2372
2369 2371 2373
2369 2373 2374
2375 2372 2369
2369 2376 2375
2369 2377 2376
2369 2378 2377
2379 2380 2381
2379 2381 2382
2383 2382 2381
2383 2381 2384
2381 2380 2385
2386 2381 2385
2387 2381 2386
2388 2381 2387
2384 2389 2388
2390 2391 2392
2390 2392 2393
2394 2393 2392
2394 2392 2395
2396 2397 2398
2396 2398 2399
2400 2397 2396
2400 2401 2397
2397 2402 2398
2402 2397 2403
2404 2403 2397
2405 2404 2397
2401 2405 2406
2407 2408 2409
2407 2409 2410
2411 2407 2410
2411 2412 2407
2413 2414 2415
2415 2416 2413
2413 2417 2414
2418 2419 2417
2413 2420 2421
2420 2413 2422
2413 2421 2423
2413 2423 2424
2425 2426 2427
2425 2427 1077
2428 2426 2425
2428 2429 2426
2430 2429 2428
2430 1090 2429
2431 2432 2433
2434 2431 2433
2434 2435 2431
2435 2436 2431
2431 2436 2432
2435 2437 2436
2437 2438 2436
2436 2438 2432
2432 2438 2439
2438 2440 2439
2439 2440 2441
2439 2441 2442
2432 2439 2442
2442 2441 2443
2442 2443 2444
2438 2445 2440
2446 2445 2438
2446 2447 2445
2441 2448 2443
2447 2449 2445
2447 2450 2449
2450 2451 2449
2450 2452 2451
2452 2453 2451
2451 2453 2454
2453 2455 2454
2454 2455 2456
2454 2456 2457
2457 2456 2458
2457 2458 2459
2453 2460 2455
2461 2460 2453
2452 2461 2453
2461 2462 2460
2463 2454 2457
2451 2454 2463
2449 2451 2463
2463 2457 2464
2464 2457 2465
2464 2465 2466
2467 2464 2466
2463 2464 2467
2467 2466 2448
2468 2465 2458
2468 2458 2469
2470 2468 2469
2470 2469 2471
2472 2470 2471
2472 2471 2473
2474 2472 2473
2474 2473 2475
2476 2465 2468
2476 2477 2465
2478 2477 2476
2478 2479 2477
2480 2476 2468
2480 2468 2470
2480 2478 2476
2481 2480 2470
2481 2470 2472
2482 2481 2472
2482 2472 2474
2483 2481 2482
2483 2484 2481
2484 2480 2481
2485 2484 2483
2485 2486 2484
2487 2486 2485
2487 2488 2486
2488 2489 2486
2488 2490 2489
2490 2491 2489
2489 2491 2478
2491 2479 2478
2490 2492 2491
2492 2493 2491
2491 2493 2479
2492 2494 2493
2495 2492 2490
2488 2495 2490
2495 2496 2492
2496 2444 2492
2496 2497 2444
2498 2495 2488
2499 2495 2498
2500 2499 2498
2500 2498 2501
2501 2498 2488
2501 2488 2502
2500 2503 2499
2495 2504 2496
2504 2505 2496
2506 2494 2505
2506 2442 2494
2432 2442 2506
2507 2506 2497
2507 2432 2506
2507 2497 2508
2507 2433 2432
2509 2507 2508
2509 2508 2510
2507 2511 2433
2509 2511 2507
2434 2433 2511
2504 2512 2505
2513 2512 2504
2513 2514 2512
2515 2514 2513
2515 2513 2516
2517 2509 2510
2517 2510 2518
2517 2518 2519
2519 2518 2520
2511 2521 2434
2434 2521 2522
2522 2523 2434
2523 2524 2434
2521 2525 2522
2526 2522 2525
2522 2526 2527
2526 2525 2528
2528 2525 2529
2528 2529 2530
2531 2525 2521
2521 2532 2531
2525 2531 2533
2525 2533 2529
2532 2533 2531
2534 2533 2532
2519 2532 2535
2521 2535 2532
2521 2511 2535
2534 2532 2536
2536 2537 2534
2536 2538 2537
2519 2538 2536
2536 2532 2519
2519 2535 2517
2535 2509 2517
2539 2511 2509
2519 2520 2538
2540 2541 2537
2540 2537 2542
2542 2543 2540
2542 2544 2543
2515 2543 2544
2516 2543 2515
2543 2516 2545
2516 2513 2545
2540 2543 2546
2546 2541 2540
2546 2543 2545
2546 2545 2547
2548 2547 2545
2513 2504 2548
2548 2504 2549
2495 2549 2504
2503 2548 2549
2548 2503 2547
2503 2549 2499
2499 2549 2495
2550 2513 2548
2547 2503 2551
2551 2503 2552
2552 2503 2553
2554 2547 2551
2555 2554 2551
2551 2556 2555
2555 2557 2554
2557 2558 2554
2557 2559 2558
2554 2558 2560
2554 2560 2561
2561 2560 2546
2561 2547 2554
2546 2547 2561
2546 2560 2541
2562 2563 2564
2565 2566 2567
2568 2569 2570
2568 2570 2571
2572 2569 2568
2572 2573 2569
2574 2573 2572
2574 2575 2573
2576 2572 2568
2576 2568 2577
2578 2576 2577
2578 2577 2579
2579 2577 2580
2579 2580 2581
2582 2576 2578
2582 2583 2576
2583 2574 2572
2583 2572 2576
2584 2583 2582
2584 2585 2583
2585 2574 2583
2585 2586 2574
2575 2574 2586
2586 2587 2575
2587 2588 2575
2575 2588 2589
2587 2590 2588
2590 2591 2588
2590 2592 2591
2593 2591 2592
2593 2594 2591
2593 2595 2594
2593 2596 2595
2597 2595 2596
2597 2596 2598
2599 2597 2598
2599 2598 2600
2601 2599 2600
2594 2602 2591
2603 2589 2588
2603 2588 2591
2589 2603 2604
2589 2604 2605
2605 2604 2606
2605 2606 2607
2569 2605 2607
2569 2607 2608
2573 2605 2569
2573 2589 2605
2604 2609 2606
2604 2610 2609
2603 2610 2604
2603 2611 2610
2589 2573 2575
2612 2611 2603
2610 2613 2609
2610 2614 2613
2611 2614 2610
2615 2613 2614
2615 2616 2613
2617 2615 2614
2617 2614 2618
2611 2618 2614
2612 2618 2611
2619 2617 2618
2612 2619 2618
2619 2620 2617
2619 2621 2620
2619 2622 2621
2623 2617 2620
2621 2623 2620
2623 2624 2617
2624 2615 2617
2623 2625 2624
2623 2626 2625
2627 2626 2623
2627 2623 2621
2619 2612 2602
2619 2602 2622
2615 2628 2616
2615 2629 2628
2624 2629 2615
2628 2629 2630
2628 2630 2631
2631 2630 2632
2631 2632 2633
2630 2634 2632
2630 2635 2634
2635 2630 2629
2634 2636 2632
2632 2636 2637
2632 2637 2638
2634 2639 2636
2636 2640 2637
2636 2641 2640
2639 2641 2636
2641 2642 2640
2635 2629 2643
2624 2643 2629
2625 2643 2624
2644 2643 2625
2644 2625 2645
2646 2644 2645
2646 2645 2647
2648 2647 2645
2648 2649 2647
2650 2649 2648
2650 2648 2651
2649 2652 2647
2650 2652 2649
2652 2646 2647
2645 2625 2626
2645 2626 2648
2626 2651 2648
2626 2627 2651
2653 2654 2641
2639 2653 2641
2655 2656 2654
2657 2656 2655
2657 2658 2656
2659 2658 2657
2659 2633 2658
2660 2659 2657
2661 2659 2660
2662 2659 2661
2663 2662 2661
2663 2661 2664
2662 2638 2659
2661 2660 2665
2665 2664 2661
2660 2657 2666
2666 2657 2655
2666 2655 2667
2667 2655 2642
2668 2663 2664
2668 2669 2663
2668 2670 2669
2668 2671 2670
2672 2671 2668
2672 2673 2671
2674 2673 2672
2674 2672 2675
2674 2675 2676
2674 2676 2677
2678 2675 2672
2676 2675 2678
2678 2672 2679
2679 2672 2668
2678 2679 2680
2678 2680 2681
2682 2676 2678
2682 2678 2681
2683 2670 2671
2683 2684 2670
2685 2684 2683
2685 2686 2684
2687 2686 2685
2687 2688 2686
2689 2688 2687
2689 2570 2688
2690 2689 2687
2691 2689 2690
2691 2692 2689
2692 2608 2689
2692 2693 2608
2694 2691 2690
2694 2690 2695
2696 2692 2691
2696 2697 2692
2698 2697 2696
2698 2699 2697
2699 2580 2697
2699 2581 2580
2700 2698 2696
2700 2696 2701
2701 2696 2691
2701 2691 2694
2702 2700 2701
2702 2701 2703
2703 2701 2694
2697 2580 2571
2697 2571 2692
2703 2694 2704
2695 2704 2694
2704 2695 2705
2705 2695 2706
2695 2707 2706
2705 2706 2708
2708 2706 2709
2708 2709 2710
2709 2711 2710
2709 2712 2711
2713 2711 2712
2713 2712 2714
2713 2714 2715
2713 2715 2716
2716 2715 2717
2716 2717 2718
2712 2709 2719
2720 2709 2706
2720 2706 2707
2707 2685 2720
2707 2687 2685
2690 2687 2707
2720 2685 2683
2720 2683 2721
2707 2695 2690
2721 2683 2671
2721 2671 2673
2722 2721 2673
2722 2720 2721
2709 2720 2722
2719 2709 2722
2722 2673 2674
2674 2719 2722
2674 2677 2719
2718 2723 2724
2725 2726 2727
2728 2729 2730
2437 2731 2438
2577 2568 2693
2577 2693 2732
2733 2734 2735
2735 2734 2736
2735 2736 2737
2736 2738 2737
2736 2739 2738
2739 2740 2738
2733 2741 2734
2742 2741 2733
2742 2733 2743
2744 2745 2746
2744 2746 2747
2747 2746 2748
2747 2748 2749
2748 2750 2749
2751 2745 2744
2751 2744 2752
2751 2752 2753
2751 2753 2754
2755 2754 2753
2755 2753 2756
2756 2757 2755
2756 2758 2757
2757 2758 2759
2757 2759 2760
2761 2760 2759
2761 2759 2762
2763 2764 2765
2763 2765 2766
2766 2765 2767
2766 2767 2768
2768 2767 2769
2768 2769 2770
2770 2769 2771
2772 2773 2774
2772 2774 2775
2773 2776 2774
2777 2774 2776
2777 2775 2774
2777 2776 2778
2777 2778 2779
2777 2780 2775
2777 2781 2780
2773 2772 2782
2782 2772 2783
2782 2783 2784
2785 2777 2779
2785 2786 2777
2787 2786 2785
2786 2787 2788
2777 2786 2788
2777 2788 2781
2784 2789 2790
2791 2792 2793
2791 2793 2794
2792 2795 2793
2792 2796 2795
2796 2797 2795
2602 2612 2591
2612 2603 2591
2440 2798 2467
2440 2467 2441
2441 2467 2448
2463 2467 2798
2445 2799 2440
2445 2449 2799
2449 2463 2799
2800 2801 2802
2803 2804 2805
2806 2807 2808
2809 2810 2811
2812 2813 2814
2815 2812 2814
2815 2816 2812
2812 2817 2813
2817 2818 2813
2817 2819 2818
2818 2819 2820
2818 2820 2821
2821 2820 2822
2823 2824 2825
2823 2825 2826
2824 2827 2825
2824 2828 2827
2827 2828 2829
2830 2823 2826
2830 2831 2823
2830 2832 2831
2830 2833 2832
2834 2835 2833
2834 2836 2835
2836 2834 2837
2836 2837 2838
2837 2839 2838
2837 2840 2839
2841 2839 2840
2841 2842 2839
2843 2844 2845
2843 2845 2846
2844 2847 2845
2844 2848 2847
2848 2849 2847
2848 2850 2849
2850 2851 2849
2852 2853 2854
2852 2854 2855
2855 2854 2856
2857 2856 2854
2857 2854 2853
2857 2858 2856
2857 2853 2859
2855 2860 2852
2860 2861 2852
2860 2862 2861
2863 2859 2864
2863 2865 2858
2862 2866 2867
2868 2865 2869
2868 2869 2870
2869 2864 2871
2869 2871 2870
2872 2873 2874
2872 2874 2875
2875 2874 2876
2875 2876 2877
2877 2876 2878
2879 2880 2881
2879 2881 2882
2883 2879 2882
2883 2884 2879
2882 2881 2885
2883 2882 2885
2885 2881 2886
2886 2881 2880
2886 2880 2887
2887 2880 2680
2887 2680 2888
2680 2679 2888
2679 2664 2888
2679 2668 2664
2665 2888 2664
2880 2879 2681
2880 2681 2680
2681 2879 2884
2681 2884 2682
2889 2890 2891
2891 2892 2889
2480 2893 2478
2489 2478 2893
2486 2489 2894
2486 2894 2484
2484 2894 2480
2895 2896 2897
2898 2896 2895
2898 2895 2899
2899 2895 2900
2895 2897 2900
2899 2900 2901
2901 2900 2902
2900 2897 2902
2897 2903 2902
2902 2903 2904
2903 2905 2904
2903 2906 2905
2897 2906 2903
2906 2907 2905
2906 2908 2907
2902 2904 2909
2910 2902 2909
2910 2909 2911
2905 2907 2912
2911 2909 2913
2911 2913 2914
2914 2913 2915
2914 2915 2916
2916 2915 2917
2915 2918 2917
2917 2918 2919
2918 2920 2919
2918 2921 2920
2921 2922 2920
2921 2923 2922
2917 2919 2924
2925 2917 2924
2916 2917 2925
2925 2924 2926
2927 2921 2918
2915 2927 2918
2913 2927 2915
2927 2928 2921
2928 2929 2921
2928 2930 2929
2931 2930 2928
2927 2931 2928
2931 2912 2930
2932 2922 2929
2932 2933 2922
2934 2933 2932
2934 2935 2933
2936 2935 2934
2936 2937 2935
2938 2937 2936
2938 2939 2937
2940 2932 2929
2940 2929 2941
2942 2940 2941
2942 2941 2943
2944 2934 2932
2944 2932 2940
2944 2940 2942
2945 2936 2934
2945 2934 2944
2946 2938 2936
2946 2936 2945
2947 2946 2945
2947 2945 2948
2948 2945 2944
2949 2947 2948
2949 2948 2950
2951 2949 2950
2951 2950 2952
2952 2950 2953
2952 2953 2954
2954 2953 2955
2953 2942 2955
2955 2942 2943
2954 2955 2956
2956 2955 2957
2955 2943 2957
2956 2957 2958
2959 2954 2956
2952 2954 2959
2959 2956 2960
2960 2956 2908
2960 2908 2961
2962 2952 2959
2963 2962 2959
2964 2962 2963
2964 2965 2962
2965 2952 2962
2965 2966 2952
2964 2963 2967
2959 2960 2968
2968 2960 2969
2970 2969 2958
2970 2958 2906
2897 2970 2906
2971 2961 2970
2971 2970 2897
2971 2972 2961
2971 2897 2896
2973 2972 2971
2973 2974 2972
2971 2896 2975
2973 2971 2975
2898 2975 2896
2968 2969 2976
2977 2968 2976
2977 2976 2978
2979 2977 2978
2979 2980 2977
2981 2974 2973
2981 2982 2974
2981 2983 2982
2983 2984 2982
2975 2898 2985
2898 2986 2985
2986 2898 2987
2987 2898 2988
2985 2986 2989
2990 2989 2986
2986 2991 2990
2990 2992 2989
2992 2993 2989
2992 2994 2993
2995 2985 2989
2985 2995 2996
2989 2993 2997
2989 2997 2995
2998 2996 2997
2983 2999 2996
2985 2996 2999
2985 2999 2975
2998 3000 2996
3000 2998 3001
3000 3001 3002
2983 3000 3002
3000 2983 2996
2983 2981 2999
2999 2981 2973
3003 2973 2975
2983 3002 2984
2996 2995 3004
3005 3006 3007
3008 3009 3010
3011 3012 3013
3011 3013 3014
3015 3011 3014
3015 3014 3016
3017 3015 3016
3017 3016 3018
3019 3011 3015
3019 3020 3011
3021 3020 3019
3021 3022 3020
3022 3023 3020
3022 3024 3023
3025 3021 3019
3025 3019 3026
3026 3019 3015
3026 3015 3017
3027 3025 3026
3027 3026 3028
3028 3026 3017
3028 3017 3029
3018 3029 3017
3029 3018 3030
3030 3018 3031
3018 3032 3031
3030 3031 3033
3033 3031 3034
3033 3034 3035
3036 3035 3034
3036 3034 3037
3036 3037 3038
3036 3038 3039
3040 3039 3038
3040 3041 3039
3042 3041 3040
3042 3043 3041
3044 3043 3042
3037 3034 3045
3046 3034 3031
3046 3031 3032
3032 3047 3046
3032 3048 3047
3048 3049 3047
3048 3050 3049
3014 3050 3048
3014 3051 3050
3016 3014 3048
3016 3048 3032
3047 3049 3052
3047 3052 3053
3046 3047 3053
3046 3053 3054
3032 3018 3016
3055 3046 3054
3053 3052 3056
3053 3056 3057
3054 3053 3057
3058 3057 3056
3058 3056 3059
3060 3057 3058
3060 3061 3057
3054 3057 3061
3055 3054 3061
3062 3061 3060
3055 3061 3062
3062 3060 3063
3062 3063 3064
3062 3064 3065
3066 3063 3060
3064 3063 3066
3066 3060 3067
3067 3060 3058
3066 3067 3068
3066 3068 3069
3070 3064 3066
3070 3066 3069
3062 3065 3045
3062 3045 3055
3045 3034 3055
3058 3059 3071
3068 3067 3072
3067 3073 3072
3071 3074 3073
3071 3075 3074
3075 3076 3074
3075 3077 3076
3074 3076 3078
3074 3078 3079
3079 3072 3073
3079 3073 3074
3078 3076 3080
3076 3081 3080
3076 3082 3081
3078 3080 3083
3080 3081 3084
3080 3084 3085
3083 3080 3085
3085 3084 3086
3058 3071 3073
3067 3058 3073
3083 3085 3087
3087 3085 3088
3089 3090 3082
3089 3091 3090
3092 3091 3089
3092 3093 3091
3091 3094 3090
3091 3095 3094
3095 3091 3093
3094 3096 3090
3090 3096 3097
3090 3097 3077
3094 3098 3096
3096 3099 3097
3096 3100 3099
3100 3088 3099
3098 3100 3096
3098 3101 3100
3101 3086 3100
3102 3093 3092
3102 3092 3103
3102 3103 3104
3102 3104 3105
3106 3102 3105
3106 3105 3107
3108 3106 3107
3108 3109 3106
3108 3110 3109
3108 3111 3110
3112 3106 3109
3110 3112 3109
3112 3113 3106
3113 3102 3106
3112 3114 3113
3112 3115 3114
3116 3115 3112
3116 3112 3110
3117 3105 3104
3117 3104 3118
3119 3117 3118
3119 3118 3120
3121 3119 3120
3121 3120 3122
3123 3121 3122
3123 3122 3013
3124 3121 3123
3125 3124 3123
3125 3123 3126
3126 3123 3051
3126 3051 3127
3128 3124 3125
3128 3129 3124
3130 3125 3126
3130 3126 3131
3132 3130 3131
3132 3131 3133
3133 3131 3023
3133 3023 3024
3134 3130 3132
3134 3135 3130
3135 3128 3125
3135 3125 3130
3136 3135 3134
3136 3137 3135
3137 3128 3135
3131 3126 3012
3131 3012 3023
3137 3138 3128
3129 3128 3138
3138 3139 3129
3139 3140 3129
3129 3140 3141
3139 3142 3140
3142 3143 3140
3142 3144 3143
3143 3144 3145
3143 3145 3146
3147 3146 3145
3147 3148 3146
3147 3149 3148
3147 3150 3149
3150 3151 3149
3150 3152 3151
3146 3153 3143
3154 3141 3140
3154 3140 3143
3141 3154 3119
3141 3119 3121
3124 3141 3121
3154 3117 3119
3154 3155 3117
3141 3124 3129
3155 3105 3117
3155 3107 3105
3156 3107 3155
3156 3155 3154
3143 3156 3154
3153 3156 3143
3156 3108 3107
3108 3156 3153
3108 3153 3111
3152 3157 3158
3159 3160 3161
3162 3163 3164
2901 2902 3165
3020 3166 3127
3020 3127 3011
3167 3168 3169
3168 3170 3169
3168 3171 3170
3170 3171 3172
3170 3172 3173
3173 3172 3174
3167 3169 3175
3176 3167 3175
3176 3177 3167
3178 3179 3180
3178 3180 3181
3179 3182 3180
3179 3183 3182
3182 3183 3184
3185 3178 3181
3185 3186 3178
3185 3187 3186
3185 3188 3187
3189 3187 3188
3189 3190 3187
3190 3189 3191
3190 3191 3192
3191 3193 3192
3191 3194 3193
3195 3193 3194
3195 3196 3193
3197 3198 3199
3197 3199 3200
3198 3201 3199
3198 3202 3201
3202 3203 3201
3202 3204 3203
3204 3205 3203
3206 3207 3208
3206 3208 3209
3209 3208 3210
3211 3210 3208
3211 3208 3207
3211 3212 3210
3211 3213 3212
3211 3207 3214
3211 3214 3215
3209 3216 3206
3216 3217 3206
3216 3218 3217
3219 3213 3211
3219 3211 3220
3221 3219 3220
3220 3222 3221
3211 3215 3222
3211 3222 3220
3218 3223 3224
3225 3226 3227
3225 3227 3228
3228 3227 3229
3228 3229 3230
3230 3229 3231
3232 3233 3234
3232 3234 3235
3236 3232 3235
3236 3237 3232
3235 3234 3238
3236 3235 3238
3238 3234 3239
3239 3234 3233
3239 3233 3240
3240 3233 3068
3240 3068 3072
3233 3232 3069
3233 3069 3068
3069 3232 3237
3069 3237 3070
2904 2931 3241
2904 2905 2931
2905 2912 2931
2927 3241 2931
2909 2904 3242
2909 3242 2913
2913 3242 2927
3243 3244 3245
3246 3247 3248
3249 3250 3251
3252 3253 3254
3255 3256 2967
3257 3255 2967
3258 3257 2967
3259 3257 3258
3260 3257 3259
3257 3260 3261
3260 3259 3262
3262 3259 3263
3262 3263 3264
3265 3258 2967
2967 3266 3265
2967 2963 3266
2963 2959 3266
2959 2968 3266
3265 3266 2968
2977 3265 2968
3267 3265 2977
3259 3268 3263
3259 3269 3268
3269 3259 3258
3265 3270 3258
2980 3270 2977
3271 3270 2980
2980 2979 3271
2979 3272 3271
3273 3271 3272
3273 3274 3271
3274 3273 3275
3274 3275 3276
3274 3277 3271
3277 3274 3276
3277 3258 3270
3277 3276 3268
3277 3270 3271
3277 3269 3258
3269 3277 3278
3279 3280 3281
3282 3280 3279
3282 3279 3283
3279 3281 3284
3284 3281 3285
3284 3285 3286
3285 3287 3286
3285 3288 3287
3288 3289 3287
3290 3291 3292
3290 3292 3293
3293 3292 3294
3293 3294 3295
3294 3296 3295
3297 3291 3290
3297 3290 3298
3297 3298 3299
3297 3299 3300
3301 3300 3302
3301 3302 3303
3303 3304 3301
3303 3305 3304
3304 3305 3306
3304 3306 3307
3308 3307 3306
3308 3306 3309
3310 3311 3312
3310 3312 3313
3313 3312 3314
3313 3314 3315
3315 3314 3316
3315 3316 3317
3317 3316 3318
3319 3320 3321
3319 3321 3322
3320 3323 3321
3324 3321 3323
3324 3322 3321
3324 3323 3325
3324 3326 3322
3320 3319 3327
3327 3319 3328
3327 3328 3329
3330 3331 3326
3330 3325 3332
3329 3333 3334
3335 3336 3332
3335 3337 3336
3336 3337 3338
3336 3338 3331
3339 3340 3341
3339 3341 3342
3340 3343 3341
3340 3344 3343
3344 3345 3343
3346 3347 3348
3346 3348 3349
3350 3347 3346
3350 3346 3351
3347 3352 3348
3350 3352 3347
3352 3353 3348
3353 3349 3348
3353 3354 3349
3354 3114 3349
3354 3355 3114
3114 3355 3113
3113 3355 3093
3113 3093 3102
3095 3093 3355
3349 3114 3115
3349 3115 3346
3115 3351 3346
3115 3116 3351
3356 3357 3358
3357 3356 3359
2944 2942 3360
2953 3360 2942
2950 3361 2953
2950 2948 3361
2948 2944 3361
3055 3034 3046
