byte offset: 0
first index: 0
index count: 6858
topology: trianglelist
format: DXGI_FORMAT_R16_UINT

0 1 2
0 2 3
0 3 4
3 5 4
3 6 5
7 5 6
7 8 5
0 9 2
7 10 11
7 11 12
13 11 10
13 14 11
15 14 13
15 16 14
15 17 16
17 15 18
19 17 18
19 18 20
21 20 18
21 22 20
22 21 23
22 23 24
25 24 23
25 26 24
21 27 23
21 28 27
27 29 23
27 30 29
28 21 31
28 31 32
32 31 33
32 33 34
33 35 34
33 36 35
30 37 29
38 25 37
38 37 39
39 37 40
39 40 41
42 41 40
42 40 43
42 43 44
42 44 45
45 44 46
45 46 47
48 47 46
48 49 47
50 49 48
50 51 49
52 51 50
52 53 51
54 55 56
54 57 55
54 58 57
57 58 59
57 59 60
61 60 59
61 59 62
61 63 64
61 64 65
66 65 64
66 64 67
68 66 67
68 67 69
68 69 70
70 71 68
72 71 70
72 73 71
74 71 73
74 73 75
75 76 74
75 77 76
78 76 77
78 77 79
74 76 80
74 80 81
80 76 82
80 82 83
81 84 74
81 85 84
85 86 84
85 87 86
86 87 88
86 88 89
83 82 90
91 90 78
91 92 90
92 93 90
92 94 93
95 93 94
95 96 93
95 97 96
95 98 97
98 99 97
98 100 99
101 99 100
101 100 102
103 101 102
103 102 104
105 103 104
105 104 106
107 108 109
110 107 109
110 109 111
112 110 111
112 111 113
114 112 113
115 108 107
112 114 116
117 113 118
109 119 120
121 122 123
124 122 121
124 125 122
126 125 124
126 127 125
128 127 126
129 121 123
126 130 128
131 132 127
122 133 134
135 136 137
135 137 138
139 140 141
139 141 142
143 144 145
143 145 146
144 147 145
144 148 147
148 149 147
148 150 149
150 151 149
150 152 151
153 154 155
153 155 156
154 157 155
154 158 157
158 159 157
158 160 159
160 161 159
160 162 161
163 164 165
163 165 166
167 168 169
167 169 170
171 172 173
174 175 176
177 178 179
180 181 182
183 184 185
186 187 188
189 190 191
192 193 194
195 196 197
198 199 200
201 202 203
204 205 206
207 208 209
210 211 212
213 214 215
216 217 218
219 220 221
222 223 224
225 226 227
228 229 230
231 232 233
234 235 236
237 238 239
240 241 242
243 244 245
243 245 246
246 245 247
247 245 248
248 245 249
248 249 250
248 250 251
252 253 254
252 254 255
253 256 254
256 257 254
257 258 259
257 260 258
257 261 260
262 263 264
262 264 265
265 264 266
265 266 267
267 266 268
267 268 269
269 268 270
269 270 271
272 273 274
272 274 275
276 277 278
276 278 279
280 281 282
280 282 283
284 285 286
284 286 287
288 289 290
288 290 291
292 293 294
292 294 295
293 296 294
296 297 294
297 298 294
297 299 298
297 300 299
301 302 303
301 303 304
304 303 305
305 303 306
306 307 308
306 308 309
306 309 310
311 312 313
311 313 314
312 315 313
312 316 315
316 317 315
316 318 317
318 319 317
318 320 319
321 322 323
321 323 324
325 326 327
325 327 328
329 330 331
329 331 332
333 334 335
333 335 336
337 338 339
337 339 340
341 342 343
341 343 344
345 341 344
345 344 346
347 345 346
347 346 348
349 347 348
349 348 350
351 352 353
351 353 354
352 355 353
352 356 355
356 357 355
356 358 357
358 359 357
358 360 359
361 362 363
364 365 366
364 366 367
368 367 366
368 366 369
370 365 364
370 371 365
370 372 371
372 373 371
372 374 373
375 376 369
375 369 377
378 375 377
378 377 379
380 378 379
380 379 381
380 381 382
380 382 383
383 382 384
385 386 387
388 389 390
388 390 391
392 389 388
392 393 389
394 393 392
394 395 393
396 395 394
396 397 395
398 399 400
398 400 401
401 400 402
401 402 403
403 402 404
403 404 405
405 404 406
405 406 407
408 409 410
411 412 413
411 413 414
415 413 412
415 416 413
417 411 414
417 414 418
417 418 419
419 418 420
419 420 421
422 423 416
422 416 424
425 423 422
425 426 423
427 426 425
427 428 426
427 429 428
427 430 429
430 431 429
432 433 434
435 436 437
435 437 438
435 438 439
435 439 440
439 441 440
442 443 444
442 444 445
445 444 446
445 446 447
448 449 450
448 450 451
452 453 454
455 456 454
455 454 457
458 455 457
456 459 454
458 457 460
461 458 460
461 460 462
463 461 462
463 462 464
463 464 465
466 463 465
466 465 467
468 469 470
468 470 471
472 473 474
472 474 475
476 477 478
476 478 479
479 480 476
479 481 480
481 482 480
480 482 483
480 483 484
484 483 485
484 485 486
486 485 487
488 489 490
491 489 488
491 492 489
493 492 491
493 494 492
494 493 495
494 495 496
495 497 496
497 498 496
497 499 498
500 498 499
501 498 500
501 500 502
503 501 502
495 504 497
495 505 504
495 506 505
507 505 506
507 508 505
502 509 510
509 511 510
509 512 511
513 514 508
515 516 517
515 517 518
519 516 515
519 515 520
520 521 519
520 522 521
523 524 525
523 525 526
527 524 523
527 528 524
529 528 527
529 530 528
531 530 529
532 533 534
532 534 535
536 534 533
536 537 534
538 539 540
540 539 541
542 538 540
543 538 542
544 545 546
544 546 547
548 545 544
548 544 549
546 550 547
546 551 550
552 553 554
555 556 557
555 557 558
558 557 559
558 559 560
560 559 561
560 561 562
563 556 555
563 564 556
565 564 563
565 566 564
562 561 567
562 567 568
568 567 569
568 569 570
570 569 571
570 571 572
573 572 571
573 574 572
573 575 574
573 576 575
577 575 576
577 578 575
577 579 578
577 580 579
581 582 566
581 566 583
584 582 581
584 581 585
585 586 584
585 587 586
586 587 588
586 588 589
588 590 589
588 591 590
592 590 591
592 593 590
592 594 593
592 595 594
592 596 595
597 595 596
597 598 595
599 598 597
599 600 598
601 600 599
601 599 602
602 603 601
599 604 602
602 604 605
602 605 606
607 606 605
608 609 610
608 610 611
612 611 610
612 610 613
614 609 608
614 615 609
614 616 615
614 617 616
616 617 618
616 618 619
619 618 620
619 620 621
621 620 622
621 622 623
623 622 624
623 624 625
625 624 626
625 626 627
627 626 628
627 628 629
629 628 37
629 37 630
30 630 37
631 632 633
631 634 635
631 635 636
636 635 637
636 637 638
613 638 637
613 637 612
639 640 641
642 643 644
642 644 645
643 642 646
643 646 647
648 645 644
648 649 645
650 649 648
650 648 651
36 650 651
36 651 35
652 653 654
652 655 653
655 656 653
657 658 659
657 659 660
661 658 657
662 663 664
662 664 665
662 665 666
662 666 667
668 664 663
668 663 669
670 668 669
670 671 668
666 672 667
666 673 672
672 673 674
672 674 675
674 676 675
674 677 676
677 678 676
679 680 681
679 681 682
683 684 685
686 687 688
689 690 691
689 692 693
689 694 692
689 695 694
694 695 696
694 696 697
698 694 697
697 699 698
697 700 699
697 701 700
701 697 696
701 696 702
703 704 705
703 705 706
707 708 704
706 709 710
709 711 710
711 709 712
711 712 713
714 713 712
714 712 715
710 716 706
714 715 717
714 717 718
717 719 718
717 720 719
720 721 719
722 723 707
722 724 723
723 724 725
726 724 722
726 722 727
727 722 728
722 704 728
704 722 729
728 730 727
728 731 730
732 733 734
733 732 735
736 733 735
736 735 737
738 732 734
738 734 739
738 739 740
741 740 739
741 742 740
743 742 741
743 744 742
744 743 745
744 745 746
747 748 749
747 749 750
751 752 753
754 751 753
755 756 757
757 758 759
757 759 760
761 760 762
763 764 765
763 765 766
767 766 765
767 768 766
769 768 767
769 770 768
771 770 769
771 769 772
773 771 772
763 774 764
763 775 774
774 775 776
777 778 779
780 781 778
780 778 782
783 784 781
783 781 785
779 786 787
779 787 788
789 786 779
790 791 792
790 792 793
794 795 790
794 796 795
797 798 799
797 799 800
801 802 803
801 803 804
805 806 807
805 807 808
807 809 808
810 811 812
810 812 813
814 815 816
816 815 817
816 817 818
818 817 819
818 819 820
820 819 821
822 823 824
822 824 825
824 823 826
827 828 826
827 829 828
827 830 829
826 828 831
832 833 825
832 825 834
828 832 834
828 835 832
836 837 838
839 840 841
839 841 842
843 844 845
846 847 848
847 846 849
849 850 847
849 851 850
849 852 851
847 853 848
853 854 848
854 853 855
852 856 851
852 857 856
858 856 857
858 857 859
860 861 862
863 864 865
863 865 866
863 866 867
868 869 870
871 872 873
871 873 874
875 876 877
875 877 878
879 878 877
879 880 878
881 882 879
883 881 879
884 881 883
884 883 885
886 884 885
886 887 884
886 885 888
888 889 886
890 891 892
893 894 895
896 897 898
899 900 901
902 903 904
905 906 907
908 909 910
908 910 911
912 913 914
912 914 915
916 917 918
916 918 919
920 921 922
920 922 923
920 924 921
920 925 924
924 925 926
927 928 929
927 929 930
928 931 929
928 932 931
933 934 935
933 935 936
937 938 939
940 941 938
942 941 940
940 938 943
943 938 944
942 945 941
946 945 942
946 947 945
948 947 946
948 949 947
948 950 949
951 950 948
951 952 950
953 954 955
953 955 956
957 958 959
957 959 960
961 962 963
961 963 964
962 961 965
962 965 966
966 965 967
965 968 967
965 969 968
969 970 968
969 971 970
971 972 970
973 974 975
976 973 975
976 975 977
978 976 977
978 977 979
979 980 978
979 981 980
980 981 982
982 981 983
982 983 984
985 984 983
986 985 983
986 987 985
988 987 986
980 982 989
980 989 990
980 990 991
992 991 990
992 990 993
987 994 995
995 994 996
995 996 997
998 993 999
1000 1001 1002
1000 1002 1003
1004 1000 1003
1004 1005 1000
1005 1004 1006
1005 1006 1007
1008 1009 1010
1008 1010 1011
1012 1008 1011
1012 1011 1013
1014 1012 1013
1014 1013 1015
1016 1014 1015
1017 1018 1019
1017 1019 1020
1021 1020 1019
1021 1019 1022
1023 1024 1025
1024 1026 1025
1027 1024 1023
1028 1027 1023
1029 1030 1031
1029 1031 1032
1033 1029 1032
1033 1034 1029
1031 1030 1035
1031 1035 1036
1037 1038 1039
1040 1041 1042
1040 1042 1043
1041 1044 1042
1041 1045 1044
1045 1046 1044
1045 1047 1046
1048 1040 1043
1048 1043 1049
1050 1048 1049
1050 1049 1051
1047 1052 1046
1047 1053 1052
1053 1054 1052
1053 1055 1054
1055 1056 1054
1055 1057 1056
1058 1056 1057
1058 1057 1059
1058 1059 1060
1058 1060 1061
1062 1061 1060
1062 1060 1063
1062 1063 1064
1062 1064 1065
1066 1067 1051
1066 1051 1068
1069 1066 1068
1069 1070 1066
1070 1069 1071
1070 1071 1072
1071 1073 1072
1071 1074 1073
1073 1074 1075
1073 1075 1076
1077 1076 1075
1077 1075 1078
1077 1078 1079
1077 1079 1080
1077 1080 1081
1082 1081 1080
1082 1080 1083
1084 1082 1083
1084 1083 1085
1086 1084 1085
1086 1087 1084
1087 1086 1088
1084 1087 1089
1087 1090 1089
1087 1091 1090
1092 1090 1091
1093 1094 1095
1093 1095 1096
1097 1095 1094
1097 1098 1095
1099 1093 1096
1099 1096 1100
1099 1100 1101
1099 1101 1102
1101 1103 1102
1101 1104 1103
1104 1105 1103
1104 1106 1105
1106 1107 1105
1106 1108 1107
1108 1109 1107
1108 1110 1109
1110 1111 1109
1110 1112 1111
1112 1113 1111
1112 1114 1113
1114 90 1113
1114 1115 90
83 90 1115
1116 1117 1118
1116 1119 1120
1116 1120 1121
1119 1122 1120
1119 1123 1122
1098 1122 1123
1098 1097 1122
1124 1125 1126
1127 1128 1129
1127 1129 1130
1130 1131 1127
1130 1132 1131
1133 1129 1128
1133 1128 1134
1135 1133 1134
1135 1136 1133
89 1136 1135
89 88 1136
1137 1138 1139
1137 1139 1140
1140 1139 1141
1142 1143 1144
1142 1144 1145
1146 1142 1145
1147 1148 1149
1147 1149 1150
1147 1151 1148
1147 1152 1151
1153 1150 1149
1153 1154 1150
1155 1154 1153
1155 1153 1156
1151 1152 1157
1151 1157 1158
1157 1159 1158
1157 1160 1159
1159 1160 1161
1159 1161 1162
1162 1161 1163
1164 1165 1166
1164 1166 1167
1168 1169 1170
1171 1172 1173
1174 1175 1176
1174 1177 1178
1174 1178 1179
1174 1179 1180
1179 1181 1180
1179 1182 1181
1183 1182 1179
1182 1183 1184
1182 1184 1185
1182 1185 1186
1186 1181 1182
1186 1187 1181
1188 1189 1190
1188 1190 1191
1192 1191 1193
1189 1194 1195
1195 1194 1196
1196 1197 1195
1196 1198 1197
1199 1197 1198
1199 1200 1197
1194 1189 1201
1199 1202 1200
1199 1203 1202
1202 1203 1204
1202 1204 1205
1205 1204 1206
1207 1208 1191
1209 1208 1207
1210 1209 1207
1210 1207 1211
1191 1212 1207
1207 1213 1211
1213 1214 1211
1207 1192 1213
1208 1209 1215
1208 1215 1216
1217 1218 1219
1219 1220 1217
1221 1220 1219
1221 1222 1220
1223 1218 1217
1223 1224 1218
1223 1225 1224
1226 1224 1225
1226 1225 1227
1228 1226 1227
1228 1227 1229
1229 1230 1228
1229 1231 1230
1232 1233 1234
1232 1234 1235
1236 1237 1238
1239 1237 1236
1240 1241 1242
1241 1243 1244
1241 1245 1243
1246 1247 1245
1248 1249 1250
1248 1250 1251
1252 1250 1249
1252 1249 1253
1254 1252 1253
1254 1253 1255
1256 1254 1255
1256 1257 1254
1258 1257 1256
1248 1251 1259
1248 1259 1260
1259 1261 1260
1262 1263 1264
1265 1266 1264
1265 1264 1267
1268 1269 1267
1268 1267 1270
1263 1271 1272
1263 1272 1273
1274 1263 1273
1275 1276 1277
1275 1277 1278
1279 1275 1280
1279 1280 1281
1282 1283 1284
1282 1284 1285
1286 1287 1288
1286 1288 1289
1290 1291 1292
1290 1292 1293
1292 1291 1294
1295 1296 1297
1295 1297 1298
1299 1300 1301
1300 1302 1301
1300 1303 1302
1303 1304 1302
1303 1305 1304
1305 1306 1304
1307 1308 1309
1307 1309 1310
1309 1311 1310
1312 1311 1313
1312 1313 1314
1312 1314 1315
1311 1316 1313
1317 1318 1308
1313 1318 1317
1317 1308 1319
1313 1317 1320
1321 1322 1323
1324 1325 1326
1324 1326 1327
1328 1329 1330
1331 1332 1333
1333 1334 1331
1334 1333 1335
1334 1335 1336
1334 1336 1337
1333 1332 1338
1338 1332 1339
1339 1340 1338
1337 1336 1341
1337 1341 1342
1343 1342 1341
1343 1344 1342
1345 1346 1347
1348 1349 1350
1348 1351 1349
1348 1352 1351
1353 1354 1355
1356 1357 1358
1356 1358 1359
1360 1361 1362
1360 1362 1363
1364 1362 1361
1364 1361 1365
1366 1364 1367
1368 1364 1366
1369 1368 1366
1369 1370 1368
1371 1370 1369
1371 1369 1372
1371 1373 1370
1373 1371 1374
1375 1376 1377
1378 1379 1380
1381 1382 1383
1384 1385 1386
1387 1388 1389
1390 1391 1392
1393 1394 1395
1393 1395 1396
1397 1398 1399
1397 1399 1400
1401 1402 1403
1401 1403 1404
1405 1406 1407
1405 1407 1408
1409 1408 1407
1409 1407 1410
1410 1411 1409
1410 1412 1411
1413 1414 1415
1416 1413 1415
1416 1415 1417
1416 1417 1418
1419 1416 1418
1419 1418 1420
1419 1420 1421
1422 1419 1421
1422 1421 1423
1424 1425 1426
1427 1425 1424
1425 1427 1428
1424 1426 1429
1430 1425 1428
1431 1430 1428
1432 1430 1431
1433 1430 1432
1434 1433 1432
1435 1436 1437
1438 1435 1437
1438 1439 1435
1440 1439 1438
1440 1438 1441
1441 1442 1440
1441 1443 1442
1444 1443 1441
1444 1445 1443
1446 1447 1448
1449 1447 1446
1447 1449 1450
1446 1448 1451
1452 1447 1450
1453 1452 1450
1454 1452 1453
1455 1452 1454
1456 1455 1454
1457 1458 1459
1460 1457 1459
1460 1461 1457
1462 1461 1460
1462 1460 1463
1463 1464 1462
1463 1465 1464
1466 1465 1463
1466 1467 1465
1468 1469 1470
1468 1470 1471
1468 1471 1472
1472 1473 1468
1474 1473 1472
1474 1472 1475
1476 1474 1475
1476 1475 1477
1478 1479 1480
1478 1480 1481
1482 1480 1479
1482 1483 1480
1483 1482 1484
1483 1484 1485
1486 1487 1488
1489 1487 1486
1489 1490 1487
1489 1491 1490
1492 1491 1489
1492 1493 1491
1492 1494 1493
1495 1494 1492
1495 1496 1494
1497 1498 1499
1500 1497 1499
1499 1501 1500
1497 1502 1498
1503 1501 1499
1504 1501 1503
1505 1504 1503
1506 1505 1503
1507 1505 1506
1508 1509 1510
1511 1509 1508
1511 1508 1512
1513 1511 1512
1513 1514 1511
1514 1513 1515
1514 1515 1516
1517 1514 1516
1517 1516 1518
1519 1520 1521
1522 1519 1521
1521 1523 1522
1519 1524 1520
1525 1523 1521
1526 1523 1525
1527 1526 1525
1528 1527 1525
1529 1527 1528
1530 1531 1532
1533 1531 1530
1533 1530 1534
1535 1533 1534
1535 1536 1533
1536 1535 1537
1536 1537 1538
1539 1536 1538
1539 1538 1540
1541 1542 1543
1541 1543 1544
1541 1545 1542
1545 1541 1546
1547 1545 1546
1547 1548 1545
1549 1548 1547
1549 1550 1548
1551 1552 1553
1551 1553 1554
1551 1554 1555
1554 1556 1555
1554 1557 1556
1558 1556 1557
1558 1559 1556
1551 1560 1553
1558 1561 1562
1558 1562 1563
1564 1562 1561
1564 1565 1562
1566 1565 1564
1566 1567 1565
1566 1568 1567
1568 1566 1569
1570 1568 1569
1570 1569 1571
1572 1571 1569
1572 1573 1571
1573 1572 1574
1573 1574 1575
1576 1575 1574
1576 1577 1575
1572 1578 1574
1572 1579 1578
1578 1580 1574
1578 1581 1580
1579 1572 1582
1579 1582 1583
1583 1582 1584
1583 1584 1585
1584 1586 1585
1584 1587 1586
1581 1588 1580
1589 1576 1588
1589 1588 1590
1590 1588 1591
1590 1591 1592
1593 1592 1591
1593 1591 1594
1593 1594 1595
1593 1595 1596
1596 1595 1597
1596 1597 1598
1599 1598 1597
1599 1600 1598
1601 1600 1599
1601 1602 1600
1603 1602 1601
1603 1604 1602
1605 1606 1607
1605 1608 1606
1605 1609 1608
1608 1609 1610
1608 1610 1611
1612 1611 1610
1612 1610 1613
1612 1614 1615
1612 1615 1616
1617 1616 1615
1617 1615 1618
1619 1617 1618
1619 1618 1620
1619 1620 1621
1621 1622 1619
1623 1622 1621
1623 1624 1622
1625 1622 1624
1625 1624 1626
1626 1627 1625
1626 1628 1627
1629 1627 1628
1629 1628 1630
1625 1627 1631
1625 1631 1632
1631 1627 1633
1631 1633 1634
1632 1635 1625
1632 1636 1635
1636 1637 1635
1636 1638 1637
1637 1638 1639
1637 1639 1640
1634 1633 1641
1642 1641 1629
1642 1643 1641
1643 1644 1641
1643 1645 1644
1646 1644 1645
1646 1647 1644
1646 1648 1647
1646 1649 1648
1649 1650 1648
1649 1651 1650
1652 1650 1651
1652 1651 1653
1654 1652 1653
1654 1653 1655
1656 1654 1655
1656 1655 1657
1658 1659 1660
1661 1658 1660
1661 1660 1662
1663 1661 1662
1663 1662 1664
1665 1663 1664
1666 1659 1658
1663 1665 1667
1668 1664 1669
1660 1670 1671
1672 1673 1674
1675 1673 1672
1675 1676 1673
1677 1676 1675
1677 1678 1676
1679 1678 1677
1680 1672 1674
1677 1681 1679
1682 1683 1678
1673 1684 1685
1686 1687 1688
1686 1688 1689
1690 1691 1692
1690 1692 1693
1694 1695 1696
1694 1696 1697
1695 1698 1696
1695 1699 1698
1699 1700 1698
1699 1701 1700
1701 1702 1700
1701 1703 1702
1704 1705 1706
1704 1706 1707
1705 1708 1706
1705 1709 1708
1709 1710 1708
1709 1711 1710
1711 1712 1710
1711 1713 1712
1714 1715 1716
1714 1716 1717
1718 1719 1720
1718 1720 1721
1722 1723 1724
1725 1726 1727
1728 1729 1730
1731 1732 1733
1734 1735 1736
1737 1738 1739
1740 1741 1742
1743 1744 1745
1746 1747 1748
1749 1750 1751
1752 1753 1754
1755 1756 1757
1758 1759 1760
1761 1762 1763
1764 1765 1766
1767 1768 1769
1770 1771 1772
1773 1774 1775
1776 1777 1778
1779 1780 1781
1782 1783 1784
1785 1786 1787
1788 1789 1790
1791 1792 1793
1794 1795 1796
1794 1796 1797
1797 1796 1798
1798 1796 1799
1799 1796 1800
1799 1800 1801
1799 1801 1802
1803 1804 1805
1803 1805 1806
1804 1807 1805
1807 1808 1805
1808 1809 1810
1808 1811 1809
1808 1812 1811
1813 1814 1815
1813 1815 1816
1816 1815 1817
1816 1817 1818
1818 1817 1819
1818 1819 1820
1820 1819 1821
1820 1821 1822
1823 1824 1825
1823 1825 1826
1827 1828 1829
1827 1829 1830
1831 1832 1833
1831 1833 1834
1835 1836 1837
1835 1837 1838
1839 1840 1841
1839 1841 1842
1843 1844 1845
1843 1845 1846
1844 1847 1845
1847 1848 1845
1848 1849 1845
1848 1850 1849
1848 1851 1850
1852 1853 1854
1852 1854 1855
1855 1854 1856
1856 1854 1857
1857 1858 1859
1857 1859 1860
1857 1860 1861
1862 1863 1864
1862 1864 1865
1863 1866 1864
1863 1867 1866
1867 1868 1866
1867 1869 1868
1869 1870 1868
1869 1871 1870
1872 1873 1874
1872 1874 1875
1876 1877 1878
1876 1878 1879
1880 1881 1882
1880 1882 1883
1884 1885 1886
1884 1886 1887
1888 1889 1890
1888 1890 1891
1892 1893 1894
1892 1894 1895
1896 1892 1895
1896 1895 1897
1898 1896 1897
1898 1897 1899
1900 1898 1899
1900 1899 1901
1902 1903 1904
1902 1904 1905
1903 1906 1904
1903 1907 1906
1907 1908 1906
1907 1909 1908
1909 1910 1908
1909 1911 1910
1912 1913 1914
1915 1916 1917
1915 1917 1918
1919 1918 1917
1919 1917 1920
1921 1916 1915
1921 1922 1916
1921 1923 1922
1923 1924 1922
1923 1925 1924
1926 1927 1920
1926 1920 1928
1929 1926 1928
1929 1928 1930
1931 1929 1930
1931 1930 1932
1931 1932 1933
1931 1933 1934
1934 1933 1935
1936 1937 1938
1939 1940 1941
1939 1941 1942
1943 1940 1939
1943 1944 1940
1945 1944 1943
1945 1946 1944
1947 1946 1945
1947 1948 1946
1949 1950 1951
1949 1951 1952
1952 1951 1953
1952 1953 1954
1954 1953 1955
1954 1955 1956
1956 1955 1957
1956 1957 1958
1959 1960 1961
1962 1963 1964
1962 1964 1965
1966 1964 1963
1966 1967 1964
1968 1962 1965
1968 1965 1969
1968 1969 1970
1970 1969 1971
1970 1971 1972
1973 1974 1967
1973 1967 1975
1976 1974 1973
1976 1977 1974
1978 1977 1976
1978 1979 1977
1978 1980 1979
1978 1981 1980
1981 1982 1980
1983 1984 1985
1986 1987 1988
1986 1988 1989
1986 1989 1990
1986 1990 1991
1990 1992 1991
1993 1994 1995
1993 1995 1996
1996 1995 1997
1996 1997 1998
1999 2000 2001
1999 2001 2002
2003 2004 2005
2006 2007 2005
2006 2005 2008
2009 2006 2008
2007 2010 2005
2009 2008 2011
2012 2009 2011
2012 2011 2013
2014 2012 2013
2014 2013 2015
2014 2015 2016
2017 2014 2016
2017 2016 2018
2019 2020 2021
2019 2021 2022
2023 2024 2025
2023 2025 2026
2027 2028 2029
2027 2029 2030
2030 2031 2027
2030 2032 2031
2032 2033 2031
2031 2033 2034
2031 2034 2035
2035 2034 2036
2035 2036 2037
2037 2036 2038
2039 2040 2041
2042 2040 2039
2042 2043 2040
2044 2043 2042
2044 2045 2043
2045 2044 2046
2045 2046 2047
2046 2048 2047
2048 2049 2047
2048 2050 2049
2051 2049 2050
2052 2049 2051
2052 2051 2053
2054 2052 2053
2046 2055 2048
2046 2056 2055
2046 2057 2056
2058 2056 2057
2058 2059 2056
2053 2060 2061
2060 2062 2061
2060 2063 2062
2064 2065 2059
2066 2067 2068
2066 2068 2069
2070 2067 2066
2070 2066 2071
2071 2072 2070
2071 2073 2072
2074 2075 2076
2074 2076 2077
2078 2075 2074
2078 2079 2075
2080 2079 2078
2080 2081 2079
2082 2081 2080
2083 2084 2085
2083 2085 2086
2087 2085 2084
2087 2088 2085
2089 2090 2091
2091 2090 2092
2093 2089 2091
2094 2089 2093
2095 2096 2097
2095 2097 2098
2099 2096 2095
2099 2095 2100
2097 2101 2098
2097 2102 2101
2103 2104 2105
2106 2107 2108
2106 2108 2109
2109 2108 2110
2109 2110 2111
2111 2110 2112
2111 2112 2113
2114 2107 2106
2114 2115 2107
2116 2115 2114
2116 2117 2115
2113 2112 2118
2113 2118 2119
2119 2118 2120
2119 2120 2121
2121 2120 2122
2121 2122 2123
2124 2123 2122
2124 2125 2123
2124 2126 2125
2124 2127 2126
2128 2126 2127
2128 2129 2126
2128 2130 2129
2128 2131 2130
2132 2133 2117
2132 2117 2134
2135 2133 2132
2135 2132 2136
2136 2137 2135
2136 2138 2137
2137 2138 2139
2137 2139 2140
2139 2141 2140
2139 2142 2141
2143 2141 2142
2143 2144 2141
2143 2145 2144
2143 2146 2145
2143 2147 2146
2148 2146 2147
2148 2149 2146
2150 2149 2148
2150 2151 2149
2152 2151 2150
2152 2150 2153
2153 2154 2152
2150 2155 2153
2153 2155 2156
2153 2156 2157
2158 2157 2156
2159 2160 2161
2159 2161 2162
2163 2162 2161
2163 2161 2164
2165 2160 2159
2165 2166 2160
2165 2167 2166
2165 2168 2167
2167 2168 2169
2167 2169 2170
2170 2169 2171
2170 2171 2172
2172 2171 2173
2172 2173 2174
2174 2173 2175
2174 2175 2176
2176 2175 2177
2176 2177 2178
2178 2177 2179
2178 2179 2180
2180 2179 1588
2180 1588 2181
1581 2181 1588
2182 2183 2184
2182 2185 2186
2182 2186 2187
2187 2186 2188
2187 2188 2189
2164 2189 2188
2164 2188 2163
2190 2191 2192
2193 2194 2195
2193 2195 2196
2194 2193 2197
2194 2197 2198
2199 2196 2195
2199 2200 2196
2201 2200 2199
2201 2199 2202
1587 2201 2202
1587 2202 1586
2203 2204 2205
2203 2206 2204
2206 2207 2204
2208 2209 2210
2208 2210 2211
2212 2209 2208
2213 2214 2215
2213 2215 2216
2213 2216 2217
2213 2217 2218
2219 2215 2214
2219 2214 2220
2221 2219 2220
2221 2222 2219
2217 2223 2218
2217 2224 2223
2223 2224 2225
2223 2225 2226
2225 2227 2226
2225 2228 2227
2228 2229 2227
2230 2231 2232
2230 2232 2233
2234 2235 2236
2237 2238 2239
2240 2241 2242
2240 2243 2244
2240 2245 2243
2240 2246 2245
2245 2246 2247
2245 2247 2248
2249 2245 2248
2248 2250 2249
2248 2251 2250
2248 2252 2251
2252 2248 2247
2252 2247 2253
2254 2255 2256
2254 2256 2257
2258 2259 2255
2257 2260 2261
2260 2262 2261
2262 2260 2263
2262 2263 2264
2265 2264 2263
2265 2263 2266
2261 2267 2257
2265 2266 2268
2265 2268 2269
2268 2270 2269
2268 2271 2270
2271 2272 2270
2273 2274 2258
2273 2275 2274
2274 2275 2276
2277 2275 2273
2277 2273 2278
2278 2273 2279
2273 2255 2279
2255 2273 2280
2279 2281 2278
2279 2282 2281
2283 2284 2285
2284 2283 2286
2287 2284 2286
2287 2286 2288
2289 2283 2285
2289 2285 2290
2289 2290 2291
2292 2291 2290
2292 2293 2291
2294 2293 2292
2294 2295 2293
2295 2294 2296
2295 2296 2297
2298 2299 2300
2298 2300 2301
2302 2303 2304
2305 2302 2304
2306 2307 2308
2308 2309 2310
2308 2310 2311
2312 2311 2313
2314 2315 2316
2314 2316 2317
2318 2317 2316
2318 2319 2317
2320 2319 2318
2320 2321 2319
2322 2321 2320
2322 2320 2323
2324 2322 2323
2314 2325 2315
2314 2326 2325
2325 2326 2327
2328 2329 2330
2331 2332 2329
2331 2329 2333
2334 2335 2332
2334 2332 2336
2330 2337 2338
2330 2338 2339
2340 2337 2330
2341 2342 2343
2341 2343 2344
2345 2346 2341
2345 2347 2346
2348 2349 2350
2348 2350 2351
2352 2353 2354
2352 2354 2355
2356 2357 2358
2356 2358 2359
2358 2360 2359
2361 2362 2363
2361 2363 2364
2365 2366 2367
2367 2366 2368
2367 2368 2369
2369 2368 2370
2369 2370 2371
2371 2370 2372
2373 2374 2375
2373 2375 2376
2375 2374 2377
2378 2379 2377
2378 2380 2379
2378 2381 2380
2377 2379 2382
2383 2384 2376
2383 2376 2385
2379 2383 2385
2379 2386 2383
2387 2388 2389
2390 2391 2392
2390 2392 2393
2394 2395 2396
2397 2398 2399
2398 2397 2400
2400 2401 2398
2400 2402 2401
2400 2403 2402
2398 2404 2399
2404 2405 2399
2405 2404 2406
2403 2407 2402
2403 2408 2407
2409 2407 2408
2409 2408 2410
2411 2412 2413
2414 2415 2416
2414 2416 2417
2414 2417 2418
2419 2420 2421
2422 2423 2424
2422 2424 2425
2426 2427 2428
2426 2428 2429
2430 2429 2428
2430 2431 2429
2432 2433 2430
2434 2432 2430
2435 2432 2434
2435 2434 2436
2437 2435 2436
2437 2438 2435
2437 2436 2439
2439 2440 2437
2441 2442 2443
2444 2445 2446
2447 2448 2449
2450 2451 2452
2453 2454 2455
2456 2457 2458
2459 2460 2461
2459 2461 2462
2463 2464 2465
2463 2465 2466
2467 2468 2469
2467 2469 2470
2471 2472 2473
2471 2473 2474
2471 2475 2472
2471 2476 2475
2475 2476 2477
2478 2479 2480
2478 2480 2481
2479 2482 2480
2479 2483 2482
2484 2485 2486
2484 2486 2487
2488 2489 2490
2491 2492 2489
2493 2492 2491
2491 2489 2494
2494 2489 2495
2493 2496 2492
2497 2496 2493
2497 2498 2496
2499 2498 2497
2499 2500 2498
2499 2501 2500
2502 2501 2499
2502 2503 2501
2504 2505 2506
2504 2506 2507
2508 2509 2510
2508 2510 2511
2512 2513 2514
2512 2514 2515
2513 2512 2516
2513 2516 2517
2517 2516 2518
2516 2519 2518
2516 2520 2519
2520 2521 2519
2520 2522 2521
2522 2523 2521
2524 2525 2526
2527 2524 2526
2527 2526 2528
2529 2527 2528
2529 2528 2530
2530 2531 2529
2530 2532 2531
2531 2532 2533
2533 2532 2534
2533 2534 2535
2536 2535 2534
2537 2536 2534
2537 2538 2536
2539 2538 2537
2531 2533 2540
2531 2540 2541
2531 2541 2542
2543 2542 2541
2543 2541 2544
2538 2545 2546
2546 2545 2547
2546 2547 2548
2549 2544 2550
2551 2552 2553
2551 2553 2554
2555 2551 2554
2555 2556 2551
2556 2555 2557
2556 2557 2558
2559 2560 2561
2559 2561 2562
2563 2559 2562
2563 2562 2564
2565 2563 2564
2565 2564 2566
2567 2565 2566
2568 2569 2570
2568 2570 2571
2572 2571 2570
2572 2570 2573
2574 2575 2576
2575 2577 2576
2578 2575 2574
2579 2578 2574
2580 2581 2582
2580 2582 2583
2584 2580 2583
2584 2585 2580
2582 2581 2586
2582 2586 2587
2588 2589 2590
2591 2592 2593
2591 2593 2594
2592 2595 2593
2592 2596 2595
2596 2597 2595
2596 2598 2597
2599 2591 2594
2599 2594 2600
2601 2599 2600
2601 2600 2602
2598 2603 2597
2598 2604 2603
2604 2605 2603
2604 2606 2605
2606 2607 2605
2606 2608 2607
2609 2607 2608
2609 2608 2610
2609 2610 2611
2609 2611 2612
2613 2612 2611
2613 2611 2614
2613 2614 2615
2613 2615 2616
2617 2618 2602
2617 2602 2619
2620 2617 2619
2620 2621 2617
2621 2620 2622
2621 2622 2623
2622 2624 2623
2622 2625 2624
2624 2625 2626
2624 2626 2627
2628 2627 2626
2628 2626 2629
2628 2629 2630
2628 2630 2631
2628 2631 2632
2633 2632 2631
2633 2631 2634
2635 2633 2634
2635 2634 2636
2637 2635 2636
2637 2638 2635
2638 2637 2639
2635 2638 2640
2638 2641 2640
2638 2642 2641
2643 2641 2642
2644 2645 2646
2644 2646 2647
2648 2646 2645
2648 2649 2646
2650 2644 2647
2650 2647 2651
2650 2651 2652
2650 2652 2653
2652 2654 2653
2652 2655 2654
2655 2656 2654
2655 2657 2656
2657 2658 2656
2657 2659 2658
2659 2660 2658
2659 2661 2660
2661 2662 2660
2661 2663 2662
2663 2664 2662
2663 2665 2664
2665 1641 2664
2665 2666 1641
1634 1641 2666
2667 2668 2669
2667 2670 2671
2667 2671 2672
2670 2673 2671
2670 2674 2673
2649 2673 2674
2649 2648 2673
2675 2676 2677
2678 2679 2680
2678 2680 2681
2681 2682 2678
2681 2683 2682
2684 2680 2679
2684 2679 2685
2686 2684 2685
2686 2687 2684
1640 2687 2686
1640 1639 2687
2688 2689 2690
2688 2690 2691
2691 2690 2692
2693 2694 2695
2693 2695 2696
2697 2693 2696
2698 2699 2700
2698 2700 2701
2698 2702 2699
2698 2703 2702
2704 2701 2700
2704 2705 2701
2706 2705 2704
2706 2704 2707
2702 2703 2708
2702 2708 2709
2708 2710 2709
2708 2711 2710
2710 2711 2712
2710 2712 2713
2713 2712 2714
2715 2716 2717
2715 2717 2718
2719 2720 2721
2722 2723 2724
2725 2726 2727
2725 2728 2729
2725 2729 2730
2725 2730 2731
2730 2732 2731
2730 2733 2732
2734 2733 2730
2733 2734 2735
2733 2735 2736
2733 2736 2737
2737 2732 2733
2737 2738 2732
2739 2740 2741
2739 2741 2742
2743 2742 2744
2740 2745 2746
2746 2745 2747
2747 2748 2746
2747 2749 2748
2750 2748 2749
2750 2751 2748
2745 2740 2752
2750 2753 2751
2750 2754 2753
2753 2754 2755
2753 2755 2756
2756 2755 2757
2758 2759 2742
2760 2759 2758
2761 2760 2758
2761 2758 2762
2742 2763 2758
2758 2764 2762
2764 2765 2762
2758 2743 2764
2759 2760 2766
2759 2766 2767
2768 2769 2770
2770 2771 2768
2772 2771 2770
2772 2773 2771
2774 2769 2768
2774 2775 2769
2774 2776 2775
2777 2775 2776
2777 2776 2778
2779 2777 2778
2779 2778 2780
2780 2781 2779
2780 2782 2781
2783 2784 2785
2783 2785 2786
2787 2788 2789
2790 2788 2787
2791 2792 2793
2792 2794 2795
2792 2796 2794
2797 2798 2796
2799 2800 2801
2799 2801 2802
2803 2801 2800
2803 2800 2804
2805 2803 2804
2805 2804 2806
2807 2805 2806
2807 2808 2805
2809 2808 2807
2799 2802 2810
2799 2810 2811
2810 2812 2811
2813 2814 2815
2816 2817 2815
2816 2815 2818
2819 2820 2818
2819 2818 2821
2814 2822 2823
2814 2823 2824
2825 2814 2824
2826 2827 2828
2826 2828 2829
2830 2826 2831
2830 2831 2832
2833 2834 2835
2833 2835 2836
2837 2838 2839
2837 2839 2840
2841 2842 2843
2841 2843 2844
2843 2842 2845
2846 2847 2848
2846 2848 2849
2850 2851 2852
2851 2853 2852
2851 2854 2853
2854 2855 2853
2854 2856 2855
2856 2857 2855
2858 2859 2860
2858 2860 2861
2860 2862 2861
2863 2862 2864
2863 2864 2865
2863 2865 2866
2862 2867 2864
2868 2869 2859
2864 2869 2868
2868 2859 2870
2864 2868 2871
2872 2873 2874
2875 2876 2877
2875 2877 2878
2879 2880 2881
2882 2883 2884
2884 2885 2882
2885 2884 2886
2885 2886 2887
2885 2887 2888
2884 2883 2889
2889 2883 2890
2890 2891 2889
2888 2887 2892
2888 2892 2893
2894 2893 2892
2894 2895 2893
2896 2897 2898
2899 2900 2901
2899 2902 2900
2899 2903 2902
2904 2905 2906
2907 2908 2909
2907 2909 2910
2911 2912 2913
2911 2913 2914
2915 2913 2912
2915 2912 2916
2917 2915 2918
2919 2915 2917
2920 2919 2917
2920 2921 2919
2922 2921 2920
2922 2920 2923
2922 2924 2921
2924 2922 2925
2926 2927 2928
2929 2930 2931
2932 2933 2934
2935 2936 2937
2938 2939 2940
2941 2942 2943
2944 2945 2946
2944 2946 2947
2948 2949 2950
2948 2950 2951
2952 2953 2954
2952 2954 2955
2956 2957 2958
2956 2958 2959
2960 2959 2958
2960 2958 2961
2961 2962 2960
2961 2963 2962
2964 2965 2966
2967 2964 2966
2967 2966 2968
2967 2968 2969
2970 2967 2969
2970 2969 2971
2970 2971 2972
2973 2970 2972
2973 2972 2974
2975 2976 2977
2978 2976 2975
2976 2978 2979
2975 2977 2980
2981 2976 2979
2982 2981 2979
2983 2981 2982
2984 2981 2983
2985 2984 2983
2986 2987 2988
2989 2986 2988
2989 2990 2986
2991 2990 2989
2991 2989 2992
2992 2993 2991
2992 2994 2993
2995 2994 2992
2995 2996 2994
2997 2998 2999
3000 2998 2997
2998 3000 3001
2997 2999 3002
3003 2998 3001
3004 3003 3001
3005 3003 3004
3006 3003 3005
3007 3006 3005
3008 3009 3010
3011 3008 3010
3011 3012 3008
3013 3012 3011
3013 3011 3014
3014 3015 3013
3014 3016 3015
3017 3016 3014
3017 3018 3016
3019 3020 3021
3019 3021 3022
3019 3022 3023
3023 3024 3019
3025 3024 3023
3025 3023 3026
3027 3025 3026
3027 3026 3028
3029 3030 3031
3029 3031 3032
3033 3031 3030
3033 3034 3031
3034 3033 3035
3034 3035 3036
3037 3038 3039
3040 3038 3037
3040 3041 3038
3040 3042 3041
3043 3042 3040
3043 3044 3042
3043 3045 3044
3046 3045 3043
3046 3047 3045
3048 3049 3050
3051 3048 3050
3050 3052 3051
3048 3053 3049
3054 3052 3050
3055 3052 3054
3056 3055 3054
3057 3056 3054
3058 3056 3057
3059 3060 3061
3062 3060 3059
3062 3059 3063
3064 3062 3063
3064 3065 3062
3065 3064 3066
3065 3066 3067
3068 3065 3067
3068 3067 3069
3070 3071 3072
3073 3070 3072
3072 3074 3073
3070 3075 3071
3076 3074 3072
3077 3074 3076
3078 3077 3076
3079 3078 3076
3080 3078 3079
3081 3082 3083
3084 3082 3081
3084 3081 3085
3086 3084 3085
3086 3087 3084
3087 3086 3088
3087 3088 3089
3090 3087 3089
3090 3089 3091
3092 3093 3094
3092 3094 3095
3092 3096 3093
3096 3092 3097
3098 3096 3097
3098 3099 3096
3100 3099 3098
3100 3101 3099
