byte offset: 0
first index: 0
index count: 5850
topology: trianglelist
format: DXGI_FORMAT_R16_UINT

0 1 2
0 2 3
4 0 3
3 2 5
5 2 6
1 6 2
7 5 6
5 7 8
5 8 9
5 9 3
9 8 10
8 11 10
10 11 12
10 12 13
14 8 7
6 14 7
14 15 8
8 15 11
9 16 3
16 17 3
18 3 17
19 17 16
19 20 17
18 17 20
21 20 19
20 21 22
21 19 23
24 19 25
25 10 26
25 26 27
23 25 28
29 24 28
30 18 29
29 28 30
31 28 25
31 32 28
28 32 33
28 33 30
22 30 33
22 33 34
31 34 32
32 34 33
25 35 31
31 35 36
25 37 35
25 38 37
39 31 36
39 34 31
39 36 40
40 41 39
36 35 42
35 43 42
35 44 43
45 40 36
41 40 45
45 36 46
36 42 46
39 41 47
34 39 47
48 34 47
48 47 49
49 47 41
50 34 48
50 3 18
4 22 34
51 52 53
51 53 54
52 55 53
52 56 55
54 53 57
53 55 57
58 57 55
55 59 58
58 60 57
58 61 60
62 60 61
62 61 63
63 61 64
61 65 64
61 66 65
58 66 61
64 67 63
64 68 67
65 68 64
65 69 68
66 58 70
60 71 57
60 62 71
54 57 71
72 73 70
74 59 73
73 72 75
73 75 76
73 76 77
73 77 74
77 78 74
77 79 78
80 79 77
79 80 81
79 81 82
78 79 82
78 82 83
84 80 77
84 77 76
76 75 85
76 85 84
86 85 75
86 75 87
88 86 87
88 87 89
89 87 72
87 75 72
89 72 90
91 88 89
91 92 88
93 91 89
93 89 90
91 94 92
91 95 94
95 96 94
95 97 96
98 97 95
98 95 99
98 99 93
93 100 98
101 98 100
98 102 97
103 96 97
103 97 104
104 97 102
102 105 106
107 106 105
106 108 101
106 109 108
106 110 109
106 107 110
109 111 108
109 112 111
113 112 109
107 52 113
113 52 51
113 51 114
113 114 112
107 56 52
115 108 111
115 116 108
116 101 108
117 118 119
117 119 120
120 121 117
122 123 124
125 123 122
126 123 125
125 127 126
127 128 126
128 129 126
129 123 126
123 129 124
127 130 128
127 131 130
132 131 127
132 133 131
132 134 133
132 127 135
125 135 127
130 131 136
131 137 136
131 138 137
139 128 130
129 128 139
139 130 140
130 136 140
125 141 135
142 135 141
142 141 143
144 142 143
143 145 144
144 146 142
147 143 141
135 142 148
149 148 142
147 141 125
150 147 125
151 125 122
151 152 145
145 152 153
145 153 154
154 155 147
155 154 156
155 156 149
156 154 153
146 156 132
132 156 157
156 153 157
152 157 153
132 157 158
152 158 157
158 159 132
158 160 159
132 159 161
132 161 162
158 163 160
158 164 163
152 164 158
163 164 165
160 166 159
159 166 167
159 167 168
169 160 163
165 169 163
169 170 160
160 170 166
165 164 171
164 152 171
152 172 171
172 173 171
171 173 165
150 172 152
174 175 176
174 176 177
177 176 178
177 178 179
175 180 176
176 180 178
181 178 180
178 181 182
181 180 183
181 183 184
185 184 183
185 186 184
186 187 184
184 187 188
184 188 189
181 184 189
187 186 190
187 190 191
188 187 191
188 191 192
189 193 181
183 180 194
183 194 185
175 194 180
195 193 196
197 196 182
196 198 195
196 199 198
196 200 199
196 197 200
200 197 201
200 201 202
203 200 202
202 204 203
202 205 204
201 205 202
201 206 205
207 200 203
207 199 200
199 208 198
199 207 208
209 198 208
209 210 198
211 210 209
211 212 210
212 195 210
210 195 198
212 213 195
214 212 211
214 211 215
216 213 212
216 212 214
214 215 217
214 217 218
218 217 219
218 219 220
221 218 220
221 222 218
221 216 222
216 221 223
224 223 221
221 220 225
226 220 219
226 227 220
227 225 220
225 228 229
230 229 228
228 224 231
228 231 232
228 232 233
228 233 230
232 231 234
232 234 235
236 232 235
230 236 177
236 174 177
236 237 174
236 235 237
230 177 179
238 234 231
238 231 239
239 231 224
240 241 242
240 242 243
243 242 244
243 244 245
245 244 246
245 246 247
247 246 248
247 248 249
241 250 242
241 251 250
242 250 252
242 252 244
244 252 253
244 253 246
246 253 254
246 254 248
251 255 250
251 256 255
250 255 257
250 257 252
252 257 258
252 258 253
253 258 259
253 259 254
255 260 257
255 261 260
256 261 255
256 262 261
257 260 263
257 263 258
258 263 259
260 264 263
263 264 265
263 265 259
261 262 266
262 267 266
260 261 268
268 261 266
260 268 269
266 269 268
266 270 269
270 266 271
266 267 271
272 260 269
272 264 260
273 272 269
274 272 273
274 275 272
275 264 272
273 269 276
269 270 276
265 264 277
275 277 264
277 275 278
275 274 278
274 279 278
279 280 278
280 281 278
277 278 281
280 282 281
283 277 281
277 283 265
267 284 271
285 286 287
285 287 288
286 285 289
290 288 287
291 286 289
292 291 289
292 293 291
292 294 293
294 292 295
295 292 296
294 295 297
298 297 295
299 298 295
299 295 296
298 300 297
298 301 300
301 302 300
300 303 297
300 304 303
302 304 300
305 297 306
307 308 309
309 308 310
310 311 309
310 312 311
310 313 312
313 314 312
314 315 312
314 316 315
317 314 313
318 317 313
319 318 313
313 310 319
320 319 310
317 321 314
314 321 322
322 323 314
314 323 316
323 324 316
323 322 325
325 326 323
325 327 326
326 327 328
329 326 328
326 329 330
326 330 323
324 323 330
330 329 331
330 331 324
332 331 329
332 329 328
333 332 328
332 334 331
335 334 332
336 335 332
333 336 332
331 334 337
331 338 324
331 337 339
335 340 334
340 335 341
341 335 336
342 341 336
342 343 341
344 343 342
343 345 341
345 340 341
346 345 343
347 343 344
347 346 343
346 347 348
349 346 348
349 348 350
351 349 350
351 352 349
353 352 351
354 355 356
355 354 357
355 357 358
355 358 359
355 359 360
361 354 356
362 361 356
363 361 362
362 364 363
365 363 364
355 360 366
360 367 366
368 367 360
367 369 366
366 369 370
355 366 370
360 371 368
371 360 372
359 372 360
371 372 373
373 374 371
374 368 371
374 375 368
375 376 368
376 377 368
368 377 367
373 378 379
379 380 373
379 381 380
379 382 381
383 382 379
383 384 382
383 385 384
386 373 380
385 383 387
383 388 387
388 383 389
378 389 379
383 379 389
389 390 388
390 391 388
391 387 388
390 392 391
391 393 387
357 392 390
357 390 394
394 390 359
359 390 389
395 385 387
395 396 385
397 396 395
398 397 395
397 398 399
400 398 395
400 395 387
393 400 387
396 397 401
401 397 402
402 397 399
403 402 399
404 402 403
396 401 404
396 404 405
385 396 405
385 405 384
404 401 406
389 378 359
407 408 409
407 409 410
407 411 408
407 412 411
412 413 411
407 414 412
414 407 415
407 416 415
407 410 416
416 373 415
417 418 419
418 420 419
418 421 420
421 422 420
421 423 422
423 424 422
423 425 424
425 426 424
425 427 426
427 428 426
427 429 428
429 430 428
429 431 430
432 419 420
433 432 420
433 420 422
433 422 424
434 426 428
434 424 426
434 433 424
435 430 431
435 428 430
435 434 428
429 436 431
436 437 431
436 438 437
438 439 437
438 440 439
440 441 439
440 442 441
442 443 441
444 439 441
444 441 443
445 444 443
444 446 439
437 439 446
431 437 446
445 443 447
448 449 450
448 450 451
448 452 449
448 453 452
450 454 455
450 455 456
457 458 454
459 460 461
460 459 462
461 463 459
459 463 464
465 462 459
464 465 459
466 467 468
466 468 469
466 470 467
470 471 467
470 472 471
466 469 473
474 473 469
470 475 472
476 475 470
476 477 475
476 478 477
476 479 478
480 478 479
481 482 483
484 482 485
486 487 488
486 488 489
487 490 488
487 491 490
492 490 491
492 493 490
494 493 492
494 495 493
496 497 498
496 498 499
500 499 501
500 501 502
498 503 504
498 504 505
505 504 506
507 508 509
510 511 509
417 419 512
513 514 515
515 514 516
515 516 517
517 516 518
517 518 519
519 518 520
519 520 521
521 520 522
521 522 523
523 522 524
523 524 525
525 524 526
525 526 527
528 516 514
529 518 516
529 516 528
529 520 518
530 524 522
530 522 520
530 520 529
527 526 531
531 526 524
531 524 530
525 527 532
532 527 533
532 533 534
534 533 535
534 535 536
536 535 537
536 537 538
538 537 539
540 533 527
540 535 533
541 537 535
541 535 540
539 537 541
542 539 541
542 543 539
544 545 546
544 546 547
544 547 548
544 548 549
546 550 551
546 551 552
552 553 554
555 556 557
557 558 555
556 555 559
555 560 559
561 555 558
560 555 561
562 563 564
562 565 563
562 564 566
566 564 567
566 567 568
562 569 565
570 565 569
566 568 571
572 566 571
572 571 573
572 573 574
572 574 575
576 575 574
577 578 579
580 581 579
582 583 584
582 584 585
585 584 586
585 586 587
588 587 586
588 586 589
590 588 589
590 589 591
592 593 594
592 594 595
596 597 593
596 598 597
599 600 594
599 601 600
602 601 599
603 604 605
606 604 607
513 608 514
609 610 611
610 612 611
610 613 612
613 614 612
613 615 614
615 616 614
615 617 616
617 618 616
617 619 618
619 620 618
619 621 620
621 622 620
621 623 622
624 611 612
625 624 612
625 612 614
625 614 616
626 618 620
626 616 618
626 625 616
627 620 622
627 626 620
627 622 623
621 628 623
628 629 623
628 630 629
630 631 629
630 632 631
632 633 631
632 634 633
634 635 633
636 631 633
636 633 635
637 636 635
636 638 631
623 629 638
629 631 638
637 635 639
640 641 642
640 642 643
640 644 641
640 645 644
642 646 647
642 647 648
649 650 646
651 652 653
652 651 654
653 655 651
651 655 656
657 654 651
656 657 651
658 659 660
658 660 661
658 662 659
662 663 659
662 664 663
658 661 665
666 665 661
662 667 664
668 667 662
668 669 667
668 670 669
668 671 670
672 670 671
673 674 675
676 674 677
678 679 680
678 680 681
679 682 680
679 683 682
684 682 683
684 685 682
686 685 684
686 687 685
688 689 690
688 690 691
692 691 693
692 693 694
690 695 696
690 696 697
697 696 698
699 700 701
702 703 701
609 611 704
705 706 707
707 706 708
707 708 709
709 708 710
709 710 711
711 710 712
711 712 713
713 712 714
713 714 715
715 714 716
715 716 717
717 716 718
717 718 719
720 708 706
721 710 708
721 708 720
721 712 710
722 716 714
722 714 712
722 712 721
719 718 723
723 718 716
723 716 722
717 719 724
724 719 725
724 725 726
726 725 727
726 727 728
728 727 729
728 729 730
730 729 731
732 725 719
732 727 725
733 729 727
733 727 732
731 729 733
734 731 733
734 735 731
736 737 738
736 738 739
736 739 740
736 740 741
738 742 743
738 743 744
744 745 746
747 748 749
749 750 747
748 747 751
747 752 751
753 747 750
752 747 753
754 755 756
754 757 755
754 756 758
758 756 759
758 759 760
754 761 757
762 757 761
758 760 763
764 758 763
764 763 765
764 765 766
764 766 767
768 767 766
769 770 771
772 773 771
774 775 776
774 776 777
777 776 778
777 778 779
780 779 778
780 778 781
782 780 781
782 781 783
784 785 786
784 786 787
788 789 785
788 790 789
791 792 786
791 793 792
794 793 791
795 796 797
798 796 799
705 800 706
801 802 803
802 804 803
802 805 804
805 806 804
805 807 806
807 808 806
807 809 808
809 810 808
809 811 810
811 812 810
811 813 812
813 814 812
813 815 814
816 803 804
817 816 804
817 804 806
817 806 808
818 810 812
818 808 810
818 817 808
819 812 814
819 818 812
819 814 815
813 820 815
820 821 815
820 822 821
822 823 821
822 824 823
824 825 823
824 826 825
826 827 825
828 823 825
828 825 827
829 828 827
828 830 823
821 823 830
815 821 830
829 827 831
832 833 834
832 834 835
832 836 833
832 837 836
834 838 839
834 839 840
841 842 838
843 844 845
844 843 846
845 847 843
843 847 848
849 846 843
848 849 843
850 851 852
850 852 853
850 854 851
854 855 851
854 856 855
850 853 857
858 857 853
854 859 856
860 859 854
860 861 859
860 862 861
860 863 862
864 862 863
865 866 867
868 866 869
870 871 872
870 872 873
871 874 872
871 875 874
876 874 875
876 877 874
878 877 876
878 879 877
880 881 882
880 882 883
884 883 885
884 885 886
882 887 888
882 888 889
889 888 890
891 892 893
894 895 893
801 803 896
897 898 899
899 898 900
899 900 901
901 900 902
901 902 903
903 902 904
903 904 905
905 904 906
905 906 907
907 906 908
907 908 909
909 908 910
909 910 911
912 900 898
913 902 900
913 900 912
913 904 902
914 908 906
914 906 904
914 904 913
915 910 908
915 908 914
911 910 915
909 911 916
916 911 917
916 917 918
918 917 919
918 919 920
920 919 921
920 921 922
922 921 923
924 921 919
923 921 924
924 919 925
925 917 911
925 919 917
926 923 924
926 927 923
928 929 930
928 930 931
928 931 932
928 932 933
930 934 935
930 935 936
936 937 938
939 940 941
941 942 939
940 939 943
939 944 943
945 939 942
944 939 945
946 947 948
946 949 947
946 948 950
950 948 951
950 951 952
946 953 949
954 949 953
950 952 955
956 950 955
956 955 957
956 957 958
956 958 959
960 959 958
961 962 963
964 965 963
966 967 968
966 968 969
969 968 970
969 970 971
972 971 970
972 970 973
974 972 973
974 973 975
976 977 978
976 978 979
980 981 977
980 982 981
983 984 978
983 985 984
986 985 983
987 988 989
990 988 991
897 992 898
993 994 995
994 996 995
994 997 996
997 998 996
997 999 998
999 1000 998
999 1001 1000
1001 1002 1000
1001 1003 1002
1003 1004 1002
1003 1005 1004
1005 1006 1004
1005 1007 1006
1008 995 996
1009 1008 996
1009 996 998
1009 998 1000
1010 1002 1004
1010 1000 1002
1010 1009 1000
1011 1006 1007
1011 1004 1006
1011 1010 1004
1005 1012 1007
1012 1013 1007
1012 1014 1013
1014 1015 1013
1014 1016 1015
1016 1017 1015
1016 1018 1017
1018 1019 1017
1007 1013 1020
1013 1015 1020
1021 1020 1015
1021 1015 1017
1021 1017 1019
1022 1021 1019
1022 1019 1023
1024 1025 1026
1024 1026 1027
1024 1028 1025
1024 1029 1028
1026 1030 1031
1026 1031 1032
1033 1034 1030
1035 1036 1037
1036 1035 1038
1037 1039 1035
1035 1039 1040
1041 1038 1035
1040 1041 1035
1042 1043 1044
1042 1044 1045
1042 1046 1043
1046 1047 1043
1046 1048 1047
1042 1045 1049
1050 1049 1045
1046 1051 1048
1052 1051 1046
1052 1053 1051
1052 1054 1053
1052 1055 1054
1056 1054 1055
1057 1058 1059
1060 1058 1061
1062 1063 1064
1062 1064 1065
1063 1066 1064
1063 1067 1066
1068 1066 1067
1068 1069 1066
1070 1069 1068
1070 1071 1069
1072 1073 1074
1072 1074 1075
1076 1075 1077
1076 1077 1078
1074 1079 1080
1074 1080 1081
1081 1080 1082
1083 1084 1085
1086 1087 1085
993 995 1088
1089 1090 1091
1091 1090 1092
1091 1092 1093
1093 1092 1094
1093 1094 1095
1095 1094 1096
1095 1096 1097
1097 1096 1098
1097 1098 1099
1099 1098 1100
1099 1100 1101
1101 1100 1102
1101 1102 1103
1104 1092 1090
1105 1094 1092
1105 1092 1104
1105 1096 1094
1106 1100 1098
1106 1098 1096
1106 1096 1105
1107 1102 1100
1107 1100 1106
1103 1102 1107
1101 1103 1108
1108 1103 1109
1108 1109 1110
1110 1109 1111
1110 1111 1112
1112 1111 1113
1112 1113 1114
1114 1113 1115
1116 1109 1103
1116 1111 1109
1117 1113 1111
1117 1111 1116
1115 1113 1117
1118 1115 1117
1118 1119 1115
1120 1121 1122
1120 1122 1123
1120 1123 1124
1120 1124 1125
1122 1126 1127
1122 1127 1128
1128 1129 1130
1131 1132 1133
1133 1134 1131
1132 1131 1135
1131 1136 1135
1137 1131 1134
1136 1131 1137
1138 1139 1140
1138 1141 1139
1138 1140 1142
1142 1140 1143
1142 1143 1144
1138 1145 1141
1146 1141 1145
1142 1144 1147
1148 1142 1147
1148 1147 1149
1148 1149 1150
1148 1150 1151
1152 1151 1150
1153 1154 1155
1156 1157 1155
1158 1159 1160
1158 1160 1161
1161 1160 1162
1161 1162 1163
1164 1163 1162
1164 1162 1165
1166 1164 1165
1166 1165 1167
1168 1169 1170
1168 1170 1171
1172 1173 1169
1172 1174 1173
1175 1176 1170
1175 1177 1176
1178 1177 1175
1179 1180 1181
1182 1180 1183
1089 1184 1090
1185 1186 1187
1185 1187 1188
1186 1189 1187
1186 1190 1189
1191 1192 1190
1191 1193 1192
1194 1193 1191
1194 1195 1193
1194 1196 1197
1194 1197 1198
1196 1199 1197
1196 1200 1199
1201 1202 1200
1201 1203 1202
1204 1203 1201
1204 1205 1203
1206 1207 1208
1206 1208 1209
1209 1208 1210
1209 1210 1211
1212 1209 1211
1213 1209 1212
1213 1214 1209
1212 1211 1215
1211 1210 1216
1211 1216 1217
1215 1211 1218
1215 1218 1219
1217 1216 1220
1217 1220 1221
1219 1218 1222
1219 1222 1223
1224 1225 1226
1224 1226 1227
1227 1226 1228
1227 1228 1229
1229 1228 1230
1231 1232 1230
1233 1232 1231
1233 1234 1232
1235 1234 1233
1235 1236 1234
1237 1230 1238
1239 1237 1238
1239 1238 1240
1241 1239 1240
1241 1240 1242
1243 1230 1244
1245 1243 1244
1245 1244 1246
1247 1245 1246
1247 1246 1248
1249 1250 1251
1249 1251 1252
1250 1253 1251
1250 1254 1253
1255 1256 1253
1257 1256 1255
1257 1258 1256
1255 1253 1259
1260 1261 1258
1260 1262 1261
1262 1263 1261
1262 1264 1263
1265 1266 1263
1267 1266 1265
1267 1268 1266
1265 1263 1269
1270 1271 1272
1270 1272 1273
1271 1274 1272
1271 1275 1274
1276 1275 1271
1277 1276 1271
1277 1271 1278
1276 1279 1275
1275 1280 1274
1275 1281 1280
1279 1282 1275
1279 1283 1282
1281 1284 1280
1281 1285 1284
1283 1286 1282
1283 1287 1286
1288 1289 1290
1288 1290 1291
1289 1292 1290
1289 1293 1292
1294 1293 1289
1295 1294 1289
1295 1289 1296
1294 1297 1293
1293 1298 1292
1293 1299 1298
1297 1300 1293
1297 1301 1300
1299 1302 1298
1299 1303 1302
1301 1304 1300
1301 1305 1304
1306 1307 1308
1306 1308 1309
1307 1310 1308
1307 1311 1310
1311 1312 1310
1313 1312 1314
1315 1313 1314
1315 1314 1316
1317 1315 1316
1317 1316 1318
1319 1320 1312
1321 1320 1319
1321 1322 1320
1323 1322 1321
1323 1324 1322
1325 1326 1312
1327 1326 1325
1327 1328 1326
1329 1328 1327
1329 1330 1328
1331 1332 1333
1331 1333 1334
1334 1333 1335
1334 1335 1336
1337 1334 1336
1338 1334 1337
1338 1339 1334
1337 1336 1340
1336 1335 1341
1336 1341 1342
1340 1336 1343
1340 1343 1344
1342 1341 1345
1342 1345 1346
1344 1343 1347
1344 1347 1348
1349 1350 1351
1349 1351 1352
1353 1354 1355
1353 1355 1356
1357 1358 1359
1357 1359 1360
1361 1362 1363
1361 1363 1364
1365 1366 1367
1365 1367 1368
1369 1370 1371
1369 1371 1372
1373 1374 1375
1373 1375 1376
1377 1378 1379
1377 1379 1380
1381 1382 1383
1381 1383 1384
1382 1385 1383
1382 1386 1385
1386 1387 1385
1386 1388 1387
1388 1389 1387
1388 1390 1389
1384 1383 1391
1384 1391 1392
1383 1385 1393
1383 1393 1391
1385 1387 1394
1385 1394 1393
1387 1389 1395
1387 1395 1394
1392 1391 1396
1392 1396 1397
1391 1393 1398
1391 1398 1396
1393 1394 1399
1393 1399 1398
1394 1395 1400
1394 1400 1399
1396 1398 1401
1396 1401 1402
1397 1396 1402
1397 1402 1403
1398 1399 1404
1398 1404 1401
1399 1400 1404
1401 1404 1405
1404 1406 1405
1404 1400 1406
1402 1407 1403
1403 1407 1408
1401 1409 1402
1409 1407 1402
1401 1410 1409
1407 1409 1410
1407 1410 1411
1411 1412 1407
1407 1412 1408
1413 1410 1401
1413 1401 1405
1414 1410 1413
1415 1414 1413
1415 1413 1416
1416 1413 1405
1414 1417 1410
1410 1417 1411
1406 1418 1405
1416 1405 1418
1418 1419 1416
1416 1419 1415
1415 1419 1420
1420 1419 1421
1421 1419 1422
1418 1422 1419
1421 1422 1423
1424 1422 1418
1418 1406 1424
1408 1412 1425
1426 1427 1428
1426 1428 1429
1429 1430 1426
1431 1428 1427
1432 1430 1429
1433 1430 1432
1433 1432 1434
1433 1434 1435
1435 1436 1433
1436 1437 1433
1435 1438 1436
1439 1436 1438
1440 1436 1439
1440 1437 1436
1439 1438 1441
1439 1441 1442
1442 1441 1443
1441 1438 1444
1441 1444 1445
1443 1441 1445
1446 1447 1438
1448 1449 1450
1449 1451 1450
1451 1449 1452
1451 1452 1453
1451 1453 1454
1454 1453 1455
1455 1453 1456
1455 1456 1457
1458 1454 1455
1459 1454 1458
1460 1454 1459
1454 1460 1451
1461 1451 1460
1458 1455 1462
1455 1463 1462
1463 1455 1464
1455 1457 1464
1464 1457 1465
1464 1466 1463
1466 1464 1467
1466 1467 1468
1467 1469 1468
1470 1469 1467
1467 1471 1470
1467 1464 1471
1465 1471 1464
1471 1472 1470
1471 1465 1472
1473 1470 1472
1473 1469 1470
1474 1469 1473
1473 1472 1475
1476 1473 1475
1477 1473 1476
1474 1473 1477
1472 1478 1475
1472 1465 1479
1472 1480 1478
1476 1475 1481
1481 1482 1476
1482 1477 1476
1483 1477 1482
1483 1482 1484
1485 1483 1484
1484 1482 1486
1486 1482 1481
1487 1484 1486
1488 1485 1484
1488 1484 1487
1487 1489 1488
1490 1489 1487
1490 1491 1489
1492 1491 1490
1492 1490 1493
1494 1492 1493
1495 1496 1497
1497 1498 1495
1497 1499 1498
1497 1500 1499
1497 1501 1500
1502 1496 1495
1503 1496 1502
1504 1503 1502
1503 1504 1505
1506 1505 1504
1497 1507 1501
1501 1507 1508
1509 1501 1508
1508 1507 1510
1507 1511 1510
1497 1511 1507
1501 1509 1512
1512 1513 1501
1500 1501 1513
1512 1514 1513
1514 1512 1515
1515 1512 1509
1515 1509 1516
1516 1509 1517
1517 1509 1518
1509 1508 1518
1514 1519 1520
1519 1514 1521
1519 1521 1522
1519 1522 1523
1524 1519 1523
1524 1523 1525
1524 1525 1526
1527 1521 1514
1526 1528 1524
1524 1528 1529
1529 1530 1524
1520 1519 1530
1524 1530 1519
1530 1529 1531
1531 1529 1532
1532 1529 1528
1531 1532 1533
1532 1528 1534
1498 1531 1533
1498 1535 1531
1535 1500 1531
1500 1530 1531
1536 1528 1526
1536 1526 1537
1538 1536 1537
1539 1536 1538
1540 1539 1538
1541 1536 1539
1541 1528 1536
1534 1528 1541
1530 1500 1520
1537 1542 1538
1537 1543 1542
1543 1544 1542
1537 1545 1543
1526 1545 1537
1526 1525 1545
1546 1538 1542
1546 1540 1538
1543 1547 1546
1547 1540 1546
1548 1549 1550
1548 1550 1551
1548 1551 1552
1548 1552 1553
1553 1552 1554
1548 1553 1555
1555 1556 1548
1548 1556 1557
1548 1557 1549
1557 1556 1514
1558 1559 1560
1560 1559 1561
1562 1558 1560
1563 1562 1560
1561 1564 1560
1564 1563 1560
1561 1565 1564
1564 1566 1563
1564 1567 1566
1568 1567 1564
1569 1568 1564
1570 1571 1572
1570 1573 1571
1571 1573 1574
1571 1574 1575
1576 1571 1575
1571 1576 1577
1572 1571 1577
1578 1576 1575
1578 1579 1576
1579 1578 1580
1580 1581 1579
1579 1581 1582
1576 1582 1577
1576 1579 1582
1583 1584 1585
1583 1586 1584
1586 1587 1584
1585 1584 1587
1586 1588 1587
1589 1588 1586
1590 1589 1586
1591 1589 1590
1590 1586 1592
1586 1583 1592
1589 1591 1593
1593 1591 1594
1589 1595 1588
1595 1589 1593
1583 1585 1596
1585 1587 1597
1585 1597 1596
1598 1591 1590
1599 1594 1598
1600 1598 1590
1600 1599 1598
1599 1600 1601
1600 1590 1602
1599 1603 1594
1604 1603 1599
1604 1599 1605
1605 1599 1601
1606 1603 1604
1606 1604 1607
1608 1594 1603
1608 1603 1606
1609 1608 1606
1609 1606 1610
1606 1611 1610
1612 1610 1611
1610 1612 1613
1613 1614 1610
1614 1609 1610
1615 1614 1613
1600 1616 1601
1606 1617 1611
1617 1618 1611
1618 1612 1611
1617 1619 1618
1620 1619 1617
1619 1621 1618
1620 1617 1622
1620 1622 1607
1623 1622 1617
1607 1622 1623
1606 1607 1623
1606 1623 1617
1616 1624 1625
1625 1624 1626
1600 1624 1616
1624 1602 1626
1624 1600 1602
1627 1628 1629
1630 1629 1628
1630 1631 1629
1631 1632 1629
1632 1627 1629
1631 1633 1632
1633 1634 1632
1635 1632 1634
1635 1627 1632
1634 1636 1635
1637 1636 1634
1638 1637 1634
1634 1639 1638
1633 1639 1634
1636 1637 1640
1637 1641 1640
1642 1641 1637
1638 1642 1637
1641 1643 1640
1643 1641 1644
1645 1644 1641
1642 1645 1641
1645 1646 1644
1647 1643 1644
1648 1643 1647
1649 1643 1648
1649 1648 1650
1651 1649 1650
1651 1652 1649
1653 1652 1651
1654 1653 1651
1655 1651 1650
1655 1654 1651
1656 1648 1647
1656 1657 1648
1656 1647 1658
1659 1656 1658
1659 1660 1656
1656 1660 1657
1659 1661 1660
1662 1661 1659
1663 1661 1662
1662 1664 1663
1664 1665 1663
1664 1662 1666
1666 1667 1664
1668 1664 1667
1664 1668 1665
1667 1669 1668
1669 1667 1670
1666 1670 1667
1670 1671 1669
1671 1670 1672
1672 1670 1673
1663 1674 1661
1675 1674 1663
1676 1675 1663
1665 1676 1663
1670 1666 1677
1670 1677 1673
1677 1678 1679
1680 1681 1648
1681 1650 1648
1681 1655 1650
1657 1680 1648
1682 1683 1684
1685 1591 1598
1686 1687 1688
1688 1687 1689
1690 1686 1688
1688 1691 1690
1692 1688 1689
1693 1691 1688
1693 1688 1692
1694 1690 1691
1695 1694 1691
1695 1691 1696
1696 1697 1695
1698 1696 1691
1698 1691 1693
1699 1700 1701
1700 1702 1701
1702 1703 1701
1704 1701 1703
1701 1704 1705
1706 1701 1705
1702 1707 1703
1703 1707 1708
1709 1710 1711
1710 1712 1711
1710 1709 1713
1713 1709 1714
1715 1710 1713
1715 1716 1710
1712 1710 1716
1717 1713 1714
1717 1714 1718
1717 1718 1719
1720 1717 1719
1721 1722 1723
1722 1724 1723
1725 1722 1721
1724 1722 1726
1722 1725 1727
1722 1727 1726
1724 1726 1728
1729 1728 1726
1727 1729 1726
1730 1731 1732
1731 1733 1732
1734 1731 1730
1735 1731 1734
1733 1731 1736
1736 1731 1735
1733 1736 1737
1736 1735 1738
1736 1738 1739
1740 1736 1739
1741 1736 1740
1742 1743 1744
1742 1744 1745
1744 1746 1745
1744 1747 1746
1748 1747 1744
1744 1749 1748
1743 1749 1744
1750 1747 1748
1750 1748 1751
1751 1752 1750
1752 1751 1753
1751 1754 1753
1748 1749 1754
1748 1754 1751
1755 1756 1757
1755 1757 1758
1758 1757 1759
1756 1759 1757
1758 1759 1760
1761 1758 1760
1762 1758 1761
1763 1762 1761
1762 1764 1758
1758 1764 1755
1761 1765 1763
1765 1766 1763
1761 1760 1767
1767 1765 1761
1755 1768 1756
1756 1769 1759
1756 1768 1769
1770 1762 1763
1771 1770 1766
1772 1762 1770
1772 1770 1771
1771 1773 1772
1772 1774 1762
1771 1766 1775
1776 1771 1775
1776 1777 1771
1777 1773 1771
1778 1776 1775
1778 1779 1776
1780 1775 1766
1780 1778 1775
1781 1778 1780
1781 1782 1778
1778 1782 1783
1784 1783 1782
1782 1785 1784
1785 1782 1786
1786 1782 1781
1787 1785 1786
1772 1773 1788
1778 1783 1789
1789 1783 1790
1790 1783 1784
1789 1790 1791
1792 1789 1791
1791 1790 1793
1792 1794 1789
1792 1779 1794
1795 1789 1794
1779 1795 1794
1778 1795 1779
1778 1789 1795
1788 1796 1797
1796 1798 1797
1772 1788 1797
1797 1798 1774
1797 1774 1772
1799 1800 1801
1802 1801 1800
1802 1800 1803
1803 1800 1804
1804 1800 1799
1803 1804 1805
1805 1804 1806
1807 1806 1804
1807 1804 1799
1806 1807 1808
1809 1806 1808
1810 1806 1809
1806 1810 1811
1805 1806 1811
1808 1812 1809
1809 1812 1813
1814 1809 1813
1810 1809 1814
1813 1812 1815
1815 1816 1813
1817 1813 1816
1814 1813 1817
1817 1816 1818
1819 1816 1815
1820 1819 1815
1821 1820 1815
1821 1822 1820
1823 1822 1821
1823 1821 1824
1825 1823 1824
1826 1823 1825
1827 1822 1823
1827 1823 1826
1828 1819 1820
1828 1820 1829
1828 1830 1819
1831 1830 1828
1831 1828 1832
1828 1829 1832
1831 1832 1833
1834 1831 1833
1835 1834 1833
1834 1835 1836
1836 1835 1837
1836 1838 1834
1838 1836 1839
1840 1839 1836
1836 1837 1840
1839 1840 1841
1841 1842 1839
1838 1839 1842
1842 1841 1843
1843 1844 1842
1844 1845 1842
1835 1833 1846
1847 1835 1846
1848 1835 1847
1837 1835 1848
1842 1849 1838
1842 1845 1849
1849 1850 1851
1852 1820 1853
1853 1820 1822
1853 1822 1827
1829 1820 1852
1854 1855 1856
1857 1770 1763
1858 1859 1860
1859 1861 1860
1862 1859 1858
1859 1862 1863
1864 1861 1859
1865 1859 1863
1865 1864 1859
1866 1863 1862
1867 1863 1866
1867 1868 1863
1868 1867 1869
1870 1863 1868
1870 1865 1863
1871 1872 1873
1873 1872 1874
1874 1872 1875
1876 1875 1872
1872 1877 1876
1878 1877 1872
1874 1875 1879
1875 1880 1879
1881 1882 1883
1883 1882 1884
1883 1885 1881
1885 1886 1881
1887 1885 1883
1887 1883 1888
1884 1888 1883
1889 1886 1885
1889 1890 1886
1889 1891 1890
1892 1891 1889
1893 1894 1895
1895 1894 1896
1897 1893 1895
1896 1898 1895
1895 1899 1897
1895 1898 1899
1896 1900 1898
1901 1898 1900
1899 1898 1901
1902 1903 1904
1904 1903 1905
1904 1905 1906
1907 1906 1905
1907 1905 1908
1908 1905 1909
1910 1909 1905
1910 1905 1911
1912 1910 1911
1913 1907 1908
1913 1908 1914
1915 1913 1914
1915 1914 1916
1917 1915 1916
