byte offset: 0
first index: 0
index count: 6756
topology: trianglelist
format: DXGI_FORMAT_R16_UINT

0 1 2
2 3 0
3 4 0
2 1 5
2 5 6
6 5 7
6 7 8
6 8 9
6 9 10
9 11 10
9 12 11
13 12 9
14 13 9
9 15 14
16 14 15
16 15 17
17 18 16
18 17 19
18 19 20
19 21 20
19 22 21
23 22 19
23 24 22
23 25 24
23 26 25
25 26 27
25 27 28
21 29 20
21 30 29
31 32 29
29 33 31
29 34 33
35 36 37
35 37 38
38 37 39
38 39 40
41 42 43
41 43 44
43 42 45
45 42 46
45 46 47
48 49 50
48 50 51
52 53 54
52 54 55
55 54 56
55 56 57
57 56 58
57 58 59
59 58 60
59 60 61
61 60 62
61 62 63
64 65 66
64 66 67
67 66 68
67 68 69
70 71 72
70 72 73
72 74 73
72 75 74
76 77 78
76 78 79
79 78 80
79 80 81
82 83 84
82 84 85
86 87 88
86 88 89
90 91 92
90 92 93
93 92 94
93 94 95
95 94 96
95 96 97
97 96 98
97 98 99
99 98 100
99 100 101
101 100 102
101 102 103
104 105 106
104 106 107
108 106 109
108 109 110
111 110 109
111 112 110
113 112 111
113 111 114
113 114 115
115 114 116
115 116 117
117 118 119
117 119 120
120 119 121
120 121 122
122 121 123
122 123 124
123 125 124
126 125 123
126 123 127
128 129 130
128 130 131
131 130 132
131 132 133
133 132 134
133 134 135
136 137 138
136 138 139
140 137 136
140 141 137
142 141 140
142 143 141
144 143 142
144 145 143
139 138 146
139 146 147
147 146 148
147 148 149
150 138 137
150 151 138
151 146 138
152 141 143
152 153 141
154 152 143
154 143 145
153 150 137
153 137 141
155 148 146
151 155 146
155 156 148
157 158 159
157 159 160
161 159 158
161 162 159
163 164 165
163 165 166
167 165 164
167 168 165
169 170 171
169 171 172
173 170 169
173 174 170
175 174 173
175 176 174
177 171 170
177 178 171
179 174 176
179 180 174
180 177 170
180 170 174
181 182 183
181 183 184
185 183 182
185 186 183
187 188 189
187 189 190
191 189 188
191 192 189
193 194 195
193 195 196
197 194 193
197 198 194
199 198 197
199 200 198
201 195 194
201 202 195
203 198 200
203 204 198
204 201 194
204 194 198
205 206 207
205 207 208
209 206 205
209 210 206
211 207 206
211 212 207
213 211 206
213 206 210
214 215 216
214 216 217
218 216 215
218 219 216
220 221 222
220 222 223
224 222 221
224 225 222
226 227 228
226 228 229
228 230 229
231 228 227
231 232 228
228 232 233
234 235 236
234 236 237
238 237 236
238 236 239
240 241 242
240 242 243
244 245 246
244 246 247
247 246 248
247 248 249
246 245 250
250 245 251
251 245 244
250 251 252
252 251 253
252 253 254
246 250 255
248 246 255
251 244 256
253 251 256
248 255 257
258 248 257
258 259 248
260 259 258
248 261 249
261 262 249
261 263 262
262 263 264
264 263 265
264 265 266
265 267 266
265 268 267
262 264 269
269 270 262
269 271 270
270 271 272
272 271 273
274 267 268
268 275 274
268 276 275
274 277 267
274 278 277
279 278 274
279 274 280
273 271 281
281 282 273
281 283 282
283 281 284
281 271 285
281 285 286
286 285 287
286 287 288
288 287 289
288 289 290
291 292 293
291 293 294
294 293 295
294 295 296
296 295 297
293 292 298
299 298 292
299 300 298
299 301 300
302 301 299
302 299 303
304 300 301
304 305 300
304 306 305
307 306 304
308 309 307
307 309 310
311 312 310
312 313 310
312 314 313
311 306 315
316 311 315
312 317 314
318 314 317
319 318 317
319 320 318
318 321 314
318 322 321
323 321 322
324 323 322
324 325 323
325 326 323
325 327 326
327 328 326
329 330 331
329 331 332
332 331 333
332 333 334
335 330 329
335 336 330
334 333 337
334 337 338
338 337 339
338 339 340
340 339 341
340 341 342
343 344 345
343 345 346
346 345 347
346 347 348
348 347 349
348 349 350
351 352 353
354 355 356
354 356 357
357 356 358
357 358 359
360 355 354
360 361 355
362 361 360
362 363 361
364 365 366
364 366 367
368 366 369
368 369 370
371 372 373
371 373 374
375 376 377
375 377 378
378 377 379
378 379 380
380 379 381
380 381 382
382 381 383
382 383 384
384 383 385
384 385 386
386 385 387
386 387 388
388 387 389
388 389 390
391 392 393
391 393 394
394 393 395
394 395 396
396 395 397
396 397 398
398 397 399
398 399 400
401 402 403
401 403 404
404 403 405
404 405 406
407 403 402
407 408 403
408 405 403
409 407 402
409 410 407
411 410 409
411 412 410
413 412 411
413 411 414
415 413 414
415 414 416
417 415 416
417 418 415
417 419 418
417 420 419
421 419 420
421 422 419
421 423 422
421 424 423
422 423 425
411 426 414
426 411 427
428 429 430
431 432 433
431 433 434
435 436 437
435 437 438
439 440 441
439 441 442
443 444 445
443 445 446
446 445 447
446 447 448
449 450 451
449 451 452
453 454 455
453 455 456
456 455 457
456 457 458
458 457 459
458 459 460
460 459 461
460 461 462
462 461 463
462 463 464
465 466 467
465 467 468
248 469 261
470 471 472
470 472 473
472 471 474
475 476 477
477 478 479
479 478 480
479 480 481
481 480 482
483 484 485
483 485 486
485 484 487
487 484 488
488 489 487
490 489 488
487 489 491
491 489 492
492 489 493
493 489 494
494 489 495
495 489 496
496 489 490
497 498 499
497 499 500
499 498 501
502 503 504
502 504 505
502 505 506
502 506 507
504 503 508
504 508 509
504 510 511
512 513 514
512 514 515
516 513 512
516 517 513
518 517 516
518 519 517
520 514 513
520 521 514
522 520 513
522 513 517
523 522 517
523 517 519
524 525 518
524 526 525
527 526 524
527 528 526
529 523 525
529 525 526
530 529 526
530 526 528
531 532 533
531 533 534
408 535 405
535 536 405
537 538 539
537 539 540
541 542 543
541 543 544
544 543 545
544 545 546
547 542 541
547 548 542
549 545 543
550 549 543
550 543 551
549 552 545
553 550 551
553 551 554
555 556 557
555 557 558
559 556 555
559 560 556
558 561 555
558 562 561
555 561 563
555 564 559
555 565 564
559 564 566
559 567 560
559 568 567
568 569 567
568 570 569
570 568 571
570 571 572
568 573 571
568 559 574
559 566 574
568 574 575
576 577 578
576 578 579
580 581 582
580 582 583
580 584 581
580 585 584
586 587 588
586 588 589
590 591 592
590 592 593
590 594 591
590 595 594
596 597 598
596 598 599
600 601 602
600 602 603
600 604 601
600 605 604
606 607 608
608 609 606
610 608 611
610 611 612
611 613 612
611 614 613
615 616 617
617 616 618
617 618 619
620 621 622
620 622 623
623 622 624
624 625 623
624 626 625
624 622 627
627 628 624
628 629 624
630 627 631
630 631 632
633 634 635
633 635 636
637 638 634
639 638 637
639 640 638
641 640 639
641 642 640
637 634 643
644 645 646
644 646 647
648 649 650
648 650 651
652 653 654
652 654 655
652 656 653
652 657 656
658 659 660
658 660 661
659 662 660
659 663 662
664 663 659
665 664 659
665 659 666
664 667 663
662 663 668
662 668 669
663 667 670
663 670 668
665 671 664
665 672 671
664 671 673
664 673 667
673 670 667
671 674 673
671 675 674
676 675 671
676 677 675
674 678 673
673 678 670
674 679 678
680 681 682
680 682 683
684 681 680
684 685 681
684 686 685
684 687 686
687 688 686
687 689 688
690 691 692
690 692 693
694 695 696
694 696 697
697 698 699
697 699 700
701 700 699
701 699 702
703 701 704
703 704 705
706 707 708
706 708 709
706 710 707
706 711 710
712 713 714
712 714 715
712 716 713
712 717 716
715 718 719
715 719 720
717 721 722
717 722 723
724 725 726
724 726 727
724 728 725
724 729 728
730 731 732
730 732 733
734 735 736
734 736 737
738 739 735
738 740 739
741 742 739
741 739 743
744 743 736
744 736 745
746 747 748
748 749 746
748 750 749
746 751 747
746 752 751
752 753 751
752 754 753
752 755 754
752 756 755
755 756 757
755 757 758
755 758 759
755 759 760
760 761 755
761 760 762
763 761 762
762 764 763
764 765 763
764 766 765
765 766 767
765 767 768
769 765 768
769 768 770
769 770 771
769 771 772
771 773 772
771 774 773
767 766 775
767 775 776
775 777 778
778 779 775
779 780 775
781 782 783
781 783 784
782 785 783
782 786 785
787 788 789
787 790 788
788 791 789
791 792 789
791 793 792
794 795 796
794 796 797
798 799 800
798 800 801
799 802 800
799 803 802
803 804 802
803 805 804
805 806 804
805 807 806
807 808 806
807 809 808
810 811 812
810 812 813
811 814 812
811 815 814
816 817 818
816 818 819
818 817 820
818 820 821
822 823 824
822 824 825
823 826 824
823 827 826
828 829 830
828 830 831
832 833 834
832 834 835
836 837 838
836 838 839
837 840 838
837 841 840
841 842 840
841 843 842
843 844 842
843 845 844
845 846 844
845 847 846
847 848 846
847 849 848
850 851 852
850 852 853
854 855 852
854 856 855
857 855 856
857 856 858
859 857 858
859 860 857
859 861 860
861 862 860
861 863 862
863 864 865
863 865 866
864 867 865
864 868 867
868 869 867
868 870 869
869 870 871
872 869 871
872 873 869
874 875 876
874 876 877
875 878 876
875 879 878
879 880 878
879 881 880
882 883 884
882 884 885
886 882 885
886 885 887
888 886 887
888 887 889
890 888 889
890 889 891
883 892 884
883 893 892
893 894 892
893 895 894
896 889 887
896 887 897
898 891 889
898 889 896
897 887 899
900 899 884
897 899 900
900 884 901
901 884 892
902 892 894
901 892 902
902 894 903
904 905 906
904 906 907
908 907 906
908 906 909
910 911 912
910 912 913
914 913 912
914 912 915
916 917 918
916 918 919
920 916 919
920 919 921
922 920 921
922 921 923
924 919 918
924 918 925
926 923 921
926 921 927
927 921 919
927 919 924
928 929 930
928 930 931
932 931 930
932 930 933
934 935 936
934 936 937
938 937 936
938 936 939
940 941 942
940 942 943
944 940 943
944 943 945
946 944 945
946 945 947
948 943 942
948 942 949
950 947 945
950 945 951
951 945 943
951 943 948
952 953 954
952 954 955
956 952 955
956 955 957
958 955 954
958 954 959
960 957 955
960 955 958
961 962 963
961 963 964
965 964 963
965 963 966
967 968 969
967 969 970
971 970 969
971 969 972
973 974 975
973 975 976
975 974 977
978 976 975
978 975 979
975 980 979
981 982 983
981 983 984
985 983 982
985 986 983
987 988 989
987 989 990
991 992 993
991 993 994
992 995 993
992 996 995
993 997 994
997 998 994
998 991 994
997 999 998
999 1000 998
999 1001 1000
993 1002 997
995 1002 993
998 1003 991
1000 1003 998
995 1004 1002
1005 1004 995
1005 995 1006
1007 1005 1006
995 996 1008
1008 996 1009
1008 1009 1010
1009 1011 1010
1011 1012 1010
1011 1013 1012
1012 1013 1014
1012 1014 1015
1009 1016 1011
1016 1009 1017
1016 1017 1018
1017 1019 1018
1019 1020 1018
1021 1015 1014
1015 1021 1022
1015 1022 1023
1021 1014 1024
1021 1024 1025
1026 1021 1025
1026 1027 1021
1020 1028 1018
1028 1020 1029
1028 1029 1030
1030 1031 1028
1028 1032 1018
1028 1033 1032
1033 1034 1032
1033 1035 1034
1035 1036 1034
1035 1037 1036
1038 1039 1040
1038 1040 1041
1039 1042 1040
1039 1043 1042
1044 1038 1041
1044 1041 1045
1043 1046 1042
1043 1047 1046
1047 1048 1046
1047 1049 1048
1049 1050 1048
1049 1051 1050
1052 1053 1054
1052 1054 1055
1053 1056 1054
1053 1057 1056
1057 1058 1056
1057 1059 1058
1060 1061 1062
1063 1064 1065
1063 1065 1066
1064 1067 1065
1064 1068 1067
1069 1063 1066
1069 1066 1070
1071 1069 1070
1071 1070 1072
1073 1074 1075
1073 1075 1076
1077 1078 1075
1077 1079 1078
1080 1081 1082
1080 1082 1083
1084 1085 1086
1084 1086 1087
1085 1088 1086
1085 1089 1088
1089 1090 1088
1089 1091 1090
1091 1092 1090
1091 1093 1092
1093 1094 1092
1093 1095 1094
1095 1096 1094
1095 1097 1096
1097 1098 1096
1097 1099 1098
1100 1101 1102
1100 1102 1103
1101 1104 1102
1101 1105 1104
1105 1106 1104
1105 1107 1106
1107 1108 1106
1107 1109 1108
1110 1111 1112
1110 1112 1113
1111 1114 1112
1111 1115 1114
1116 1113 1112
1116 1112 1117
1117 1112 1114
1118 1113 1116
1118 1116 1119
1120 1118 1119
1120 1119 1121
1122 1120 1121
1122 1123 1120
1124 1123 1122
1124 1125 1123
1126 1125 1124
1126 1124 1127
1126 1127 1128
1126 1128 1129
1130 1129 1128
1130 1128 1131
1130 1131 1132
1130 1132 1133
1131 1134 1132
1120 1123 1135
1135 1136 1120
1137 1138 1139
1140 1141 1142
1140 1142 1143
1144 1145 1146
1144 1146 1147
1148 1149 1150
1148 1150 1151
1152 1153 1154
1152 1154 1155
1153 1156 1154
1153 1157 1156
1158 1159 1160
1158 1160 1161
1162 1163 1164
1162 1164 1165
1163 1166 1164
1163 1167 1166
1167 1168 1166
1167 1169 1168
1169 1170 1168
1169 1171 1170
1171 1172 1170
1171 1173 1172
1174 1175 1176
1174 1176 1177
995 1008 1178
1179 1180 1181
1179 1181 1182
1181 1183 1182
1184 1185 1186
1185 1187 1188
1187 1189 1188
1187 1190 1189
1190 1191 1189
1192 1193 1194
1192 1194 1195
1194 1196 1195
1196 1197 1195
1197 1196 1198
1199 1197 1198
1196 1200 1198
1200 1201 1198
1201 1202 1198
1202 1203 1198
1203 1204 1198
1204 1205 1198
1205 1199 1198
1206 1207 1208
1206 1208 1209
1208 1210 1209
1211 1212 1213
1211 1213 1214
1211 1215 1212
1211 1216 1215
1213 1217 1214
1213 1218 1217
1213 1219 1220
1221 1222 1223
1221 1223 1224
1225 1221 1224
1225 1224 1226
1227 1225 1226
1227 1226 1228
1229 1224 1223
1229 1223 1230
1231 1226 1224
1231 1224 1229
1232 1228 1226
1232 1226 1231
1233 1227 1234
1233 1234 1235
1236 1233 1235
1236 1235 1237
1238 1235 1234
1238 1234 1232
1239 1237 1235
1239 1235 1238
1240 1241 1242
1240 1242 1243
1117 1114 1244
1244 1114 1245
1246 1247 1248
1246 1248 1249
1250 1251 1252
1250 1252 1253
1251 1254 1252
1251 1255 1254
1256 1250 1253
1256 1253 1257
1258 1252 1254
1259 1252 1258
1259 1260 1252
1258 1254 1261
1262 1260 1259
1262 1263 1260
1264 1265 1266
1264 1266 1267
1268 1264 1267
1268 1267 1269
1265 1264 1270
1265 1270 1271
1264 1272 1270
1264 1268 1273
1264 1273 1274
1268 1275 1273
1268 1269 1276
1268 1276 1277
1277 1276 1278
1277 1278 1279
1279 1280 1277
1279 1281 1280
1277 1280 1282
1277 1283 1268
1268 1283 1275
1277 1284 1283
1285 1286 1287
1285 1287 1288
1289 1290 1291
1289 1291 1292
1289 1292 1293
1289 1293 1294
1295 1296 1297
1295 1297 1298
1299 1300 1301
1299 1301 1302
1299 1302 1303
1299 1303 1304
1305 1306 1307
1305 1307 1308
1309 1310 1311
1309 1311 1312
1309 1312 1313
1309 1313 1314
1315 1316 1317
1316 1315 1318
1319 1320 1316
1319 1321 1320
1320 1321 1322
1320 1322 1323
1324 1325 1326
1325 1327 1326
1325 1328 1327
1329 1330 1331
1329 1331 1332
1333 1334 1332
1333 1332 1335
1336 1333 1335
1336 1335 1337
1338 1336 1337
1338 1337 1339
1340 1341 1342
1340 1342 1343
1344 1345 1346
1344 1346 1347
1348 1349 1350
1348 1350 1351
1348 1351 1352
1348 1352 1353
1354 1355 1356
1354 1356 1357
1357 1356 1358
1357 1358 1359
1360 1357 1359
1361 1357 1360
1361 1362 1357
1360 1359 1363
1358 1364 1359
1358 1365 1364
1359 1364 1366
1359 1366 1363
1361 1360 1367
1361 1367 1368
1360 1363 1369
1360 1369 1367
1369 1363 1366
1367 1369 1370
1367 1370 1371
1372 1367 1371
1372 1371 1373
1370 1369 1374
1369 1366 1374
1370 1374 1375
1376 1377 1378
1376 1378 1379
1380 1376 1379
1380 1379 1381
1380 1381 1382
1380 1382 1383
1383 1382 1384
1383 1384 1385
1386 1387 1388
1386 1388 1389
1390 1391 1392
1390 1392 1393
1391 1394 1395
1391 1395 1396
1397 1395 1394
1397 1398 1395
1399 1400 1397
1399 1401 1400
1402 1403 1404
1402 1404 1405
1402 1405 1406
1402 1406 1407
1408 1409 1410
1408 1410 1411
1408 1411 1412
1408 1412 1413
1409 1414 1415
1409 1415 1416
1413 1417 1418
1413 1418 1419
1420 1421 1422
1420 1422 1423
1420 1423 1424
1420 1424 1425
1426 1427 1428
1426 1428 1429
1430 1431 1432
1430 1432 1433
1434 1431 1430
1434 1435 1431
1433 1432 1436
1433 1436 1437
1438 1439 1440
1438 1440 1441
1442 1439 1438
1442 1443 1439
1444 1443 1442
1444 1445 1443
1446 1441 1440
1446 1447 1441
1444 1448 1445
1449 1448 1444
1450 1448 1449
1451 1450 1449
1452 1450 1451
1450 1452 1453
1450 1453 1454
1454 1448 1450
1452 1451 1455
1454 1453 1456
1454 1456 1457
1448 1454 1457
1448 1457 1458
1445 1448 1458
1459 1460 1461
1459 1461 1462
1461 1463 1462
1461 1464 1463
1465 1466 1467
1465 1467 1468
1466 1469 1467
1466 1470 1469
1470 1471 1469
1470 1472 1471
1472 1473 1471
1472 1474 1473
1474 1475 1473
1474 1476 1475
1477 1465 1468
1477 1478 1465
1475 1476 1479
1475 1479 1480
1481 1482 1483
1484 1482 1481
1484 1485 1482
1486 1485 1484
1486 1487 1485
1488 1487 1486
1489 1490 1491
1489 1491 1492
1493 1490 1489
1494 1495 1493
1496 1495 1494
1493 1495 1497
1491 1497 1498
1499 1500 1496
1496 1500 1501
1502 1490 1501
1503 1502 1501
1504 1503 1501
1502 1505 1497
1505 1506 1497
1505 1507 1506
1504 1495 1508
1509 1504 1508
1506 1510 1498
1510 1511 1498
1510 1512 1511
1511 1513 1498
1511 1514 1513
1514 1515 1513
1515 1516 1513
1515 1517 1516
1512 1518 1511
1512 1519 1518
1518 1520 1511
1521 1520 1518
1521 1518 1522
1523 1521 1522
1524 1516 1525
1524 1525 1526
1527 1528 1524
1527 1529 1528
1530 1529 1527
1531 1529 1530
1531 1532 1529
1533 1532 1531
1533 1531 1534
1491 1532 1533
1534 1531 1535
1534 1535 1536
1535 1531 1537
1538 1535 1537
1538 1539 1535
1540 1539 1538
1506 1532 1490
1517 1541 1528
1517 1542 1541
1543 1544 1545
1543 1545 1546
1546 1545 1547
1546 1547 1548
1548 1547 1549
1548 1549 1550
1550 1549 1551
1550 1551 1552
1552 1551 1553
1552 1553 1554
1554 1553 1555
1554 1555 1556
1557 1558 1543
1557 1559 1558
1560 1561 1558
1560 1562 1561
1562 1563 1561
1562 1564 1563
1564 1565 1563
1564 1566 1565
1566 1567 1565
1566 1568 1567
1568 1569 1567
1568 1570 1569
1570 1571 1569
1570 1572 1571
1573 1560 1544
1573 1544 1574
1575 1576 1577
1575 1577 1578
1578 1577 1579
1578 1579 1580
1581 1576 1575
1581 1582 1576
1580 1579 1583
1580 1583 1584
1584 1583 1585
1586 1579 1577
1587 1586 1577
1587 1577 1588
1586 1589 1579
1589 1583 1579
1590 1587 1576
1590 1576 1582
1591 1585 1583
1589 1591 1583
1592 1593 1594
1592 1594 1595
1596 1592 1595
1596 1595 1597
1593 1598 1594
1593 1599 1598
1600 1601 1602
1600 1602 1603
1604 1600 1603
1604 1603 1605
1606 1604 1605
1606 1605 1607
1608 1602 1601
1608 1601 1609
1606 1607 1610
1611 1606 1610
1612 1611 1610
1613 1611 1612
1614 1613 1612
1612 1615 1614
1612 1616 1615
1616 1612 1610
1614 1617 1613
1616 1618 1615
1616 1619 1618
1610 1619 1616
1610 1620 1619
1607 1620 1610
1621 1622 1623
1621 1623 1624
1623 1622 1625
1623 1625 1626
1627 1628 1629
1627 1629 1630
1630 1629 1631
1630 1631 1632
1632 1631 1633
1632 1633 1634
1634 1633 1635
1634 1635 1636
1636 1635 1637
1636 1637 1638
1639 1628 1627
1639 1627 1640
1637 1641 1638
1637 1642 1641
1643 1644 1645
1646 1643 1645
1646 1645 1647
1648 1646 1647
1648 1647 1649
1650 1648 1649
1651 1652 1653
1651 1653 1654
1652 1655 1653
1652 1656 1655
1656 1657 1655
1656 1658 1657
1658 1659 1657
1660 1653 1655
1661 1653 1660
1661 1662 1653
1663 1651 1662
1663 1662 1664
1660 1655 1665
1665 1655 1657
1666 1664 1662
1666 1662 1661
1667 1657 1659
1665 1657 1667
1668 1669 1670
1670 1671 1668
1670 1672 1671
1668 1673 1669
1668 1674 1673
1674 1675 1673
1674 1676 1675
1674 1677 1676
1674 1678 1677
1677 1678 1679
1677 1679 1680
1677 1680 1681
1677 1681 1682
1682 1683 1677
1683 1682 1684
1685 1683 1684
1684 1686 1685
1686 1687 1685
1686 1688 1687
1687 1688 1689
1687 1689 1690
1691 1687 1690
1691 1690 1692
1691 1692 1693
1691 1693 1694
1693 1695 1694
1693 1696 1695
1689 1688 1697
1689 1697 1698
1697 1699 1700
1700 1701 1697
1701 1702 1697
1703 1704 1705
1703 1705 1706
1704 1707 1705
1704 1708 1707
1709 1710 1711
1709 1712 1710
1710 1713 1711
1713 1714 1711
1713 1715 1714
1716 1717 1718
1716 1718 1719
1720 1721 1722
1720 1722 1723
1721 1724 1722
1721 1725 1724
1725 1726 1724
1725 1727 1726
1727 1728 1726
1727 1729 1728
1729 1730 1728
1729 1731 1730
1732 1733 1734
1732 1734 1735
1733 1736 1734
1733 1737 1736
1738 1739 1740
1738 1740 1741
1740 1739 1742
1740 1742 1743
1744 1745 1746
1744 1746 1747
1745 1748 1746
1745 1749 1748
1750 1751 1752
1750 1752 1753
1754 1755 1756
1754 1756 1757
1758 1759 1760
1758 1760 1761
1759 1762 1760
1759 1763 1762
1763 1764 1762
1763 1765 1764
1765 1766 1764
1765 1767 1766
1767 1768 1766
1767 1769 1768
1769 1770 1768
1769 1771 1770
1772 1773 1774
1772 1774 1775
1776 1777 1774
1776 1778 1777
1779 1777 1778
1779 1778 1780
1781 1779 1780
1781 1782 1779
1781 1783 1782
1783 1784 1782
1783 1785 1784
1785 1786 1787
1785 1787 1788
1786 1789 1787
1786 1790 1789
1790 1791 1789
1790 1792 1791
1791 1792 1793
1794 1791 1793
1794 1795 1791
1796 1797 1798
1796 1798 1799
1797 1800 1798
1797 1801 1800
1801 1802 1800
1801 1803 1802
1804 1805 1806
1804 1806 1807
1808 1809 1810
1808 1810 1811
1809 1812 1810
1809 1813 1812
1810 1814 1811
1814 1815 1811
1815 1808 1811
1814 1816 1815
1816 1817 1815
1816 1818 1817
1810 1819 1814
1812 1819 1810
1815 1820 1808
1817 1820 1815
1812 1821 1819
1822 1821 1812
1822 1812 1823
1824 1822 1823
1812 1813 1825
1825 1813 1826
1825 1826 1827
1826 1828 1827
1828 1829 1827
1828 1830 1829
1829 1830 1831
1829 1831 1832
1826 1833 1828
1833 1826 1834
1833 1834 1835
1834 1836 1835
1836 1837 1835
1838 1832 1831
1832 1838 1839
1832 1839 1840
1838 1831 1841
1838 1841 1842
1843 1838 1842
1843 1844 1838
1837 1845 1835
1845 1837 1846
1845 1846 1847
1847 1848 1845
1845 1849 1835
1845 1850 1849
1850 1851 1849
1850 1852 1851
1852 1853 1851
1852 1854 1853
1855 1856 1857
1855 1857 1858
1856 1859 1857
1856 1860 1859
1860 1861 1859
1857 1862 1858
1863 1858 1862
1863 1862 1864
1863 1864 1865
1866 1863 1865
1866 1867 1863
1868 1865 1864
1868 1864 1869
1868 1869 1870
1871 1868 1870
1872 1871 1873
1871 1874 1873
1875 1874 1876
1876 1874 1877
1876 1877 1878
1875 1879 1870
1880 1879 1875
1876 1878 1881
1882 1881 1878
1883 1881 1882
1883 1882 1884
1882 1878 1885
1882 1885 1886
1887 1886 1885
1888 1886 1887
1888 1887 1889
1889 1887 1890
1889 1890 1891
1891 1890 1892
1893 1894 1895
1893 1895 1896
1894 1897 1895
1894 1898 1897
1899 1893 1896
1899 1896 1900
1898 1901 1897
1898 1902 1901
1902 1903 1901
1902 1904 1903
1904 1905 1903
1904 1906 1905
1907 1908 1909
1907 1909 1910
1908 1911 1909
1908 1912 1911
1912 1913 1911
1912 1914 1913
1915 1916 1917
1918 1919 1920
1918 1920 1921
1919 1922 1920
1919 1923 1922
1924 1918 1921
1924 1921 1925
1926 1924 1925
1926 1925 1927
1928 1929 1930
1928 1930 1931
1932 1933 1930
1932 1934 1933
1935 1936 1937
1935 1937 1938
1939 1940 1941
1939 1941 1942
1940 1943 1941
1940 1944 1943
1944 1945 1943
1944 1946 1945
1946 1947 1945
1946 1948 1947
1948 1949 1947
1948 1950 1949
1950 1951 1949
1950 1952 1951
1952 1953 1951
1952 1954 1953
1955 1956 1957
1955 1957 1958
1956 1959 1957
1956 1960 1959
1960 1961 1959
1960 1962 1961
1962 1963 1961
1962 1964 1963
1965 1966 1967
1965 1967 1968
1966 1969 1967
1966 1970 1969
1971 1968 1967
1971 1967 1972
1972 1967 1969
1973 1968 1971
1973 1971 1974
1975 1973 1974
1975 1974 1976
1977 1975 1976
1977 1978 1975
1979 1978 1977
1979 1980 1978
1981 1980 1979
1981 1979 1982
1981 1982 1983
1981 1983 1984
1985 1984 1983
1985 1983 1986
1985 1986 1987
1985 1987 1988
1986 1989 1987
1975 1978 1990
1990 1991 1975
1992 1993 1994
1995 1996 1997
1995 1997 1998
1999 2000 2001
1999 2001 2002
2003 2004 2005
2003 2005 2006
2007 2008 2009
2007 2009 2010
2008 2011 2009
2008 2012 2011
2013 2014 2015
2013 2015 2016
2017 2018 2019
2017 2019 2020
2018 2021 2019
2018 2022 2021
2022 2023 2021
2022 2024 2023
2024 2025 2023
2024 2026 2025
2026 2027 2025
2026 2028 2027
2029 2030 2031
2029 2031 2032
1812 1825 2033
2034 2035 2036
2034 2036 2037
2036 2038 2037
2039 2040 2041
2040 2042 2043
2042 2044 2043
2042 2045 2044
2045 2046 2044
2047 2048 2049
2047 2049 2050
2049 2051 2050
2051 2052 2050
2052 2051 2053
2054 2052 2053
2051 2055 2053
2055 2056 2053
2056 2057 2053
2057 2058 2053
2058 2059 2053
2059 2060 2053
2060 2054 2053
2061 2062 2063
2061 2063 2064
2063 2065 2064
2066 2067 2068
2066 2068 2069
2066 2070 2067
2066 2071 2070
2068 2072 2069
2068 2073 2072
2068 2074 2075
2076 2077 2078
2076 2078 2079
1972 1969 2080
2080 1969 2081
2082 2083 2084
2082 2084 2085
2086 2087 2088
2086 2088 2089
2090 2091 2092
2090 2092 2093
2094 2095 2096
2094 2096 2097
2098 2099 2100
2099 2098 2101
2102 2103 2099
2102 2104 2103
2103 2104 2105
2103 2105 2106
2107 2108 2109
2108 2110 2109
2108 2111 2110
2112 2113 2114
2112 2114 2115
2116 2117 2113
2113 2118 2116
2118 2119 2116
2120 2117 2116
2121 2117 2120
2121 2122 2117
2116 2123 2120
2116 2124 2123
2125 2126 2127
2125 2127 2128
2129 2130 2128
2129 2128 2131
2132 2129 2131
2132 2131 2133
2134 2132 2133
2134 2133 2135
2136 2137 2138
2136 2138 2139
2140 2141 2142
2140 2142 2143
2144 2145 2146
2144 2146 2147
2148 2149 2150
2148 2150 2151
2152 2153 2154
2154 2155 2152
2155 2156 2152
2154 2153 2157
2154 2157 2158
2158 2157 2159
2158 2159 2160
2158 2160 2161
2158 2161 2162
2161 2163 2162
2161 2164 2163
2165 2164 2161
2166 2165 2161
2161 2167 2166
2168 2166 2167
2168 2167 2169
2169 2170 2168
2170 2169 2171
2170 2171 2172
2171 2173 2172
2171 2174 2173
2175 2174 2171
2175 2176 2174
2175 2177 2176
2175 2178 2177
2177 2178 2179
2177 2179 2180
2173 2181 2172
2173 2182 2181
2183 2184 2181
2181 2185 2183
2181 2186 2185
2187 2188 2189
2187 2189 2190
2190 2189 2191
2190 2191 2192
2193 2194 2195
2193 2195 2196
2195 2194 2197
2197 2194 2198
2197 2198 2199
2200 2201 2202
2200 2202 2203
2204 2205 2206
2204 2206 2207
2207 2206 2208
2207 2208 2209
2209 2208 2210
2209 2210 2211
2211 2210 2212
2211 2212 2213
2213 2212 2214
2213 2214 2215
2216 2217 2218
2216 2218 2219
2219 2218 2220
2219 2220 2221
2222 2223 2224
2222 2224 2225
2224 2226 2225
2224 2227 2226
2228 2229 2230
2228 2230 2231
2231 2230 2232
2231 2232 2233
2234 2235 2236
2234 2236 2237
2238 2239 2240
2238 2240 2241
2242 2243 2244
2242 2244 2245
2245 2244 2246
2245 2246 2247
2247 2246 2248
2247 2248 2249
2249 2248 2250
2249 2250 2251
2251 2250 2252
2251 2252 2253
2253 2252 2254
2253 2254 2255
2256 2257 2258
2256 2258 2259
2260 2258 2261
2260 2261 2262
2263 2262 2261
2263 2264 2262
2265 2264 2263
2265 2263 2266
2265 2266 2267
2267 2266 2268
2267 2268 2269
2269 2270 2271
2269 2271 2272
2272 2271 2273
2272 2273 2274
2274 2273 2275
2274 2275 2276
2275 2277 2276
2278 2277 2275
2278 2275 2279
2280 2281 2282
2280 2282 2283
2283 2282 2284
2283 2284 2285
2285 2284 2286
2285 2286 2287
2288 2289 2290
2288 2290 2291
2292 2293 2294
2292 2294 2295
2295 2294 2296
2295 2296 2297
2294 2293 2298
2298 2293 2299
2299 2293 2292
2298 2299 2300
2300 2299 2301
2300 2301 2302
2294 2298 2303
2296 2294 2303
2299 2292 2304
2301 2299 2304
2296 2303 2305
2306 2296 2305
2306 2307 2296
2308 2307 2306
2296 2309 2297
2309 2310 2297
2309 2311 2310
2310 2311 2312
2312 2311 2313
2312 2313 2314
2313 2315 2314
2313 2316 2315
2310 2312 2317
2317 2318 2310
2317 2319 2318
2318 2319 2320
2320 2319 2321
2322 2315 2316
2316 2323 2322
2316 2324 2323
2322 2325 2315
2322 2326 2325
2327 2326 2322
2327 2322 2328
2321 2319 2329
2329 2330 2321
2329 2331 2330
2331 2329 2332
2329 2319 2333
2329 2333 2334
2334 2333 2335
2334 2335 2336
2336 2335 2337
2336 2337 2338
2339 2340 2341
2339 2341 2342
2342 2341 2343
2342 2343 2344
2345 2340 2339
2345 2346 2340
2344 2343 2347
2344 2347 2348
2348 2347 2349
2348 2349 2350
2350 2349 2351
2350 2351 2352
2353 2354 2355
2353 2355 2356
2356 2355 2357
2356 2357 2358
2358 2357 2359
2358 2359 2360
2361 2362 2363
2364 2365 2366
2364 2366 2367
2367 2366 2368
2367 2368 2369
2370 2365 2364
2370 2371 2365
2372 2371 2370
2372 2373 2371
2374 2375 2376
2374 2376 2377
2378 2376 2379
2378 2379 2380
2381 2382 2383
2381 2383 2384
2385 2386 2387
2385 2387 2388
2388 2387 2389
2388 2389 2390
2390 2389 2391
2390 2391 2392
2392 2391 2393
2392 2393 2394
2394 2393 2395
2394 2395 2396
2396 2395 2397
2396 2397 2398
2398 2397 2399
2398 2399 2400
2401 2402 2403
2401 2403 2404
2404 2403 2405
2404 2405 2406
2406 2405 2407
2406 2407 2408
2408 2407 2409
2408 2409 2410
2411 2412 2413
2411 2413 2414
2414 2413 2415
2414 2415 2416
2417 2413 2412
2417 2418 2413
2418 2415 2413
2419 2417 2412
2419 2420 2417
2421 2420 2419
2421 2422 2420
2423 2422 2421
2423 2421 2424
2425 2423 2424
2425 2424 2426
2427 2425 2426
2427 2428 2425
2427 2429 2428
2427 2430 2429
2431 2429 2430
2431 2432 2429
2431 2433 2432
2431 2434 2433
2432 2433 2435
2421 2436 2424
2436 2421 2437
2438 2439 2440
2441 2442 2443
2441 2443 2444
2445 2446 2447
2445 2447 2448
2449 2450 2451
2449 2451 2452
2453 2454 2455
2453 2455 2456
2456 2455 2457
2456 2457 2458
2459 2460 2461
2459 2461 2462
2463 2464 2465
2463 2465 2466
2466 2465 2467
2466 2467 2468
2468 2467 2469
2468 2469 2470
2470 2469 2471
2470 2471 2472
2472 2471 2473
2472 2473 2474
2475 2476 2477
2475 2477 2478
2296 2479 2309
2480 2481 2482
2480 2482 2483
2482 2481 2484
2485 2486 2487
2487 2488 2489
2489 2488 2490
2489 2490 2491
2491 2490 2492
2493 2494 2495
2493 2495 2496
2495 2494 2497
2497 2494 2498
2498 2499 2497
2500 2499 2498
2497 2499 2501
2501 2499 2502
2502 2499 2503
2503 2499 2504
2504 2499 2505
2505 2499 2506
2506 2499 2500
2507 2508 2509
2507 2509 2510
2509 2508 2511
2512 2513 2514
2512 2514 2515
2512 2515 2516
2512 2516 2517
2514 2513 2518
2514 2518 2519
2514 2520 2521
2522 2523 2524
2522 2524 2525
2418 2526 2415
2526 2527 2415
2528 2529 2530
2528 2530 2531
2532 2533 2534
2532 2534 2535
2536 2537 2538
2536 2538 2539
2540 2541 2542
2540 2542 2543
2544 2545 2546
2546 2547 2544
2548 2546 2549
2548 2549 2550
2549 2551 2550
2549 2552 2551
2553 2554 2555
2555 2554 2556
2555 2556 2557
2558 2559 2560
2558 2560 2561
2562 2563 2559
2564 2563 2562
2564 2565 2563
2566 2565 2564
2566 2567 2565
2562 2559 2568
2569 2570 2571
2569 2571 2572
2573 2574 2575
2573 2575 2576
2577 2578 2579
2577 2579 2580
2581 2582 2583
2581 2583 2584
2585 2586 2587
2585 2587 2588
2589 2585 2588
2589 2588 2590
2586 2591 2587
2586 2592 2591
2593 2594 2595
2593 2595 2596
2597 2593 2596
2597 2596 2598
2599 2597 2598
2599 2598 2600
2601 2595 2594
2601 2594 2602
2599 2600 2603
2604 2599 2603
2605 2604 2603
2606 2604 2605
2607 2606 2605
2605 2608 2607
2605 2609 2608
2609 2605 2603
2607 2610 2606
2609 2611 2608
2609 2612 2611
2603 2612 2609
2603 2613 2612
2600 2613 2603
2614 2615 2616
2614 2616 2617
2616 2615 2618
2616 2618 2619
2620 2621 2622
2620 2622 2623
2623 2622 2624
2623 2624 2625
2625 2624 2626
2625 2626 2627
2627 2626 2628
2627 2628 2629
2629 2628 2630
2629 2630 2631
2632 2621 2620
2632 2620 2633
2630 2634 2631
2630 2635 2634
2636 2637 2638
2639 2636 2638
2639 2638 2640
2641 2639 2640
2641 2640 2642
2643 2641 2642
2644 2645 2646
2644 2647 2645
2648 2644 2646
2649 2648 2650
2651 2649 2650
2648 2652 2650
2645 2653 2652
2654 2651 2655
2651 2656 2655
2657 2656 2646
2658 2656 2657
2659 2656 2658
2657 2652 2660
2660 2652 2661
2661 2646 2662
2660 2661 2663
2659 2664 2650
2665 2664 2659
2661 2653 2666
2666 2653 2667
2666 2667 2668
2667 2653 2669
2667 2669 2670
2670 2669 2671
2671 2669 2672
2671 2672 2673
2668 2667 2674
2668 2674 2675
2674 2667 2676
2677 2674 2676
2677 2678 2674
2679 2678 2677
2680 2681 2672
2680 2682 2681
2683 2680 2684
2683 2684 2685
2686 2683 2685
2687 2686 2685
2687 2685 2662
2688 2687 2662
2688 2689 2687
2645 2688 2662
2689 2690 2687
2689 2691 2690
2690 2692 2687
2693 2692 2690
2693 2690 2694
2695 2693 2694
2673 2684 2696
2673 2696 2697
2698 2699 2700
2698 2700 2701
2699 2702 2700
2699 2703 2702
2703 2704 2702
2703 2705 2704
2705 2706 2704
2705 2707 2706
2707 2708 2706
2707 2709 2708
2709 2710 2708
2709 2711 2710
2712 2698 2713
2712 2713 2714
2715 2713 2716
2715 2716 2717
2717 2716 2718
2717 2718 2719
2719 2718 2720
2719 2720 2721
2721 2720 2722
2721 2722 2723
2723 2722 2724
2723 2724 2725
2725 2724 2726
2725 2726 2727
2728 2701 2715
2728 2729 2701
2730 2731 2732
2730 2732 2733
2734 2731 2730
2734 2735 2731
2733 2732 2736
2733 2736 2737
2738 2739 2740
2738 2740 2741
2742 2739 2738
2742 2743 2739
2744 2743 2742
2744 2745 2743
2746 2741 2740
2746 2747 2741
2744 2748 2745
2749 2748 2744
2750 2748 2749
2751 2750 2749
2752 2750 2751
2750 2752 2753
2750 2753 2754
2754 2748 2750
2752 2751 2755
2754 2753 2756
2754 2756 2757
2748 2754 2757
2748 2757 2758
2745 2748 2758
2759 2760 2761
2759 2761 2762
2761 2763 2762
2761 2764 2763
2765 2766 2767
2765 2767 2768
2766 2769 2767
2766 2770 2769
2770 2771 2769
2770 2772 2771
2772 2773 2771
2772 2774 2773
2774 2775 2773
2774 2776 2775
2777 2765 2768
2777 2778 2765
2775 2776 2779
2775 2779 2780
2781 2782 2783
2784 2782 2781
2784 2785 2782
2786 2785 2784
2786 2787 2785
2788 2787 2786
