byte offset: 0
first index: 0
index count: 14568
topology: trianglelist
format: DXGI_FORMAT_R16_UINT

0 1 2
1 0 3
4 2 1
2 4 5
6 5 4
5 6 7
8 7 6
7 8 9
10 9 8
9 10 11
12 11 10
11 12 13
0 14 3
14 0 15
16 17 18
17 16 19
20 18 17
18 20 21
22 21 20
21 22 23
24 19 16
19 24 25
26 25 24
25 26 27
28 23 22
23 28 29
30 29 28
29 30 31
32 33 34
33 32 35
34 36 32
36 34 37
37 38 36
38 37 39
40 41 42
41 40 43
42 44 40
44 42 45
46 44 45
44 46 47
46 48 47
48 46 49
49 50 48
50 49 51
52 50 51
50 52 53
54 55 56
55 54 57
56 58 54
58 56 59
59 60 58
60 59 61
62 63 64
63 62 65
66 67 68
67 66 69
70 71 72
73 71 70
74 71 73
72 71 75
76 71 74
76 77 71
78 71 77
71 78 79
71 79 80
81 71 80
82 71 81
83 71 82
84 71 83
85 71 84
86 87 88
88 87 89
89 87 90
90 87 91
87 86 92
87 93 91
87 94 93
94 87 95
87 96 95
87 97 96
97 87 98
98 87 99
99 87 100
87 101 100
102 103 104
103 102 105
105 106 103
106 105 107
108 105 102
105 108 109
110 105 109
105 110 107
108 111 109
109 111 110
112 104 103
104 112 113
112 114 113
114 112 115
115 116 114
116 115 117
115 118 117
118 115 119
112 119 115
119 112 120
121 117 118
117 121 122
123 122 121
122 123 124
125 124 123
124 125 126
127 124 126
124 127 128
128 122 124
126 129 127
129 126 130
131 129 130
130 132 131
132 130 133
126 133 130
133 126 125
129 131 134
135 134 131
134 135 136
131 137 135
137 131 132
122 128 138
139 136 135
136 139 140
141 140 139
139 142 141
142 139 143
143 135 137
135 143 139
140 141 144
145 144 141
144 145 146
147 146 145
146 147 148
145 149 147
149 145 150
141 150 145
150 141 142
151 148 147
148 151 152
153 152 151
154 153 151
147 154 151
154 147 149
153 154 155
152 153 156
157 156 153
155 157 153
156 157 158
157 155 159
159 160 157
160 161 157
161 158 157
160 159 162
162 163 160
163 161 160
163 162 164
164 165 163
165 166 163
163 166 161
166 165 167
167 168 166
168 167 169
170 168 169
168 170 164
165 164 170
171 166 168
166 171 161
171 164 162
164 171 168
162 172 171
172 161 171
172 162 173
161 172 174
175 174 172
173 175 172
174 175 156
176 156 175
156 176 177
155 176 175
175 173 155
176 155 178
179 167 165
170 179 165
167 179 180
181 180 179
180 181 182
183 182 181
182 183 184
184 185 182
185 184 186
187 185 186
185 187 188
183 188 187
188 183 181
189 184 183
187 189 183
184 189 190
190 186 184
191 190 189
190 191 192
192 193 190
186 190 193
193 192 194
195 193 194
193 195 196
191 196 195
196 191 189
196 186 193
186 196 187
189 187 196
181 197 188
188 198 185
198 188 197
198 182 185
182 198 180
169 180 198
197 169 198
180 169 167
169 197 170
179 170 197
197 181 179
199 192 191
195 199 191
192 199 200
200 194 192
199 201 200
201 199 202
202 203 201
203 202 204
202 205 204
205 202 206
207 201 203
206 207 205
201 207 208
207 206 208
209 201 208
201 209 200
210 208 206
208 210 209
202 210 206
210 202 199
204 211 203
211 204 212
212 213 211
213 212 214
214 215 213
215 214 216
217 213 215
213 217 218
218 211 213
217 219 218
212 219 214
219 217 220
214 220 216
220 214 219
216 221 215
221 216 222
223 215 221
215 223 217
223 220 217
220 223 224
216 224 222
224 216 220
211 218 225
226 218 219
218 226 225
219 212 226
225 203 211
203 225 207
205 225 226
225 205 207
226 204 205
204 226 212
222 227 221
227 222 228
228 229 227
229 228 230
231 227 229
227 231 232
232 224 223
231 233 232
233 230 228
224 232 233
233 231 234
230 233 234
230 235 229
235 231 229
235 230 236
234 236 230
236 237 235
237 236 238
237 239 235
231 235 239
239 234 231
239 237 240
240 241 239
241 238 236
234 239 241
236 234 241
241 240 242
238 241 242
238 243 237
237 243 240
240 243 242
242 243 238
222 233 228
233 222 224
232 221 227
221 232 223
244 245 246
245 244 247
248 247 244
247 248 249
250 245 247
249 250 247
245 250 251
250 249 252
250 253 251
252 253 250
244 254 248
254 244 255
246 255 244
256 254 255
257 256 255
255 246 257
256 257 258
258 259 256
259 258 260
259 261 256
254 256 261
261 259 262
263 262 259
260 263 259
262 263 264
265 264 263
266 265 263
263 260 266
265 266 267
267 268 265
268 267 269
268 270 265
264 265 270
270 268 271
269 272 268
272 271 268
272 269 273
273 274 272
274 273 275
276 272 274
272 276 277
271 272 277
275 278 274
278 275 279
280 274 278
274 280 276
279 281 278
281 279 282
282 283 281
283 282 284
285 281 283
281 285 286
278 286 280
286 278 281
284 287 283
287 284 288
288 289 287
289 288 290
291 287 289
287 291 292
292 283 287
283 292 285
289 178 291
178 289 176
290 176 289
176 290 177
199 195 210
194 210 195
210 194 209
194 200 209
117 138 116
138 117 122
103 120 112
120 103 106
293 294 295
296 293 295
297 296 295
296 297 298
293 296 299
296 300 299
296 301 300
298 301 296
298 302 301
294 303 295
297 295 304
295 305 304
303 305 295
306 303 294
307 306 294
294 308 307
308 309 307
309 308 310
309 311 307
311 312 307
311 309 313
309 314 313
309 315 314
310 315 309
310 316 315
312 317 307
317 306 307
318 317 312
319 318 312
312 320 319
320 321 319
321 320 322
321 323 319
323 324 319
323 321 325
321 326 325
321 327 326
321 328 327
322 328 321
322 329 328
319 330 318
324 330 319
330 324 331
332 331 324
324 333 332
333 334 332
334 333 335
334 336 332
332 336 337
336 334 338
334 339 338
334 340 339
334 341 340
334 342 341
335 342 334
335 343 342
332 344 331
332 345 344
337 345 332
337 346 345
347 346 337
337 348 347
348 349 347
349 350 347
347 350 304
350 349 351
349 352 351
349 353 352
349 354 353
349 355 354
304 356 347
349 348 357
355 349 357
358 346 347
356 358 347
305 356 304
352 359 351
360 355 357
361 362 363
361 364 362
364 361 365
366 364 365
364 366 367
368 367 366
368 369 367
369 368 370
371 369 370
369 371 372
373 372 371
373 374 372
374 373 375
376 374 375
374 376 377
378 377 376
378 379 377
379 378 380
363 379 380
379 363 362
369 381 367
372 381 369
374 381 372
377 381 374
379 381 377
362 381 379
364 381 362
367 381 364
382 383 384
382 385 383
385 386 383
386 385 387
385 382 388
387 385 389
385 390 389
385 388 390
388 391 390
384 383 392
386 393 383
383 393 394
392 383 394
395 384 392
396 384 395
384 396 397
398 397 396
397 398 399
396 400 398
400 396 401
401 396 402
399 398 403
398 404 403
398 400 404
400 405 404
402 396 406
406 396 395
407 402 406
408 402 407
402 408 409
410 409 408
409 410 411
412 410 408
412 408 413
410 412 414
411 410 415
410 416 415
410 417 416
410 414 417
414 418 417
408 407 419
419 413 408
413 419 420
421 413 420
413 421 422
423 422 421
422 423 424
425 423 421
421 426 425
423 425 427
424 423 428
423 429 428
423 430 429
423 431 430
423 427 431
427 432 431
421 420 433
421 433 434
426 421 434
426 434 435
436 426 435
426 436 437
438 437 436
439 438 436
436 393 439
438 439 440
393 436 441
437 438 442
443 436 435
441 436 443
394 393 441
438 440 444
438 444 445
438 445 446
438 446 447
442 438 447
440 448 444
449 442 447
450 451 452
453 450 452
450 453 454
453 455 454
455 453 456
457 455 456
458 457 456
457 458 459
458 460 459
460 458 461
462 460 461
463 462 461
462 463 464
463 465 464
465 463 466
467 465 466
468 467 466
467 468 469
468 451 469
451 468 452
458 456 470
461 458 470
463 461 470
466 463 470
468 466 470
452 468 470
453 452 470
456 453 470
471 472 473
472 471 474
471 475 474
475 471 476
476 477 475
477 476 478
479 480 481
480 479 482
482 483 480
483 482 484
485 483 484
483 485 486
487 488 489
488 487 490
491 490 487
490 491 492
491 493 492
493 491 494
495 496 497
496 495 498
495 499 498
499 495 500
500 501 499
501 500 502
502 503 501
503 502 504
505 506 507
506 505 508
508 509 506
509 508 510
511 509 510
509 511 512
513 514 515
514 513 516
517 516 513
516 517 518
517 519 518
519 517 520
521 522 523
522 521 524
525 524 521
524 525 526
527 526 525
526 527 528
529 528 527
528 529 530
529 531 530
531 529 532
533 534 535
534 533 536
537 536 533
536 537 538
537 539 538
539 537 540
541 539 540
539 541 542
541 543 542
543 541 544
545 546 547
546 545 548
549 548 545
548 549 550
549 551 550
551 549 552
553 554 555
554 553 556
556 557 554
557 556 558
559 557 558
557 559 560
561 562 563
562 561 564
565 564 561
564 565 566
565 567 566
567 565 568
569 570 571
570 569 572
573 570 572
570 573 574
575 574 573
574 575 576
577 578 579
578 577 580
580 581 578
581 580 582
583 581 582
581 583 584
585 586 587
586 585 588
589 588 585
588 589 590
589 591 590
591 589 592
593 594 595
594 593 596
596 597 594
597 596 598
599 597 598
597 599 600
601 602 603
602 601 604
604 605 602
605 604 606
606 607 605
607 606 608
609 607 608
607 609 610
611 612 613
611 613 614
615 616 617
616 615 618
619 616 618
616 619 620
621 622 623
622 621 624
625 623 622
623 625 626
625 627 626
627 625 628
628 629 627
629 628 630
630 631 629
631 630 632
632 633 631
633 632 634
634 635 633
635 634 636
636 621 635
621 636 624
637 621 623
621 637 638
638 635 621
639 626 627
626 639 640
623 640 637
640 623 626
641 629 631
629 641 642
627 642 639
642 627 629
643 633 635
635 638 643
633 643 644
631 644 641
644 631 633
645 638 637
638 645 646
646 643 638
647 640 639
640 647 648
637 648 645
648 637 640
649 642 641
642 649 650
639 650 647
650 639 642
641 651 649
651 641 644
644 652 651
652 644 643
643 646 652
653 646 645
646 653 654
654 652 646
645 655 653
655 645 648
648 656 655
656 648 647
647 657 656
657 647 650
650 658 657
658 650 649
649 659 658
659 649 651
651 660 659
660 651 652
652 654 660
661 662 663
662 664 663
664 662 665
666 664 665
664 666 667
667 666 668
669 670 671
672 670 669
670 672 673
672 674 673
674 672 675
676 674 675
677 678 679
678 680 679
681 682 683
684 681 683
685 681 684
682 681 686
687 682 686
685 684 688
689 685 688
685 689 690
691 690 689
690 691 692
693 692 691
692 693 694
693 695 694
695 693 696
697 695 696
698 697 696
697 698 699
698 700 699
701 687 686
687 701 702
703 702 701
704 705 706
705 704 707
708 706 705
709 707 704
707 709 710
709 711 710
706 708 712
712 708 713
713 714 712
713 715 714
716 715 713
715 716 717
716 718 717
719 720 721
720 719 722
719 721 723
722 724 720
724 722 725
726 724 725
724 726 727
727 726 728
726 729 728
728 729 730
729 731 730
732 729 733
729 732 734
732 735 734
735 732 736
737 735 736
735 737 738
737 739 738
740 733 729
733 740 741
740 742 741
740 743 742
744 742 743
745 744 743
746 744 745
747 746 745
746 747 748
748 747 749
750 744 746
751 752 753
753 754 751
754 753 755
755 756 754
757 752 751
757 758 752
757 759 758
760 759 757
761 759 760
760 762 761
762 760 763
763 764 762
764 763 765
766 764 765
767 768 769
768 767 770
770 771 768
771 770 772
773 771 772
774 771 773
773 775 774
775 773 776
776 777 775
777 776 778
778 779 777
779 778 780
781 779 780
779 781 782
783 782 781
782 783 784
785 784 783
784 785 786
787 786 785
787 788 786
787 789 788
789 790 788
791 788 790
791 790 792
793 791 792
793 792 794
795 796 797
767 795 797
795 767 769
798 799 800
799 798 801
802 801 798
801 802 803
804 803 802
803 804 805
806 805 804
805 806 807
800 799 808
806 809 807
810 800 808
811 810 808
812 810 811
810 812 813
814 813 812
813 814 815
814 816 815
816 814 817
817 818 816
818 817 819
819 820 818
820 819 821
821 822 820
822 821 823
824 822 823
822 824 825
826 825 824
825 826 827
828 827 826
829 830 831
830 829 832
831 833 829
833 831 834
835 830 832
833 834 836
834 837 836
834 838 837
838 839 837
839 838 840
840 841 839
840 842 841
843 841 842
842 844 843
844 842 845
846 844 845
841 843 847
848 845 842
842 840 848
845 848 849
849 846 845
841 847 850
841 850 839
847 851 850
851 847 852
852 853 851
853 852 854
854 855 853
855 854 856
857 855 856
855 857 858
857 859 858
859 860 858
860 861 858
861 860 862
862 863 861
863 862 864
864 865 863
866 867 868
869 868 867
868 869 870
870 869 871
870 871 872
872 871 873
874 872 873
872 874 875
876 875 874
875 876 877
878 877 876
876 879 878
879 876 880
881 879 880
879 881 882
877 878 883
881 884 882
885 886 887
886 885 888
889 887 886
890 888 885
888 890 891
892 891 890
891 892 893
894 893 892
893 894 895
896 895 894
895 896 897
898 897 896
897 898 899
900 899 898
899 900 901
902 901 900
901 902 903
902 904 903
904 905 903
904 906 905
905 906 907
908 909 910
909 908 911
912 908 910
911 913 909
913 911 914
914 915 913
915 914 916
916 917 915
917 916 918
919 912 910
920 912 919
920 919 921
920 921 922
920 922 923
918 924 917
918 925 924
925 926 924
926 925 927
926 927 928
929 920 923
930 929 923
930 923 931
930 931 932
933 934 935
934 933 936
934 937 935
938 936 933
936 938 939
940 939 938
938 941 940
942 940 941
941 943 942
942 943 944
945 946 947
948 946 945
946 948 949
949 948 950
951 945 947
951 947 952
953 951 952
954 953 952
953 954 955
955 956 953
956 955 957
957 958 956
958 957 959
959 960 958
960 959 961
961 962 960
962 961 963
963 964 962
964 963 965
966 964 965
964 966 967
966 968 967
968 966 969
969 970 968
970 969 971
970 971 972
973 974 975
974 973 976
976 977 974
977 976 978
975 979 973
979 975 980
980 981 979
981 980 982
982 983 981
983 982 984
984 985 983
985 984 986
987 985 986
978 988 977
988 978 989
989 990 988
990 989 991
991 992 990
992 991 993
992 993 994
994 993 995
996 995 993
996 997 995
998 997 996
998 999 997
1000 1001 1002
1001 1000 1003
1002 1004 1000
1001 1003 1005
1006 1001 1005
1003 1007 1005
1008 1009 1010
1009 1008 1011
1012 1010 1009
1013 1011 1008
1011 1013 1014
1015 1014 1013
1014 1015 1016
1017 1016 1015
1016 1017 1018
1019 1018 1017
1018 1019 1020
1021 1020 1019
1020 1021 1022
1023 1022 1021
1022 1023 1024
1024 1023 1025
1023 1026 1025
1026 1027 1025
1028 1027 1026
1027 1028 1029
1030 1025 1027
1025 1030 1031
1025 1031 1024
1024 1031 1032
1033 1032 1031
1032 1033 1034
1033 1035 1034
1035 1033 1036
1037 1035 1036
1036 1038 1037
1038 1039 1037
1040 1039 1038
1039 1040 1041
1039 1042 1037
1042 1039 1043
1039 1044 1043
1044 1039 1041
1045 1044 1041
1040 1045 1041
1035 1037 1046
1037 1042 1046
1047 1046 1042
1048 1046 1047
1046 1048 1049
1050 1049 1048
1049 1050 1051
1050 1052 1051
1052 1053 1051
1054 1055 1029
1056 1029 1055
1029 1056 1027
1027 1056 1030
1028 1054 1029
1057 1058 1059
1060 1059 1058
1059 1060 1061
1062 1061 1060
1061 1062 1063
1064 1063 1062
1063 1064 1065
1066 1065 1064
1065 1066 1067
1068 1067 1066
1067 1068 1069
1070 1069 1068
1069 1070 1071
1072 1071 1070
1071 1072 1073
1074 1073 1072
1073 1074 1075
1076 1075 1074
1075 1076 1077
1078 1077 1076
1077 1078 1079
1080 1079 1078
1079 1080 1081
1080 1082 1081
1082 1080 1083
1083 1084 1082
1084 1083 1085
1085 1086 1084
1087 1088 1089
1088 1087 1090
1091 1090 1087
1090 1091 1092
1093 1092 1091
1092 1093 1094
1095 1094 1093
1094 1095 1096
1087 1089 1097
1095 1093 1097
1093 1091 1097
1091 1087 1097
1088 1098 1089
1098 1097 1089
1098 1088 1099
1095 1100 1096
1100 1095 1101
1095 1097 1101
1101 1102 1100
1102 1101 1103
1099 1103 1098
1103 1099 1102
1101 1097 1103
1103 1097 1098
1104 1088 1090
1088 1104 1105
1105 1099 1088
1104 1106 1105
1106 1104 1107
1107 1108 1106
1108 1107 1109
1110 1109 1107
1109 1110 1111
1112 1111 1110
1111 1112 1113
1114 1113 1112
1113 1114 1115
1112 1116 1114
1116 1112 1117
1110 1117 1112
1117 1110 1118
1118 1107 1104
1107 1118 1110
1108 1119 1106
1119 1108 1120
1114 1121 1115
1121 1114 1122
1116 1122 1114
1122 1123 1121
1123 1122 1124
1120 1124 1119
1124 1120 1123
1122 1116 1125
1125 1124 1122
1124 1125 1126
1126 1119 1124
1119 1126 1127
1127 1106 1119
1106 1127 1105
1099 1105 1127
1127 1102 1099
1102 1127 1126
1126 1100 1102
1100 1126 1125
1125 1096 1100
1096 1125 1116
1116 1094 1096
1094 1116 1117
1117 1092 1094
1092 1117 1118
1118 1090 1092
1090 1118 1104
1128 1129 1130
1129 1128 1131
1132 1130 1129
1130 1132 1133
1132 1134 1133
1134 1135 1133
1135 1134 1136
1128 1137 1131
1137 1128 1138
1139 1135 1136
1135 1139 1140
1141 1140 1139
1141 1138 1140
1138 1141 1137
1142 1143 1144
1143 1142 1145
1146 1145 1142
1145 1146 1147
1148 1147 1146
1147 1148 1149
1150 1149 1148
1149 1150 1151
1145 1152 1143
1152 1145 1153
1147 1153 1145
1151 1154 1149
1154 1151 1155
1149 1156 1147
1156 1149 1154
1153 1147 1156
1143 1157 1144
1157 1143 1158
1152 1158 1143
1150 1159 1151
1159 1155 1151
1159 1150 1160
1160 1161 1159
1161 1160 1162
1158 1162 1157
1162 1158 1161
1158 1152 1163
1163 1161 1158
1155 1159 1164
1161 1164 1159
1164 1161 1165
1161 1163 1165
1166 1167 1168
1167 1166 1169
1169 1170 1167
1170 1169 1171
1172 1166 1168
1166 1172 1173
1174 1173 1172
1173 1174 1175
1167 1176 1168
1176 1172 1168
1176 1167 1177
1170 1177 1167
1176 1177 1178
1177 1179 1178
1177 1170 1179
1176 1178 1180
1180 1174 1172
1172 1176 1180
1180 1178 1181
1174 1180 1181
1182 1183 1184
1183 1182 1185
1183 1186 1184
1186 1183 1187
1188 1182 1184
1186 1188 1184
1182 1188 1189
1188 1190 1189
1188 1191 1190
1188 1186 1191
387 389 1192
399 403 1193
424 428 1194
411 415 1195
339 1196 338
326 1197 325
314 1198 313
300 1199 299
1200 1201 1202
1201 1200 1203
1204 1205 1206
1207 1205 1204
1208 1209 1210
1209 1208 1211
1212 1213 1214
1213 1212 1215
1216 1217 1218
1217 1216 1219
1220 1221 1222
1221 1220 1223
1224 1225 1226
1227 1224 1226
1228 1229 1230
1229 1228 1231
1232 1233 1234
1233 1232 1235
1236 1237 1238
1237 1236 1239
1240 1241 1242
1241 1240 1243
1244 1245 1246
1247 1244 1246
1248 1249 1250
1249 1248 1251
1252 1253 1254
1253 1252 1255
1256 1257 1258
1257 1256 1259
1260 1261 1262
1261 1260 1263
1264 1265 1266
1267 1265 1264
1268 1269 1270
1269 1268 1271
1272 1273 1274
1273 1272 1275
1276 1277 1278
1277 1276 1279
1280 1281 1282
1281 1280 1283
1284 1285 1286
1287 1284 1286
1288 1289 1290
1289 1288 1291
1292 1293 1294
1293 1292 1295
1296 1297 1298
1297 1296 1299
1300 1301 1302
1301 1300 1303
1304 1305 1306
1307 1305 1304
1308 1309 1310
1309 1308 1311
1312 1313 1314
1313 1312 1315
1316 1317 1318
1317 1316 1319
1320 1321 1322
1321 1320 1323
1324 1325 1326
1327 1325 1324
1328 1329 1330
1329 1328 1331
1332 1333 1334
1333 1332 1335
1336 1337 1338
1337 1336 1339
1340 1341 1342
1341 1340 1343
1344 1345 1346
1347 1344 1346
1348 1349 1350
1349 1348 1351
1352 1353 1354
1353 1352 1355
1356 1357 1358
1357 1356 1359
1360 1361 1362
1361 1360 1363
1364 1363 1360
1363 1364 1365
1366 1365 1364
1365 1366 1367
1368 1367 1366
1367 1368 1369
1370 1369 1368
1369 1370 1371
1370 1372 1371
1372 1370 1373
1374 1362 1361
1362 1374 1375
1376 1375 1374
1375 1376 1377
1378 1377 1376
1379 1377 1378
1380 1379 1378
1381 1379 1380
1373 1382 1372
1382 1373 1383
1383 1384 1382
1381 1385 1379
1385 1381 1386
1387 1385 1386
1385 1387 1388
1389 1388 1387
1388 1389 1390
1390 1389 1391
1391 1392 1390
1392 1391 1393
1393 1394 1392
1395 1394 1393
1396 1397 1398
1399 1398 1397
1398 1399 1400
1400 1399 1401
1400 1401 1402
1402 1401 1403
1403 1404 1402
1404 1403 1405
1404 1405 1406
1404 1406 1407
1406 1408 1407
1408 1409 1407
1409 1408 1410
1411 1409 1410
1409 1411 1412
1411 1413 1412
1412 1413 1414
1413 1415 1414
1415 1416 1414
1415 1417 1416
1418 1416 1417
1416 1418 1419
1420 1419 1418
1419 1420 1421
1422 1421 1420
1422 1420 1423
1423 1424 1422
1423 1425 1424
1424 1426 1422
1427 1422 1426
1422 1427 1428
1429 1428 1427
1428 1429 1430
1431 1430 1429
1430 1431 1432
1432 1431 1433
1434 1435 1436
1437 1436 1435
1436 1437 1438
1438 1439 1436
1439 1440 1436
1434 1436 1440
1441 1434 1440
1442 1441 1440
1440 1443 1442
1440 1439 1443
1444 1442 1443
1444 1445 1442
1445 1444 1446
1446 1447 1445
1447 1446 1448
1449 1447 1448
1447 1449 1450
1450 1449 1451
1437 1452 1438
1453 1450 1451
1454 1453 1451
1455 1456 1457
1456 1455 1458
1459 1458 1455
1458 1459 1460
1461 1460 1459
1460 1461 1462
1456 1463 1457
1456 1464 1463
1456 1465 1464
1465 1456 1466
1467 1465 1466
1465 1467 1468
1461 1469 1462
1462 1469 1470
1462 1470 1471
1462 1471 1472
1462 1472 1473
1462 1473 1474
1474 1473 1475
1475 1476 1474
1476 1475 1477
1478 1476 1477
1476 1478 1479
1479 1478 1480
1480 1481 1479
1481 1480 1482
1482 1483 1481
1483 1482 1484
1485 1483 1484
1483 1485 1486
1487 1486 1485
1486 1487 1488
1488 1487 1489
1490 1488 1489
1488 1490 1491
1491 1490 1492
1492 1493 1491
1493 1492 1494
1495 1493 1494
1493 1495 1496
1496 1495 1497
1498 1499 1500
1499 1498 1501
1500 1502 1498
1502 1500 1503
1504 1502 1503
1502 1504 1505
1506 1505 1504
1505 1506 1507
1508 1507 1506
1507 1508 1509
1510 1509 1508
1509 1510 1511
1512 1511 1510
1511 1512 1513
1514 1513 1512
1513 1514 1515
1516 1515 1514
1515 1516 1517
1518 1517 1516
1517 1518 1519
1519 1518 1520
1520 1518 1521
1520 1521 1522
1521 1523 1522
1523 1521 1524
1523 1524 1525
1524 1526 1525
1527 1528 1529
1528 1527 1530
1529 1531 1527
1531 1529 1532
1532 1501 1531
1501 1532 1499
1530 1533 1528
1533 1530 1534
1535 1533 1534
1533 1535 1536
1537 1536 1535
1536 1537 1538
1537 1539 1538
1540 1541 1542
1543 1542 1541
1543 1544 1542
1545 1544 1543
1545 1546 1544
1546 1545 1547
1548 1546 1547
1546 1548 1549
1549 1548 1550
1550 1551 1549
1550 1552 1551
1552 1553 1551
1551 1553 1554
1551 1554 1555
1555 1554 1556
1555 1556 1557
1557 1558 1555
1559 1558 1557
1558 1559 1560
1561 1560 1559
1560 1561 1562
1562 1561 1563
1564 1565 1566
1565 1564 1567
1566 1565 1568
1565 1569 1568
1569 1565 1570
1570 1571 1569
1571 1570 1572
1572 1573 1571
1573 1572 1574
1574 1575 1573
1575 1574 1576
1576 1577 1575
1577 1576 1578
1578 1579 1577
1579 1578 1580
1581 1579 1580
1579 1581 1582
1583 1582 1581
1582 1583 1584
1583 1585 1584
1586 1585 1583
1586 1587 1585
1587 1586 1588
1588 1589 1587
1589 1588 1590
1590 1588 1591
1590 1591 1592
1591 1593 1592
1594 1595 1596
1595 1594 1597
1597 1598 1595
1597 1599 1598
1599 1600 1598
1601 1600 1599
1600 1601 1602
1601 1603 1602
1604 1598 1600
1600 1605 1604
1605 1606 1604
1598 1607 1595
1607 1598 1604
1603 1601 1608
1608 1609 1603
1610 1609 1608
1610 1611 1609
1611 1610 1612
1613 1612 1610
1614 1612 1613
1615 1614 1613
1616 1617 1618
1619 1618 1617
1618 1619 1620
1619 1621 1620
1621 1619 1622
1623 1621 1622
1622 1624 1623
1623 1624 1625
1624 1626 1625
1627 1625 1626
1625 1627 1628
1625 1628 1629
1630 1631 1632
1630 1633 1631
1633 1630 1634
1634 1635 1633
1635 1634 1636
1636 1637 1635
1635 1637 1638
1638 1637 1639
1630 1632 1640
1640 1641 1630
1641 1640 1642
1641 1642 1643
1641 1643 1644
1644 1643 1645
1645 1646 1644
1646 1645 1647
1636 1648 1637
1649 1648 1636
1648 1649 1650
1650 1649 1651
1652 1651 1649
1651 1652 1653
1654 1653 1652
1653 1654 1655
1654 1656 1655
1656 1654 1657
1658 1656 1657
1656 1658 1659
1660 1659 1658
1659 1660 1661
1662 1661 1660
1661 1662 1663
1664 1663 1662
1663 1664 1665
1666 1665 1664
1665 1666 1667
1666 1668 1667
1668 1666 1669
1669 1670 1668
1670 1669 1671
1670 1671 1672
1671 1673 1672
1671 1674 1673
1675 1676 1677
1677 1676 1678
1677 1678 1679
1677 1680 1675
1680 1677 1646
1646 1681 1680
1677 1679 1682
1679 1683 1682
1682 1683 1684
1647 1681 1646
1643 1685 1686
1643 1686 1645
1687 1688 1689
1688 1687 1690
1689 1691 1687
1691 1689 1692
1692 1693 1691
1693 1692 1694
1694 1695 1693
1695 1694 1696
1696 1697 1695
1697 1696 1698
1699 1697 1698
1697 1699 1700
1690 1701 1688
1701 1690 1702
1702 1703 1701
1703 1702 1704
1705 1703 1704
1706 1705 1704
1707 1705 1706
1708 1707 1706
1709 1700 1699
1700 1709 1710
1710 1709 1711
1712 1708 1706
1708 1712 1713
1712 1714 1713
1714 1712 1715
1715 1716 1714
1716 1715 1717
1717 1718 1716
1719 1718 1717
1718 1719 1720
1720 1719 1721
1722 1720 1721
1723 1724 1725
1724 1726 1725
1726 1724 1727
1727 1728 1726
1727 1729 1728
1729 1730 1728
1731 1730 1729
1730 1731 1732
1731 1733 1732
1731 1734 1733
1733 1734 1735
1736 1735 1734
1735 1736 1737
1736 1738 1737
1738 1736 1739
1738 1739 1740
1739 1741 1740
1740 1741 1742
1742 1741 1743
1742 1743 1744
1743 1745 1744
1745 1743 1746
1746 1747 1745
1747 1746 1748
1749 1747 1748
1749 1750 1747
1750 1749 1751
1750 1751 1752
1751 1749 1753
1749 1754 1753
1754 1749 1755
1755 1756 1754
1756 1755 1757
1757 1758 1756
1758 1757 1759
1759 1760 1758
1761 1762 1763
1762 1761 1764
1765 1762 1764
1766 1762 1765
1762 1766 1767
1768 1767 1766
1769 1768 1766
1768 1769 1770
1771 1763 1762
1762 1767 1771
1772 1763 1771
1773 1763 1772
1763 1773 1761
1774 1770 1769
1770 1774 1775
1774 1776 1775
1776 1774 1777
1773 1772 1778
1779 1776 1777
1780 1779 1777
1781 1779 1780
1782 1783 1784
1783 1782 1785
1784 1786 1782
1786 1784 1787
1783 1785 1788
1783 1788 1789
1790 1783 1789
1783 1790 1791
1790 1792 1791
1792 1790 1793
1787 1794 1786
1795 1794 1787
1794 1795 1796
1795 1797 1796
1795 1798 1797
1795 1799 1798
1795 1800 1799
1795 1801 1800
1801 1802 1800
1803 1802 1801
1802 1803 1804
1803 1805 1804
1805 1803 1806
1806 1807 1805
1808 1807 1806
1807 1808 1809
1810 1809 1808
1809 1810 1811
1810 1812 1811
1812 1810 1813
1813 1814 1812
1814 1813 1815
1815 1816 1814
1815 1817 1816
1815 1818 1817
1818 1819 1817
1820 1819 1818
1819 1820 1821
1820 1822 1821
1822 1820 1823
1823 1824 1822
1825 1826 1827
1826 1825 1828
1829 1828 1825
1828 1829 1830
1829 1831 1830
1831 1829 1832
1832 1833 1831
1833 1832 1834
1834 1835 1833
1835 1834 1836
1836 1837 1835
1837 1836 1838
1838 1839 1837
1839 1838 1840
1840 1841 1839
1841 1840 1842
1842 1843 1841
1843 1842 1844
1844 1845 1843
1845 1844 1846
1846 1847 1845
1847 1848 1845
1847 1849 1848
1850 1848 1849
1848 1850 1851
1850 1852 1851
1851 1852 1853
1854 1855 1856
1855 1854 1857
1858 1857 1854
1857 1858 1859
1827 1859 1858
1859 1827 1826
1860 1856 1855
1856 1860 1861
1860 1862 1861
1862 1860 1863
1863 1864 1862
1864 1863 1865
1864 1865 1866
1867 1868 1869
1870 1869 1868
1870 1868 1871
1872 1870 1871
1873 1872 1871
1872 1873 1874
1873 1875 1874
1875 1873 1876
1876 1877 1875
1877 1876 1878
1877 1878 1879
1879 1878 1880
1878 1881 1880
1878 1882 1881
1882 1883 1881
1882 1884 1883
1884 1882 1885
1885 1886 1884
1886 1885 1887
1887 1888 1886
1888 1887 1889
1889 1890 1888
1891 1892 1893
1893 1894 1891
1892 1895 1893
1896 1893 1895
1893 1896 1897
1898 1897 1896
1897 1898 1899
1900 1899 1898
1899 1900 1901
1902 1901 1900
1901 1902 1903
1904 1903 1902
1903 1904 1905
1906 1905 1904
1905 1906 1907
1906 1908 1907
1908 1906 1909
1909 1910 1908
1910 1909 1911
1910 1911 1912
1913 1910 1912
1914 1913 1912
1913 1914 1915
1915 1914 1916
1916 1917 1915
1917 1918 1915
1917 1919 1918
1918 1919 1920
1921 1922 1923
1923 1924 1921
1924 1923 1925
1924 1925 1926
1926 1925 1927
1927 1928 1926
1928 1927 1929
1928 1929 1930
1931 1927 1925
1927 1931 1932
1932 1931 1933
1925 1923 1934
1934 1931 1925
1935 1928 1930
1928 1935 1936
1937 1936 1938
1936 1937 1939
1936 1940 1938
1930 1938 1940
1938 1941 1937
1938 1930 1941
1942 1943 1941
1943 1942 1939
1942 1944 1939
1945 1939 1944
1946 1945 1944
1947 1945 1946
1948 1949 1950
1951 1950 1949
1949 1952 1951
1951 1952 1953
1953 1954 1951
1955 1954 1953
1954 1955 1956
1955 1957 1956
1956 1957 1958
1959 1958 1957
1957 1960 1959
1957 1961 1960
1962 1963 1964
1965 1962 1964
1962 1965 1966
1967 1966 1965
1966 1967 1968
1968 1967 1969
1970 1968 1969
1968 1970 1971
1967 1972 1969
1972 1973 1969
1962 1974 1963
1975 1974 1962
1974 1975 1976
1975 1977 1976
1975 1978 1977
1970 1979 1971
1979 1980 1971
1980 1981 1971
1981 1980 1982
1982 1983 1981
1983 1982 1984
1985 1983 1984
1983 1985 1986
1985 1987 1986
1987 1985 1988
1988 1989 1987
1989 1988 1990
1990 1991 1989
1991 1990 1992
1992 1993 1991
1993 1992 1994
1994 1995 1993
1995 1994 1996
1997 1995 1996
1995 1997 1998
1999 1998 1997
1998 1999 2000
1999 2001 2000
2001 2002 2000
2002 2003 2000
2004 2005 2006
2004 2007 2005
2004 2008 2007
2004 2009 2008
2010 2009 2004
2009 2010 2011
2010 2012 2011
2013 2004 2006
2013 2006 2014
2015 2013 2014
2013 2015 1978
1978 2015 2016
1978 2016 1977
2016 2017 1977
2017 2018 1977
2019 2020 2021
2020 2019 2022
2023 2021 2020
2023 2024 2021
2025 2022 2019
2022 2025 2026
2027 2026 2025
2026 2027 2028
2029 2028 2027
2028 2029 2030
2031 2030 2029
2030 2031 2032
2033 2032 2031
2032 2033 2034
2035 2034 2033
2034 2035 2036
2037 2036 2035
2036 2037 2038
2039 2040 2041
2042 2041 2040
2042 2043 2041
2043 2042 2044
2044 2045 2043
2045 2044 2046
2046 2047 2045
2047 2046 2048
2048 2049 2047
2049 2048 2050
2050 2051 2049
2051 2050 2052
2052 2053 2051
2053 2052 2054
2054 2055 2053
2055 2054 2056
2056 2057 2055
2057 2056 2058
2058 2059 2057
2059 2058 2060
2061 2059 2060
2059 2061 2062
2063 2064 2065
2066 2064 2063
2067 2064 2066
2068 2064 2067
2069 2064 2068
2070 2064 2069
2064 2070 2071
2072 2064 2071
2073 2064 2072
2074 2064 2073
2075 2064 2074
2065 2064 2076
2076 2064 2077
2075 2077 2064
2078 2079 2080
2081 2080 2079
2082 2079 2078
2079 2083 2081
2081 2083 2084
2083 2085 2084
2084 2085 2086
2086 2085 2087
2086 2087 2088
2089 2088 2087
2088 2089 2090
2091 2079 2082
2092 2091 2082
2092 2093 2091
2093 2092 2094
2095 2093 2094
2093 2095 2096
2097 2096 2095
2097 2098 2096
2099 2098 2097
2100 2098 2099
2098 2100 2101
2101 2102 2098
2103 2102 2101
2103 2104 2102
2105 2104 2103
2106 2104 2105
2107 2106 2105
2107 2108 2106
2108 2107 2109
2110 2108 2109
2111 2110 2109
2090 2112 2113
2090 2089 2112
2114 2115 2116
2114 2116 2117
2114 2117 2118
2118 2119 2114
2119 2118 2120
2120 2121 2119
2122 2123 2124
2123 2122 2125
2126 2125 2122
2125 2126 2127
2128 2124 2123
2129 2130 2131
2129 2131 2132
2130 2133 2131
2130 2134 2133
2135 2136 2137
2136 2138 2137
2136 2139 2138
2139 2140 2138
2141 2142 2143
2142 2141 2144
2143 2145 2141
2145 2143 2146
2146 2147 2145
2148 2149 2150
2151 2148 2150
2150 2152 2151
2153 2151 2152
2154 2153 2152
2149 2155 2150
2156 2157 2158
2157 2156 2159
2160 2158 2157
2158 2160 2161
2162 2161 2160
2161 2162 2163
2164 2163 2162
2163 2164 2165
2166 2165 2164
2165 2166 2167
2168 2167 2166
2167 2168 2169
2170 2169 2168
2169 2170 2171
2172 2171 2170
2171 2172 2173
2174 2173 2172
2173 2174 2175
2176 2175 2174
2175 2176 2177
2178 2177 2176
2177 2178 2179
2180 2179 2178
2179 2180 2181
2182 2181 2180
2181 2182 2183
2184 2183 2182
2183 2184 2185
2186 2185 2184
2185 2186 2187
2159 2187 2186
2187 2159 2156
2188 2189 2190
2189 2188 2191
2192 2190 2189
2190 2192 2193
2194 2193 2192
2193 2194 2195
2196 2195 2194
2195 2196 2197
2198 2197 2196
2197 2198 2199
2200 2199 2198
2199 2200 2201
2202 2201 2200
2201 2202 2203
2204 2203 2202
2203 2204 2205
2206 2205 2204
2205 2206 2207
2208 2207 2206
2207 2208 2209
2210 2209 2208
2209 2210 2211
2212 2211 2210
2211 2212 2213
2214 2213 2212
2213 2214 2215
2216 2215 2214
2215 2216 2217
2218 2217 2216
2217 2218 2219
2191 2219 2218
2219 2191 2188
2220 2221 2222
2223 2221 2220
2224 2221 2223
2225 2221 2224
2226 2221 2225
2227 2221 2226
2228 2221 2227
2229 2221 2228
2230 2221 2229
2231 2221 2230
2232 2221 2231
2233 2221 2232
2234 2221 2233
2235 2221 2234
2236 2221 2235
2222 2221 2236
2237 2238 2239
2238 2237 2240
2240 2241 2238
2241 2240 2242
2242 2243 2241
2243 2242 2244
2244 2245 2243
2245 2244 2246
2246 2247 2245
2247 2246 2248
2248 2249 2247
2249 2248 2250
2250 2251 2249
2251 2250 2252
2252 2253 2251
2253 2252 2254
2254 2255 2253
2255 2254 2256
2256 2257 2255
2257 2256 2258
2258 2259 2257
2259 2258 2260
2260 2261 2259
2261 2260 2262
2262 2263 2261
2263 2262 2264
2264 2265 2263
2265 2264 2266
2266 2267 2265
2267 2266 2268
2268 2239 2267
2239 2268 2237
2269 2270 2271
2270 2269 2272
2273 2272 2269
2272 2273 2274
2273 2275 2274
2275 2273 2276
2276 2277 2275
2277 2276 2278
2278 2279 2277
2279 2278 2280
2281 2279 2280
2279 2281 2282
2281 2283 2282
2284 2269 2271
2269 2284 2285
2273 2285 2286
2285 2273 2269
2273 2287 2276
2287 2273 2286
2276 2288 2278
2288 2276 2287
2278 2289 2280
2289 2278 2288
2289 2281 2280
2281 2289 2290
2281 2290 2291
2292 2291 2290
2290 2293 2292
2293 2290 2294
2294 2295 2293
2295 2294 2296
2296 2297 2295
2297 2296 2298
2299 2297 2298
2297 2299 2300
2301 2300 2299
2300 2301 2302
2303 2302 2301
2302 2303 2304
2305 2302 2304
2302 2305 2306
2306 2300 2302
2300 2306 2307
2307 2297 2300
2297 2307 2308
2308 2295 2297
2295 2308 2309
2309 2293 2295
2293 2309 2310
2310 2292 2293
2292 2310 2311
2303 2312 2304
2304 2312 2305
2311 2313 2292
2291 2292 2313
2313 2311 2314
2314 2315 2313
2314 2316 2315
2316 2314 2317
2317 2318 2316
2318 2317 2319
2320 2318 2319
2318 2320 2321
2322 2321 2320
2321 2322 2323
2324 2323 2322
2323 2324 2325
2326 2325 2324
2325 2326 2327
2328 2325 2327
2325 2328 2329
2325 2330 2323
2330 2325 2329
2330 2321 2323
2321 2330 2331
2331 2318 2321
2318 2331 2332
2332 2316 2318
2316 2332 2333
2333 2315 2316
2315 2333 2334
2326 2335 2327
2327 2335 2328
2334 2336 2315
2337 2336 2334
2334 2338 2337
2338 2334 2339
2339 2340 2338
2340 2339 2341
2341 2342 2340
2342 2341 2343
2343 2344 2342
2344 2343 2345
2345 2346 2344
2346 2345 2347
2348 2346 2347
2346 2348 2349
2349 2350 2346
2350 2344 2346
2350 2349 2351
2344 2350 2352
2352 2342 2344
2342 2352 2353
2353 2340 2342
2340 2353 2354
2354 2338 2340
2338 2354 2355
2355 2337 2338
2337 2355 2356
2348 2357 2349
2349 2357 2351
2356 2358 2337
2358 2359 2337
2337 2359 2336
2358 2360 2359
2336 2361 2315
2315 2361 2313
2362 2363 2364
2363 2362 2365
2362 2366 2365
2366 2362 2367
2364 2368 2362
2368 2367 2362
2368 2364 2369
2367 2368 2370
2369 2371 2368
2371 2370 2368
2371 2369 2372
2370 2371 2373
2374 2371 2372
2371 2374 2375
2375 2373 2371
2373 2375 2376
2377 2375 2374
2375 2377 2378
2378 2376 2375
2376 2378 2379
2380 2378 2377
2378 2380 2381
2381 2379 2378
2379 2381 2382
2382 2381 2383
2381 2380 2384
2384 2383 2381
2383 2385 2382
2385 2383 2386
2386 2383 2387
2388 2386 2387
2389 2386 2388
2390 2386 2389
2386 2390 2391
2392 2391 2390
2391 2392 2393
2394 2393 2392
2393 2394 2395
2396 2395 2394
2395 2396 2397
2396 2398 2397
2399 2397 2398
2398 2400 2399
2400 2398 2401
2398 2402 2401
2402 2398 2403
2398 2396 2403
2397 2399 2404
2404 2395 2397
2395 2404 2405
2405 2393 2395
2393 2405 2406
2407 2393 2406
2393 2407 2391
2408 2391 2407
2391 2408 2386
2400 2401 2409
2401 2402 2409
2363 2365 2410
2365 2366 2410
2411 2412 2413
2412 2411 2414
2415 2414 2411
2414 2415 2416
2417 2411 2413
2411 2417 2418
2418 2415 2411
2415 2418 2419
2420 2418 2417
2418 2420 2421
2421 2419 2418
2419 2421 2422
2423 2421 2420
2421 2423 2424
2424 2422 2421
2422 2424 2425
2426 2424 2423
2424 2426 2427
2427 2425 2424
2425 2427 2428
2429 2427 2426
2427 2429 2430
2430 2428 2427
2428 2430 2431
2431 2430 2432
2432 2430 2433
2430 2434 2433
2430 2429 2434
2432 2433 2435
2412 2414 2436
2414 2416 2436
2437 2438 2439
2440 2437 2439
2441 2439 2438
2442 2443 2444
2445 2442 2444
2446 2445 2444
2447 2448 2449
2448 2447 2450
2447 2451 2450
2451 2452 2450
2451 2453 2452
2453 2451 2454
2455 2456 2457
2456 2455 2458
2459 2457 2456
2457 2459 2460
2459 2461 2460
2460 2461 2462
2462 2461 2463
2464 2465 2466
2465 2464 2467
2467 2468 2465
2468 2467 2469
2469 2470 2468
2470 2469 2471
2464 2466 2472
2473 2474 2475
2476 2474 2473
2477 2475 2474
2478 2479 2480
2481 2479 2478
2482 2479 2481
2483 2484 2485
2484 2483 2486
2485 2487 2483
2485 2488 2487
2489 2487 2488
2487 2489 2490
2270 2491 2271
2271 2491 2284
2492 2493 2494
2493 2492 2495
2496 2494 2493
2494 2496 2497
2498 2497 2496
2497 2498 2499
2500 2499 2498
2499 2500 2501
2492 2502 2495
2492 2503 2502
2504 2502 2503
2504 2503 2505
2506 2504 2505
2506 2505 2507
2508 2506 2507
2507 2509 2508
2508 2509 2510
2511 2510 2509
2510 2511 2512
2501 2500 2513
2514 2501 2513
2515 2514 2513
2515 2516 2514
2516 2515 2517
2518 2516 2517
2516 2518 2519
2519 2518 2520
2521 2519 2520
2522 2510 2512
2522 2512 2523
2522 2523 2524
2525 2522 2524
2525 2524 2526
2526 2527 2525
2527 2526 2528
2528 2529 2527
2529 2528 2530
2531 2529 2530
2532 2533 2534
2535 2533 2532
2533 2535 2536
2535 2537 2536
2535 2538 2537
2538 2535 2539
2539 2540 2538
2540 2539 2541
2541 2542 2540
2542 2541 2543
2544 2542 2543
2542 2544 2545
2546 2545 2544
2545 2546 2547
2548 2547 2546
2547 2548 2549
2550 2549 2548
2549 2550 2551
2552 2551 2550
2551 2552 2553
2552 2554 2553
2554 2552 2555
2554 2555 2556
2557 2558 2559
2560 2559 2558
2559 2560 2561
2562 2561 2560
2561 2562 2563
2562 2564 2563
2557 2505 2558
2557 2565 2505
2565 2557 2566
2566 2567 2565
2566 2568 2567
2569 2568 2566
2569 2570 2568
2570 2569 2571
2572 2573 2574
2574 2575 2572
2575 2574 2576
2576 2577 2575
2577 2578 2575
2577 2579 2578
2578 2579 2580
2580 2579 2581
2573 2572 2582
2583 2573 2582
2582 2584 2583
2582 2585 2584
2586 2584 2585
2587 2586 2585
2587 2588 2586
2588 2587 2589
2590 2588 2589
2591 2592 2593
2592 2591 2594
2594 2595 2592
2595 2594 2596
2596 2597 2595
2597 2596 2598
2598 2599 2597
2599 2598 2600
2591 2593 2601
2591 2601 2602
2603 2602 2601
2603 2604 2602
2605 2604 2603
2605 2606 2604
2607 2606 2605
2606 2607 2608
2607 2609 2608
2610 2608 2609
2609 2611 2610
2600 2612 2599
2613 2612 2600
2614 2612 2613
2615 2614 2613
2614 2615 2616
2615 2617 2616
2617 2615 2618
2618 2619 2617
2620 2619 2618
2621 2611 2609
2621 2622 2611
2621 2623 2622
2624 2623 2621
2624 2625 2623
2626 2625 2624
2625 2626 2627
2628 2627 2626
2627 2628 2629
2630 2629 2628
2631 2632 2633
2633 2634 2631
2634 2633 2635
2634 2635 2636
2637 2634 2636
2634 2637 2638
2639 2638 2637
2638 2639 2640
2641 2640 2639
2640 2641 2642
2641 2643 2642
2643 2641 2644
2644 2645 2643
2645 2644 2646
2646 2647 2645
2647 2646 2648
2648 2649 2647
2649 2648 2650
2650 2651 2649
2651 2650 2652
2653 2651 2652
2651 2653 2654
2653 2655 2654
2656 2657 2658
2657 2659 2658
2659 2657 2660
2660 2661 2659
2661 2660 2662
2661 2662 2663
2656 2658 2604
2656 2604 2664
2664 2665 2656
2665 2664 2666
2665 2666 2667
2668 2665 2667
2668 2667 2669
2669 2670 2668
2671 2672 2673
2672 2671 2674
2674 2675 2672
2675 2674 2676
2676 2674 2677
2676 2677 2678
2677 2679 2678
2679 2680 2678
2673 2681 2671
2682 2681 2673
2681 2682 2683
2681 2683 2684
2684 2683 2685
2686 2684 2685
2687 2686 2685
2686 2687 2688
2689 2688 2687
2690 2691 2692
2691 2690 2693
2690 2694 2693
2694 2690 2695
2695 2696 2694
2696 2695 2697
2697 2698 2696
2698 2697 2699
2699 2700 2698
2700 2699 2701
2701 2702 2700
2702 2701 2703
2704 2692 2691
2692 2704 2705
2706 2705 2704
2703 2707 2702
2707 2703 2708
2708 2709 2707
2709 2708 2710
2711 2709 2710
2709 2711 2712
2711 2713 2712
2713 2711 2714
2714 2715 2713
2715 2714 2716
2716 2717 2715
2717 2716 2718
2718 2719 2717
2719 2718 2720
2720 2721 2719
2722 2723 2706
2724 2723 2722
2725 2724 2722
2726 2724 2725
2726 2727 2724
2728 2727 2726
2728 2729 2727
2729 2728 2730
2730 2731 2729
2731 2730 2732
2732 2733 2731
2733 2732 2734
2734 2735 2733
2735 2734 2736
2737 2735 2736
2735 2737 2738
2739 2738 2737
2738 2739 2740
2741 2740 2739
2740 2741 2742
2741 2743 2742
2743 2741 2744
2745 2743 2744
2743 2745 2746
2747 2746 2745
2746 2747 2748
2749 2748 2747
2750 2749 2747
2751 2752 2753
2754 2752 2751
2753 2752 2755
2755 2756 2753
2756 2755 2757
2758 2756 2757
2756 2758 2759
2760 2759 2758
2759 2760 2761
2751 2762 2754
2763 2762 2751
2764 2762 2763
2765 2764 2763
2764 2765 2766
2767 2766 2765
2766 2767 2768
2760 2769 2761
2769 2770 2761
2770 2769 2771
2770 2771 2772
2772 2771 2773
2772 2773 2774
2772 2774 2775
2774 2776 2775
2777 2775 2776
2777 2776 2778
2777 2778 2779
2777 2779 2780
2781 2777 2780
2781 2782 2777
2777 2782 2783
2782 2784 2783
2785 2783 2784
2783 2785 2786
2787 2786 2785
2787 2785 2788
2789 2787 2788
2787 2789 2790
2790 2791 2787
2791 2792 2787
2792 2793 2787
2792 2794 2793
2794 2795 2793
2795 2796 2793
2796 2795 2797
2798 2796 2797
2798 2797 2799
2798 2799 2800
2798 2800 2801
2800 2802 2801
2803 2801 2802
2803 2802 2804
2805 2803 2804
2803 2805 2806
2807 2806 2805
2806 2807 2808
2809 2808 2807
2807 2810 2809
2810 2811 2809
2812 2809 2811
2809 2812 2813
2814 2813 2812
2813 2814 2815
2816 2815 2814
2815 2816 2817
2818 2817 2816
2817 2818 2819
2818 2820 2819
2820 2818 2821
2821 2822 2820
2822 2821 2823
2823 2824 2822
2824 2823 2825
2825 2826 2824
2826 2827 2824
2828 2829 2830
2831 2832 2833
2831 2833 2834
2835 2831 2834
2835 2834 2836
2837 2835 2836
2838 2837 2836
2839 2838 2836
2838 2839 2840
2840 2839 2841
2832 2842 2833
2842 2843 2833
2842 2844 2843
2844 2845 2843
2845 2846 2843
2846 2847 2843
2846 2848 2847
2848 2849 2847
2849 2850 2847
2851 2847 2850
2847 2851 2852
2852 2853 2847
2852 2854 2853
2854 2852 2855
2855 2856 2854
2856 2857 2854
2856 2858 2857
2858 2859 2857
2858 2860 2859
2858 2861 2860
2858 2862 2861
2859 2863 2857
2859 2864 2863
2864 2865 2863
2865 2864 2866
2867 2865 2866
2865 2867 2868
2867 2869 2868
2869 2870 2868
2870 2869 2871
2871 2872 2870
2872 2871 2873
2873 2874 2872
2874 2873 2875
2875 2876 2874
2876 2875 2877
2878 2876 2877
2876 2878 2879
2878 2880 2879
2880 2881 2879
2881 2882 2879
2882 2881 2883
2883 2884 2882
2884 2883 2885
2886 2884 2885
2884 2886 2887
2886 2888 2887
2889 2890 2891
2890 2889 2892
2891 2841 2889
2841 2891 2893
2893 2840 2841
2840 2893 2894
2892 2895 2890
2895 2892 2896
2896 2897 2895
2897 2896 2898
2899 2897 2898
2897 2899 2900
2901 2900 2899
2900 2901 2902
2903 2902 2901
2902 2903 2904
2904 2903 2905
2903 2906 2905
2907 2904 2905
2908 2909 2910
2911 2912 2913
2706 2723 2705
2914 2915 2916
2915 2914 2917
2918 2914 2916
2914 2918 2919
2920 2919 2918
2919 2920 2921
2922 2921 2920
2921 2922 2923
2924 2923 2922
2923 2924 2925
2926 2925 2924
2925 2926 2927
2917 2928 2915
2928 2917 2929
2930 2928 2929
2931 2927 2926
2927 2931 2932
2933 2932 2931
2932 2933 2934
2933 2935 2934
2935 2933 2936
2937 2935 2936
2935 2937 2938
2939 2938 2937
2938 2939 2940
2941 2940 2939
2940 2941 2942
2943 2942 2941
2942 2943 2944
2944 2943 2945
2946 2930 2947
2948 2946 2947
2949 2946 2948
2950 2949 2948
2950 2948 2951
2952 2950 2951
2952 2951 2953
2953 2954 2952
2955 2954 2953
2954 2955 2956
2957 2956 2955
2956 2957 2958
2959 2958 2957
2958 2959 2960
2959 2961 2960
2961 2959 2962
2962 2963 2961
2963 2962 2964
2964 2965 2963
2965 2964 2966
2967 2965 2966
2965 2967 2968
2967 2969 2968
2969 2967 2970
2970 2971 2969
2971 2970 2972
2973 2971 2972
2974 2971 2973
2975 2976 2977
2978 2975 2977
2976 2979 2977
2980 2979 2976
2979 2980 2981
2980 2982 2981
2982 2980 2983
2983 2984 2982
2984 2983 2985
2984 2985 2986
2975 2978 2987
2988 2975 2987
2989 2988 2987
2989 2990 2988
2990 2989 2991
2991 2992 2990
2992 2991 2993
2985 2994 2986
2995 2986 2994
2994 2996 2995
2996 2997 2995
2996 2998 2997
2996 2999 2998
2998 2999 3000
3001 3000 2999
3001 3002 3000
3001 3003 3002
3001 3004 3003
3005 3004 3001
3005 3001 3006
3001 3007 3006
3006 3007 3008
3007 3009 3008
3009 3007 3010
3011 3009 3010
3011 3012 3009
3013 3012 3011
3011 3014 3013
3014 3011 3015
3015 3011 3016
3016 3011 3017
3016 3017 3018
3018 3017 3019
3019 3017 3020
3020 3021 3019
3022 3021 3020
3022 3023 3021
3022 3024 3023
3022 3025 3024
3024 3025 3026
3027 3026 3025
3027 3028 3026
3027 3029 3028
3029 3027 3030
3030 3031 3029
3031 3030 3032
3033 3031 3032
3031 3033 3034
3034 3033 3035
3033 3036 3035
3036 3033 3037
3037 3038 3036
3038 3037 3039
3039 3040 3038
3040 3039 3041
3041 3042 3040
3042 3041 3043
3044 3042 3043
3042 3044 3045
3046 3045 3044
3045 3046 3047
3048 3047 3046
3047 3048 3049
3049 3048 3050
3050 3048 3051
3052 3053 3054
3055 3056 3057
3056 3055 3058
3059 3055 3057
3059 3060 3055
3061 3060 3059
3061 3062 3060
3063 3062 3061
3062 3063 3064
3064 3065 3062
3065 3064 3066
3067 3065 3066
3066 3068 3067
3069 3067 3068
3067 3069 3070
3071 3070 3069
3070 3071 3072
3068 3066 3073
3074 3072 3071
3072 3074 3075
3076 3075 3074
3075 3076 3077
3076 3078 3077
3078 3076 3079
3079 3080 3078
3080 3079 3081
3081 3082 3080
3082 3081 3083
3084 3082 3083
3085 3084 3083
3084 3086 3082
3087 3058 3088
3056 3058 3087
3088 3058 3089
3058 3090 3089
3090 3091 3089
3091 3090 3092
3092 3090 3093
3090 3094 3093
3094 3090 3095
3090 3096 3095
3097 3095 3096
3095 3097 3098
3097 3099 3098
3099 3097 3100
3100 3101 3099
3101 3100 3102
3100 3103 3102
3101 3102 3104
3101 3104 3105
3101 3105 3106
3102 3103 3107
3108 3107 3103
3107 3108 3109
3109 3108 3110
3108 3111 3110
3111 3112 3110
3113 3112 3111
3112 3113 3114
3115 3114 3113
3114 3115 3116
3117 3116 3115
3116 3117 3118
3119 3118 3117
3118 3119 3120
3119 3121 3120
3121 3119 3122
3122 3123 3121
3123 3122 3124
3122 3125 3124
3125 3126 3124
3127 3126 3125
3126 3127 3128
3127 3129 3128
3129 3127 3130
3129 3130 3131
3132 3133 3134
3135 3136 3137
2930 2929 2947
3138 3139 3140
3138 3140 3141
3142 3138 3141
3143 3144 3145
3143 3146 3144
3143 3147 3146
3148 3149 3150
3148 3151 3149
3152 3151 3148
3152 3153 3151
3154 3153 3152
3154 3155 3153
3156 3155 3154
3155 3156 3157
3157 3156 3158
3159 3158 3156
3158 3159 3160
3161 3160 3159
3160 3161 3162
3161 3163 3162
3163 3161 3164
3164 3165 3163
3165 3164 3166
3165 3166 3167
3166 3168 3167
3169 3170 3171
3170 3172 3171
3172 3170 3173
3174 3169 3171
3169 3174 3175
3176 3171 3172
3171 3176 3174
3173 3177 3172
3177 3173 3178
3179 3177 3178
3180 3172 3177
3172 3180 3176
3179 3178 3181
3181 3182 3179
3181 3183 3182
3183 3184 3182
3183 3185 3184
3184 3185 3186
3185 3187 3186
3186 3187 3188
3187 3189 3188
3188 3189 3190
3189 3191 3190
3190 3191 3192
3191 3193 3192
3194 3192 3193
3192 3194 3195
3194 3193 3196
3197 3198 3199
3198 3197 3200
3199 3201 3197
3201 3199 3202
3200 3203 3198
3203 3200 3204
3205 3203 3204
3203 3205 3206
3205 3207 3206
3207 3205 3208
3208 3209 3207
3209 3208 3210
3210 3211 3209
3211 3210 3212
3213 3201 3202
3201 3213 3214
3215 3214 3213
3214 3215 3216
3217 3218 3219
3218 3217 3220
3221 3219 3218
3219 3221 3222
3223 3222 3221
3222 3223 3224
3225 3224 3223
3224 3225 3226
3227 3226 3225
3226 3227 3228
3229 3230 3231
3230 3229 3232
3231 3233 3229
3233 3231 3234
3235 3236 3237
3236 3235 3238
3239 3240 3241
3240 3239 3242
3243 3239 3241
3239 3243 3244
3245 3244 3243
3244 3245 3246
3247 3246 3245
3246 3247 3248
3246 3248 3249
3247 3245 3250
3242 3251 3240
3251 3242 3252
3253 3251 3252
3254 3253 3252
3253 3254 3255
3256 3255 3254
3255 3256 3257
3256 3258 3257
3258 3256 3259
3258 3259 3260
3253 3261 3251
3262 3251 3261
3251 3262 3263
3264 3263 3262
3263 3264 3265
3264 3266 3265
3266 3264 3267
3267 3268 3266
3268 3267 3269
3269 3270 3268
3270 3269 3271
3269 3272 3271
3270 3273 3268
3253 3274 3261
3274 3253 3275
3275 3276 3274
3276 3275 3277
3278 3276 3277
3276 3278 3279
3278 3280 3279
3281 3282 3283
3281 3283 3284
3285 3286 3287
3285 3288 3286
3289 3288 3285
3290 3291 3292
3290 3292 3293
3290 3293 3294
3295 3296 3297
3295 3297 3298
3299 3295 3298
3299 3298 3300
3301 3299 3300
3301 3300 3302
3302 3303 3301
3303 3302 3304
3304 3305 3303
3306 3303 3305
3305 3307 3306
3307 3308 3306
3308 3307 3309
3310 3308 3309
3308 3310 3311
3312 3311 3310
3311 3312 3313
3312 3314 3313
3314 3315 3313
3316 3317 3318
3319 3318 3317
3318 3319 3320
3316 3321 3317
3321 3316 3322
3323 3317 3321
3317 3323 3319
3324 3320 3319
3320 3324 3325
3326 3325 3324
3319 3327 3324
3327 3319 3323
3326 3328 3325
3328 3326 3329
3328 3329 3330
3331 3330 3329
3330 3331 3332
3331 3333 3332
3333 3334 3332
3333 3335 3334
3335 3336 3334
3335 3337 3336
3337 3338 3336
3337 3339 3338
3339 3340 3338
3341 3340 3339
3339 3342 3341
3341 3343 3340
3344 3345 3346
3345 3344 3347
3348 3347 3344
3347 3348 3349
3350 3346 3345
3346 3350 3351
3350 3352 3351
3352 3350 3353
3354 3352 3353
3352 3354 3355
3356 3355 3354
3355 3356 3357
3358 3357 3356
3357 3358 3359
3348 3360 3349
3360 3348 3361
3361 3362 3360
3362 3361 3363
3364 3365 3366
3365 3364 3367
3366 3368 3364
3368 3366 3369
3369 3370 3368
3370 3369 3371
3371 3372 3370
3372 3371 3373
3373 3374 3372
3374 3373 3375
3376 3377 3378
3377 3376 3379
3380 3379 3376
3379 3380 3381
3382 3383 3384
3383 3382 3385
3386 3387 3388
3387 3386 3389
3390 3389 3386
3389 3390 3391
3392 3388 3387
3388 3392 3393
3394 3391 3390
3391 3394 3395
3396 3395 3394
3395 3396 3397
3398 3399 3400
3399 3398 3401
3400 3402 3398
3402 3400 3403
3404 3402 3403
3402 3404 3405
3406 3405 3404
3405 3406 3407
3408 3409 3410
3411 3409 3408
3409 3411 3412
3410 3409 3413
3414 3409 3412
3415 3409 3414
3416 3409 3415
3409 3416 3417
3418 3409 3417
3418 3419 3409
3409 3419 3420
3420 3421 3409
3421 3422 3409
3422 3423 3409
3409 3423 3424
3424 3425 3409
3425 3426 3409
3426 3427 3409
3428 3429 3430
3430 3429 3431
3429 3428 3432
3431 3429 3433
3429 3434 3433
3434 3429 3435
3435 3429 3436
3436 3429 3437
3429 3438 3437
3429 3439 3438
3440 3439 3429
3441 3440 3429
3442 3441 3429
3429 3443 3442
3444 3443 3429
3445 3444 3429
3446 3445 3429
3429 3447 3446
3448 3449 3450
3449 3448 3451
3450 3452 3448
3452 3450 3453
3451 3454 3449
3454 3451 3455
3453 3456 3452
3456 3453 3457
3457 3458 3456
3458 3457 3459
3460 3461 3462
3461 3460 3463
3464 3462 3461
3462 3464 3465
3464 3466 3465
3466 3464 3467
3467 3468 3466
3468 3467 3469
3470 3471 3472
3471 3470 3473
3474 3472 3471
3474 3475 3472
3475 3474 3476
3477 3475 3476
3475 3477 3478
3479 3478 3477
3479 3480 3478
3480 3479 3481
3481 3482 3480
3482 3481 3483
3479 3484 3481
3481 3485 3483
3484 3485 3481
3484 3486 3485
3485 3486 3487
3485 3487 3488
3489 3485 3488
3485 3489 3490
3491 3485 3490
3483 3485 3491
3483 3491 3492
3492 3482 3483
3477 3493 3479
3494 3491 3490
3491 3494 3495
3495 3492 3491
3492 3495 3496
3497 3489 3488
3498 3497 3488
3487 3498 3488
3497 3498 3499
3489 3497 3500
3490 3500 3494
3500 3490 3489
3496 3501 3492
3501 3496 3502
3498 3503 3499
3503 3498 3487
3486 3503 3487
3503 3486 3504
3484 3504 3486
3504 3484 3505
3479 3505 3484
3505 3479 3506
3507 3501 3502
3501 3507 3508
3507 3509 3508
3510 3508 3509
3508 3510 3511
3511 3501 3508
3509 3507 3512
3501 3511 3513
3509 3514 3510
3514 3509 3515
3512 3515 3509
3515 3516 3514
3516 3515 3517
3518 3516 3517
3516 3518 3519
3520 3518 3517
3518 3520 3521
3517 3522 3520
3522 3517 3515
3515 3512 3522
3518 3523 3519
3519 3523 3524
3519 3524 3525
3524 3526 3525
3526 3524 3527
3524 3528 3527
3528 3524 3523
3518 3528 3523
3528 3518 3521
3519 3525 3529
3526 3529 3525
3516 3530 3514
3530 3516 3531
3519 3529 3532
3531 3533 3530
3533 3531 3534
3535 3534 3531
3516 3535 3531
3535 3516 3519
3535 3519 3532
3534 3535 3536
3529 3526 3537
3538 3529 3537
3529 3538 3532
3538 3535 3532
3535 3538 3536
3539 3514 3530
3514 3539 3510
3540 3510 3539
3510 3540 3511
3539 3541 3540
3541 3539 3542
3543 3511 3540
3541 3543 3540
3511 3543 3513
3543 3544 3513
3544 3501 3513
3501 3544 3482
3482 3492 3501
3544 3543 3545
3546 3545 3543
3545 3546 3547
3548 3545 3547
3545 3548 3549
3550 3549 3548
3549 3550 3551
3550 3552 3551
3552 3553 3551
3553 3552 3554
3555 3553 3554
3553 3555 3556
3555 3557 3556
3557 3470 3556
3470 3557 3473
3550 3548 3558
3547 3546 3559
3548 3547 3560
3547 3559 3560
3558 3548 3560
3559 3561 3560
3560 3561 3562
3562 3563 3560
3560 3563 3564
3560 3564 3565
3558 3560 3565
3566 3473 3557
3473 3566 3567
3568 3473 3567
3473 3568 3471
3569 3471 3568
3471 3569 3474
3570 3474 3569
3474 3570 3476
3571 3476 3570
3476 3571 3477
3493 3477 3571
3562 3572 3563
3572 3573 3563
3564 3563 3573
3573 3572 3574
3575 3565 3564
3575 3573 3574
3573 3575 3564
3557 3576 3566
3576 3557 3555
3555 3577 3576
3577 3555 3554
3554 3578 3577
3578 3554 3552
3552 3579 3578
3579 3552 3550
3580 3550 3558
3550 3580 3581
3558 3582 3580
3565 3575 3582
3582 3558 3565
3583 3584 3585
3586 3584 3583
3586 3587 3584
3588 3584 3587
3589 3584 3588
3590 3585 3584
3591 3590 3584
3591 3584 3592
3593 3592 3584
3594 3593 3584
3595 3596 3597
3596 3595 3598
3599 3596 3598
3596 3599 3600
3601 3600 3599
3600 3601 3602
3603 3602 3601
3602 3603 3604
3605 3604 3603
3604 3605 3606
3607 3606 3605
3606 3607 3608
3609 3595 3597
3595 3609 3610
3607 3611 3608
3611 3607 3612
3612 3613 3611
3613 3612 3614
3609 3615 3610
3615 3609 3616
3616 3617 3615
3617 3616 3618
3614 3618 3613
3618 3614 3617
3619 3620 3621
3619 3621 3622
3619 3623 3620
3619 3624 3623
3619 3622 3625
3626 3619 3625
3619 3626 3627
3619 3627 3628
3619 3628 3629
3630 3619 3629
3629 3631 3630
3631 3629 3632
3631 3632 3633
3631 3633 3634
3634 3633 3635
3634 3635 3636
3636 3635 3637
3637 3638 3636
3638 3637 3639
3640 3638 3639
3638 3640 3641
3642 3641 3640
3641 3642 3643
3643 3642 3644
3619 3630 3645
3619 3645 3646
3619 3646 3647
3619 3647 3648
3619 3648 3649
3619 3649 3650
3651 3652 3653
3653 3654 3651
3654 3653 3655
3655 3656 3654
3656 3655 3657
3658 3656 3657
3656 3658 3659
3659 3658 3660
3661 3659 3660
3661 3660 3662
3663 3661 3662
3663 3662 3664
3627 3663 3664
3663 3627 3626
3665 3559 3666
3559 3665 3561
3546 3666 3559
3666 3546 3667
3668 3561 3665
3561 3668 3562
3572 3562 3668
3543 3667 3546
3667 3543 3669
3543 3541 3669
3542 3530 3533
3530 3542 3539
3670 3671 3672
3671 3670 3673
3672 3674 3670
3674 3672 3675
3676 3677 3678
3677 3676 3679
3678 3680 3676
3680 3678 3681
3681 3682 3680
3682 3681 3683
3683 3684 3682
3684 3683 3685
3686 3687 3688
3687 3686 3689
3686 3688 3690
3691 3690 3688
3690 3691 3692
3693 3687 3689
3694 3695 3696
3697 3695 3694
3695 3697 3698
3699 3698 3697
3699 3700 3698
3700 3699 3701
3702 3703 3704
3703 3702 3705
3705 3706 3703
3706 3705 3707
3708 3709 3710
3709 3708 3711
3712 3708 3710
3708 3712 3713
3714 3715 3716
3715 3714 3717
3718 3715 3717
3715 3718 3719
3720 3721 3722
3721 3720 3723
3720 3724 3723
3724 3720 3725
3726 3727 3728
3727 3726 3729
3730 3731 3732
3731 3730 3733
3734 3735 3736
3735 3734 3737
3738 3739 3740
3739 3738 3741
3739 3742 3740
3742 3739 3743
3744 3745 3746
3745 3744 3747
3748 3749 3750
3749 3748 3751
3752 3753 3754
3753 3752 3755
3756 3757 3758
3758 3759 3760
3761 3762 3763
3762 3761 3764
3765 3766 3767
3766 3765 3768
3769 3770 3771
3770 3769 3772
3773 3774 3775
3774 3773 3776
3777 3778 3779
3778 3777 3780
3781 3782 3783
3782 3781 3784
3785 3786 3787
3786 3785 3788
3789 3790 3791
3790 3789 3792
3793 3789 3791
3789 3793 3794
3794 3793 3795
3796 3795 3793
3796 3797 3795
3797 3796 3798
3799 3797 3798
3797 3799 3800
3795 3801 3794
3801 3795 3802
3802 3803 3801
3803 3804 3801
3804 3803 3805
3806 3804 3805
3804 3806 3807
3803 3802 3808
3809 3808 3802
3808 3809 3810
3809 3811 3810
3811 3800 3799
3811 3809 3812
3800 3811 3812
3813 3814 3815
3815 3816 3813
3816 3817 3813
3817 3816 3818
3817 3819 3813
3816 3815 3820
3821 3822 3823
3822 3821 3824
3825 3821 3823
3823 3826 3825
3821 3825 3827
3822 3828 3823
3829 3830 3831
3830 3829 3832
3831 3833 3829
3833 3831 3834
3835 3836 3837
3836 3835 3838
3839 3840 3841
3840 3839 3842
3843 3844 3845
3844 3843 3846
3847 3848 3849
3848 3847 3850
3851 3849 3848
3849 3851 3852
3853 3852 3851
3852 3853 3854
3855 3854 3853
3854 3855 3856
3857 3858 3859
3858 3857 3860
3858 3861 3859
3861 3862 3859
3862 3861 3863
3864 3860 3857
3865 3866 3867
3867 3868 3865
3868 3867 3869
3870 3868 3869
3871 3870 3869
3870 3871 3872
3873 3874 3875
3874 3873 3876
3877 3876 3873
3876 3877 3878
3879 3880 3881
3882 3879 3881
3879 3883 3880
3879 3884 3883
3879 3885 3884
3879 3886 3885
3887 3886 3879
3888 3887 3879
3879 3889 3888
3879 3890 3889
3891 3890 3879
3892 3891 3879
3893 3892 3879
3879 3894 3893
3895 3894 3879
3879 3896 3895
3897 3896 3879
3898 3897 3879
3899 3898 3879
3900 3899 3879
3901 3900 3879
3902 3901 3879
3903 3902 3879
3904 3903 3879
3905 3904 3879
3879 3906 3905
3879 3907 3906
3879 3908 3909
3882 3908 3879
3879 3909 3910
3879 3910 3911
3879 3911 3912
3879 3912 3913
3914 3879 3913
3915 3879 3914
3879 3915 3916
3879 3916 3917
3918 3879 3917
3919 3879 3918
3920 3879 3919
3879 3920 3921
3922 3879 3921
3879 3922 3923
3924 3879 3923
3925 3879 3924
3926 3879 3925
3927 3879 3926
3928 3879 3927
3929 3879 3928
3930 3879 3929
3931 3879 3930
3879 3931 3932
3879 3932 3933
3933 3934 3879
3935 3936 3937
3936 3935 3938
3938 3939 3936
3939 3938 3940
3937 3941 3935
3941 3937 3942
3942 3943 3941
3943 3942 3944
3945 3939 3940
3939 3945 3946
3947 3946 3945
3946 3947 3948
3949 3948 3947
3948 3949 3950
3951 3950 3949
3950 3951 3952
3953 3954 3955
3954 3953 3956
3955 3957 3953
3957 3955 3958
3958 3959 3957
3959 3958 3960
3960 3961 3959
3962 3961 3960
3963 3964 3965
3964 3963 3966
3967 3966 3963
3966 3967 3968
3969 3968 3967
3968 3969 3970
3971 3970 3969
3970 3971 3972
3973 3974 3975
3974 3973 3976
3976 3977 3974
3977 3976 3978
3978 3979 3977
3979 3978 3980
3981 3979 3980
3979 3981 3982
3983 3982 3981
3982 3983 3984
3985 3984 3983
3984 3985 3986
3987 3986 3985
3986 3987 3988
3975 3989 3973
3989 3975 3990
3991 3992 3993
3992 3991 3994
3994 3995 3992
3995 3994 3996
3996 3997 3995
3997 3996 3998
3998 3999 3997
3999 3998 4000
4000 4001 3999
4001 4000 4002
4003 4001 4002
4001 4003 4004
4005 4004 4003
4004 4005 4006
4007 4006 4005
4006 4007 4008
4009 4010 4011
4010 4009 4012
4013 4012 4009
4012 4013 4014
4015 4014 4013
4014 4015 4016
4011 4010 4017
4018 4011 4017
4019 4018 4017
4018 4019 4020
4020 4021 4018
4021 4022 4018
4022 4021 4023
4024 4025 4019
4026 4027 4028
4027 4026 4029
4029 4030 4027
4030 4029 4031
4031 4032 4030
4032 4031 4033
4033 4034 4032
4034 4033 4035
4036 4037 4038
4037 4036 4039
4040 4039 4036
4039 4040 4041
4042 4041 4040
4041 4042 4043
4042 4044 4043
4044 4042 4045
4045 4046 4044
4046 4045 4047
4047 4048 4046
4048 4047 4049
4049 4050 4048
4050 4049 4051
4052 4038 4037
4038 4052 4053
4054 4055 4056
4055 4054 4057
4058 4057 4054
4057 4058 4059
4060 4059 4058
4059 4060 4061
4062 4061 4060
4061 4062 4063
4064 4063 4062
4063 4064 4065
4064 4066 4065
4066 4064 4067
4067 4068 4066
4068 4067 4069
4069 4070 4068
4070 4069 4071
4072 4073 4074
4073 4072 4075
4076 4072 4074
4072 4076 4077
4075 4078 4073
4078 4075 4079
4080 4078 4079
4078 4080 4081
4082 4081 4080
4081 4082 4083
4082 4084 4083
4084 4082 4085
4086 4077 4076
4076 4087 4086
4087 4088 4086
4088 4087 4089
4090 4088 4089
4088 4090 4091
4087 4076 4092
4092 4076 4093
4076 4094 4093
4095 4093 4094
4096 4097 4098
4098 4099 4096
4099 4098 4100
4101 4096 4099
4096 4101 4102
4103 4102 4101
4102 4103 4104
4105 4098 4097
4098 4105 4106
4105 4107 4106
4107 4108 4106
4108 4107 4109
4110 4109 4107
4109 4110 4111
4112 4111 4110
4111 4112 4113
4112 4114 4113
4114 4112 4115
4115 4116 4114
4116 4115 4117
4118 4116 4117
4116 4118 4119
4120 4121 4122
4121 4120 4123
4120 4124 4123
4125 4122 4121
4122 4125 4126
4125 4127 4126
4127 4125 4128
4128 4129 4127
4129 4128 4130
4130 4131 4129
4131 4130 4132
4133 4131 4132
4131 4133 4134
4135 4134 4133
4134 4135 4136
4137 4136 4135
4136 4137 4138
4137 4139 4138
4139 4137 4140
4140 4141 4139
4141 4140 4142
4141 4142 4143
4142 4144 4143
4144 4142 4145
4144 4145 4146
4146 4147 4144
4148 4147 4146
4147 4148 4149
4150 4149 4148
4149 4150 4151
4152 4151 4150
4151 4152 4153
4154 4155 4124
4156 4155 4154
4157 4155 4156
4158 4155 4157
4159 4155 4158
4160 4155 4159
4161 4155 4160
4162 4155 4161
4163 4155 4162
4164 4155 4163
4155 4164 4165
4155 4166 4124
4166 4155 4167
4155 4165 4167
4168 4124 4169
4169 4170 4168
4168 4171 4124
4124 4171 4123
4172 4173 4174
4173 4172 4175
4176 4172 4174
4172 4176 4177
4178 4177 4176
4177 4178 4179
4180 4181 4182
4182 4181 4183
4183 4184 4182
4185 4180 4182
4182 4186 4185
4186 4182 4187
4187 4188 4186
4184 4189 4182
4189 4184 4190
4191 4189 4190
4189 4191 4192
4193 4189 4192
4194 4189 4193
4195 4189 4194
4189 4195 4196
4195 4197 4196
4198 4199 4200
4199 4198 4201
4202 4203 4204
4203 4202 4205
4202 4206 4205
4206 4207 4205
4206 4208 4207
4209 4208 4206
4210 4209 4206
4206 4211 4210
4211 4212 4210
4212 4211 4213
4213 4214 4212
4214 4215 4212
4215 4214 4216
4214 4217 4216
4214 4218 4217
4214 4219 4218
4219 4214 4220
4220 4221 4219
4220 4222 4221
4222 4220 4223
4223 4224 4222
4224 4223 4225
4225 4226 4224
4226 4225 4227
4226 4227 4228
4229 4228 4227
4230 4228 4229
4228 4230 4231
4232 4231 4230
4233 4232 4230
4232 4233 4234
4235 4234 4233
4234 4235 4236
4235 4237 4236
4237 4235 4238
4238 4239 4237
4239 4238 4240
4240 4241 4239
4241 4240 4242
4243 4241 4242
4241 4243 4244
4245 4244 4243
4244 4245 4246
4247 4246 4245
4246 4247 4248
4247 4249 4248
4249 4247 4250
4250 4251 4249
4251 4250 4252
4251 4252 4253
4252 4254 4253
4254 4252 4255
4253 4254 4256
4254 4257 4256
4258 4259 4260
4259 4258 4261
4262 4263 4264
4263 4262 4265
4265 4266 4263
4266 4265 4267
4267 4268 4266
4268 4267 4269
4270 4271 4272
4271 4270 4273
4273 4274 4271
4274 4273 4275
4275 4276 4274
4276 4275 4277
4278 4279 4280
4279 4278 4281
4280 4282 4278
4282 4280 4283
4284 4282 4283
4282 4284 4285
4284 4286 4285
4287 4279 4281
4279 4287 4288
4289 4290 4291
4290 4289 4292
4293 4294 4295
4294 4293 4296
4297 4298 4299
4298 4297 4300
4298 4301 4299
4301 4298 4302
4303 4300 4297
4300 4303 4304
4303 4305 4304
4305 4303 4306
4301 4302 4307
4308 4309 4310
4309 4308 4311
4312 4313 4314
4313 4312 4315
4316 4315 4312
4317 4314 4313
4318 4319 4320
4319 4321 4320
4321 4319 4322
4323 4321 4322
4324 4325 4326
4327 4325 4324
4328 4329 4330
4330 4329 4331
4332 4333 4334
4333 4332 4335
4336 4335 4332
4335 4336 4337
4336 4338 4337
4338 4336 4339
4339 4340 4338
4340 4339 4341
4342 4340 4341
4340 4342 4343
4342 4344 4343
4344 4342 4345
4346 4344 4345
4344 4346 4347
4348 4347 4346
4347 4348 4349
4348 4350 4349
4350 4348 4351
4351 4352 4350
4352 4351 4353
4353 4354 4352
4354 4353 4355
4353 4356 4355
4356 4357 4355
4357 4356 4358
4359 4357 4358
4357 4359 4360
4359 4361 4360
4361 4359 4362
4362 4363 4361
4363 4362 4364
4364 4365 4363
4365 4364 4366
4360 4367 4357
4368 4369 4370
4371 4368 4370
4368 4371 4372
4373 4368 4372
4368 4373 4374
4375 4374 4373
4376 4371 4370
4371 4376 4377
4376 4378 4377
4378 4376 4379
4379 4380 4378
4380 4379 4381
4368 4333 4369
4333 4368 4334
4382 4383 4384
4383 4382 4385
4386 4384 4383
4384 4386 4387
4386 4388 4387
4388 4386 4389
4390 4391 4392
4393 4390 4392
4394 4393 4392
4395 4394 4392
4396 4395 4392
4241 4396 4392
4397 4241 4392
4398 4397 4392
4399 4398 4392
4400 4399 4392
4401 4400 4392
4392 4402 4401
4392 4391 4403
4402 4392 4403
4404 4405 4406
4405 4404 4407
4408 4406 4405
4406 4408 4409
4410 4409 4408
4409 4410 4411
4412 4413 4414
4413 4412 4415
4415 4416 4413
4416 4415 4417
4417 4418 4416
4418 4417 4419
4420 4421 4422
4421 4420 4423
4424 4423 4420
4423 4424 4425
4424 4426 4425
4426 4424 4427
4426 4427 4428
4421 4429 4422
4429 4421 4430
4431 4432 4433
4432 4431 4434
4435 4436 4437
4436 4435 4438
4439 4440 4441
4440 4439 4442
4443 4439 4441
4439 4443 4444
4443 4445 4444
4442 4446 4440
4446 4442 4447
4448 4446 4447
4446 4448 4449
4450 4451 4452
4450 4452 4453
4454 4455 4456
4457 4456 4455
4458 4459 4460
4461 4458 4460
4458 4461 4462
4460 4459 4463
4464 4462 4461
4464 4461 4465
4466 4467 4468
4467 4469 4468
4470 4469 4467
4471 4470 4467
4470 4471 4472
4467 4466 4473
4474 4467 4473
4467 4474 4475
4474 4476 4475
4471 4477 4472
4471 4478 4477
4479 4478 4471
4480 4479 4471
4471 4481 4480
4481 4471 4482
4482 4483 4481
4484 4485 4486
4485 4484 4487
4488 4489 4490
4489 4488 4491
4492 4491 4488
4491 4492 4493
4492 4494 4493
4494 4492 4495
4494 4495 4496
4489 4497 4490
4497 4489 4498
4499 4500 4501
4501 4502 4499
4502 4501 4503
4503 4504 4502
4502 4504 4505
4506 4502 4505
4502 4506 4507
4502 4507 4508
4509 4508 4507
4508 4509 4510
4509 4511 4510
4509 4512 4511
4512 4513 4511
4511 4513 4514
4511 4514 4515
4516 4511 4515
4511 4516 4517
4516 4518 4517
4519 4520 4521
4520 4519 4522
4523 4524 4525
4524 4523 4526
4527 4528 4529
4528 4527 4530
4531 4532 4533
4532 4531 4534
4535 4531 4533
4531 4535 4536
4535 4537 4536
4534 4538 4532
4538 4534 4539
4540 4538 4539
4538 4540 4541
4542 4543 4544
4543 4542 4545
4546 4543 4545
4547 4542 4544
4548 4549 4550
4551 4550 4549
4550 4551 4552
4553 4552 4551
4554 4555 4556
4554 4556 4557
4558 4559 4560
4561 4560 4559
4562 4563 4564
4565 4562 4564
4562 4565 4566
4567 4565 4564
4565 4567 4568
4569 4568 4567
4568 4569 4570
4566 4571 4562
4571 4566 4572
4573 4574 4575
4574 4573 4576
4577 4578 4579
4578 4577 4580
4579 4581 4582
4583 4582 4581
4582 4583 4584
4581 4579 4585
4586 4587 4588
4587 4586 4589
4588 4590 4586
4590 4588 4591
4592 4587 4589
4587 4592 4593
4594 4595 4596
4595 4594 4597
4598 4596 4595
4596 4598 4599
4600 4597 4594
4594 4601 4600
4602 4600 4601
4603 4604 4605
4604 4603 4606
4607 4608 4609
4608 4607 4610
4611 4612 4613
4612 4611 4614
4615 4616 4617
4616 4615 4618
4618 4619 4616
4619 4618 4620
4621 4622 4619
4622 4621 4623
4624 4625 4626
4625 4624 4627
4627 4628 4625
4628 4627 4629
4630 4631 4632
4631 4630 4633
4632 4634 4630
4634 4632 4635
4636 4634 4635
4634 4636 4637
4636 4638 4637
4639 4631 4633
4631 4639 4640
4641 4642 4643
4642 4641 4644
4645 4646 4647
4646 4645 4648
4646 4649 4647
4649 4646 4650
4651 4648 4645
4648 4651 4652
4651 4653 4652
4653 4651 4654
4649 4650 4655
4656 4657 4658
4659 4657 4660
4661 4662 4663
4664 4662 4665
4666 4667 4668
4667 4666 4669
4670 4671 4672
4671 4670 4673
4671 4674 4672
4674 4671 4675
4676 4673 4670
4673 4676 4677
4676 4678 4677
4678 4676 4679
4679 4680 4678
4680 4679 4681
4682 4680 4681
4680 4682 4683
4684 4685 4686
4687 4685 4684
4685 4687 4688
4684 4689 4687
4689 4684 4690
4691 4689 4690
4689 4691 4692
4685 4693 4686
4693 4685 4694
4693 4694 4695
4696 4695 4694
4695 4696 4697
4697 4698 4695
4698 4697 4699
4699 4700 4698
4700 4699 4701
4702 4700 4701
4700 4702 4703
4704 4703 4702
4703 4704 4705
4704 4706 4705
4706 4704 4707
4708 4709 4710
4709 4708 4711
4708 4710 4712
4711 4713 4709
4713 4711 4714
4715 4713 4714
4713 4715 4716
4717 4716 4715
4716 4717 4718
4719 4718 4717
4718 4719 4720
4719 4721 4720
4721 4719 4722
4722 4723 4721
4723 4722 4724
4724 4725 4723
4725 4724 4726
4727 4725 4726
4725 4727 4728
4729 4728 4727
4728 4729 4730
4729 4731 4730
4732 4730 4731
4730 4732 4733
4732 4734 4733
4734 4732 4735
4735 4736 4734
4736 4735 4737
4737 4738 4736
4738 4737 4739
4739 4740 4738
4740 4739 4741
4742 4712 4743
4744 4742 4743
4745 4744 4743
4746 4745 4743
4747 4746 4743
4748 4747 4743
4749 4748 4743
4750 4749 4743
4751 4750 4743
4752 4751 4743
4743 4753 4752
4743 4712 4754
4754 4755 4743
4743 4755 4753
4756 4757 4712
4757 4756 4758
4756 4712 4759
4712 4710 4759
4760 4761 4762
4763 4762 4761
4764 4762 4763
4763 4765 4764
4765 4763 4766
4767 4765 4766
4765 4767 4768
4769 4768 4767
4768 4769 4770
4766 4763 4771
4772 4773 4774
4773 4772 4775
4773 4776 4774
4776 4773 4777
4777 4778 4776
4778 4777 4779
4780 4781 4782
4781 4780 4783
4784 4782 4781
4782 4784 4785
4786 4785 4784
4785 4786 4787
4788 4789 4790
4789 4788 4791
4792 4790 4789
4790 4792 4793
4794 4793 4792
4793 4794 4795
4796 4797 4798
4799 4797 4796
4797 4799 4800
4799 4801 4800
4801 4799 4802
4799 4796 4803
4803 4796 4804
4805 4803 4804
4803 4805 4806
4807 4806 4805
4806 4807 4808
4809 4808 4807
4808 4809 4810
4811 4812 4810
4812 4811 4813
4814 4811 4810
4813 4815 4812
4815 4813 4816
4816 4817 4815
4817 4816 4818
4817 4818 4819
4819 4820 4817
4821 4820 4819
4822 4820 4821
4820 4822 4823
4824 4821 4819
4825 4826 4827
4825 4827 4828
4827 4829 4828
4829 4827 4830
4830 4831 4829
4831 4830 4832
4831 4832 4833
4831 4833 4834
4835 4834 4833
4834 4835 4836
4837 4835 4833
4838 4825 4839
4840 4838 4839
4838 4840 4841
4842 4841 4840
4841 4842 4843
4843 4842 4844
4842 4845 4844
4845 4846 4844
4844 4846 4847
4838 4848 4825
4849 4825 4848
4850 4851 4852
4853 4851 4850
4851 4854 4852
4852 4854 4855
4855 4854 4856
4856 4854 4857
4854 4858 4857
4858 4854 4859
4858 4859 4860
4858 4860 4861
4862 4859 4854
4859 4862 4863
4864 4863 4862
4863 4864 4865
4858 4861 4866
4867 4858 4866
4868 4858 4867
4868 4869 4858
4869 4868 4870
4870 4868 4871
4871 4868 4872
4872 4868 4873
4872 4873 4874
4874 4873 4875
4867 4876 4868
4876 4867 4877
4877 4878 4876
4878 4877 4879
4880 4881 4882
4881 4880 4883
4883 4884 4881
4884 4883 4885
4886 4884 4885
4884 4886 4887
4888 4887 4886
4887 4888 4889
4890 4891 4892
4892 4893 4890
4893 4892 4894
4893 4894 4895
4896 4897 4898
4897 4896 4899
4900 4899 4896
4899 4900 4901
4900 4902 4901
4902 4900 4903
4903 4904 4902
4904 4903 4905
4905 4906 4904
4906 4905 4907
4900 4908 4903
4908 4900 4909
4910 4908 4909
4909 4911 4910
4911 4909 4912
4912 4913 4911
4913 4912 4914
4908 4910 4915
4916 4908 4915
4908 4916 4917
4918 4917 4916
4917 4918 4919
4920 4921 4922
4921 4920 4923
4921 4923 4924
4925 4921 4924
4926 4925 4924
4925 4926 4927
4928 4926 4924
4922 4929 4920
4929 4922 4930
4930 4931 4929
4931 4930 4932
4933 4934 4932
4934 4933 4935
4936 4935 4933
4935 4936 4937
4938 4937 4936
4937 4938 4939
4932 4934 4940
4941 4939 4938
4941 4938 4942
4942 4943 4941
4941 4943 4944
4945 4946 4947
4946 4945 4948
4949 4948 4945
4948 4949 4950
4950 4951 4948
4950 4949 4952
4950 4953 4951
4954 4951 4953
4951 4954 4955
4956 4955 4954
4955 4956 4957
4958 4957 4956
4958 4956 4959
4960 4961 4958
4960 4962 4961
4962 4960 4963
4963 4964 4962
4964 4963 4965
4964 4965 4966
4964 4966 4967
4966 4968 4967
4968 4969 4967
4969 4968 4970
4971 4968 4966
4960 4958 4972
4973 4972 4958
4974 4975 4976
4974 4977 4975
4978 4974 4976
4979 4978 4976
4980 4981 4982
4982 4983 4980
4982 4984 4983
4984 4982 4985
4984 4985 4986
4987 4986 4985
4988 4989 4990
4989 4988 4991
4991 4992 4989
4991 4993 4992
4993 4991 4994
4994 4995 4993
4996 4995 4994
4997 4996 4994
4994 4998 4997
4999 4997 4998
4999 4998 5000
5000 5001 4999
5001 5000 5002
5003 5002 5000
5003 5000 5004
5005 5003 5004
5006 5007 4990
5007 5006 5008
5009 5008 5006
5010 5008 5009
5011 5008 5010
5011 5010 5012
5011 5012 5013
5011 5013 5014
5014 5015 5011
5015 5014 5016
5017 5016 5014
5017 5018 5016
5019 5018 5017
5018 5019 5020
5020 5021 5018
5021 5022 5018
5021 5023 5022
5024 5025 5026
5025 5024 5027
5026 5028 5024
5028 5026 5029
5030 5028 5029
5028 5030 5031
5032 5033 5034
5034 5033 5035
5034 5035 5036
5036 5037 5034
5034 5038 5032
5032 5038 5039
5039 5038 5040
5041 5040 5038
5040 5041 5042
5037 5036 5043
5037 5043 5044
5045 5044 5043
5043 5046 5045
5044 5045 5047
5047 5048 5044
5047 5049 5048
5050 5051 5042
5051 5050 5052
5052 5053 5051
5052 5054 5053
5054 5052 5055
5055 5056 5054
5057 5056 5055
5058 5057 5055
5055 5059 5058
5058 5059 5060
5061 5058 5060
5061 5060 5062
5062 5063 5061
5064 5061 5063
5063 5062 5065
5062 5066 5065
5066 5067 5065
5068 5069 5070
5069 5068 5071
5070 5072 5068
5072 5070 5073
5074 5072 5073
5072 5074 5075
5076 5077 5006
5078 5051 5079
5080 5081 5082
5081 5080 5083
5084 5080 5082
5080 5084 5085
5086 5085 5084
5085 5086 5087
5088 5081 5083
5081 5088 5089
5090 5089 5088
5089 5090 5091
5092 5093 5094
5093 5092 5095
5095 5096 5093
5096 5095 5097
5097 5098 5096
5098 5097 5099
5094 5100 5092
5100 5094 5101
5102 5100 5101
5100 5102 5103
5104 5105 5106
5105 5104 5107
5106 5108 5104
5108 5106 5109
5109 5110 5108
5110 5109 5111
5111 5112 5110
5112 5111 5113
5113 5114 5112
5114 5113 5115
5116 5117 5118
5117 5116 5119
5117 5120 5118
5120 5117 5121
5121 5122 5120
5122 5121 5123
5124 5119 5116
5119 5124 5125
5126 5125 5124
5125 5126 5127
5128 5129 5130
5129 5128 5131
