byte offset: 0
first index: 0
index count: 7428
topology: trianglelist
format: DXGI_FORMAT_R16_UINT

0 1 2
1 3 2
3 4 2
4 5 2
5 6 2
6 7 2
7 8 2
8 0 2
0 9 1
1 9 3
3 9 4
4 9 5
5 9 6
6 9 7
7 9 8
8 9 0
10 11 12
10 12 13
14 10 13
14 13 15
16 14 15
16 15 17
18 16 17
18 17 19
12 20 13
12 21 20
13 20 22
13 22 15
15 22 23
15 23 17
17 23 24
17 24 19
21 25 20
21 26 25
20 25 27
20 27 22
22 27 28
22 28 23
28 24 23
28 29 24
26 30 25
26 31 30
25 30 32
25 32 27
27 32 33
27 33 28
28 33 34
28 34 29
31 35 30
31 36 35
30 35 37
30 37 32
33 32 37
33 37 38
38 34 33
38 39 34
40 37 35
37 40 41
38 37 41
36 42 35
36 43 42
35 42 44
35 44 40
45 41 40
45 40 44
43 46 42
43 47 46
42 46 48
42 48 44
49 45 44
50 41 45
50 51 41
51 38 41
51 39 38
51 50 52
51 52 53
51 53 39
54 52 50
54 50 55
50 45 55
49 56 45
55 45 56
57 54 55
57 55 58
55 56 58
57 58 59
60 59 58
60 58 61
58 56 61
62 59 60
62 63 59
57 59 63
48 46 64
46 65 64
46 47 65
64 65 66
64 66 67
66 68 67
67 68 69
67 69 70
66 71 68
72 64 67
72 67 70
48 64 72
66 73 71
66 74 73
74 75 73
74 76 75
77 65 47
43 77 47
43 78 77
36 78 43
36 79 78
31 79 36
31 80 79
26 80 31
26 81 80
21 81 26
21 82 81
12 82 21
12 83 82
84 83 12
84 12 11
85 83 84
85 86 83
87 86 85
87 88 86
18 88 87
18 19 88
83 86 89
83 89 82
86 88 90
86 90 89
88 19 24
88 24 90
82 89 91
82 91 81
89 90 92
89 92 91
92 90 24
92 24 29
81 91 93
81 93 80
91 94 93
91 92 94
92 29 95
92 95 94
80 93 96
94 96 93
80 96 79
94 97 96
97 94 95
97 95 98
99 79 96
96 100 99
97 100 96
79 99 101
79 101 78
102 99 100
102 101 99
78 101 103
78 103 77
104 101 102
105 102 100
105 100 106
106 100 97
106 97 98
106 107 105
106 108 107
106 98 108
109 105 107
109 110 105
105 110 102
104 102 111
110 111 102
112 110 109
112 113 110
110 113 111
112 114 113
115 113 114
115 116 113
113 116 111
117 115 114
117 114 118
112 118 114
103 119 77
103 120 119
77 119 65
120 74 119
120 76 74
119 74 66
119 66 65
121 122 123
121 123 124
121 124 125
121 125 126
127 126 125
127 125 128
129 127 128
129 128 130
131 122 121
131 132 122
133 131 121
133 121 126
126 127 134
126 134 133
134 127 129
134 129 135
136 133 134
137 133 136
137 136 138
137 138 139
140 137 139
140 139 141
136 142 138
136 143 142
136 134 143
143 134 135
143 144 142
143 145 144
143 135 145
146 141 139
146 139 147
139 138 148
139 148 147
142 148 138
149 146 147
149 150 146
151 147 148
151 152 147
153 151 148
153 148 154
142 154 148
155 150 149
155 156 150
157 155 149
157 149 158
159 157 151
159 151 153
160 156 155
155 157 160
160 161 156
157 159 162
157 162 160
163 160 162
164 160 163
164 165 160
163 162 166
167 156 161
164 167 165
167 168 156
168 150 156
168 169 150
169 146 150
169 170 146
146 170 171
146 171 141
140 141 171
140 171 172
172 171 173
172 173 174
174 173 175
174 175 176
176 175 144
176 144 145
171 170 177
171 177 173
175 173 177
178 177 170
178 170 179
180 177 178
180 181 177
175 177 181
182 180 178
182 178 183
183 184 182
140 172 185
172 174 186
172 186 185
174 176 187
188 186 187
186 188 189
189 188 190
189 190 191
189 191 123
189 123 122
192 190 188
188 187 192
192 193 190
129 193 192
187 129 192
129 130 193
194 189 122
186 189 194
194 122 132
187 135 129
174 187 186
176 135 187
176 145 135
140 132 195
140 195 137
137 195 133
140 185 132
196 197 198
196 198 199
196 199 200
196 200 201
199 198 202
198 203 202
198 204 203
204 198 197
199 202 205
200 199 205
204 197 206
207 202 203
207 203 208
209 205 202
209 202 207
200 205 209
210 209 207
210 200 209
210 207 211
208 211 207
210 212 200
208 213 211
214 206 215
214 215 216
216 215 217
216 217 218
218 217 219
214 216 220
214 220 213
216 218 221
216 221 220
218 219 221
222 223 154
222 154 224
225 223 222
225 226 223
227 226 225
227 228 226
229 228 227
229 227 230
222 224 181
222 181 231
225 222 231
225 231 232
227 225 232
227 232 233
234 230 227
234 227 233
235 229 236
235 236 237
235 237 238
239 237 236
239 236 234
239 240 237
241 238 242
241 242 243
244 163 243
244 243 245
244 245 246
244 246 247
248 249 243
248 166 249
250 243 251
250 251 252
250 252 253
250 253 246
164 247 167
247 184 167
247 254 184
183 167 184
168 167 183
183 169 168
183 255 169
256 257 254
256 246 257
258 246 259
258 259 240
260 261 262
260 262 263
261 264 262
261 265 264
266 264 265
266 265 267
268 260 263
268 263 269
270 268 269
270 269 271
270 271 272
273 272 271
274 272 273
275 274 273
275 276 274
274 277 272
273 278 275
273 279 278
280 278 279
280 281 278
280 44 281
280 49 44
270 282 268
270 283 282
268 282 284
268 284 260
260 284 285
260 285 261
261 285 286
261 286 265
287 265 286
287 267 265
270 288 283
289 283 288
290 289 288
291 289 290
291 290 292
290 288 293
289 291 294
289 294 295
296 295 294
296 294 297
296 297 101
296 101 104
298 288 299
298 299 300
301 300 299
301 299 272
300 301 302
300 302 298
303 272 299
303 299 288
304 305 306
304 306 307
308 306 305
308 305 309
309 305 310
311 310 305
311 305 312
313 310 311
313 314 310
315 314 313
315 316 314
309 310 317
317 310 314
317 314 318
318 314 316
318 316 319
320 307 306
320 306 321
308 321 306
315 322 316
315 323 322
323 324 322
325 321 324
323 325 324
325 326 321
327 324 321
308 327 321
327 328 324
328 322 324
328 329 322
329 319 316
329 316 322
317 318 330
317 330 331
332 331 330
332 333 331
333 334 331
333 335 334
336 332 330
336 330 337
308 309 334
309 331 334
308 334 338
339 338 334
339 340 338
309 317 331
318 337 330
318 319 337
329 337 319
341 338 340
341 342 338
336 337 343
336 343 344
344 343 345
346 345 342
344 345 346
346 342 347
308 338 342
308 342 327
327 342 345
327 345 328
328 345 343
328 343 329
329 343 337
348 349 350
348 350 351
352 351 350
352 350 353
354 355 349
354 356 355
355 357 349
355 358 357
359 357 358
359 360 357
361 362 360
361 360 363
361 364 362
361 365 364
366 367 364
366 368 367
369 353 367
369 367 368
370 353 369
370 369 371
372 373 374
372 375 373
374 376 377
377 378 374
377 379 378
375 380 376
380 375 381
380 381 382
383 384 385
386 387 388
386 388 389
390 391 386
390 392 391
390 393 392
390 394 393
394 395 396
394 396 397
398 399 400
398 400 401
401 400 402
401 402 403
404 403 402
405 403 404
405 404 406
406 404 407
406 407 408
409 400 399
409 399 410
411 407 404
411 404 412
413 404 402
413 402 414
415 402 400
415 400 409
416 408 407
416 407 417
411 417 407
418 416 417
418 417 419
417 420 419
421 419 420
421 420 422
398 421 422
398 422 399
423 410 399
423 399 422
411 424 417
425 420 417
425 426 420
427 423 422
427 422 420
428 429 430
428 430 431
428 431 432
428 432 433
434 428 435
436 435 428
437 438 439
437 439 440
441 438 437
441 442 438
443 442 441
443 444 442
442 444 445
446 445 444
446 444 447
448 446 447
448 449 446
450 440 439
450 439 451
452 450 451
452 451 453
448 454 449
448 455 454
454 455 456
457 453 456
457 452 453
454 456 458
453 458 456
459 460 461
459 461 462
459 463 460
459 464 463
462 465 466
462 466 467
464 468 469
464 469 470
471 472 473
471 473 474
475 476 477
475 477 478
479 478 477
479 477 480
481 482 483
481 483 484
484 483 485
484 485 486
487 488 489
487 489 490
491 492 493
491 493 494
495 496 497
495 497 498
499 498 497
499 497 500
501 502 503
501 503 504
501 505 502
501 506 505
507 508 509
507 509 510
510 509 511
510 511 512
512 511 513
512 513 514
507 515 508
507 516 515
516 517 515
516 518 517
518 519 517
518 520 519
521 513 522
521 522 523
524 525 519
524 526 525
527 528 529
527 529 530
531 530 529
531 529 532
144 533 534
144 534 142
142 534 154
144 535 533
144 175 535
175 181 535
536 537 538
536 538 539
540 541 542
540 542 543
544 543 542
544 542 545
546 547 548
549 550 551
552 553 554
555 556 557
555 557 558
559 560 561
559 561 562
560 563 561
560 564 563
565 566 567
565 567 568
569 570 571
569 571 572
573 574 575
573 575 576
577 578 579
580 581 582
583 584 585
583 585 586
587 584 583
587 588 584
589 588 587
589 590 588
591 590 589
591 592 590
585 584 593
585 593 594
584 588 595
584 595 593
588 590 596
588 596 595
590 592 597
590 597 596
594 593 598
594 598 599
593 595 600
593 600 598
595 596 601
595 601 600
601 596 597
601 597 602
599 598 603
599 603 604
598 600 605
598 605 603
600 606 605
600 601 606
601 602 607
601 607 606
604 603 608
604 608 609
603 605 610
603 610 608
606 610 605
606 611 610
611 606 607
611 607 612
613 608 610
610 614 613
611 614 610
609 608 615
609 615 616
608 613 617
608 617 615
618 613 614
618 617 613
616 615 619
616 619 620
615 617 621
615 621 619
622 617 618
623 618 614
623 614 624
624 614 611
624 611 612
624 625 623
624 626 625
624 612 626
627 623 625
627 628 623
623 628 618
622 618 629
628 629 618
630 628 627
630 631 628
628 631 629
630 632 631
633 631 632
633 634 631
631 634 629
635 633 632
635 632 636
630 636 632
621 637 638
637 639 638
637 640 639
639 640 641
639 641 642
643 639 642
638 639 643
643 642 644
638 643 645
619 638 645
621 638 619
619 645 620
643 644 646
643 646 647
647 646 648
647 648 649
650 620 645
616 620 650
616 650 651
609 616 651
609 651 652
604 609 652
604 652 653
599 604 653
599 653 654
594 599 654
594 654 655
585 594 655
585 655 656
657 585 656
657 586 585
658 657 656
658 656 659
660 658 659
660 659 661
591 660 661
591 661 592
656 655 662
656 662 659
659 662 663
659 663 661
661 663 597
661 597 592
655 654 664
655 664 662
662 664 665
662 665 663
665 597 663
665 602 597
665 666 602
665 667 666
664 667 665
664 668 667
654 668 664
654 653 668
653 669 668
667 668 669
653 652 669
667 669 670
670 666 667
670 671 666
672 669 652
669 672 673
670 669 673
652 674 672
652 651 674
675 673 672
675 672 674
651 676 674
651 650 676
677 675 674
678 673 675
678 679 673
679 670 673
679 671 670
679 678 680
679 680 681
679 681 671
682 680 678
682 678 683
678 675 683
677 684 675
683 675 684
685 682 683
685 683 686
683 684 686
685 686 687
688 687 686
688 686 689
686 684 689
690 687 688
690 691 687
685 687 691
676 650 692
676 692 693
650 645 692
693 692 647
693 647 649
692 645 643
692 643 647
694 695 696
694 696 697
694 698 695
694 699 698
700 698 699
700 701 698
702 701 700
702 703 701
704 694 697
704 697 705
706 699 694
706 694 704
699 706 707
699 707 700
707 702 700
707 708 702
709 708 707
710 709 707
710 711 709
710 712 711
713 712 710
713 714 712
715 714 713
715 716 714
709 711 717
709 717 718
709 718 708
719 714 716
719 720 714
714 720 721
714 721 712
711 712 721
722 720 719
722 719 723
724 721 720
724 720 722
725 721 724
725 726 721
711 721 726
727 722 723
727 723 728
729 724 722
729 722 727
730 725 724
730 724 729
731 727 728
727 731 729
731 728 732
729 733 730
729 731 733
734 731 732
734 735 731
735 733 731
735 736 733
734 737 735
734 738 737
735 737 739
735 739 736
739 737 740
738 740 737
739 740 741
738 742 740
743 732 728
734 732 743
743 728 744
744 745 743
745 744 746
744 723 746
746 723 719
746 719 747
719 748 747
719 716 748
715 748 716
715 749 748
749 750 748
749 751 750
751 752 750
751 753 752
753 717 752
753 718 717
748 750 754
748 754 747
752 754 750
755 746 747
755 747 754
756 755 754
756 754 757
752 757 754
758 755 756
758 745 755
745 746 755
745 758 759
715 760 749
749 760 761
749 761 751
751 761 762
763 762 761
761 764 763
764 765 763
764 766 765
764 696 766
764 697 696
767 763 765
763 767 762
767 765 768
702 767 768
762 767 702
702 768 703
769 697 764
761 769 764
769 705 697
762 702 708
753 762 708
751 762 753
753 708 718
715 770 705
715 713 770
713 771 770
713 710 771
710 707 771
715 705 760
772 773 774
772 774 775
772 776 773
772 777 776
776 778 773
779 775 774
774 780 779
774 781 780
782 778 781
782 781 774
779 783 775
784 780 781
784 785 780
786 784 781
786 781 778
776 787 778
788 784 787
788 787 776
788 789 784
785 784 789
788 776 790
785 789 791
792 793 783
792 794 793
794 795 793
794 796 795
796 797 795
792 791 798
792 798 794
794 798 799
794 799 796
796 799 797
800 801 726
800 726 802
803 800 802
803 802 804
805 803 804
805 804 806
807 805 806
807 808 805
809 808 807
809 810 808
809 741 810
800 757 801
800 811 757
803 811 800
803 812 811
805 812 803
805 813 812
814 813 805
814 805 808
815 814 808
815 808 810
815 810 816
817 816 818
817 818 819
820 817 819
734 820 819
734 743 820
820 743 759
820 759 821
820 821 817
734 819 738
738 819 818
738 818 742
745 759 743
822 823 824
822 824 825
825 824 826
825 826 827
828 827 826
828 829 827
830 823 822
830 831 823
832 831 830
832 833 831
832 834 833
835 833 834
836 835 834
837 835 836
837 836 838
836 834 839
835 837 840
835 840 841
842 841 840
842 840 843
842 843 617
842 617 622
832 830 844
832 844 845
832 845 846
847 846 845
848 846 847
849 848 847
849 850 848
848 851 846
847 852 849
847 853 852
854 852 853
854 855 852
854 674 855
854 677 674
856 857 846
856 858 857
859 857 858
859 834 857
858 860 859
858 856 860
861 857 834
861 846 857
862 863 864
862 864 865
866 864 863
866 867 864
868 865 869
868 869 870
869 865 871
869 871 872
873 872 871
873 871 874
875 876 874
875 874 877
875 877 878
875 878 879
880 878 881
880 881 882
883 882 881
883 881 867
884 883 867
884 885 883
886 887 888
886 888 889
887 890 891
890 887 892
890 892 893
889 891 894
894 895 889
894 896 895
897 898 899
900 901 902
900 902 903
904 900 905
904 905 906
904 906 907
904 907 908
908 909 910
908 910 911
912 913 914
912 914 915
913 916 914
913 917 916
918 916 917
919 918 917
919 920 918
920 921 918
920 922 921
923 915 914
923 924 915
925 918 921
925 926 918
927 916 918
927 928 916
929 923 914
929 914 916
930 921 922
930 931 921
925 921 931
932 931 930
932 933 931
931 933 934
935 934 933
935 936 934
912 936 935
912 915 936
937 936 915
937 915 924
925 931 938
939 931 934
939 934 940
941 934 936
941 936 937
942 943 944
942 944 945
942 946 943
942 947 946
948 949 942
950 942 949
951 952 953
951 953 954
955 951 954
955 954 956
957 955 956
957 956 958
956 959 958
960 958 959
960 961 958
962 961 960
962 960 963
964 953 952
964 965 953
966 965 964
966 967 965
962 963 968
962 968 969
968 970 969
971 970 967
971 967 966
968 972 970
967 970 972
973 974 975
973 975 976
973 976 977
973 977 978
974 979 980
974 980 981
978 982 983
978 983 984
985 986 987
985 987 988
989 990 991
989 991 992
993 991 990
993 994 991
995 996 997
995 997 998
996 999 997
996 1000 999
1001 1002 1003
1001 1003 1004
1005 1006 1007
1005 1007 1008
1009 1010 1011
1009 1011 1012
1013 1011 1010
1013 1014 1011
1015 1016 1017
1015 1017 1018
1015 1018 1019
1015 1019 1020
1021 1022 1023
1021 1023 1024
1022 1025 1023
1022 1026 1025
1026 1027 1025
1026 1028 1027
1021 1024 1029
1021 1029 1030
1030 1029 1031
1030 1031 1032
1032 1031 1033
1032 1033 1034
1035 1036 1027
1035 1037 1036
1038 1033 1039
1038 1039 1040
1041 1042 1043
1041 1043 1044
1045 1043 1042
1045 1046 1043
717 711 1047
717 1047 1048
711 726 1047
717 1048 1049
717 1049 752
752 1049 757
1050 1051 1052
1050 1052 1053
1054 1055 1056
1054 1056 1057
1058 1056 1055
1058 1059 1056
1060 1061 1062
1063 1064 1065
744 728 723
822 825 1066
822 1066 1067
825 1068 1066
825 827 1068
1069 1068 827
1069 827 829
830 822 1067
830 1067 844
1070 1071 1072
1073 1074 1075
1073 1075 1076
1077 1078 1079
1077 1079 1080
1080 1079 1081
1080 1081 1082
1083 1084 1085
1083 1085 1086
1087 1088 1089
1087 1089 1090
1091 1092 1093
1091 1093 1094
1095 1096 1097
1098 1099 1100
1101 1102 1103
1101 1103 1104
1105 1103 1102
1105 1106 1103
1107 1106 1105
1107 1108 1106
1109 1108 1107
1109 1110 1108
1111 1110 1109
1111 1112 1110
1112 1111 1113
1113 1114 1112
1115 1114 1113
1115 1116 1114
1117 1116 1115
1117 1118 1116
1119 1118 1117
1119 1120 1118
1121 1120 1119
1121 1122 1120
1123 1122 1121
1123 1124 1122
1123 1125 1124
1126 1120 1122
1126 1127 1120
1127 1118 1120
1128 1116 1118
1127 1128 1118
1128 1129 1116
1129 1114 1116
1130 1126 1122
1130 1122 1124
1130 1124 1125
1129 1131 1114
1131 1132 1114
1132 1131 1133
1133 1134 1132
1133 1135 1134
1135 1136 1134
1135 1137 1136
1137 1138 1136
1137 1139 1138
1139 1140 1138
1139 1141 1140
1142 1140 1141
1142 1143 1140
1144 1145 1146
1144 1146 1147
1148 1145 1144
1148 1149 1145
1150 1149 1148
1150 1151 1149
1152 1151 1150
1152 1153 1151
1153 1152 1154
1154 1155 1153
1156 1155 1154
1156 1157 1155
1158 1157 1156
1158 1159 1157
1160 1159 1158
1160 1161 1159
1162 1161 1160
1162 1163 1161
1164 1163 1162
1164 1165 1163
1166 1165 1164
1166 1167 1165
1154 1152 1168
1168 1169 1154
1154 1169 1170
1169 1171 1170
1170 1171 1172
1170 1172 1173
1170 1173 1174
1174 1173 1175
1174 1175 1176
1176 1175 1177
1176 1177 1178
1178 1177 1179
1178 1179 1180
1180 1179 1181
1180 1181 1182
1168 1183 1169
1183 1184 1169
1183 1185 1184
1185 1186 1184
1184 1186 1187
1187 1186 1188
1189 1188 1186
1189 1190 1188
1189 1191 1190
1189 1192 1191
1193 1191 1192
1193 1192 1194
1195 1196 1197
1195 1197 1198
1199 1198 1197
1199 1200 1198
1199 1201 1200
1199 1202 1201
1202 1203 1201
1202 1204 1203
1202 1205 1204
1204 1205 1206
1204 1206 1207
1207 1206 1208
1208 1206 1209
1210 1196 1195
1207 1208 1211
1212 1211 1208
1208 1209 1212
1213 1212 1209
1213 1209 1214
1213 1214 1215
1207 1211 1216
1216 1211 1217
1216 1217 1218
1218 1217 1219
1217 1220 1219
1217 1221 1220
1221 1222 1220
1221 1223 1222
1222 1223 1224
1222 1224 1225
1225 1224 1226
1225 1226 1227
1228 1227 1226
1229 1230 1215
1229 1231 1230
1231 1232 1230
1231 1233 1232
1231 1234 1233
1234 1235 1233
1236 1237 1146
1146 1237 1147
1238 1239 1240
1241 1240 1239
1242 1240 1241
1243 1242 1241
1243 1241 1244
1245 1243 1244
1245 1246 1243
1247 1246 1245
1247 1248 1246
1249 1248 1247
1249 1250 1248
1242 1251 1240
1238 1240 1251
1252 1250 1249
1253 1250 1252
1254 1247 1245
1254 1245 1255
1256 1254 1255
1257 1256 1255
1258 1256 1257
1259 1256 1258
1259 1260 1256
1260 1254 1256
1261 1254 1260
1247 1254 1261
1249 1247 1261
1253 1262 1250
1263 1248 1250
1262 1263 1250
1263 1264 1248
1264 1246 1248
1264 1265 1246
1265 1243 1246
1265 1266 1243
1243 1266 1267
1243 1267 1242
1242 1267 1268
1242 1268 1251
1269 1265 1264
1269 1270 1265
1271 1270 1269
1272 1270 1271
1273 1272 1271
1274 1273 1271
1274 1271 1275
1275 1271 1269
1276 1275 1269
1265 1270 1277
1265 1277 1266
1266 1277 1278
1266 1278 1267
1267 1278 1279
1267 1279 1268
1238 1268 1279
1238 1251 1268
1264 1276 1269
1263 1276 1264
1280 1281 1282
1280 1282 1283
1284 1281 1280
1284 1285 1281
1283 1282 1286
1287 1285 1284
1287 1288 1285
1287 1289 1288
1290 1288 1289
1290 1291 1288
1292 1291 1290
1293 1294 1295
1296 1295 1294
1297 1298 1295
1297 1299 1298
1299 1297 1300
1301 1300 1297
1301 1302 1300
1303 1302 1301
1303 1301 1304
1305 1295 1298
1300 1302 1306
1307 1300 1306
1307 1308 1300
1308 1307 1309
1304 1310 1303
1304 1311 1310
1304 1312 1311
1313 1304 1301
1304 1313 1312
1313 1301 1314
1301 1315 1314
1301 1297 1315
1316 1315 1297
1297 1317 1316
1297 1295 1317
1318 1317 1295
1315 1319 1314
1320 1319 1315
1320 1315 1321
1321 1322 1320
1323 1324 1325
1326 1327 1328
1329 1330 1331
1332 1333 1334
1335 1336 1337
1245 1244 1338
1245 1338 1255
1244 1339 1338
1244 1241 1339
1241 1239 1339
1340 1341 1342
1342 1341 1343
1341 1344 1343
1342 1343 1345
1346 1342 1345
1347 1342 1346
1342 1347 1340
1348 1347 1346
1348 1349 1347
1349 1348 1350
1349 1350 1351
1347 1349 1352
1352 1349 1351
1347 1352 1353
1350 1348 1354
1350 1355 1351
1356 1355 1354
1357 1354 1355
1358 1352 1351
1355 1358 1351
1347 1353 1359
1347 1359 1360
1361 1360 1359
1359 1362 1361
1347 1360 1363
1361 1364 1360
1364 1363 1360
1362 1365 1361
1361 1365 1364
1347 1363 1340
1366 1367 1368
1367 1369 1368
1368 1369 1370
1367 1371 1369
1372 1371 1367
1373 1372 1367
1373 1367 1366
1374 1372 1373
1374 1373 1375
1375 1376 1374
1375 1377 1376
1373 1378 1375
1375 1378 1377
1373 1379 1378
1376 1380 1374
1376 1377 1381
1382 1380 1381
1383 1381 1380
1384 1377 1378
1381 1377 1384
1373 1385 1379
1373 1386 1385
1387 1385 1386
1385 1387 1388
1373 1389 1386
1387 1386 1390
1390 1386 1389
1388 1387 1391
1387 1390 1391
1373 1366 1389
1392 1393 1394
1393 1395 1394
1394 1395 1396
1393 1397 1395
1398 1397 1393
1399 1398 1393
1393 1392 1399
1400 1398 1399
1400 1399 1401
1401 1402 1400
1401 1403 1402
1399 1404 1401
1404 1403 1401
1399 1405 1404
1402 1406 1400
1402 1403 1407
1408 1406 1407
1409 1407 1406
1410 1403 1404
1407 1403 1410
1399 1411 1405
1399 1412 1411
1413 1411 1412
1411 1413 1414
1399 1415 1412
1413 1412 1416
1416 1412 1415
1414 1413 1417
1413 1416 1417
1399 1392 1415
1418 1419 1420
1420 1419 1421
1419 1422 1421
1420 1421 1423
1424 1420 1423
1425 1420 1424
1425 1418 1420
1426 1425 1424
1426 1427 1425
1427 1426 1428
1427 1428 1429
1425 1427 1430
1427 1429 1430
1425 1430 1431
1428 1426 1432
1428 1433 1429
1434 1433 1432
1435 1432 1433
1436 1430 1429
1433 1436 1429
1425 1431 1437
1425 1437 1438
1439 1438 1437
1437 1440 1439
1425 1438 1441
1439 1442 1438
1442 1441 1438
1440 1443 1439
1439 1443 1442
1425 1441 1418
1444 1445 1446
1444 1446 1447
1448 1444 1447
1448 1447 1449
1450 1448 1449
1450 1449 1451
1452 1450 1451
1452 1451 1453
1453 1454 1452
1454 1453 1455
1456 1454 1455
1456 1455 1457
1458 1456 1457
1458 1457 1459
1460 1458 1459
1460 1459 1461
1462 1460 1461
1462 1461 1463
1464 1462 1463
1464 1463 1465
1466 1464 1465
1466 1465 1467
1454 1468 1452
1468 1454 1469
1468 1469 1470
1470 1469 1471
1470 1471 1472
1472 1471 1473
1471 1474 1473
1474 1475 1473
1476 1473 1475
1476 1475 1477
1476 1477 1478
1476 1478 1479
1480 1479 1478
1480 1481 1479
1454 1482 1469
1469 1482 1483
1482 1484 1483
1482 1485 1484
1482 1486 1485
1486 1487 1485
1486 1488 1487
1488 1489 1487
1488 1490 1489
1490 1491 1489
1490 1492 1491
1492 1493 1491
1492 1494 1493
1495 1496 1497
1495 1497 1498
1499 1497 1496
1499 1496 1500
1499 1500 1501
1499 1501 1502
1502 1501 1503
1502 1503 1504
1502 1504 1505
1504 1506 1505
1504 1507 1506
1507 1508 1506
1508 1509 1506
1510 1495 1498
1507 1511 1508
1512 1508 1511
1508 1512 1509
1513 1509 1512
1513 1514 1509
1513 1515 1514
1507 1516 1511
1516 1517 1511
1516 1518 1517
1518 1519 1517
1517 1519 1520
1517 1520 1521
1521 1520 1522
1521 1522 1523
1522 1524 1523
1522 1525 1524
1525 1526 1524
1525 1527 1526
1528 1526 1527
1529 1515 1530
1529 1530 1531
1531 1530 1532
1531 1532 1533
1531 1533 1534
1534 1533 1535
1536 1446 1537
1446 1445 1537
1538 1539 1540
1538 1540 1541
1542 1538 1541
1542 1541 1543
1539 1544 1540
1545 1542 1543
1545 1543 1546
1545 1546 1547
1548 1547 1546
1548 1546 1549
1550 1548 1549
1551 1552 1553
1554 1555 1556
1557 1558 1559
1560 1561 1562
1563 1564 1565
1566 1567 1568
1567 1569 1568
1568 1569 1570
1567 1571 1569
1572 1571 1567
1573 1572 1567
1567 1566 1573
1574 1572 1573
1574 1573 1575
1575 1576 1574
1575 1577 1576
1573 1578 1575
1578 1577 1575
1573 1579 1578
1576 1580 1574
1576 1577 1581
1582 1580 1581
1583 1581 1580
1584 1577 1578
1581 1577 1584
1573 1585 1579
1573 1586 1585
1587 1585 1586
1585 1587 1588
1573 1589 1586
1587 1586 1590
1590 1586 1589
1588 1587 1591
1587 1590 1591
1573 1566 1589
1592 1593 1594
1594 1593 1595
1593 1596 1595
1594 1595 1597
1598 1594 1597
1599 1594 1598
1599 1592 1594
1600 1599 1598
1600 1601 1599
1601 1600 1602
1601 1602 1603
1599 1601 1604
1601 1603 1604
1599 1604 1605
1602 1600 1606
1602 1607 1603
1608 1607 1606
1609 1606 1607
1610 1604 1603
1607 1610 1603
1599 1605 1611
1599 1611 1612
1613 1612 1611
1611 1614 1613
1599 1612 1615
1613 1616 1612
1616 1615 1612
1614 1617 1613
1613 1617 1616
1599 1615 1592
1618 1619 1620
1620 1619 1621
1619 1622 1621
1620 1621 1623
1624 1620 1623
1625 1620 1624
1620 1625 1618
1626 1625 1624
1626 1627 1625
1627 1626 1628
1627 1628 1629
1625 1627 1630
1630 1627 1629
1625 1630 1631
1628 1626 1632
1628 1633 1629
1634 1633 1632
1635 1632 1633
1636 1630 1629
1633 1636 1629
1625 1631 1637
1625 1637 1638
1639 1638 1637
1637 1640 1639
1625 1638 1641
1639 1642 1638
1642 1641 1638
1640 1643 1639
1639 1643 1642
1625 1641 1618
1644 1645 1646
1645 1647 1646
1646 1647 1648
1645 1649 1647
1650 1649 1645
1651 1650 1645
1651 1645 1644
1652 1650 1651
1652 1651 1653
1653 1654 1652
1653 1655 1654
1651 1656 1653
1653 1656 1655
1651 1657 1656
1654 1658 1652
1654 1655 1659
1660 1658 1659
1661 1659 1658
1662 1655 1656
1659 1655 1662
1651 1663 1657
1651 1664 1663
1665 1663 1664
1663 1665 1666
1651 1667 1664
1665 1664 1668
1668 1664 1667
1666 1665 1669
1665 1668 1669
1651 1644 1667
1670 1671 1672
1670 1672 1673
1674 1673 1672
1674 1672 1675
1676 1674 1675
1676 1675 1677
1678 1676 1677
1678 1677 1679
1680 1678 1679
1680 1679 1681
1681 1682 1680
1682 1681 1683
1684 1682 1683
1684 1683 1685
1686 1684 1685
1686 1685 1687
1688 1686 1687
1688 1687 1689
1690 1688 1689
1690 1689 1691
1692 1690 1691
1692 1691 1693
1692 1693 1694
1695 1691 1689
1695 1689 1696
1696 1689 1687
1697 1687 1685
1696 1687 1697
1697 1685 1698
1698 1685 1683
1699 1693 1691
1699 1691 1695
1699 1694 1693
1698 1683 1700
1700 1683 1701
1701 1702 1700
1702 1701 1703
1702 1703 1704
1704 1703 1705
1704 1705 1706
1706 1705 1707
1706 1707 1708
1708 1707 1709
1708 1709 1710
1711 1710 1709
1711 1709 1712
1713 1714 1715
1713 1715 1716
1717 1713 1716
1717 1716 1718
1719 1717 1718
1719 1718 1720
1721 1719 1720
1721 1720 1722
1722 1723 1721
1723 1722 1724
1725 1723 1724
1725 1724 1726
1727 1725 1726
1727 1726 1728
1729 1727 1728
1729 1728 1730
1731 1729 1730
1731 1730 1732
1733 1731 1732
1733 1732 1734
1735 1733 1734
1735 1734 1736
1723 1737 1721
1737 1723 1738
1737 1738 1739
1739 1738 1740
1739 1740 1741
1741 1740 1742
1740 1743 1742
1743 1744 1742
1745 1742 1744
1745 1744 1746
1745 1746 1747
1745 1747 1748
1749 1748 1747
1749 1750 1748
1723 1751 1738
1738 1751 1752
1751 1753 1752
1751 1754 1753
1751 1755 1754
1755 1756 1754
1755 1757 1756
1757 1758 1756
1757 1759 1758
1759 1760 1758
1759 1761 1760
1761 1762 1760
1761 1763 1762
1764 1765 1766
1764 1766 1767
1768 1766 1765
1768 1765 1769
1768 1769 1770
1768 1770 1771
1771 1770 1772
1771 1772 1773
1771 1773 1774
1773 1775 1774
1773 1776 1775
1776 1777 1775
1777 1778 1775
1779 1764 1767
1776 1780 1777
1781 1777 1780
1777 1781 1778
1782 1778 1781
1782 1783 1778
1782 1784 1783
1776 1785 1780
1785 1786 1780
1785 1787 1786
1787 1788 1786
1786 1788 1789
1786 1789 1790
1790 1789 1791
1790 1791 1792
1791 1793 1792
1791 1794 1793
1794 1795 1793
1794 1796 1795
1797 1795 1796
1798 1784 1799
1798 1799 1800
1800 1799 1801
1800 1801 1802
1800 1802 1803
1803 1802 1804
1805 1715 1806
1715 1714 1806
1807 1808 1809
1810 1809 1808
1811 1810 1808
1812 1810 1811
1812 1813 1810
1814 1813 1812
1814 1812 1815
1816 1814 1815
1816 1815 1817
1818 1816 1817
1818 1817 1819
1811 1808 1820
1807 1820 1808
1821 1818 1819
1822 1821 1819
1823 1814 1816
1823 1824 1814
1825 1824 1823
1826 1824 1825
1827 1826 1825
1828 1827 1825
1828 1825 1829
1829 1825 1823
1830 1829 1823
1816 1830 1823
1818 1830 1816
1822 1819 1831
1832 1819 1817
1831 1819 1832
1832 1817 1833
1832 1833 1834
1833 1835 1834
1834 1835 1836
1836 1835 1837
1838 1836 1837
1838 1837 1839
1837 1835 1840
1841 1837 1840
1839 1837 1841
1835 1833 1842
1835 1842 1840
1833 1815 1842
1833 1817 1815
1842 1815 1812
1842 1812 1843
1812 1844 1843
1812 1811 1844
1811 1845 1844
1811 1820 1845
1842 1843 1846
1842 1846 1840
1843 1844 1847
1843 1847 1846
1844 1845 1848
1844 1848 1847
1807 1848 1845
1807 1845 1820
1849 1850 1851
1849 1851 1852
1853 1849 1852
1853 1852 1854
1850 1855 1851
1856 1853 1854
1856 1854 1857
1856 1857 1858
1859 1858 1857
1859 1857 1860
1861 1859 1860
1862 1863 1864
1865 1864 1863
1866 1863 1867
1866 1867 1868
1868 1869 1866
1870 1866 1869
1870 1869 1871
1872 1870 1871
1872 1873 1870
1874 1867 1863
1869 1875 1871
1876 1875 1869
1876 1869 1877
1877 1878 1876
1873 1872 1879
1873 1879 1880
1873 1880 1881
1882 1870 1873
1873 1881 1882
1882 1883 1870
1870 1883 1884
1870 1884 1866
1885 1866 1884
1866 1885 1886
1866 1886 1863
1887 1863 1886
1884 1883 1888
1889 1884 1888
1889 1890 1884
1890 1889 1891
1892 1893 1894
1895 1896 1897
1898 1899 1900
1901 1902 1903
1904 1905 1906
1814 1824 1907
1814 1907 1813
1813 1907 1908
1813 1908 1810
1810 1908 1809
1909 1910 1911
1910 1912 1911
1911 1912 1913
1910 1914 1912
1915 1914 1910
1916 1915 1910
1910 1909 1916
1917 1915 1916
1917 1916 1918
1918 1919 1917
1918 1920 1919
1916 1921 1918
1921 1920 1918
1916 1922 1921
1919 1923 1917
1919 1920 1924
1925 1923 1924
1926 1924 1923
1927 1920 1921
1924 1920 1927
1916 1928 1922
1916 1929 1928
1930 1928 1929
1928 1930 1931
1916 1932 1929
1930 1929 1933
1933 1929 1932
1931 1930 1934
1930 1933 1934
1916 1909 1932
1935 1936 1937
1937 1936 1938
1936 1939 1938
1937 1938 1940
1941 1937 1940
1942 1937 1941
1942 1935 1937
1943 1942 1941
1943 1944 1942
1944 1943 1945
1944 1945 1946
1942 1944 1947
1944 1946 1947
1942 1947 1948
1945 1943 1949
1945 1950 1946
1951 1950 1949
1952 1949 1950
1953 1947 1946
1950 1953 1946
1942 1948 1954
1942 1954 1955
1956 1955 1954
1954 1957 1956
1942 1955 1958
1956 1959 1955
1959 1958 1955
1957 1960 1956
1956 1960 1959
1942 1958 1935
1961 1962 1963
1963 1962 1964
1962 1965 1964
1963 1964 1966
1967 1963 1966
1968 1963 1967
1963 1968 1961
1969 1968 1967
1969 1970 1968
1970 1969 1971
1970 1971 1972
1968 1970 1973
1973 1970 1972
1968 1973 1974
1971 1969 1975
1971 1976 1972
1977 1976 1975
1978 1975 1976
1979 1973 1972
1976 1979 1972
1968 1974 1980
1968 1980 1981
1982 1981 1980
1980 1983 1982
1968 1981 1984
1982 1985 1981
1985 1984 1981
1983 1986 1982
1982 1986 1985
1968 1984 1961
1987 1988 1989
1988 1990 1989
1989 1990 1991
1988 1992 1990
1993 1992 1988
1994 1993 1988
1994 1988 1987
1995 1993 1994
1995 1994 1996
1996 1997 1995
1996 1998 1997
1994 1999 1996
1996 1999 1998
1994 2000 1999
1997 2001 1995
1997 1998 2002
2003 2001 2002
2004 2002 2001
2005 1998 1999
2002 1998 2005
1994 2006 2000
1994 2007 2006
2008 2006 2007
2006 2008 2009
1994 2010 2007
2008 2007 2011
2011 2007 2010
2009 2008 2012
2008 2011 2012
1994 1987 2010
2013 2014 2015
2013 2015 2016
2017 2014 2013
2017 2018 2014
2019 2018 2017
2019 2020 2018
2021 2020 2019
2021 2022 2020
2022 2021 2023
2023 2024 2022
2025 2024 2023
2025 2026 2024
2027 2026 2025
2027 2028 2026
2029 2028 2027
2029 2030 2028
2031 2030 2029
2031 2032 2030
2033 2032 2031
2033 2034 2032
2035 2034 2033
2035 2036 2034
2023 2021 2037
2037 2038 2023
2023 2038 2039
2038 2040 2039
2039 2040 2041
2039 2041 2042
2039 2042 2043
2043 2042 2044
2043 2044 2045
2045 2044 2046
2045 2046 2047
2047 2046 2048
2047 2048 2049
2049 2048 2050
2049 2050 2051
2037 2052 2038
2052 2053 2038
2052 2054 2053
2054 2055 2053
2053 2055 2056
2056 2055 2057
2058 2057 2055
2058 2059 2057
2058 2060 2059
2058 2061 2060
2062 2060 2061
2062 2061 2063
2064 2065 2066
2064 2066 2067
2068 2067 2066
2068 2069 2067
2068 2070 2069
2068 2071 2070
2071 2072 2070
2071 2073 2072
2071 2074 2073
2073 2074 2075
2073 2075 2076
2076 2075 2077
2077 2075 2078
2079 2065 2064
2076 2077 2080
2081 2080 2077
2077 2078 2081
2082 2081 2078
2082 2078 2083
2082 2083 2084
2076 2080 2085
2085 2080 2086
2085 2086 2087
2087 2086 2088
2086 2089 2088
2086 2090 2089
2090 2091 2089
2090 2092 2091
2091 2092 2093
2091 2093 2094
2094 2093 2095
2094 2095 2096
2097 2096 2095
2098 2099 2084
2098 2100 2099
2100 2101 2099
2100 2102 2101
2100 2103 2102
2103 2104 2102
2105 2106 2015
2015 2106 2016
2107 2108 2109
2107 2109 2110
2111 2108 2107
2111 2112 2108
2110 2109 2113
2114 2112 2111
2114 2115 2112
2114 2116 2115
2117 2115 2116
2117 2118 2115
2119 2118 2117
2120 2121 2122
2123 2124 2125
2126 2127 2128
2129 2130 2131
2132 2133 2134
2135 2136 2137
2137 2136 2138
2136 2139 2138
2137 2138 2140
2141 2137 2140
2142 2137 2141
2137 2142 2135
2143 2142 2141
2143 2144 2142
2144 2143 2145
2144 2145 2146
2142 2144 2147
2147 2144 2146
2142 2147 2148
2145 2143 2149
2145 2150 2146
2151 2150 2149
2152 2149 2150
2153 2147 2146
2150 2153 2146
2142 2148 2154
2142 2154 2155
2156 2155 2154
2154 2157 2156
2142 2155 2158
2156 2159 2155
2159 2158 2155
2157 2160 2156
2156 2160 2159
2142 2158 2135
2161 2162 2163
2162 2164 2163
2163 2164 2165
2162 2166 2164
2167 2166 2162
2168 2167 2162
2168 2162 2161
2169 2167 2168
2169 2168 2170
2170 2171 2169
2170 2172 2171
2168 2173 2170
2170 2173 2172
2168 2174 2173
2171 2175 2169
2171 2172 2176
2177 2175 2176
2178 2176 2175
2179 2172 2173
2176 2172 2179
2168 2180 2174
2168 2181 2180
2182 2180 2181
2180 2182 2183
2168 2184 2181
2182 2181 2185
2185 2181 2184
2183 2182 2186
2182 2185 2186
2168 2161 2184
2187 2188 2189
2188 2190 2189
2189 2190 2191
2188 2192 2190
2193 2192 2188
2194 2193 2188
2188 2187 2194
2195 2193 2194
2195 2194 2196
2196 2197 2195
2196 2198 2197
2194 2199 2196
2199 2198 2196
2194 2200 2199
2197 2201 2195
2197 2198 2202
2203 2201 2202
2204 2202 2201
2205 2198 2199
2202 2198 2205
2194 2206 2200
2194 2207 2206
2208 2206 2207
2206 2208 2209
2194 2210 2207
2208 2207 2211
2211 2207 2210
2209 2208 2212
2208 2211 2212
2194 2187 2210
2213 2214 2215
2215 2214 2216
2214 2217 2216
2215 2216 2218
2219 2215 2218
2220 2215 2219
2220 2213 2215
2221 2220 2219
2221 2222 2220
2222 2221 2223
2222 2223 2224
2220 2222 2225
2222 2224 2225
2220 2225 2226
2223 2221 2227
2223 2228 2224
2229 2228 2227
2230 2227 2228
2231 2225 2224
2228 2231 2224
2220 2226 2232
2220 2232 2233
2234 2233 2232
2232 2235 2234
2220 2233 2236
2234 2237 2233
2237 2236 2233
2235 2238 2234
2234 2238 2237
2220 2236 2213
2239 2240 2241
2239 2241 2242
2243 2240 2239
2243 2244 2240
2243 2245 2244
2243 2246 2245
2247 2248 2249
2247 2249 2250
2250 2249 2251
2250 2251 2252
2253 2252 2251
2253 2251 2254
2255 2256 2257
2256 2258 2257
2258 2259 2257
2259 2260 2257
2260 2261 2257
2261 2262 2257
2262 2263 2257
2263 2255 2257
2255 2264 2256
2256 2264 2258
2258 2264 2259
2259 2264 2260
2260 2264 2261
2261 2264 2262
2262 2264 2263
2263 2264 2255
