byte offset: 0
first index: 0
index count: 8862
topology: trianglelist
format: DXGI_FORMAT_R16_UINT

0 1 2
3 0 2
4 3 2
2 5 4
1 5 2
1 6 5
3 4 7
8 3 7
3 8 9
10 9 8
9 10 11
11 12 9
12 11 13
0 3 14
9 14 3
14 9 12
5 6 15
15 6 16
16 17 15
17 16 18
4 19 7
5 19 4
5 20 19
20 5 15
20 15 21
15 17 21
20 21 22
20 22 19
7 23 8
8 24 10
24 8 23
23 25 24
25 23 26
24 25 27
28 26 23
23 7 28
19 28 7
26 28 29
30 29 28
22 30 19
19 30 28
27 31 24
24 31 10
32 10 31
31 33 32
32 11 10
32 13 11
13 32 34
32 33 34
35 13 34
33 36 34
36 35 34
37 36 33
33 38 37
37 39 36
36 39 35
38 33 40
31 40 33
38 41 37
42 39 37
42 37 43
43 44 42
45 44 43
45 46 44
45 47 46
47 48 46
48 49 46
50 38 40
50 40 51
51 52 50
50 52 53
27 51 40
54 50 53
54 53 55
56 41 54
56 54 55
56 55 57
50 54 38
54 41 38
53 58 55
59 55 58
55 59 57
57 59 60
61 60 59
61 59 58
60 61 62
62 63 60
64 60 63
64 57 60
65 57 64
57 65 66
56 57 66
67 56 66
67 41 56
68 64 63
69 64 68
69 65 64
70 69 68
41 67 37
71 72 73
72 71 74
75 71 73
71 75 76
76 77 71
77 74 71
77 76 78
74 77 79
80 75 73
81 79 77
78 81 77
79 81 82
81 78 83
84 81 83
81 84 85
86 85 84
85 86 87
88 85 87
89 88 87
87 86 89
85 88 90
90 81 85
81 90 82
80 91 92
93 92 91
18 92 93
92 18 16
94 92 16
6 94 16
93 91 95
92 94 80
72 95 91
72 91 73
91 80 73
96 97 98
96 98 99
99 98 100
101 99 100
102 100 98
102 98 103
98 97 103
103 97 104
100 105 101
105 106 101
107 106 105
106 107 108
107 109 108
109 107 110
111 107 105
107 111 112
105 113 111
113 105 100
102 113 100
114 110 107
112 114 107
115 114 112
115 112 116
115 116 117
118 117 116
117 118 119
120 119 118
119 120 121
118 122 120
122 118 123
116 123 118
123 116 124
124 112 111
112 124 116
111 113 124
123 125 122
126 123 124
113 126 124
123 126 125
113 127 126
127 113 102
126 128 125
128 126 127
128 127 129
127 103 129
127 102 103
130 119 121
119 130 131
130 132 131
132 130 133
132 134 131
134 132 135
135 136 134
136 135 137
137 138 136
138 137 139
140 132 133
132 140 141
135 132 141
135 142 137
142 139 137
142 135 143
143 135 141
143 144 142
144 145 142
139 142 145
145 144 146
144 143 147
143 141 147
147 148 144
148 146 144
148 147 149
150 149 147
151 149 150
149 151 152
153 152 151
152 153 154
155 154 153
153 156 155
156 153 157
151 157 153
154 155 158
159 158 155
158 159 160
160 159 161
161 159 162
155 162 159
162 155 156
157 151 163
150 163 151
163 150 164
165 164 150
165 150 166
165 166 167
168 165 167
165 169 164
165 168 169
170 169 168
169 171 164
171 169 172
173 171 172
174 173 172
174 172 169
174 169 170
173 174 175
171 173 176
177 176 173
175 177 173
176 177 178
179 178 177
178 179 180
177 175 181
182 177 181
177 182 179
183 180 179
180 183 184
185 184 183
183 186 185
187 185 186
188 185 187
184 185 188
186 183 189
179 189 183
189 179 182
190 191 192
193 192 191
193 191 194
194 195 193
192 193 196
193 197 196
193 195 197
194 198 195
199 198 194
194 200 199
194 191 200
200 191 201
191 190 201
199 202 198
202 199 203
204 203 199
204 200 201
200 204 199
205 204 201
206 204 205
204 206 203
206 205 207
206 208 203
209 203 208
209 202 203
207 210 206
211 210 207
206 210 212
206 212 208
208 212 213
213 209 208
214 215 216
214 216 217
215 218 216
218 217 216
218 215 219
219 220 218
220 219 221
221 222 220
222 221 223
223 224 222
224 223 225
146 222 224
222 146 226
226 220 222
146 148 226
227 226 148
149 227 148
227 149 228
228 229 227
229 228 230
229 231 227
226 227 231
231 229 232
220 226 233
234 232 229
232 234 235
236 235 234
236 234 237
237 229 230
229 237 234
238 145 146
238 139 145
139 238 239
239 138 139
138 239 240
239 241 240
241 239 242
238 242 239
242 238 243
238 146 224
224 243 238
243 224 225
240 114 138
115 138 114
138 115 136
115 134 136
134 115 117
117 131 134
131 117 119
114 240 110
241 110 240
110 241 109
141 166 147
166 150 147
166 141 167
141 140 167
140 244 167
244 140 245
140 133 245
244 168 167
246 247 248
247 246 249
248 250 246
250 248 251
251 252 250
252 251 253
249 254 247
254 249 255
255 256 254
256 255 257
256 258 254
258 247 254
258 256 259
257 260 256
260 259 256
260 257 261
262 260 261
262 263 260
259 260 263
264 253 251
253 264 265
265 266 253
253 266 267
252 253 267
252 267 268
266 269 267
270 267 269
269 271 270
271 269 272
273 272 269
269 266 273
272 273 274
267 270 275
268 267 275
274 276 272
276 274 277
272 278 271
278 272 276
276 279 278
279 276 280
280 276 277
281 280 277
282 279 280
268 275 283
268 283 284
283 285 284
285 283 286
287 283 275
287 286 283
275 288 287
287 289 286
286 289 290
291 287 288
291 292 287
292 291 293
294 293 291
294 291 295
291 288 295
288 296 295
296 288 297
297 298 296
298 297 299
299 300 298
300 299 301
302 300 301
300 302 303
303 304 300
302 305 303
306 303 305
303 306 307
303 307 304
308 306 305
305 302 309
309 302 279
270 299 297
297 275 270
275 297 288
299 270 271
271 301 299
301 271 278
278 302 301
302 278 279
308 305 310
309 310 305
309 311 310
312 308 310
313 312 310
313 310 311
313 311 314
313 315 312
313 316 315
317 316 313
314 317 313
314 318 317
318 314 319
320 317 318
317 320 321
322 318 319
318 322 323
323 324 318
324 320 318
317 321 325
325 316 317
323 326 324
326 323 327
323 322 327
328 326 327
327 329 328
322 330 327
330 331 327
332 330 322
332 333 330
333 334 330
334 331 330
331 334 335
331 335 336
335 337 336
338 331 336
331 338 327
327 338 329
338 336 339
339 336 340
336 337 340
340 337 341
337 342 341
337 335 342
341 342 343
342 335 344
335 334 344
345 342 344
345 343 342
346 343 345
343 346 347
348 347 346
347 348 349
350 347 349
351 349 348
349 351 352
353 343 347
350 353 347
341 343 353
354 352 351
352 354 355
356 355 354
355 356 357
358 357 356
357 358 359
360 359 358
359 360 361
362 361 360
350 363 353
363 350 364
365 360 358
356 365 358
360 365 366
362 360 366
365 356 367
354 367 356
367 354 368
351 368 354
368 351 369
348 369 351
369 348 370
346 370 348
370 346 371
371 346 345
371 345 372
373 371 372
374 373 372
375 373 374
373 375 376
375 377 376
377 375 378
277 375 374
375 277 274
274 379 375
379 274 273
273 380 379
380 273 266
266 265 380
376 381 373
381 376 382
383 376 377
376 383 382
277 374 384
384 281 277
378 385 377
385 378 386
377 387 383
387 377 385
386 388 385
388 386 389
389 390 388
390 389 391
391 392 390
392 391 393
393 394 392
395 388 390
392 395 390
388 395 396
385 396 387
396 385 388
395 392 397
394 397 392
384 372 398
372 344 398
334 398 344
399 398 334
372 345 344
399 334 333
399 333 400
333 332 400
332 401 400
401 282 400
282 280 400
280 281 400
401 332 322
319 401 322
319 402 401
402 319 314
311 402 314
403 190 404
404 405 403
405 406 403
403 407 190
407 408 190
407 409 408
407 410 409
410 411 409
411 410 412
406 405 97
97 405 104
405 404 104
404 192 104
404 190 192
192 196 104
129 104 196
196 413 129
129 103 104
196 197 413
413 128 129
96 406 97
414 415 364
416 415 414
364 350 414
416 414 417
416 417 418
414 419 417
419 414 420
420 414 350
350 421 420
350 349 421
422 423 424
423 422 425
426 422 424
427 426 424
426 427 428
428 285 426
285 428 429
429 284 285
284 429 430
430 268 284
268 430 252
431 424 423
424 431 427
425 432 423
432 431 423
432 425 433
432 433 434
434 435 432
431 432 435
436 426 285
285 286 436
422 426 436
422 436 290
286 290 436
290 437 422
437 438 422
438 437 439
440 439 437
440 437 290
439 440 441
441 442 439
442 441 443
443 444 442
444 445 442
445 439 442
439 445 438
445 444 446
444 443 447
448 446 444
446 448 449
289 440 290
448 450 449
448 451 450
451 444 447
444 451 448
452 453 454
455 454 453
454 455 456
457 454 456
454 457 458
458 452 454
455 459 456
459 455 460
456 461 457
461 456 459
459 462 461
462 459 463
460 463 459
463 464 462
464 463 293
293 294 464
465 293 463
463 460 465
293 465 292
466 467 468
469 466 468
469 470 466
470 469 471
467 472 468
467 473 472
473 474 472
300 470 471
300 304 470
475 476 477
476 475 478
479 478 475
478 479 480
481 480 479
480 481 482
483 477 476
477 483 484
485 484 483
484 485 486
487 486 485
486 487 488
489 488 487
488 489 490
491 481 479
481 491 492
481 492 493
479 494 491
494 479 475
475 495 494
495 475 477
496 477 484
477 496 495
484 497 496
497 484 486
486 498 497
498 486 488
490 498 488
498 490 499
500 499 490
499 500 501
502 501 500
501 502 503
504 503 502
503 504 505
506 505 504
505 506 507
508 507 506
507 508 509
510 509 508
508 511 510
508 512 511
512 508 506
513 506 504
506 513 512
514 504 502
500 514 502
514 513 504
514 500 515
490 515 500
515 490 489
481 516 517
517 482 481
493 516 481
518 519 520
521 519 518
519 521 522
523 522 521
522 523 524
525 524 523
524 525 526
527 526 525
526 527 528
529 528 527
528 529 530
529 531 530
531 529 532
532 533 531
533 532 534
535 533 534
533 535 536
537 536 535
536 537 538
537 539 538
539 537 540
540 541 539
541 540 542
542 543 541
544 545 546
547 546 545
546 547 548
547 549 548
549 547 550
549 550 551
549 551 552
551 553 552
553 551 554
554 555 553
555 554 556
556 557 555
557 556 558
558 559 557
559 558 560
560 561 559
561 560 562
562 563 561
563 562 564
564 565 563
565 564 566
567 565 566
565 567 568
568 567 569
570 571 572
571 570 573
574 572 571
572 574 575
570 576 573
577 575 574
575 577 578
579 578 577
573 576 580
580 576 581
581 582 580
576 583 581
583 576 584
584 576 585
585 576 586
587 585 586
585 587 588
585 589 584
590 589 585
589 590 591
592 591 590
591 592 593
594 591 593
591 594 595
595 596 591
596 595 597
596 597 584
593 592 598
597 599 584
597 600 599
600 597 601
601 602 600
602 601 603
603 604 602
604 603 605
606 604 605
604 606 607
606 608 607
594 593 609
598 610 609
610 611 609
594 609 611
593 598 609
599 612 613
612 599 614
614 615 612
615 614 616
616 617 615
617 616 618
618 619 617
619 618 620
621 619 620
622 599 613
599 622 584
623 622 613
613 624 623
625 624 613
624 625 626
627 626 625
626 627 628
629 628 627
628 629 630
631 630 629
630 631 632
633 632 631
632 633 634
635 584 622
584 635 583
622 636 635
636 622 623
637 583 635
636 638 635
635 638 637
583 637 581
581 637 639
581 639 582
640 582 639
582 640 641
640 639 642
643 639 637
639 643 644
637 645 643
645 637 638
646 639 644
642 639 646
644 647 646
643 648 644
647 644 649
648 649 644
650 643 645
643 650 648
580 582 641
573 580 641
651 652 653
652 654 653
654 652 655
655 587 654
587 655 588
656 657 658
657 659 658
659 660 658
660 656 658
660 659 661
659 657 662
662 663 659
663 661 659
663 662 664
664 665 663
665 666 663
661 663 666
666 665 667
668 667 665
667 668 669
670 669 668
669 670 671
672 671 670
671 672 673
674 673 672
673 674 675
676 674 672
674 676 677
678 672 670
672 678 676
670 679 678
679 670 668
668 680 679
680 668 665
665 664 680
681 675 674
681 674 682
674 677 682
675 681 683
681 684 683
684 681 685
686 685 681
681 682 686
685 686 687
688 689 690
689 688 691
692 688 690
688 692 693
694 693 692
693 694 695
696 695 694
695 696 697
698 697 696
697 698 699
700 699 698
699 700 701
702 701 700
701 702 703
704 703 702
691 705 689
705 691 706
705 706 707
708 709 710
709 708 711
710 712 708
712 710 713
713 714 712
714 713 715
715 716 714
716 715 717
718 716 717
716 718 719
720 719 718
719 720 721
720 722 721
722 720 723
711 724 709
725 722 723
725 723 726
727 725 726
728 729 730
729 728 731
731 732 729
732 731 733
730 734 728
734 730 735
735 736 734
736 735 737
737 738 736
738 737 739
740 738 739
733 741 732
741 742 732
741 743 742
744 742 743
745 742 744
746 742 745
745 747 746
747 745 748
748 749 747
749 748 750
750 751 749
751 750 752
752 753 751
753 752 754
754 755 753
755 754 756
756 757 755
744 743 758
744 758 759
760 744 759
761 744 760
760 762 761
762 760 763
760 759 764
764 765 760
760 765 763
764 766 765
766 767 765
765 767 763
767 766 768
766 769 768
745 744 761
770 771 772
773 771 770
771 773 774
775 774 773
774 775 776
777 776 775
776 777 778
779 778 777
778 779 780
781 780 779
780 781 782
781 783 782
770 772 784
784 772 785
772 786 785
787 788 789
788 787 790
789 788 791
789 791 792
792 791 793
794 792 793
795 796 797
796 798 797
798 796 799
799 800 798
800 799 801
801 802 800
802 801 803
803 804 802
804 803 805
805 806 804
806 805 807
806 807 808
806 808 809
810 809 808
808 811 810
810 811 812
811 813 812
814 815 816
814 817 815
817 814 818
818 819 817
819 818 820
820 821 819
821 820 822
822 823 821
823 822 824
824 825 823
825 824 826
827 825 826
828 827 826
828 829 827
830 831 832
634 832 831
832 634 633
833 834 835
834 833 836
837 836 833
836 837 838
839 835 834
835 839 840
841 840 839
840 841 842
843 838 837
838 843 844
845 844 843
844 845 846
845 847 846
847 845 848
848 849 847
849 848 850
851 849 850
852 842 841
852 853 842
852 854 853
855 853 854
853 855 856
856 857 853
857 856 858
858 859 857
859 858 860
859 860 861
862 858 856
858 862 863
858 864 860
864 858 863
865 860 864
860 865 866
860 866 861
865 867 866
868 866 867
866 868 861
867 865 869
870 867 869
867 870 871
872 871 870
871 872 873
874 873 872
873 874 875
874 876 875
876 874 877
877 878 876
878 877 879
879 880 878
880 879 881
882 880 881
883 868 867
883 884 868
883 885 884
886 885 883
886 887 885
887 886 888
889 887 888
887 889 890
891 890 889
890 891 892
892 893 890
890 893 887
893 892 894
892 895 894
895 892 896
897 892 891
892 897 896
898 896 897
896 899 895
900 885 887
893 900 887
893 901 900
902 901 893
901 902 903
904 903 902
903 904 905
906 905 904
905 906 907
906 908 907
908 906 909
910 908 909
911 912 900
900 913 911
913 900 914
915 913 914
913 915 916
917 916 915
916 917 918
919 918 917
918 919 920
912 911 921
912 921 922
884 912 922
912 884 885
912 885 900
922 868 884
868 922 861
922 921 861
921 923 861
923 921 924
925 924 921
924 925 926
927 926 925
926 927 928
929 928 927
928 929 930
931 930 929
930 931 932
933 932 931
932 933 934
933 935 934
923 859 861
936 937 938
937 919 938
919 937 920
939 940 941
942 939 941
939 942 943
944 943 942
943 944 945
946 945 944
945 946 947
948 947 946
947 948 949
950 949 948
949 950 951
952 951 950
951 952 953
865 953 952
953 865 954
864 954 865
954 864 955
955 864 863
955 863 956
956 863 862
956 862 957
958 956 957
959 956 958
956 959 960
961 960 959
960 961 962
963 962 961
962 963 964
965 964 963
964 965 966
967 966 965
966 967 968
968 967 969
970 957 862
971 957 970
957 971 972
972 973 957
973 972 974
974 975 973
975 974 976
977 975 976
975 977 978
979 978 977
978 979 980
981 980 979
980 981 982
983 982 981
982 983 984
985 984 983
986 971 970
987 986 970
862 987 970
856 987 862
987 856 855
247 258 988
988 248 247
248 988 989
989 251 248
251 989 264
373 381 371
372 384 374
353 363 990
341 353 990
340 341 990
991 992 993
992 994 993
994 995 993
991 993 996
996 993 997
993 995 997
995 998 997
994 992 999
999 1000 994
1001 994 1000
994 1001 995
1002 991 996
1002 996 1003
1003 996 997
1003 997 1004
1004 997 1005
998 1005 997
1005 1006 1004
1003 1004 1007
1002 1003 1008
1003 1007 1008
1008 1007 1009
1010 1008 1009
1002 1008 1010
1010 1009 1011
1011 1009 1012
1012 1009 1013
1009 1007 1013
1013 1007 1014
1014 1004 1006
1004 1014 1007
1012 1015 1011
1015 1012 1016
1015 1016 1017
1012 1013 1018
1016 1012 1018
1019 1016 1018
1020 1016 1019
1016 1020 1017
1021 1017 1020
1017 1021 1022
1023 1022 1021
1022 1023 1024
1025 1024 1023
1024 1025 1026
1020 1019 1027
1028 1020 1027
1020 1028 1021
1028 1029 1021
1021 1029 1023
1026 1025 1030
1026 1030 1031
1030 1025 1032
1033 1030 1032
1030 1033 1034
1030 1034 1031
1031 1034 1035
1032 1025 1036
1025 1023 1036
1036 1023 1029
1037 1035 1034
1034 1038 1037
1037 1039 1035
1040 1034 1033
1034 1040 1038
1040 1041 1038
1041 1040 1042
1042 1043 1041
1043 1042 1044
1044 1045 1043
1045 1044 1046
1047 1043 1045
1043 1047 1048
1048 1041 1043
1047 1049 1048
1049 1047 1050
1041 1048 1051
1051 1038 1041
1037 1038 1051
1052 1048 1049
1048 1052 1051
1052 1037 1051
1037 1052 1039
1046 1053 1045
1053 1046 1054
1054 1055 1053
1055 1054 1056
1056 1057 1055
1057 1056 1058
1059 1058 1056
1054 1059 1056
1058 1059 1060
1061 1053 1055
1053 1061 1062
1062 1050 1047
1063 1055 1057
1055 1063 1061
1064 1061 1063
1061 1064 1065
1065 1062 1061
1065 1066 1062
1065 1064 1067
1067 1068 1065
1065 1068 1066
1068 1067 1069
1058 1070 1057
1070 1058 1071
1060 1071 1058
1071 1060 1072
1063 1073 1064
1073 1063 1074
1074 1057 1070
1057 1074 1063
1075 1069 1067
1075 1064 1073
1064 1075 1067
1069 1075 1076
1077 1071 1072
1070 1071 1078
1077 1078 1071
1074 1079 1073
1079 1074 1080
1080 1070 1078
1070 1080 1074
1080 1081 1079
1081 1080 1082
1078 1082 1080
1082 1078 1083
1083 1078 1084
1084 1078 1077
1082 1085 1081
1085 1082 1086
1083 1086 1082
1086 1083 1087
1087 1083 1088
1088 1083 1084
1089 1079 1081
1079 1089 1090
1090 1076 1075
1091 1090 1089
1090 1091 1092
1089 1093 1091
1093 1089 1094
1081 1094 1089
1094 1081 1085
1076 1090 1092
1086 1095 1085
1095 1086 1096
1087 1096 1086
1094 1097 1093
1097 1094 1098
1085 1098 1094
1098 1085 1095
1096 1087 1099
1087 1100 1099
1100 1087 1088
1095 1101 1098
1101 1095 1102
1096 1102 1095
1103 1101 1102
1102 1104 1103
1104 1102 1105
1099 1105 1096
1102 1096 1105
1101 1103 1106
1107 1101 1106
1101 1107 1108
1098 1108 1097
1108 1098 1101
1109 1104 1105
1105 1099 1109
1104 1109 1110
1109 1111 1110
1111 1109 1112
1099 1112 1109
1099 1100 1112
1113 1106 1103
1104 1113 1103
1106 1113 1114
1113 1115 1114
1113 1116 1115
1117 1116 1113
1113 1104 1117
1110 1117 1104
1116 1117 1118
1117 1119 1118
1119 1117 1120
1117 1110 1120
1111 1120 1110
1118 1121 1116
1121 1118 1122
1119 1122 1118
1122 1119 1123
1122 1124 1121
1124 1122 1125
1126 1122 1123
1122 1126 1125
1127 1124 1125
1124 1127 1128
1129 1125 1126
1125 1129 1127
1130 1128 1127
1128 1130 1131
1132 1127 1129
1127 1132 1130
1133 1131 1130
1131 1133 1134
1135 1130 1132
1130 1135 1133
1136 1134 1133
1134 1136 1137
1138 1133 1135
1133 1138 1136
1136 1139 1137
1139 1136 1140
1141 1136 1138
1136 1141 1140
1140 1142 1139
1142 1140 1143
1144 1140 1141
1140 1144 1143
1143 1145 1142
1145 1143 1146
1147 1143 1144
1143 1147 1146
1146 1148 1145
1148 1146 1149
1150 1146 1147
1146 1150 1149
1151 1148 1149
1151 1149 1150
1152 1153 1000
1152 1154 1153
1154 1152 1155
1155 1156 1154
1156 1155 1157
1157 1158 1156
1158 1157 1159
1153 1160 1000
1161 1153 1154
1153 1161 1162
1153 1162 1160
1161 1154 1163
1154 1156 1163
1159 1164 1158
1159 1165 1164
1164 1166 1158
1164 1167 1166
1167 1164 1168
1164 1165 1168
1165 1169 1168
1166 1170 1158
1158 1170 1156
1170 1163 1156
1170 1171 1163
1166 1171 1170
1166 1172 1171
1166 1173 1172
1166 1167 1173
1174 1168 1169
1168 1174 1175
1174 1169 1176
1177 1168 1175
1168 1177 1167
1178 1177 1175
1177 1178 1179
1180 1179 1178
1179 1180 1181
1182 1181 1180
1181 1182 1183
1183 1184 1181
1184 1183 1185
1180 1186 1182
1186 1180 1187
1178 1187 1180
1188 1186 1187
1186 1188 1189
1190 1181 1184
1181 1190 1179
1177 1179 1190
1177 1190 1191
1187 1178 1192
1193 1187 1192
1187 1193 1188
1192 1178 1175
1193 1192 1174
1174 1192 1175
1174 1176 1193
1194 1185 1183
1185 1194 1195
1196 1195 1194
1194 1197 1196
1197 1194 1198
1195 1196 1199
1200 1196 1197
1196 1200 1201
1201 1199 1196
1199 1201 1202
1198 1203 1197
1203 1198 1204
1197 1205 1200
1205 1197 1203
1203 1206 1205
1206 1203 1207
1207 1203 1204
1207 1204 1208
1207 1209 1206
1210 1209 1207
1207 1208 1210
1209 1210 1211
1212 1201 1200
1201 1212 1213
1213 1202 1201
1202 1213 1214
1215 1205 1206
1205 1215 1216
1200 1216 1212
1216 1200 1205
1211 1217 1209
1206 1217 1215
1217 1206 1209
1217 1211 1218
1219 1214 1213
1212 1220 1213
1219 1213 1220
1221 1216 1215
1216 1221 1222
1212 1222 1220
1222 1212 1216
1223 1222 1221
1222 1223 1224
1224 1220 1222
1220 1224 1225
1225 1226 1220
1226 1219 1220
1227 1224 1223
1224 1227 1228
1228 1225 1224
1225 1228 1229
1229 1230 1225
1230 1226 1225
1221 1231 1223
1231 1221 1232
1218 1232 1217
1232 1233 1231
1233 1232 1234
1235 1231 1233
1231 1235 1236
1236 1223 1231
1223 1236 1227
1232 1218 1234
1237 1228 1227
1228 1237 1238
1238 1229 1228
1239 1236 1235
1236 1239 1240
1227 1240 1237
1240 1227 1236
1229 1238 1241
1229 1241 1242
1242 1230 1229
1243 1237 1240
1237 1243 1244
1244 1238 1237
1243 1245 1244
1246 1244 1245
1244 1246 1247
1247 1241 1238
1238 1244 1247
1245 1243 1248
1243 1249 1248
1249 1243 1250
1250 1240 1239
1240 1250 1243
1246 1251 1247
1241 1247 1251
1251 1246 1252
1253 1251 1252
1251 1253 1254
1241 1251 1254
1241 1254 1242
1248 1255 1245
1255 1246 1245
1255 1248 1256
1255 1256 1257
1255 1257 1258
1258 1259 1255
1246 1255 1259
1259 1252 1246
1259 1258 1260
1261 1259 1260
1259 1261 1262
1252 1259 1262
1253 1252 1262
1263 1260 1258
1260 1263 1264
1264 1261 1260
1261 1264 1265
1266 1264 1263
1264 1266 1267
1264 1268 1265
1268 1264 1267
1266 1269 1267
1269 1266 1270
1267 1271 1268
1271 1267 1269
1270 1272 1269
1272 1270 1273
1269 1274 1271
1274 1269 1272
1273 1275 1272
1275 1273 1276
1272 1277 1274
1277 1272 1275
1276 1278 1275
1278 1276 1279
1275 1280 1277
1280 1275 1278
1281 1278 1279
1278 1281 1282
1278 1283 1280
1283 1278 1282
1284 1282 1281
1282 1284 1285
1282 1286 1283
1286 1282 1285
1287 1285 1284
1285 1287 1288
1285 1289 1286
1289 1285 1288
1290 1288 1287
1288 1290 1291
1288 1292 1289
1292 1288 1291
1293 1291 1290
1293 1292 1291
1294 1295 1296
1295 1294 1297
1298 1296 1295
1296 1298 1299
1300 1299 1298
1299 1300 1301
1301 1302 1299
1302 1301 1303
1304 1303 1301
1304 1301 1300
1303 1304 1305
1304 1306 1305
1306 1304 1307
1302 1308 1299
1307 1309 1306
1309 1307 1310
1310 1311 1309
1311 1310 1312
1313 1312 1310
1312 1313 1314
1312 1315 1311
1315 1312 1316
1314 1316 1312
1316 1314 1317
1318 1316 1317
1316 1318 1319
1316 1320 1315
1320 1316 1319
1321 1320 1319
1320 1321 1322
1323 1319 1318
1319 1323 1321
1324 1322 1321
1322 1324 1325
1326 1325 1324
1327 1326 1324
1321 1327 1324
1327 1321 1323
1326 1327 1328
1325 1326 1329
1330 1329 1326
1328 1330 1326
1329 1330 1331
1331 1330 1332
1330 1328 1333
1334 1330 1333
1334 1332 1330
1335 1332 1334
1332 1335 1336
1336 1337 1332
1332 1337 1331
1337 1336 1338
1339 1338 1336
1338 1339 1340
1336 1341 1339
1341 1336 1335
1339 1342 1340
1342 1339 1343
1341 1343 1339
1343 1341 1344
1343 1345 1342
1345 1343 1346
1344 1346 1343
1346 1344 1347
1346 1348 1345
1348 1346 1349
1346 1350 1349
1350 1346 1347
1349 1351 1348
1351 1349 1352
1349 1353 1352
1353 1349 1350
1352 1354 1351
1354 1352 1355
1352 1356 1355
1356 1352 1353
1357 1354 1355
1357 1355 1356
1358 1359 1360
1358 1360 1300
1360 1304 1300
1360 1307 1304
1359 1361 1360
1361 1307 1360
1313 1361 1359
1310 1307 1361
1313 1310 1361
1362 1363 1364
1363 1362 1365
1366 1364 1363
1364 1366 1367
1368 1364 1367
1364 1368 1369
1369 1362 1364
1370 1369 1368
1369 1370 1371
1371 1372 1369
1362 1369 1372
1372 1371 1373
1374 1373 1371
1373 1374 1375
1376 1371 1370
1371 1376 1374
1377 1367 1366
1367 1377 1378
1378 1368 1367
1368 1378 1379
1380 1368 1379
1368 1380 1370
1381 1370 1380
1370 1381 1376
1382 1378 1377
1378 1382 1383
1383 1379 1378
1379 1383 1384
1385 1379 1384
1379 1385 1380
1386 1380 1385
1380 1386 1381
1387 1383 1382
1383 1387 1388
1388 1384 1383
1384 1388 1389
1390 1384 1389
1384 1390 1385
1391 1385 1390
1385 1391 1386
1392 1388 1387
1388 1392 1393
1393 1389 1388
1389 1393 1394
1395 1389 1394
1389 1395 1390
1396 1390 1395
1390 1396 1391
1397 1393 1392
1393 1398 1394
1394 1398 1395
1397 1398 1393
1398 1399 1395
1399 1396 1395
1400 1398 1397
1400 1399 1398
1401 1402 1331
1331 1337 1401
1403 1331 1402
1331 1403 1329
1404 1329 1403
1329 1404 1325
1405 1325 1404
1325 1405 1322
1406 1322 1405
1322 1406 1320
1406 1315 1320
1315 1406 1407
1408 1315 1407
1315 1408 1311
1408 1309 1311
1309 1408 1409
1409 1306 1309
1306 1409 1410
1410 1305 1306
1305 1410 1411
1412 1305 1411
1305 1412 1303
1303 1412 1413
1303 1413 1302
1413 1414 1302
1414 1415 1302
1415 1308 1302
1308 1415 1416
1308 1416 1417
1416 1418 1417
1417 1418 1419
1420 1421 1422
1421 1420 1423
1424 1422 1421
1422 1424 1425
1424 1426 1425
1426 1424 1427
1428 1426 1427
1426 1428 1429
1430 1429 1428
1429 1430 1431
1432 1431 1430
1431 1432 1433
1434 1433 1432
1433 1434 1435
1434 1436 1435
1436 1434 1437
1437 1438 1436
1438 1437 1439
1439 1440 1438
1440 1439 1441
1442 1440 1441
1443 1444 1445
1444 1443 1446
1444 1447 1445
1447 1444 1448
1448 1449 1447
1449 1448 1450
1450 1451 1449
1451 1450 1452
1453 1451 1452
1451 1453 1454
1455 1454 1453
1454 1455 1456
1457 1456 1455
1456 1457 1458
1459 1458 1457
1458 1459 1460
1461 1460 1459
1460 1461 1462
1463 1462 1461
1462 1463 1464
1465 1464 1463
1466 1467 1468
1467 1469 1468
1469 1467 1470
1471 1468 1469
1468 1471 1472
1473 1469 1470
1469 1473 1474
1469 1475 1471
1475 1469 1474
1476 1474 1473
1474 1476 1477
1474 1478 1475
1478 1474 1477
1479 1477 1476
1477 1479 1480
1477 1481 1478
1481 1477 1480
1482 1480 1479
1480 1482 1483
1480 1484 1481
1484 1480 1483
1485 1483 1482
1483 1485 1486
1483 1487 1484
1487 1483 1486
1488 1486 1485
1486 1488 1489
1486 1490 1487
1490 1486 1489
1491 1489 1488
1489 1491 1492
1489 1493 1490
1493 1489 1492
1494 1492 1491
1492 1494 1495
1495 1493 1492
1493 1495 1496
1497 1495 1494
1495 1497 1498
1498 1496 1495
1496 1498 1499
1500 1498 1497
1500 1499 1498
1501 1502 1503
1502 1501 1504
1505 1503 1502
1503 1505 1506
1505 1507 1506
1507 1505 1508
1508 1509 1507
1509 1508 1510
1510 1511 1509
1511 1510 1512
1513 1511 1512
1511 1513 1514
1515 1514 1513
1514 1515 1516
1515 1517 1516
1517 1515 1518
1518 1519 1517
1519 1518 1520
1520 1521 1519
1521 1520 1522
1523 1521 1522
1524 1525 1526
1525 1524 1527
1528 1526 1525
1526 1528 1529
1530 1529 1528
1529 1530 1531
1530 1532 1531
1532 1530 1533
1533 1534 1532
1534 1533 1535
1535 1536 1534
1536 1535 1537
1537 1538 1536
1538 1537 1539
1539 1540 1538
1540 1539 1541
1542 1540 1541
1540 1542 1543
1544 1543 1542
1543 1544 1545
1546 1545 1544
1215 1232 1221
1232 1215 1217
1248 1466 1256
1466 1248 1249
1466 1468 1256
1256 1468 1472
1256 1472 1257
1334 1333 1547
1548 1549 1550
1549 1548 1551
1552 1548 1550
1548 1552 1553
1553 1554 1548
1554 1551 1548
1554 1553 1555
1550 1556 1552
1556 1550 1557
1549 1557 1550
1557 1558 1556
1558 1557 1559
1560 1559 1557
1557 1549 1560
1559 1560 1561
1551 1554 1562
1563 1562 1554
1555 1563 1554
1562 1563 1564
1565 1564 1563
1564 1565 1566
1567 1566 1565
1566 1567 1568
1567 1569 1568
1569 1567 1570
1570 1571 1569
1570 1572 1571
1573 1570 1567
1570 1573 1572
1574 1567 1565
1567 1574 1573
1575 1565 1563
1565 1575 1574
1563 1555 1575
1561 1576 1559
1577 1559 1576
1576 1578 1577
1578 1576 1579
1580 1579 1576
1579 1580 1581
1582 1578 1579
1583 1582 1579
1583 1579 1581
1582 1583 1584
1576 1561 1580
1559 1577 1558
1585 1582 1584
1586 1585 1584
1586 1587 1585
1588 1587 1586
1588 1589 1587
1588 1590 1589
1588 1591 1590
1592 1590 1591
1593 1594 1595
1595 1596 1593
1596 1595 1597
1597 1598 1596
1598 1597 1599
1599 1600 1598
1600 1599 1601
1601 1602 1600
1602 1601 1603
1603 1604 1602
1604 1603 1605
1605 1606 1604
1606 1605 1607
1606 1607 1608
1609 1610 1611
1612 1611 1610
1611 1612 1613
1614 1613 1612
1613 1614 1615
1616 1615 1614
1615 1616 1617
1618 1617 1616
1617 1618 1619
1620 1619 1618
1619 1620 1621
1622 1621 1620
1621 1622 1623
1622 1624 1623
1622 1625 1624
1626 1627 1628
1629 1630 1628
1628 1630 1631
1632 1296 1299
1294 1633 1297
217 218 1634
220 1634 218
1634 220 233
1635 1636 1637
1167 1177 1191
1167 1191 1173
1183 1198 1194
1198 1183 1182
1182 1204 1198
1204 1182 1186
1189 1204 1186
1204 1189 1208
1638 1639 1640
1639 1638 1641
1640 1642 1638
1642 1640 1643
1643 1644 1642
1644 1643 1645
1646 1645 1643
1645 1646 1647
1647 1648 1645
1648 1644 1645
1648 1647 1649
1650 1648 1649
1648 1650 1651
1646 1643 1652
1653 1651 1650
1651 1653 1654
1655 1654 1653
1654 1655 1656
1656 1657 1654
1657 1656 1658
1659 1656 1655
1656 1659 1660
1660 1658 1656
1658 1660 1661
1660 1662 1661
1662 1660 1663
1660 1664 1663
1664 1660 1659
1664 1665 1663
1665 1664 1666
1663 1667 1662
1667 1663 1665
1666 1668 1665
1668 1666 1669
1669 1670 1668
1670 1671 1668
1665 1671 1667
1671 1665 1668
1671 1670 1672
1670 1669 1673
1673 1674 1670
1674 1672 1670
1674 1673 1675
1675 1676 1674
1672 1674 1677
1678 1677 1674
1678 1674 1676
1676 1679 1678
1679 1676 1680
1681 1680 1676
1676 1675 1681
1680 1681 1682
1682 1683 1680
1683 1682 1684
1680 1685 1679
1685 1680 1683
1686 1683 1684
1683 1686 1687
1687 1685 1683
1685 1687 1688
1689 1687 1686
1687 1689 1690
1690 1688 1687
1688 1690 1691
1692 1690 1689
1690 1692 1693
1690 1694 1691
1694 1690 1693
1695 1693 1692
1693 1695 1696
1693 1697 1694
1697 1693 1696
1698 1696 1695
1696 1698 1699
1696 1700 1697
1700 1696 1699
1701 1699 1698
1701 1700 1699
1702 1675 1703
1675 1702 1681
1675 1704 1703
1704 1675 1673
1673 1705 1704
1705 1673 1669
1669 1706 1705
1706 1669 1666
1666 1707 1706
1707 1666 1664
1659 1707 1664
1707 1659 1708
1659 1709 1708
1709 1659 1655
1653 1709 1655
1709 1653 1710
1650 1710 1653
1710 1650 1711
1649 1711 1650
1711 1649 1712
1649 1713 1712
1713 1649 1647
1647 1714 1713
1647 1646 1714
1714 1646 1715
1715 1646 1716
1716 1646 1652
1652 1717 1716
1652 1718 1717
1717 1718 1719
1718 1720 1719
1721 1722 1723
1722 1721 1724
1723 1725 1721
1725 1723 1726
1727 1725 1726
1725 1727 1728
1727 1729 1728
1729 1727 1730
1730 1731 1729
1731 1730 1732
1732 1733 1731
1733 1732 1734
1734 1735 1733
1735 1734 1736
1737 1735 1736
1735 1737 1738
1739 1738 1737
1738 1739 1740
1741 1740 1739
1740 1741 1742
1743 1742 1741
1744 1745 1746
1745 1744 1747
1748 1744 1746
1744 1748 1749
1750 1749 1748
1749 1750 1751
1752 1751 1750
1751 1752 1753
1752 1754 1753
1754 1752 1755
1755 1756 1754
1756 1755 1757
1757 1758 1756
1758 1757 1759
1759 1760 1758
1760 1759 1761
1761 1762 1760
1762 1761 1763
1763 1764 1762
1764 1763 1765
1766 1764 1765
1767 1768 1769
1770 1769 1768
1769 1770 1771
1768 1772 1770
1772 1768 1773
1770 1774 1771
1774 1770 1775
1776 1770 1772
1770 1776 1775
1775 1777 1774
1777 1775 1778
1779 1775 1776
1775 1779 1778
1778 1780 1777
1780 1778 1781
1782 1778 1779
1778 1782 1781
1781 1783 1780
1783 1781 1784
1785 1781 1782
1781 1785 1784
1784 1786 1783
1786 1784 1787
1788 1784 1785
1784 1788 1787
1787 1789 1786
1789 1787 1790
1791 1787 1788
1787 1791 1790
1790 1792 1789
1792 1790 1793
1794 1790 1791
1790 1794 1793
1793 1795 1792
1795 1793 1796
1794 1796 1793
1796 1794 1797
1796 1798 1795
1798 1796 1799
1797 1799 1796
1799 1797 1800
1801 1798 1799
1801 1799 1800
1802 1803 1804
1803 1802 1805
1805 1806 1803
1806 1805 1807
1808 1806 1807
1806 1808 1809
1810 1809 1808
1809 1810 1811
1812 1811 1810
1811 1812 1813
1812 1814 1813
1814 1812 1815
1815 1816 1814
1816 1815 1817
1818 1816 1817
1816 1818 1819
1820 1819 1818
1819 1820 1821
1822 1821 1820
1821 1822 1823
1824 1823 1822
1825 1826 1827
1826 1825 1828
1828 1829 1826
1829 1828 1830
1830 1831 1829
1831 1830 1832
1833 1831 1832
1831 1833 1834
1835 1834 1833
1834 1835 1836
1837 1836 1835
1836 1837 1838
1839 1838 1837
1838 1839 1840
1841 1840 1839
1840 1841 1842
1841 1843 1842
1843 1841 1844
1844 1845 1843
1845 1844 1846
1847 1845 1846
1090 1073 1079
1073 1090 1075
1106 1767 1107
1767 1106 1114
1767 1114 1768
1114 1773 1768
1114 1115 1773
1678 1848 1677
1849 1643 1640
1639 1641 1850
1851 1852 1853
1854 1644 1648
1854 1648 1651
1855 1854 1651
1654 1855 1651
1657 1855 1654
1062 1045 1053
1045 1062 1047
1050 1062 1066
1160 1001 1000
999 1152 1000
27 40 31
1856 1857 1858
1859 1860 1861
1862 1860 1859
1860 1862 1863
1860 1863 1864
1865 1860 1864
1860 1865 1861
1865 1866 1861
1866 1865 1867
1868 1867 1865
1867 1868 1869
1870 1866 1867
1869 1870 1867
1866 1870 1871
1872 1871 1870
1871 1872 1873
1874 1872 1870
1870 1869 1874
1872 1874 1875
1872 1876 1873
1875 1876 1872
1877 1868 1865
1864 1877 1865
1862 1878 1863
1879 1880 1881
1882 1879 1881
1881 1883 1882
1881 1884 1883
1885 1884 1881
1881 1880 1885
1886 1885 1880
1885 1886 1887
1887 1888 1885
1888 1887 1889
1886 1890 1887
1890 1889 1887
1890 1886 1891
1891 1892 1890
1892 1891 1893
1892 1894 1890
1889 1890 1894
1894 1892 1895
1892 1893 1896
1895 1892 1896
1897 1885 1888
1884 1885 1897
1882 1883 1898
1899 1900 1901
1900 1899 1902
1901 1903 1899
1903 1901 1904
1901 1905 1904
1905 1901 1906
1900 1906 1901
1906 1907 1905
1907 1906 1908
1909 1908 1906
1906 1900 1909
1908 1909 1910
1910 1911 1908
1911 1910 1912
1913 1908 1911
1908 1913 1907
1904 1914 1903
1914 1904 1915
1905 1915 1904
1915 1905 1916
1917 1905 1907
1905 1917 1916
1918 1907 1913
1907 1918 1917
1915 1919 1914
1919 1915 1920
1916 1920 1915
1920 1916 1921
1922 1916 1917
1916 1922 1921
1923 1917 1918
1917 1923 1922
1920 1924 1919
1924 1920 1925
1921 1925 1920
1925 1921 1926
1927 1921 1922
1921 1927 1926
1928 1922 1923
1922 1928 1927
1925 1929 1924
1929 1925 1930
1926 1930 1925
1930 1926 1931
1932 1926 1927
1926 1932 1931
1933 1927 1928
1927 1933 1932
1934 1929 1930
1930 1931 1935
1931 1932 1935
1934 1930 1935
1935 1932 1936
1936 1932 1933
1937 1934 1935
1937 1935 1936
1938 1939 1940
1938 1941 1939
1942 1939 1941
1939 1942 1943
1944 1943 1942
1943 1944 1945
1946 1943 1945
1943 1946 1947
1947 1939 1943
1939 1947 1940
1945 1948 1946
1948 1945 1949
1949 1950 1948
1950 1949 1951
1949 1952 1951
1952 1949 1953
1945 1953 1949
1953 1945 1944
1954 1951 1952
1951 1954 1955
1955 1950 1951
1950 1955 1956
1957 1956 1955
1956 1957 1958
1959 1958 1957
1957 1960 1959
1960 1957 1961
1955 1961 1957
1961 1955 1954
1958 1959 1962
1963 1962 1959
1962 1963 1964
1965 1964 1963
1963 1966 1965
1967 1965 1966
1965 1967 1968
1968 1969 1965
1964 1965 1969
1969 1968 1970
1966 1963 1971
1959 1971 1963
1971 1959 1960
1972 1968 1967
1968 1972 1973
1973 1970 1968
1972 1974 1973
1974 1975 1973
1970 1973 1975
1976 1977 1978
1979 1978 1977
1978 1979 1980
1981 1980 1979
1980 1981 1982
1983 1982 1981
1982 1983 1984
1976 1985 1977
1977 1986 1979
1986 1977 1985
1979 1987 1981
1987 1979 1986
1981 1988 1983
1988 1981 1987
1983 1989 1984
1989 1983 1990
1990 1991 1989
1991 1990 1992
1990 1993 1992
1993 1990 1994
1983 1994 1990
1994 1983 1988
1993 1995 1992
1995 1993 1996
1996 1997 1995
1998 1995 1997
1995 1998 1999
1992 1999 1991
1999 1992 1995
1997 1996 2000
2000 2001 1997
2001 2000 2002
2002 2003 2001
2004 2001 2003
2001 2004 2005
1997 2005 1998
2005 1997 2001
2003 2002 2006
2006 2007 2003
2007 2006 2008
2008 2009 2007
2010 2007 2009
2007 2010 2011
2003 2011 2004
2011 2003 2007
2009 2008 2012
2012 2013 2009
2013 2012 2014
2014 2015 2013
2016 2013 2015
2013 2016 2017
2009 2017 2010
2017 2009 2013
2015 2014 2018
2018 2019 2015
2019 2018 2020
2020 2021 2019
2022 2019 2021
2019 2022 2023
2015 2023 2016
2023 2015 2019
2021 2020 2024
2025 2021 2024
2025 2022 2021
2026 2027 2028
2028 2029 2026
2029 2028 2030
2028 2031 2030
2031 2028 2032
2027 2032 2028
2033 2030 2031
2030 2033 2034
2035 2030 2034
2030 2035 2029
2034 2036 2035
2036 2034 2037
2038 2036 2037
2036 2038 2039
2040 2039 2038
2038 2041 2040
2041 2038 2042
2037 2042 2038
2039 2040 2043
2044 2043 2040
2043 2044 2045
2046 2045 2044
2044 2047 2046
2047 2044 2048
2048 2040 2041
2040 2048 2044
2045 2046 2049
2050 2049 2046
2049 2050 2051
2052 2051 2050
2050 2053 2052
2053 2050 2054
2054 2046 2047
2046 2054 2050
2051 2052 2055
2056 2055 2052
2055 2056 2057
2058 2057 2056
2056 2059 2058
2059 2056 2060
2060 2052 2053
2052 2060 2056
2057 2058 2061
2058 2062 2061
2062 2058 2063
2059 2063 2058
2063 2064 2062
2064 2063 2065
2066 2065 2063
2063 2059 2066
2065 2066 2067
2065 2068 2064
2068 2065 2069
2070 2068 2069
2070 2069 2071
2071 2065 2067
2065 2071 2069
2042 2037 2072
2034 2072 2037
2072 2034 2033
2073 2074 2075
2074 2073 2076
2075 2077 2073
2077 2075 2078
2078 2079 2077
2079 2078 2080
2080 2081 2079
2081 2080 2082
2083 2081 2082
2083 2082 2084
2080 2084 2082
2084 2080 2085
2078 2085 2080
2085 2078 2086
2075 2086 2078
2086 2075 2087
2074 2087 2075
2087 2074 2088
2089 2074 2076
2074 2089 2090
2091 2090 2089
2090 2091 2092
2093 2090 2092
2090 2093 2094
2088 2090 2094
2090 2088 2074
2095 2092 2091
2092 2095 2096
2097 2092 2096
2092 2097 2093
2098 2096 2095
2096 2098 2099
2100 2099 2098
2100 2101 2099
2101 2096 2099
2096 2101 2097
2102 2103 2104
2103 2102 2105
2106 2105 2102
2107 2104 2103
2104 2107 2108
2109 2108 2107
2108 2109 2110
2111 2110 2109
2110 2111 2112
2113 2112 2111
2112 2113 2114
2113 2115 2114
2115 2113 2116
2116 2117 2115
2117 2116 2118
2118 2119 2117
2119 2118 2120
2120 2121 2119
2121 2120 2122
2122 2123 2121
2123 2122 2124
2125 2123 2124
2126 2127 2128
2127 2126 2129
2130 2128 2127
2128 2130 2131
2132 2129 2126
2129 2132 2133
2134 2133 2132
2133 2134 2135
2136 2135 2134
2135 2136 2137
2138 2137 2136
2137 2138 2139
2138 2140 2139
2140 2138 2141
2141 2142 2140
2142 2141 2143
2143 2144 2142
2144 2143 2145
2145 2146 2144
2146 2145 2147
2147 2148 2146
2148 2147 2149
2149 2150 2148
2150 2149 2151
2151 2152 2150
2152 2151 2153
2153 2154 2152
2154 2153 2155
2155 2156 2154
2156 2155 2157
2158 2156 2157
2131 2130 2159
2160 2161 2162
2161 2163 2162
2163 2161 2164
2165 2163 2164
2163 2165 2166
2167 2166 2165
2166 2167 2168
2169 2168 2167
2168 2169 2170
2171 2170 2169
2170 2171 2172
2173 2172 2171
2172 2173 2174
2175 2174 2173
2174 2175 2176
2177 2176 2175
2176 2177 2178
2177 2179 2178
2180 2181 2182
2181 2183 2182
2183 2181 2184
2184 2185 2183
2185 2184 2186
2186 2187 2185
2187 2186 2188
2188 2189 2187
2189 2188 2190
2190 2191 2189
2191 2190 2192
2193 2189 2191
2189 2193 2194
2194 2187 2189
2187 2194 2195
2195 2185 2187
2185 2195 2196
2196 2183 2185
2183 2196 2197
2197 2182 2183
2182 2197 2198
2192 2199 2191
2199 2192 2200
2200 2201 2199
2201 2200 2202
2202 2203 2201
2203 2202 2204
2205 2201 2203
2201 2205 2206
2206 2199 2201
2199 2206 2207
2203 2208 2205
2208 2203 2209
2204 2209 2203
2209 2210 2208
2210 2209 2211
2212 2211 2209
2209 2204 2212
2211 2212 2213
2211 2214 2210
2214 2211 2215
2213 2215 2211
2215 2213 2216
2217 2215 2216
2215 2217 2218
2219 2218 2217
2218 2219 2220
2221 2218 2220
2218 2221 2222
2222 2215 2218
2215 2222 2214
2220 2219 2223
2221 2220 2223
2180 2182 2198
2207 2191 2199
2191 2207 2193
2224 2225 2226
2225 2224 2227
2228 2227 2224
2227 2228 2229
2230 2229 2228
2225 2231 2226
2231 2225 2232
2232 2233 2231
2233 2232 2234
2234 2235 2233
2235 2234 2236
2236 2237 2235
2237 2236 2238
2238 2239 2237
2239 2238 2240
2240 2241 2239
2241 2240 2242
2242 2243 2241
2244 2245 2246
2247 2244 2246
2244 2247 2248
2249 2248 2247
2248 2249 2250
2251 2250 2249
2250 2251 2252
2253 2252 2251
2252 2253 2254
2255 2254 2253
2254 2255 2256
2257 2256 2255
2256 2257 2258
2259 2258 2257
2258 2259 2260
2261 2260 2259
2260 2261 2262
2263 2262 2261
2262 2263 2264
2265 2264 2263
2264 2265 2266
2267 2266 2265
2266 2267 2268
2267 2269 2268
2269 2267 2270
2270 2271 2269
2271 2270 2272
2272 2273 2271
2274 2275 2276
2277 2275 2274
2275 2277 2278
2279 2278 2277
2278 2279 2280
2279 2281 2280
2281 2279 2282
2282 2283 2281
2283 2282 2284
2284 2285 2283
2285 2284 2286
2286 2287 2285
2287 2286 2288
2288 2289 2287
2289 2288 2290
2291 2289 2290
2289 2291 2292
2292 2291 2293
2294 2295 2296
2295 2294 2297
2296 2298 2294
2298 2296 2299
2299 2300 2298
2300 2299 2301
2301 2302 2300
2297 2303 2295
2303 2297 2304
2304 2305 2303
2305 2304 2306
2306 2307 2305
2307 2306 2308
2308 2309 2307
2309 2308 2310
2311 2309 2310
2309 2311 2312
2313 2312 2311
2312 2313 2314
2315 2314 2313
2314 2315 2316
2317 2316 2315
2316 2317 2318
2319 2318 2317
2320 2321 2322
2322 2323 2320
2323 2322 2324
2324 2325 2323
2325 2324 2326
2326 2327 2325
2327 2326 2328
2328 2329 2327
2329 2328 2330
2331 2329 2330
2329 2331 2332
2333 2332 2331
2332 2333 2334
2335 2334 2333
2334 2335 2336
2337 2336 2335
2336 2337 2338
2339 2338 2337
2338 2339 2340
2341 2340 2339
2340 2341 2342
2343 2342 2341
2342 2343 2344
2345 2344 2343
2344 2345 2346
2347 2346 2345
2346 2347 2348
2349 2348 2347
2348 2349 2350
2351 2350 2349
2350 2351 2352
2351 2353 2352
2354 2355 2356
2357 2354 2356
2354 2357 2358
2359 2358 2357
2358 2359 2360
2361 2360 2359
2360 2361 2362
2361 2363 2362
2363 2361 2364
2364 2365 2363
2365 2364 2366
2366 2367 2365
2367 2366 2368
2368 2369 2367
2369 2368 2370
2370 2371 2369
2371 2370 2372
2372 2373 2371
2373 2372 2374
2374 2375 2373
2375 2374 2376
2376 2377 2375
2377 2376 2378
2378 2379 2377
2379 2378 2380
2380 2381 2379
2381 2380 2382
2382 2383 2381
2383 2382 2384
2384 2385 2383
2386 2387 2388
2387 2386 2389
2390 2389 2386
2391 2388 2387
2388 2391 2392
2393 2392 2391
2392 2393 2394
2395 2394 2393
2394 2395 2396
2397 2396 2395
2396 2397 2398
2399 2398 2397
2398 2399 2400
2399 2401 2400
2401 2399 2402
2402 2403 2401
2403 2402 2404
2405 2403 2404
2406 2403 2405
2403 2407 2401
2407 2403 2406
2401 2408 2400
2408 2401 2407
2400 2409 2398
2409 2400 2408
2410 2398 2409
2398 2410 2396
2410 2394 2396
2394 2410 2411
2411 2392 2394
2392 2411 2412
2412 2388 2392
2388 2412 2413
2413 2386 2388
2386 2413 2414
2390 2386 2414
