byte offset: 0
first index: 0
index count: 1878
topology: trianglelist
format: DXGI_FORMAT_R16_UINT

0 1 2
1 0 3
4 0 2
0 4 5
6 5 4
5 6 7
3 8 1
8 3 9
10 8 9
8 10 11
10 12 11
12 10 13
13 14 12
14 13 15
16 17 18
17 16 19
19 20 17
20 19 21
22 20 21
20 22 23
24 23 22
23 24 25
26 25 24
25 26 27
18 28 16
28 18 29
29 30 28
31 27 26
27 31 32
33 32 31
34 35 36
35 34 37
38 36 35
36 38 39
38 40 39
40 38 41
41 42 40
43 40 42
40 43 44
34 45 37
45 34 46
46 47 45
47 46 48
48 49 47
49 48 50
50 51 49
51 50 52
53 51 52
52 54 53
54 52 55
56 57 58
57 56 59
58 60 56
60 58 61
59 62 57
62 59 63
61 64 60
64 61 65
65 66 64
66 65 67
67 68 66
68 67 69
69 70 68
70 69 71
72 73 74
73 72 75
76 72 74
72 76 77
78 76 74
74 79 78
80 79 74
74 81 80
74 82 81
75 83 73
83 75 84
85 83 84
83 85 86
85 87 86
87 85 88
89 83 86
83 89 90
86 91 89
92 86 87
86 93 91
93 86 94
86 92 94
95 88 85
88 95 96
95 97 96
97 95 98
95 99 98
99 95 100
85 100 95
100 101 99
101 100 102
103 101 102
101 103 104
103 105 104
105 103 106
107 101 104
101 107 108
104 109 107
110 104 105
104 111 109
111 104 112
104 110 112
113 99 101
113 101 108
75 103 102
103 75 72
72 106 103
106 72 77
102 84 75
84 102 100
100 85 84
114 99 113
115 99 114
99 115 98
98 115 116
98 116 117
117 118 98
98 118 119
119 97 98
120 121 122
122 123 120
123 122 124
125 123 124
123 125 126
127 126 125
126 127 128
129 128 127
127 130 129
130 127 131
132 121 120
121 132 133
134 133 132
134 135 133
135 134 136
135 136 137
138 137 136
137 138 139
138 140 139
140 138 141
142 140 141
140 142 143
142 144 143
144 142 145
145 146 144
147 144 146
144 147 148
149 150 151
152 150 149
149 153 152
153 149 154
150 152 155
156 152 153
152 156 157
158 152 157
152 158 155
159 157 156
157 159 160
160 158 157
158 160 161
162 160 159
160 162 163
160 163 164
165 149 151
160 164 166
160 167 161
165 168 149
149 168 169
170 149 169
160 171 167
166 171 160
159 172 162
172 159 173
156 173 159
173 156 174
153 174 156
174 153 175
154 175 153
175 154 176
177 175 176
176 178 177
178 176 179
175 177 180
180 174 175
181 180 177
180 181 182
174 180 183
183 173 174
173 183 184
183 185 184
178 186 177
177 186 187
188 177 187
188 189 177
177 189 190
191 180 182
180 191 183
192 183 191
183 192 193
183 193 185
184 185 194
184 194 195
184 195 196
197 184 196
184 197 198
184 198 199
199 173 184
173 199 172
177 190 200
177 200 181
201 202 203
202 201 204
205 201 203
201 205 206
206 207 201
201 207 208
207 206 209
210 204 201
201 208 211
201 211 212
201 212 210
202 213 203
213 202 214
203 215 205
215 203 213
216 213 214
213 216 217
217 215 213
215 217 218
219 218 217
217 220 219
218 219 221
222 217 216
217 223 220
217 224 223
217 222 224
225 215 218
215 225 226
227 226 225
226 227 228
228 229 226
229 228 230
231 229 230
230 232 231
232 230 233
229 231 234
235 234 231
231 236 235
234 235 237
238 231 232
231 239 236
231 240 239
231 238 240
230 241 233
241 230 228
242 228 227
228 242 241
243 242 227
227 244 243
227 245 244
227 246 245
227 247 246
227 248 247
209 234 237
234 209 206
206 229 234
229 206 205
205 226 229
226 205 215
225 248 227
248 225 249
225 250 249
250 225 218
218 251 250
221 251 218
252 253 254
253 252 255
253 256 254
256 253 257
257 258 256
258 257 259
259 260 258
260 259 261
261 262 260
262 261 263
264 254 256
258 264 256
254 264 265
264 258 266
258 267 266
267 258 260
262 268 260
269 267 260
254 265 270
271 260 268
272 260 271
272 269 260
261 273 263
273 261 274
275 273 274
276 275 274
261 276 274
275 276 277
278 277 276
277 278 279
280 279 278
279 280 281
280 282 281
282 280 283
273 275 284
285 279 281
279 285 286
287 279 286
279 287 277
287 275 277
275 287 288
284 275 289
290 275 288
281 291 285
291 281 292
293 281 282
294 292 281
294 281 293
280 255 283
255 280 253
295 289 275
296 295 275
296 275 290
280 257 253
257 280 278
278 259 257
259 278 276
276 261 259
270 297 254
298 254 297
298 299 254
299 252 254
300 301 302
301 300 303
302 304 300
304 302 305
305 306 304
306 305 307
308 301 303
301 308 309
308 310 309
310 308 311
312 310 311
310 312 313
314 313 312
313 314 315
316 317 318
317 316 319
317 320 318
320 317 321
322 319 316
319 322 323
324 323 322
321 325 320
326 325 321
325 326 327
326 328 327
328 329 327
329 330 327
330 329 331
331 332 330
333 332 331
332 333 334
333 335 334
335 333 336
336 337 335
337 336 338
338 339 337
339 338 340
340 341 339
341 340 342
343 341 342
344 345 346
345 344 347
348 347 344
347 348 349
350 346 345
346 350 351
348 352 349
352 348 353
353 354 352
354 353 355
355 356 354
356 355 357
357 358 356
356 358 359
360 359 358
359 360 361
360 362 361
362 360 363
364 362 363
362 364 365
366 367 368
367 366 369
370 369 366
369 370 371
372 371 370
371 372 373
374 373 372
373 374 375
374 376 375
376 374 377
370 366 378
377 374 379
380 366 368
381 379 374
382 381 374
382 374 383
383 374 384
385 369 371
369 385 386
387 386 385
386 387 388
385 389 387
389 385 390
390 391 389
391 390 392
393 391 392
391 393 394
389 395 387
395 389 396
389 397 396
397 389 391
394 398 391
399 397 391
400 391 398
401 391 400
401 399 391
373 392 390
390 371 373
371 390 385
392 373 375
375 393 392
393 375 376
387 395 402
387 402 388
388 402 403
388 403 404
404 405 388
406 388 405
406 407 388
407 408 388
409 388 408
409 386 388
386 409 410
411 386 410
386 411 369
369 411 412
369 412 367
413 366 414
366 413 415
416 414 366
416 366 380
378 366 415
370 378 417
418 370 417
419 370 418
420 370 419
372 370 420
421 372 420
372 421 374
374 421 422
374 422 384
423 424 425
424 423 426
425 427 423
427 425 428
428 429 427
429 428 430
431 429 430
431 432 429
432 431 433
426 434 424
434 426 435
435 436 434
436 435 437
437 438 436
438 437 439
439 440 438
440 439 441
441 442 440
442 441 443
444 442 443
443 445 444
445 443 446
447 448 449
448 447 450
451 450 447
450 451 452
453 452 451
452 453 454
455 454 453
454 455 456
457 456 455
456 457 458
459 449 448
449 459 460
459 461 460
462 458 457
458 462 463
464 463 462
465 466 467
466 465 468
469 468 465
468 469 470
471 470 469
470 471 472
472 471 473
474 473 471
473 474 475
476 467 466
467 476 477
478 477 476
477 478 479
480 479 478
479 480 481
482 481 480
481 482 483
482 484 483
485 483 484
483 485 486
487 488 489
488 487 490
489 491 487
491 489 492
493 492 489
489 494 493
492 493 495
492 496 491
496 492 497
498 492 495
492 498 497
497 499 496
499 497 500
501 497 498
497 501 500
500 502 499
502 500 503
500 504 503
505 494 489
500 506 504
506 500 507
500 501 508
500 508 507
505 489 509
489 510 509
488 510 489
502 511 499
512 499 511
499 512 496
513 496 512
496 513 491
514 491 513
491 514 487
513 515 514
516 514 515
514 516 517
515 513 518
512 518 513
518 519 515
515 519 520
519 518 521
518 512 522
511 522 512
523 518 522
518 523 521
522 511 524
522 525 523
522 524 525
516 515 526
515 527 526
528 515 520
528 527 515
525 524 529
524 530 529
524 531 530
532 531 524
524 533 532
524 534 533
524 535 534
535 524 511
511 502 535
487 536 490
514 536 487
514 517 536
537 538 539
538 537 540
539 541 537
541 539 542
542 543 541
543 542 544
540 545 538
545 540 546
545 546 547
548 543 544
543 548 549
548 550 549
550 548 551
552 550 551
550 552 553
554 553 552
553 554 555
556 555 554
557 73 558
73 557 74
74 557 559
74 559 82
83 558 73
83 560 558
83 90 560
176 561 179
176 562 561
154 562 176
562 154 563
154 564 563
564 154 149
565 564 149
565 149 170
