byte offset: 0
first index: 0
index count: 15834
topology: trianglelist
format: DXGI_FORMAT_R16_UINT

0 1 2
3 1 0
4 1 3
5 1 4
6 1 5
7 1 6
8 1 7
9 1 8
10 2 1
11 10 1
12 11 1
13 12 1
14 13 1
15 14 1
16 15 1
9 16 1
17 18 19
18 17 20
19 21 17
21 19 22
22 23 21
23 22 24
24 25 23
25 24 26
26 27 25
27 26 28
28 29 27
29 28 30
30 31 29
31 30 32
32 33 31
33 32 34
35 30 28
30 35 36
36 32 30
28 37 35
37 28 26
26 38 37
38 26 24
24 39 38
39 24 22
22 40 39
40 22 19
19 41 40
41 19 18
42 34 32
32 36 42
34 42 43
44 43 42
43 44 45
46 45 44
45 46 47
44 48 46
48 44 49
42 49 44
49 50 48
50 49 51
51 52 50
52 51 53
53 54 52
54 53 55
55 56 54
56 55 57
57 58 56
58 57 59
59 60 58
60 59 61
36 51 49
49 42 36
51 36 35
35 53 51
53 35 37
37 55 53
55 37 38
38 57 55
57 38 39
39 59 57
59 39 40
40 61 59
61 40 41
62 54 56
54 62 63
63 52 54
52 63 64
64 50 52
50 64 65
65 48 50
48 65 66
66 46 48
46 66 67
67 47 46
47 67 68
69 65 64
65 69 70
70 66 65
64 71 69
71 64 63
63 72 71
72 63 62
62 73 72
73 62 74
56 74 62
74 56 58
58 75 74
75 58 60
74 76 73
76 74 75
77 68 67
68 77 78
79 70 69
70 79 80
69 81 79
81 69 71
71 82 81
82 71 72
72 83 82
83 72 73
73 84 83
84 73 76
85 78 77
78 85 86
77 87 85
87 77 88
88 80 87
67 88 77
88 67 66
66 70 88
80 88 70
84 89 83
83 89 90
89 91 90
90 91 92
92 91 93
87 93 85
80 92 93
80 93 87
93 91 94
85 93 94
85 94 86
79 92 80
81 90 92
81 92 79
82 90 81
83 90 82
89 95 91
95 96 91
96 97 91
97 94 91
98 96 95
99 98 95
99 100 98
101 98 100
100 102 101
103 101 102
102 104 103
104 102 105
105 106 104
107 104 106
104 107 108
108 103 104
106 105 109
110 109 105
109 110 111
112 111 110
111 112 113
114 113 112
113 114 115
60 115 114
115 60 61
116 108 107
108 116 117
45 117 116
117 45 47
116 43 45
43 116 118
118 34 43
34 118 119
119 33 34
33 119 120
121 120 119
120 121 122
123 122 121
122 123 124
125 124 123
124 125 126
127 126 125
126 127 128
129 128 127
128 129 130
131 130 129
130 131 132
18 132 131
132 18 20
121 133 123
133 121 134
135 123 133
123 135 125
136 125 135
125 136 127
137 127 136
127 137 129
138 129 137
129 138 131
41 131 138
131 41 18
134 106 133
106 134 107
118 107 134
134 119 118
119 134 121
107 118 116
109 133 106
133 109 135
111 135 109
135 111 136
113 136 111
136 113 137
115 137 113
137 115 138
61 138 115
138 61 41
139 105 102
105 139 110
140 110 139
110 140 112
141 112 140
112 141 114
75 114 141
114 75 60
102 100 139
142 139 100
139 142 140
143 140 142
140 143 141
76 141 143
141 76 75
100 99 142
144 142 99
142 144 143
84 143 144
143 84 76
84 144 89
144 95 89
144 99 95
145 47 68
47 145 117
146 117 145
117 146 108
103 108 146
68 147 145
147 68 78
148 145 147
145 148 146
149 146 148
146 149 103
101 103 149
149 150 101
150 149 151
148 151 149
98 101 150
78 152 147
152 78 86
153 147 152
147 153 148
151 148 153
150 151 96
98 150 96
153 152 97
151 97 96
151 153 97
152 94 97
152 86 94
154 155 156
155 154 157
154 156 158
158 159 154
159 158 160
161 159 160
159 161 162
159 162 163
159 163 164
159 164 165
166 167 168
167 166 169
167 170 168
170 167 171
172 170 171
173 172 171
171 174 173
171 175 174
171 176 175
171 177 176
178 179 180
179 178 181
178 180 182
182 183 178
183 182 184
185 183 184
183 185 186
183 186 187
183 187 188
183 188 189
190 191 192
191 190 193
191 194 192
194 191 195
196 194 195
197 196 195
195 198 197
195 199 198
195 200 199
195 201 200
202 203 204
203 202 205
202 204 206
206 207 202
207 206 208
209 207 208
207 209 210
207 210 211
207 211 212
207 212 213
214 215 216
215 214 217
215 218 216
218 215 219
220 218 219
221 220 219
219 222 221
219 223 222
219 224 223
219 225 224
226 227 228
227 226 229
226 228 230
230 231 226
231 230 232
233 231 232
231 233 234
231 234 235
231 235 236
231 236 237
238 239 240
239 238 241
239 242 240
242 239 243
244 242 243
245 244 243
243 246 245
243 247 246
243 248 247
243 249 248
250 251 252
250 252 253
250 254 251
254 250 255
255 256 254
255 257 256
256 257 258
258 257 259
257 260 259
260 257 261
261 257 262
263 255 250
250 253 264
250 264 265
250 265 263
266 262 257
267 266 257
257 268 267
255 263 269
255 269 257
269 270 257
270 268 257
271 272 273
271 274 272
274 271 275
275 271 276
277 275 276
275 277 278
278 274 275
279 274 278
279 278 280
280 281 279
282 281 280
282 283 281
284 283 282
284 285 283
285 284 286
285 286 287
287 286 288
287 288 289
290 289 288
288 291 290
291 292 290
291 293 292
293 291 294
276 271 295
276 295 296
297 276 296
297 277 276
277 297 298
298 297 299
299 297 296
300 298 299
300 301 298
301 300 302
303 301 302
303 302 304
305 303 304
305 304 306
306 307 305
306 308 307
308 309 307
308 310 309
311 309 310
309 311 312
312 311 313
314 312 313
312 314 315
296 273 272
296 272 299
316 317 318
316 318 319
316 320 317
320 316 321
321 322 320
321 323 322
322 323 324
324 323 325
323 326 325
326 323 327
327 323 328
329 321 316
316 319 330
316 330 331
316 331 329
332 328 323
333 332 323
323 334 333
321 329 335
321 335 323
335 336 323
336 334 323
337 338 339
337 340 338
340 337 341
341 337 342
343 341 342
341 343 344
344 340 341
345 340 344
345 344 346
346 347 345
348 347 346
348 349 347
350 349 348
350 351 349
351 350 352
351 352 353
353 352 354
353 354 355
356 355 354
354 357 356
357 358 356
357 359 358
359 357 360
342 337 361
342 361 362
363 342 362
363 343 342
343 363 364
364 363 365
365 363 362
366 364 365
366 367 364
367 366 368
369 367 368
369 368 370
371 369 370
371 370 372
372 373 371
372 374 373
374 375 373
374 376 375
377 375 376
375 377 378
378 377 379
380 378 379
378 380 381
362 339 338
362 338 365
382 383 384
382 384 385
382 386 383
386 382 387
387 388 386
387 389 388
388 389 390
390 389 391
389 392 391
392 389 393
393 389 394
395 387 382
382 385 396
382 396 397
382 397 395
398 394 389
399 398 389
389 400 399
387 395 401
387 401 389
401 402 389
402 400 389
403 404 405
403 406 404
406 403 407
407 403 408
409 407 408
407 409 410
410 406 407
411 406 410
411 410 412
412 413 411
414 413 412
414 415 413
416 415 414
416 417 415
417 416 418
417 418 419
419 418 420
419 420 421
422 421 420
420 423 422
423 424 422
423 425 424
425 423 426
408 403 427
408 427 428
429 408 428
429 409 408
409 429 430
430 429 431
431 429 428
432 430 431
432 433 430
433 432 434
435 433 434
435 434 436
437 435 436
437 436 438
438 439 437
438 440 439
440 441 439
440 442 441
443 441 442
441 443 444
444 443 445
446 444 445
444 446 447
428 405 404
428 404 431
448 449 450
448 450 451
448 452 449
452 448 453
453 454 452
453 455 454
454 455 456
456 455 457
455 458 457
458 455 459
459 455 460
461 453 448
448 451 462
448 462 463
448 463 461
464 460 455
465 464 455
455 466 465
453 461 467
453 467 455
467 468 455
468 466 455
469 470 471
469 472 470
472 469 473
473 469 474
475 473 474
473 475 476
476 472 473
477 472 476
477 476 478
478 479 477
480 479 478
480 481 479
482 481 480
482 483 481
483 482 484
483 484 485
485 484 486
485 486 487
488 487 486
486 489 488
489 490 488
489 491 490
491 489 492
474 469 493
474 493 494
495 474 494
495 475 474
475 495 496
496 495 497
497 495 494
498 496 497
498 499 496
499 498 500
501 499 500
501 500 502
503 501 502
503 502 504
504 505 503
504 506 505
506 507 505
506 508 507
509 507 508
507 509 510
510 509 511
512 510 511
510 512 513
494 471 470
494 470 497
514 515 516
515 514 517
517 518 515
518 517 519
517 520 519
517 514 521
517 521 520
519 522 518
522 519 523
523 519 520
523 524 522
524 523 525
523 526 525
523 520 526
527 528 529
528 527 530
530 531 528
531 530 532
530 533 532
530 527 534
530 534 533
532 535 531
535 532 536
536 532 533
536 537 535
537 536 538
536 539 538
536 533 539
540 541 542
541 540 543
543 544 541
544 543 545
543 546 545
543 540 547
543 547 546
548 544 545
548 545 546
544 548 549
550 549 548
549 550 551
548 552 550
548 546 552
553 554 555
554 553 556
556 557 554
557 556 558
556 559 558
556 553 560
556 560 559
558 561 557
561 558 562
562 558 559
562 563 561
563 562 564
562 565 564
562 559 565
566 567 568
567 566 569
570 568 567
568 570 571
572 567 569
567 572 573
573 570 567
570 573 574
575 566 568
566 575 576
568 577 575
577 568 571
578 571 570
574 578 570
571 578 579
580 579 578
579 580 581
582 580 578
578 574 582
580 582 583
584 579 581
579 584 585
571 585 577
585 571 579
586 587 588
587 586 589
590 588 587
588 590 591
592 587 589
587 592 593
593 590 587
590 593 594
595 586 588
586 595 596
588 597 595
597 588 591
598 591 590
594 598 590
591 598 599
600 599 598
599 600 601
602 600 598
598 594 602
600 602 603
604 599 601
599 604 605
591 605 597
605 591 599
606 607 608
607 606 609
610 608 607
608 610 611
612 607 609
607 612 613
613 610 607
610 613 614
615 606 608
606 615 616
608 617 615
617 608 611
618 611 610
614 618 610
611 618 619
620 619 618
619 620 621
622 620 618
618 614 622
620 622 623
624 619 621
619 624 625
611 625 617
625 611 619
626 627 628
627 626 629
630 628 627
628 630 631
632 627 629
627 632 633
633 630 627
630 633 634
635 626 628
626 635 636
628 637 635
637 628 631
638 631 630
634 638 630
631 638 639
640 639 638
639 640 641
642 640 638
638 634 642
640 642 643
644 639 641
639 644 645
631 645 637
645 631 639
646 647 648
647 646 649
648 650 646
650 648 651
652 650 651
650 652 653
654 653 652
653 654 655
654 656 655
656 654 657
657 658 656
658 657 659
660 658 659
658 660 661
662 661 660
661 662 663
662 664 663
664 662 665
665 666 664
666 665 667
668 666 667
666 668 669
670 669 668
669 670 671
670 672 671
672 670 673
673 674 672
674 673 675
676 674 675
674 676 677
647 677 676
677 647 649
678 679 680
678 681 679
679 681 682
678 683 681
681 683 684
683 678 685
685 678 686
687 683 685
685 688 687
683 687 689
689 690 683
687 691 689
687 692 691
691 693 689
694 695 696
695 694 697
698 697 694
697 698 699
698 700 699
701 696 695
696 701 702
703 702 701
702 703 704
705 704 703
706 694 696
694 706 707
707 698 694
708 702 704
705 708 704
702 708 709
696 709 706
709 696 702
698 707 710
698 710 700
700 711 699
712 711 700
712 700 713
710 713 700
712 714 711
714 712 715
715 712 716
716 712 713
717 714 715
718 715 716
719 720 721
720 719 722
723 721 720
724 720 722
720 724 725
726 720 725
727 728 729
728 730 729
731 727 729
731 729 732
733 727 731
734 733 731
734 735 733
734 731 736
736 731 732
736 732 737
738 734 736
738 739 734
739 735 734
739 740 735
735 741 733
742 741 735
740 742 735
741 742 743
743 742 744
739 745 740
746 747 748
746 748 749
746 750 747
751 747 750
747 751 752
753 752 751
752 753 754
753 755 754
755 753 756
757 755 756
755 757 758
759 758 757
758 759 760
759 761 760
761 759 762
762 763 761
763 762 764
765 763 764
763 765 766
765 767 766
767 765 768
768 769 767
769 768 770
771 769 770
771 772 769
771 773 772
774 775 776
777 774 776
774 777 778
779 778 777
780 778 779
781 780 779
781 779 782
783 781 782
783 782 784
783 784 785
783 785 786
786 785 787
786 787 788
788 787 789
787 790 789
791 789 790
790 792 791
791 792 793
794 795 796
797 796 795
798 799 800
799 798 801
799 801 802
802 801 803
804 802 803
804 805 802
805 804 806
807 808 809
809 810 807
809 811 810
811 812 810
813 812 811
814 813 811
813 814 815
816 817 818
817 819 818
818 819 820
820 819 821
820 821 822
816 823 817
824 823 816
824 825 823
826 825 824
825 826 827
828 827 826
827 828 829
830 822 821
830 821 831
832 830 831
833 832 831
834 832 833
834 833 835
836 834 835
836 835 837
837 838 836
838 837 839
839 840 838
840 839 841
842 843 844
843 842 845
846 844 843
844 846 847
848 845 842
845 848 849
842 850 848
844 851 842
842 851 850
847 852 844
844 852 851
852 847 853
854 847 846
847 854 855
856 847 855
853 847 856
857 843 845
843 857 858
858 846 843
846 858 859
859 854 846
860 845 849
845 860 857
857 860 861
858 857 862
857 861 862
863 859 858
858 862 863
859 863 864
854 859 865
866 865 859
864 866 859
867 868 869
868 870 869
869 870 871
872 871 870
869 871 873
869 873 874
875 869 874
869 875 867
876 868 867
877 867 875
867 877 878
876 867 878
878 877 879
875 880 877
877 880 881
877 881 882
877 882 879
883 879 882
884 885 886
885 884 887
888 887 884
887 888 889
888 890 889
891 886 885
886 891 892
893 892 891
892 893 894
895 894 893
896 884 886
884 896 897
897 888 884
898 892 894
895 898 894
892 898 899
886 899 896
899 886 892
888 897 900
888 900 890
890 901 889
902 901 890
902 890 903
900 903 890
902 904 901
904 902 905
905 902 906
906 902 903
907 904 905
908 905 906
909 910 911
910 909 912
913 911 910
914 910 912
910 914 915
916 910 915
917 918 919
918 920 919
921 917 919
921 919 922
923 917 921
924 923 921
924 925 923
924 921 926
926 921 922
926 922 927
928 924 926
928 929 924
929 925 924
929 930 925
925 931 923
932 931 925
930 932 925
931 932 933
933 932 934
929 935 930
936 937 938
936 938 939
936 940 937
941 937 940
937 941 942
943 942 941
942 943 944
943 945 944
945 943 946
947 945 946
945 947 948
949 948 947
948 949 950
949 951 950
951 949 952
952 953 951
953 952 954
955 953 954
953 955 956
955 957 956
957 955 958
958 959 957
959 958 960
961 959 960
961 962 959
961 963 962
964 965 966
967 964 966
964 967 968
969 968 967
970 968 969
971 970 969
971 969 972
973 971 972
973 972 974
973 974 975
973 975 976
976 975 977
976 977 978
978 977 979
977 980 979
981 979 980
980 982 981
981 982 983
984 985 986
987 986 985
988 989 990
989 988 991
989 991 992
992 991 993
994 992 993
994 995 992
995 994 996
997 998 999
999 1000 997
999 1001 1000
1001 1002 1000
1003 1002 1001
1004 1003 1001
1003 1004 1005
1006 1007 1008
1007 1009 1008
1008 1009 1010
1010 1009 1011
1010 1011 1012
1006 1013 1007
1014 1013 1006
1014 1015 1013
1016 1015 1014
1015 1016 1017
1018 1017 1016
1017 1018 1019
1020 1012 1011
1020 1011 1021
1022 1020 1021
1023 1022 1021
1024 1022 1023
1024 1023 1025
1026 1024 1025
1026 1025 1027
1027 1028 1026
1028 1027 1029
1029 1030 1028
1030 1029 1031
1032 1033 1034
1033 1032 1035
1036 1034 1033
1034 1036 1037
1038 1035 1032
1035 1038 1039
1032 1040 1038
1034 1041 1032
1032 1041 1040
1037 1042 1034
1034 1042 1041
1042 1037 1043
1044 1037 1036
1037 1044 1045
1046 1037 1045
1043 1037 1046
1047 1033 1035
1033 1047 1048
1048 1036 1033
1036 1048 1049
1049 1044 1036
1050 1035 1039
1035 1050 1047
1047 1050 1051
1048 1047 1052
1047 1051 1052
1053 1049 1048
1048 1052 1053
1049 1053 1054
1044 1049 1055
1056 1055 1049
1054 1056 1049
1057 1058 1059
1058 1060 1059
1059 1060 1061
1062 1061 1060
1059 1061 1063
1059 1063 1064
1065 1059 1064
1059 1065 1057
1066 1058 1057
1067 1057 1065
1057 1067 1068
1066 1057 1068
1068 1067 1069
1065 1070 1067
1067 1070 1071
1067 1071 1072
1067 1072 1069
1073 1069 1072
1074 1075 1076
1075 1074 1077
1078 1077 1074
1077 1078 1079
1078 1080 1079
1081 1076 1075
1076 1081 1082
1083 1082 1081
1082 1083 1084
1085 1084 1083
1086 1074 1076
1074 1086 1087
1087 1078 1074
1088 1082 1084
1085 1088 1084
1082 1088 1089
1076 1089 1086
1089 1076 1082
1078 1087 1090
1078 1090 1080
1080 1091 1079
1092 1091 1080
1092 1080 1093
1090 1093 1080
1092 1094 1091
1094 1092 1095
1095 1092 1096
1096 1092 1093
1097 1094 1095
1098 1095 1096
1099 1100 1101
1100 1099 1102
1103 1101 1100
1104 1100 1102
1100 1104 1105
1106 1100 1105
1107 1108 1109
1108 1110 1109
1111 1107 1109
1111 1109 1112
1113 1107 1111
1114 1113 1111
1114 1115 1113
1114 1111 1116
1116 1111 1112
1116 1112 1117
1118 1114 1116
1118 1119 1114
1119 1115 1114
1119 1120 1115
1115 1121 1113
1122 1121 1115
1120 1122 1115
1121 1122 1123
1123 1122 1124
1119 1125 1120
1126 1127 1128
1126 1128 1129
1126 1130 1127
1131 1127 1130
1127 1131 1132
1133 1132 1131
1132 1133 1134
1133 1135 1134
1135 1133 1136
1137 1135 1136
1135 1137 1138
1139 1138 1137
1138 1139 1140
1139 1141 1140
1141 1139 1142
1142 1143 1141
1143 1142 1144
1145 1143 1144
1143 1145 1146
1145 1147 1146
1147 1145 1148
1148 1149 1147
1149 1148 1150
1151 1149 1150
1151 1152 1149
1151 1153 1152
1154 1155 1156
1157 1154 1156
1154 1157 1158
1159 1158 1157
1160 1158 1159
1161 1160 1159
1161 1159 1162
1163 1161 1162
1163 1162 1164
1163 1164 1165
1163 1165 1166
1166 1165 1167
1166 1167 1168
1168 1167 1169
1167 1170 1169
1171 1169 1170
1170 1172 1171
1171 1172 1173
1174 1175 1176
1177 1176 1175
1178 1179 1180
1179 1178 1181
1179 1181 1182
1182 1181 1183
1184 1182 1183
1184 1185 1182
1185 1184 1186
1187 1188 1189
1189 1190 1187
1189 1191 1190
1191 1192 1190
1193 1192 1191
1194 1193 1191
1193 1194 1195
1196 1197 1198
1197 1199 1198
1198 1199 1200
1200 1199 1201
1200 1201 1202
1196 1203 1197
1204 1203 1196
1204 1205 1203
1206 1205 1204
1205 1206 1207
1208 1207 1206
1207 1208 1209
1210 1202 1201
1210 1201 1211
1212 1210 1211
1213 1212 1211
1214 1212 1213
1214 1213 1215
1216 1214 1215
1216 1215 1217
1217 1218 1216
1218 1217 1219
1219 1220 1218
1220 1219 1221
1222 1223 1224
1223 1222 1225
1226 1224 1223
1224 1226 1227
1228 1225 1222
1225 1228 1229
1222 1230 1228
1224 1231 1222
1222 1231 1230
1227 1232 1224
1224 1232 1231
1232 1227 1233
1234 1227 1226
1227 1234 1235
1236 1227 1235
1233 1227 1236
1237 1223 1225
1223 1237 1238
1238 1226 1223
1226 1238 1239
1239 1234 1226
1240 1225 1229
1225 1240 1237
1237 1240 1241
1238 1237 1242
1237 1241 1242
1243 1239 1238
1238 1242 1243
1239 1243 1244
1234 1239 1245
1246 1245 1239
1244 1246 1239
1247 1248 1249
1248 1250 1249
1249 1250 1251
1252 1251 1250
1249 1251 1253
1249 1253 1254
1255 1249 1254
1249 1255 1247
1256 1248 1247
1257 1247 1255
1247 1257 1258
1256 1247 1258
1258 1257 1259
1255 1260 1257
1257 1260 1261
1257 1261 1262
1257 1262 1259
1263 1259 1262
1264 1265 1266
1265 1264 1267
1268 1267 1264
1267 1268 1269
1268 1270 1269
1271 1266 1265
1266 1271 1272
1273 1272 1271
1272 1273 1274
1275 1274 1273
1276 1264 1266
1264 1276 1277
1277 1268 1264
1278 1272 1274
1275 1278 1274
1272 1278 1279
1266 1279 1276
1279 1266 1272
1268 1277 1280
1268 1280 1270
1270 1281 1269
1282 1281 1270
1282 1270 1283
1280 1283 1270
1282 1284 1281
1284 1282 1285
1285 1282 1286
1286 1282 1283
1287 1284 1285
1288 1285 1286
1289 1290 1291
1290 1289 1292
1293 1291 1290
1294 1290 1292
1290 1294 1295
1296 1290 1295
1297 1298 1299
1298 1300 1299
1301 1297 1299
1301 1299 1302
1303 1297 1301
1304 1303 1301
1304 1305 1303
1304 1301 1306
1306 1301 1302
1306 1302 1307
1308 1304 1306
1308 1309 1304
1309 1305 1304
1309 1310 1305
1305 1311 1303
1312 1311 1305
1310 1312 1305
1311 1312 1313
1313 1312 1314
1309 1315 1310
1316 1317 1318
1316 1318 1319
1316 1320 1317
1321 1317 1320
1317 1321 1322
1323 1322 1321
1322 1323 1324
1323 1325 1324
1325 1323 1326
1327 1325 1326
1325 1327 1328
1329 1328 1327
1328 1329 1330
1329 1331 1330
1331 1329 1332
1332 1333 1331
1333 1332 1334
1335 1333 1334
1333 1335 1336
1335 1337 1336
1337 1335 1338
1338 1339 1337
1339 1338 1340
1341 1339 1340
1341 1342 1339
1341 1343 1342
1344 1345 1346
1347 1344 1346
1344 1347 1348
1349 1348 1347
1350 1348 1349
1351 1350 1349
1351 1349 1352
1353 1351 1352
1353 1352 1354
1353 1354 1355
1353 1355 1356
1356 1355 1357
1356 1357 1358
1358 1357 1359
1357 1360 1359
1361 1359 1360
1360 1362 1361
1361 1362 1363
1364 1365 1366
1367 1366 1365
1368 1369 1370
1369 1368 1371
1369 1371 1372
1372 1371 1373
1374 1372 1373
1374 1375 1372
1375 1374 1376
1377 1378 1379
1379 1380 1377
1379 1381 1380
1381 1382 1380
1383 1382 1381
1384 1383 1381
1383 1384 1385
1386 1387 1388
1387 1389 1388
1388 1389 1390
1390 1389 1391
1390 1391 1392
1386 1393 1387
1394 1393 1386
1394 1395 1393
1396 1395 1394
1395 1396 1397
1398 1397 1396
1397 1398 1399
1400 1392 1391
1400 1391 1401
1402 1400 1401
1403 1402 1401
1404 1402 1403
1404 1403 1405
1406 1404 1405
1406 1405 1407
1407 1408 1406
1408 1407 1409
1409 1410 1408
1410 1409 1411
1412 1413 1414
1413 1412 1415
1416 1414 1413
1414 1416 1417
1418 1415 1412
1415 1418 1419
1412 1420 1418
1414 1421 1412
1412 1421 1420
1417 1422 1414
1414 1422 1421
1422 1417 1423
1424 1417 1416
1417 1424 1425
1426 1417 1425
1423 1417 1426
1427 1413 1415
1413 1427 1428
1428 1416 1413
1416 1428 1429
1429 1424 1416
1430 1415 1419
1415 1430 1427
1427 1430 1431
1428 1427 1432
1427 1431 1432
1433 1429 1428
1428 1432 1433
1429 1433 1434
1424 1429 1435
1436 1435 1429
1434 1436 1429
1437 1438 1439
1438 1440 1439
1439 1440 1441
1442 1441 1440
1439 1441 1443
1439 1443 1444
1445 1439 1444
1439 1445 1437
1446 1438 1437
1447 1437 1445
1437 1447 1448
1446 1437 1448
1448 1447 1449
1445 1450 1447
1447 1450 1451
1447 1451 1452
1447 1452 1449
1453 1449 1452
1454 1455 1456
1457 1455 1454
1458 1455 1457
1459 1455 1458
1460 1455 1459
1461 1455 1460
1462 1455 1461
1463 1455 1462
1464 1465 1466
1466 1467 1464
1468 1467 1466
1466 1469 1468
1470 1468 1469
1468 1470 1471
1464 1467 1472
1468 1472 1467
1472 1468 1471
1470 1473 1471
1472 1471 1473
1473 1470 1474
1473 1474 1475
1475 1476 1473
1476 1472 1473
1472 1476 1477
1477 1476 1475
1475 1478 1477
1479 1477 1478
1478 1480 1479
1480 1481 1479
1482 1472 1477
1482 1477 1483
1479 1483 1477
1483 1484 1482
1484 1483 1485
1479 1485 1483
1479 1481 1485
1486 1484 1485
1481 1486 1485
1484 1486 1487
1488 1484 1487
1484 1488 1489
1488 1490 1489
1490 1488 1491
1492 1489 1490
1493 1484 1489
1484 1493 1482
1492 1493 1489
1464 1493 1492
1493 1464 1482
1464 1472 1482
1486 1481 1494
1495 1494 1481
1494 1495 1496
1465 1464 1492
1492 1497 1465
1497 1492 1490
1497 1490 1498
1491 1498 1490
1498 1491 1499
1480 1495 1481
1500 1501 1502
1502 1503 1500
1504 1503 1502
1502 1505 1504
1506 1504 1505
1504 1506 1507
1500 1503 1508
1504 1508 1503
1508 1504 1507
1506 1509 1507
1508 1507 1509
1509 1506 1510
1509 1510 1511
1511 1512 1509
1512 1508 1509
1508 1512 1513
1513 1512 1511
1511 1514 1513
1515 1513 1514
1514 1516 1515
1516 1517 1515
1518 1508 1513
1518 1513 1519
1515 1519 1513
1519 1520 1518
1520 1519 1521
1515 1521 1519
1515 1517 1521
1522 1520 1521
1517 1522 1521
1520 1522 1523
1524 1520 1523
1520 1524 1525
1524 1526 1525
1526 1524 1527
1528 1525 1526
1529 1520 1525
1520 1529 1518
1528 1529 1525
1500 1529 1528
1529 1500 1518
1500 1508 1518
1522 1517 1530
1531 1530 1517
1530 1531 1532
1501 1500 1528
1528 1533 1501
1533 1528 1526
1533 1526 1534
1527 1534 1526
1534 1527 1535
1516 1531 1517
1536 1537 1538
1538 1539 1536
1540 1539 1538
1538 1541 1540
1542 1540 1541
1540 1542 1543
1536 1539 1544
1540 1544 1539
1544 1540 1543
1542 1545 1543
1544 1543 1545
1545 1542 1546
1545 1546 1547
1547 1548 1545
1548 1544 1545
1544 1548 1549
1549 1548 1547
1547 1550 1549
1551 1549 1550
1550 1552 1551
1552 1553 1551
1554 1544 1549
1554 1549 1555
1551 1555 1549
1555 1556 1554
1556 1555 1557
1551 1557 1555
1551 1553 1557
1558 1556 1557
1553 1558 1557
1556 1558 1559
1560 1556 1559
1556 1560 1561
1560 1562 1561
1562 1560 1563
1564 1561 1562
1565 1556 1561
1556 1565 1554
1564 1565 1561
1536 1565 1564
1565 1536 1554
1536 1544 1554
1558 1553 1566
1567 1566 1553
1566 1567 1568
1537 1536 1564
1564 1569 1537
1569 1564 1562
1569 1562 1570
1563 1570 1562
1570 1563 1571
1552 1567 1553
1572 1573 1574
1574 1575 1572
1576 1575 1574
1574 1577 1576
1578 1576 1577
1576 1578 1579
1572 1575 1580
1576 1580 1575
1580 1576 1579
1578 1581 1579
1580 1579 1581
1581 1578 1582
1581 1582 1583
1583 1584 1581
1584 1580 1581
1580 1584 1585
1585 1584 1583
1583 1586 1585
1587 1585 1586
1586 1588 1587
1588 1589 1587
1590 1580 1585
1590 1585 1591
1587 1591 1585
1591 1592 1590
1592 1591 1593
1587 1593 1591
1587 1589 1593
1594 1592 1593
1589 1594 1593
1592 1594 1595
1596 1592 1595
1592 1596 1597
1596 1598 1597
1598 1596 1599
1600 1597 1598
1601 1592 1597
1592 1601 1590
1600 1601 1597
1572 1601 1600
1601 1572 1590
1572 1580 1590
1594 1589 1602
1603 1602 1589
1602 1603 1604
1573 1572 1600
1600 1605 1573
1605 1600 1598
1605 1598 1606
1599 1606 1598
1606 1599 1607
1588 1603 1589
1608 1609 1610
1609 1608 1611
1610 1612 1608
1612 1610 1613
1613 1614 1612
1614 1613 1615
1616 1609 1611
1609 1616 1617
1618 1617 1616
1617 1618 1619
1620 1619 1618
1619 1620 1621
1622 1614 1615
1614 1622 1623
1624 1623 1622
1623 1624 1625
1626 1625 1624
1625 1626 1627
1626 1628 1627
1628 1626 1629
1629 1630 1628
1630 1629 1631
1631 1632 1630
1632 1631 1633
1634 1632 1633
1632 1634 1635
1636 1635 1634
1635 1636 1637
1638 1637 1636
1637 1638 1639
1638 1640 1639
1640 1638 1641
1641 1642 1640
1642 1641 1643
1643 1644 1642
1644 1643 1645
1646 1644 1645
1644 1646 1647
1648 1647 1646
1647 1648 1649
1650 1649 1648
1649 1650 1651
1650 1652 1651
1652 1650 1653
1653 1654 1652
1654 1653 1655
1655 1620 1654
1620 1655 1621
1656 1642 1644
1647 1656 1644
1642 1656 1657
1658 1642 1657
1642 1658 1640
1658 1639 1640
1639 1658 1659
1660 1639 1659
1639 1660 1637
1660 1635 1637
1635 1660 1661
1662 1635 1661
1635 1662 1632
1662 1630 1632
1630 1662 1663
1664 1630 1663
1630 1664 1628
1664 1627 1628
1627 1664 1665
1666 1627 1665
1627 1666 1625
1666 1623 1625
1623 1666 1667
1668 1623 1667
1623 1668 1614
1668 1612 1614
1612 1668 1669
1670 1612 1669
1612 1670 1608
1670 1611 1608
1611 1670 1671
1672 1611 1671
1611 1672 1616
1672 1618 1616
1618 1672 1673
1674 1618 1673
1618 1674 1620
1674 1654 1620
1654 1674 1675
1676 1654 1675
1654 1676 1652
1676 1651 1652
1651 1676 1677
1678 1651 1677
1651 1678 1649
1678 1647 1649
1647 1678 1679
1656 1647 1679
1680 1681 1682
1683 1680 1682
1684 1683 1682
1684 1682 1685
1682 1686 1685
1686 1682 1687
1681 1687 1682
1687 1688 1686
1688 1687 1689
1681 1689 1687
1689 1681 1690
1691 1690 1681
1690 1691 1692
1693 1684 1685
1684 1693 1694
1695 1691 1681
1681 1680 1695
1695 1696 1691
1691 1696 1697
1691 1697 1692
1697 1698 1692
1699 1698 1697
1699 1700 1698
1699 1701 1700
1688 1702 1686
1702 1688 1703
1703 1704 1702
1704 1703 1705
1706 1702 1704
1702 1706 1707
1707 1686 1702
1708 1707 1706
1707 1708 1709
1686 1707 1685
1709 1685 1707
1685 1709 1693
1708 1710 1709
1710 1708 1711
1711 1712 1710
1712 1711 1713
1713 1714 1712
1714 1713 1715
1716 1712 1714
1712 1716 1717
1717 1710 1712
1716 1718 1717
1719 1717 1718
1717 1719 1720
1710 1717 1720
1720 1709 1710
1709 1720 1693
1718 1716 1721
1721 1722 1718
1722 1719 1718
1723 1719 1722
1722 1721 1724
1724 1725 1722
1725 1724 1726
1720 1719 1727
1727 1693 1720
1693 1727 1694
1728 1722 1725
1722 1728 1723
1728 1725 1729
1725 1730 1729
1725 1726 1730
1723 1728 1731
1732 1723 1731
1730 1726 1733
1734 1723 1732
1727 1719 1734
1734 1719 1723
1735 1730 1733
1735 1733 1736
1735 1736 1737
1738 1737 1736
1738 1736 1733
1739 1733 1726
1738 1733 1739
1740 1739 1726
1724 1740 1726
1740 1724 1741
1721 1741 1724
1741 1721 1742
1716 1742 1721
1742 1716 1743
1743 1744 1742
1741 1742 1744
1745 1741 1744
1744 1743 1746
1740 1747 1739
1748 1747 1740
1748 1740 1741
1741 1745 1748
1745 1749 1748
1750 1749 1745
1751 1744 1746
1752 1751 1746
1751 1752 1753
1751 1754 1744
1754 1750 1745
1754 1745 1744
1716 1755 1743
1755 1716 1714
1714 1756 1755
1756 1714 1715
1757 1755 1756
1755 1757 1758
1759 1758 1757
1758 1759 1760
1758 1743 1755
1743 1758 1746
1760 1746 1758
1746 1760 1752
1752 1761 1753
1761 1752 1762
1760 1762 1752
1762 1763 1761
1764 1763 1762
1763 1764 1765
1766 1765 1764
1765 1766 1767
1766 1768 1767
1768 1766 1769
1769 1770 1768
1770 1769 1771
1772 1767 1768
1772 1768 1770
1773 1772 1770
1767 1772 1774
1775 1774 1772
1774 1775 1776
1777 1770 1771
1778 1777 1771
1777 1778 1779
1780 1775 1772
1772 1773 1780
1780 1781 1775
1775 1781 1782
1775 1782 1776
1773 1783 1780
1784 1783 1773
1782 1785 1776
1777 1786 1770
1786 1784 1773
1786 1773 1770
1787 1785 1782
1787 1788 1785
1787 1789 1788
1778 1790 1779
1790 1778 1791
1791 1792 1790
1793 1792 1791
1792 1793 1794
1795 1794 1793
1794 1795 1796
1795 1797 1796
1797 1795 1798
1798 1799 1797
1799 1798 1800
1801 1796 1797
1801 1797 1799
1802 1801 1799
1796 1801 1803
1804 1803 1801
1803 1804 1805
1806 1799 1800
1807 1806 1800
1806 1807 1808
1809 1804 1801
1801 1802 1809
1809 1810 1804
1804 1810 1811
1804 1811 1805
1802 1812 1809
1813 1812 1802
1811 1814 1805
1806 1815 1799
1815 1813 1802
1815 1802 1799
1816 1814 1811
1816 1817 1814
1816 1818 1817
1807 1819 1808
1819 1807 1820
1820 1821 1819
1822 1821 1820
1821 1822 1823
1688 1823 1822
1823 1688 1689
1689 1824 1823
1824 1821 1823
1825 1821 1824
1824 1689 1690
1690 1826 1824
1826 1690 1692
1827 1824 1826
1824 1827 1825
1827 1826 1828
1826 1829 1828
1826 1692 1829
1825 1827 1830
1831 1825 1830
1829 1692 1698
1832 1825 1831
1832 1821 1825
1819 1821 1832
1833 1829 1698
1833 1698 1700
1833 1700 1701
1834 1835 1836
1835 1834 1837
1838 1837 1834
1837 1838 1839
1840 1839 1838
1839 1840 1841
1835 1842 1836
1842 1835 1843
1843 1844 1842
1844 1843 1845
1845 1846 1844
1846 1845 1847
1848 1841 1840
1841 1848 1849
1850 1849 1848
1849 1850 1851
1852 1851 1850
1851 1852 1853
1852 1854 1853
1854 1852 1855
1855 1856 1854
1856 1855 1857
1857 1858 1856
1858 1857 1859
1859 1860 1858
1860 1859 1861
1861 1862 1860
1862 1861 1863
1863 1864 1862
1864 1863 1865
1866 1864 1865
1864 1866 1867
1868 1867 1866
1867 1868 1869
1870 1869 1868
1869 1870 1871
1872 1871 1870
1871 1872 1873
1874 1873 1872
1873 1874 1875
1876 1875 1874
1875 1876 1877
1876 1878 1877
1878 1876 1879
1879 1880 1878
1880 1879 1881
1881 1847 1880
1847 1881 1846
1881 1715 1846
1713 1846 1715
1846 1713 1844
1711 1844 1713
1844 1711 1842
1708 1842 1711
1842 1708 1836
1708 1834 1836
1834 1708 1706
1706 1838 1834
1838 1706 1704
1704 1840 1838
1840 1704 1705
1705 1848 1840
1848 1705 1882
1703 1882 1705
1882 1703 1883
1883 1884 1882
1884 1883 1885
1885 1886 1884
1886 1885 1887
1888 1886 1887
1886 1888 1889
1890 1889 1888
1889 1890 1891
1892 1891 1890
1891 1892 1893
1890 1795 1892
1795 1890 1798
1888 1798 1890
1798 1888 1800
1887 1800 1888
1800 1887 1807
1688 1883 1703
1820 1887 1885
1887 1820 1807
1885 1822 1820
1883 1688 1822
1822 1885 1883
1892 1894 1893
1894 1892 1895
1795 1895 1892
1895 1896 1894
1896 1895 1897
1897 1898 1896
1898 1897 1899
1900 1898 1899
1898 1900 1901
1902 1901 1900
1901 1902 1903
1904 1903 1902
1903 1904 1905
1902 1766 1904
1766 1902 1769
1900 1769 1902
1769 1900 1771
1899 1771 1900
1771 1899 1778
1793 1897 1895
1895 1795 1793
1897 1793 1791
1791 1899 1897
1899 1791 1778
1904 1906 1905
1906 1904 1907
1766 1907 1904
1907 1908 1906
1908 1907 1909
1909 1759 1908
1759 1909 1760
1907 1766 1764
1764 1909 1907
1909 1764 1762
1762 1760 1909
1876 1908 1759
1757 1876 1759
1876 1757 1879
1756 1879 1757
1879 1756 1881
1715 1881 1756
1908 1876 1874
1874 1906 1908
1906 1874 1872
1872 1905 1906
1905 1872 1870
1870 1903 1905
1903 1870 1868
1868 1901 1903
1901 1868 1866
1866 1898 1901
1898 1866 1865
1863 1898 1865
1898 1863 1896
1861 1896 1863
1896 1861 1894
1859 1894 1861
1894 1859 1893
1857 1893 1859
1893 1857 1891
1855 1891 1857
1891 1855 1889
1852 1889 1855
1889 1852 1886
1852 1884 1886
1884 1852 1850
1850 1882 1884
1882 1850 1848
1910 1911 1680
1680 1911 1695
1683 1910 1680
1912 1792 1913
1914 1792 1912
1790 1792 1914
1914 1912 1915
1915 1912 1916
1912 1917 1916
1913 1917 1912
1917 1913 1918
1803 1918 1913
1913 1796 1803
1796 1913 1794
1913 1792 1794
1918 1803 1805
1917 1918 1919
1918 1920 1919
1918 1805 1920
1920 1805 1814
1921 1920 1814
1921 1814 1817
1921 1817 1818
1922 1763 1923
1924 1763 1922
1761 1763 1924
1924 1922 1925
1925 1922 1926
1922 1927 1926
1923 1927 1922
1927 1923 1928
1774 1928 1923
1923 1767 1774
1767 1923 1765
1923 1763 1765
1928 1774 1776
1927 1928 1929
1928 1930 1929
1928 1776 1930
1930 1776 1785
1931 1930 1785
1931 1785 1788
1931 1788 1789
1932 1933 1934
1935 1934 1933
1935 1933 1936
1937 1935 1936
1938 1935 1937
1938 1937 1939
1940 1938 1939
1940 1939 1941
1941 1942 1940
1943 1942 1941
1943 1944 1942
1945 1944 1943
1945 1946 1944
1947 1946 1945
1947 1945 1948
1948 1949 1947
1948 1950 1949
1950 1948 1951
1952 1950 1951
1953 1952 1951
1954 1953 1951
1954 1955 1953
1956 1955 1954
1957 1956 1954
1954 1958 1957
1959 1957 1958
1959 1960 1957
1960 1959 1961
1958 1962 1959
1962 1958 1963
1964 1958 1954
1958 1964 1963
1960 1961 1965
1966 1954 1951
1966 1964 1954
1956 1967 1955
1957 1967 1956
1967 1968 1955
1967 1957 1969
1970 1957 1960
1970 1969 1957
1960 1971 1970
1960 1965 1971
1969 1970 1972
1967 1973 1968
1968 1973 1974
1972 1975 1969
1976 1967 1969
1969 1975 1976
1974 1973 1977
1978 1977 1973
1977 1978 1979
1978 1980 1979
1981 1973 1967
1981 1967 1976
1980 1978 1982
1980 1982 1983
1982 1984 1983
1982 1985 1984
1985 1986 1984
1985 1987 1986
1987 1988 1986
1988 1987 1989
1988 1989 1990
1990 1989 1991
1990 1991 1992
1991 1993 1992
1992 1993 1933
1992 1933 1994
1932 1994 1933
1995 1996 1997
1998 1997 1996
1998 1996 1999
2000 1998 1999
2001 1998 2000
2001 2000 2002
2003 2001 2002
2003 2002 2004
2004 2005 2003
2006 2005 2004
2006 2007 2005
2008 2007 2006
2008 2009 2007
2010 2009 2008
2010 2008 2011
2011 2012 2010
2011 2013 2012
2013 2011 2014
1974 2013 2014
2015 1974 2014
2016 2015 2014
2016 2017 2015
2018 2017 2016
2019 2018 2016
2016 2020 2019
2021 2019 2020
2021 2022 2019
2022 2021 2023
2020 2024 2021
2024 2020 2025
2026 2020 2016
2020 2026 2025
2022 2023 2027
2028 2016 2014
2028 2026 2016
2018 2029 2017
2019 2029 2018
2029 2030 2017
2029 2019 2031
2032 2019 2022
2032 2031 2019
2022 2033 2032
2022 2027 2033
2031 2032 2034
2029 2035 2030
2030 2035 2036
2034 2037 2031
2038 2029 2031
2031 2037 2038
2036 2035 2039
2040 2039 2035
2039 2040 2041
2040 2042 2041
2043 2035 2029
2043 2029 2038
2042 2040 2044
2042 2044 2045
2044 2046 2045
2044 2047 2046
2047 2048 2046
2047 2049 2048
2049 2050 2048
2050 2049 2051
2050 2051 2052
2052 2051 2053
2052 2053 2054
2053 2055 2054
2054 2055 1996
2054 1996 2056
1995 2056 1996
2057 2058 2059
2060 2059 2058
2060 2058 2061
2062 2060 2061
2063 2060 2062
2063 2062 2064
2065 2063 2064
2065 2064 2066
2066 2067 2065
2068 2067 2066
2068 2069 2067
2070 2069 2068
2070 2071 2069
2072 2071 2070
2072 2070 2073
2073 2074 2072
2073 2075 2074
2075 2073 2076
2077 2075 2076
2078 2077 2076
2079 2078 2076
2079 2080 2078
2081 2080 2079
2082 2081 2079
2079 2083 2082
2084 2082 2083
2084 2085 2082
2085 2084 2086
2083 2087 2084
2087 2083 2088
2089 2083 2079
2083 2089 2088
2085 2086 2090
2091 2079 2076
2091 2089 2079
2081 2092 2080
2082 2092 2081
2092 2093 2080
2092 2082 2094
2095 2082 2085
2095 2094 2082
2085 2096 2095
2085 2090 2096
2094 2095 2097
2092 2098 2093
2093 2098 1952
2097 2099 2094
2100 2092 2094
2094 2099 2100
1952 2098 2101
2102 2101 2098
2101 2102 2103
2102 2104 2103
2105 2098 2092
2105 2092 2100
2104 2102 2106
2104 2106 2107
2106 2108 2107
2106 2109 2108
2109 2110 2108
2109 2111 2110
2111 2112 2110
2112 2111 2113
2112 2113 2114
2114 2113 2115
2114 2115 2116
2115 2117 2116
2116 2117 2058
2116 2058 2118
2057 2118 2058
2119 2120 2121
2122 2121 2120
2122 2120 2123
2124 2122 2123
2125 2122 2124
2125 2124 2126
2127 2125 2126
2127 2126 2128
2128 2129 2127
2130 2129 2128
2130 2131 2129
2132 2131 2130
2132 2133 2131
2134 2133 2132
2134 2132 2135
2135 2136 2134
2135 2137 2136
2137 2135 2138
2036 2137 2138
2139 2036 2138
2140 2139 2138
2140 2141 2139
2142 2141 2140
2143 2142 2140
2140 2144 2143
2145 2143 2144
2145 2146 2143
2146 2145 2147
2144 2148 2145
2148 2144 2149
2150 2144 2140
2144 2150 2149
2146 2147 2151
2152 2140 2138
2152 2150 2140
2142 2153 2141
2143 2153 2142
2153 2154 2141
2153 2143 2155
2156 2143 2146
2156 2155 2143
2146 2157 2156
2146 2151 2157
2155 2156 2158
2153 2159 2154
2154 2159 2077
2158 2160 2155
2161 2153 2155
2155 2160 2161
2077 2159 2162
2163 2162 2159
2162 2163 2164
2163 2165 2164
2166 2159 2153
2166 2153 2161
2165 2163 2167
2165 2167 2168
2167 2169 2168
2167 2170 2169
2170 2171 2169
2170 2172 2171
2172 2173 2171
2173 2172 2174
2173 2174 2175
2175 2174 2176
2175 2176 2177
2176 2178 2177
2177 2178 2120
2177 2120 2179
2119 2179 2120
2180 2181 2182
2181 2180 2183
2184 2183 2180
2183 2184 2185
2186 2185 2184
2185 2186 2187
2188 2187 2186
2187 2188 2189
2188 2190 2189
2190 2188 2191
2191 2192 2190
2192 2191 2193
2193 2194 2192
2194 2193 2195
2181 2196 2182
2196 2181 2197
2195 2198 2194
2199 2194 2198
2199 2198 2200
2200 2198 2201
2202 2200 2201
2203 2196 2197
2196 2203 2204
2203 2205 2204
2205 2203 2206
2206 2207 2205
2207 2206 2208
2208 2209 2207
2209 2208 2210
2210 2211 2209
2211 2210 2212
2213 2211 2212
2211 2213 2214
2215 2214 2213
2214 2215 2216
2217 2216 2215
2216 2217 2218
2218 2217 2219
2220 2219 2217
2220 2221 2219
2221 2222 2219
2223 2222 2221
2224 2225 2226
2225 2224 2227
2228 2227 2224
2227 2228 2229
2230 2229 2228
2229 2230 2231
2232 2231 2230
2231 2232 2233
2232 2234 2233
2234 2232 2235
2235 2236 2234
2236 2235 2237
2237 2238 2236
2238 2237 2239
2225 2240 2226
2240 2225 2241
2239 2242 2238
2243 2238 2242
2243 2242 2244
2244 2242 2245
2246 2244 2245
2247 2240 2241
2240 2247 2248
2247 2249 2248
2249 2247 2250
2250 2251 2249
2251 2250 2252
2252 2253 2251
2253 2252 2254
2254 2255 2253
2255 2254 2256
2257 2255 2256
2255 2257 2258
2259 2258 2257
2258 2259 2260
2261 2260 2259
2260 2261 2262
2262 2261 2263
2264 2263 2261
2264 2265 2263
2265 2266 2263
2267 2266 2265
2268 2269 2270
2269 2268 2271
2272 2271 2268
2271 2272 2273
2274 2273 2272
2273 2274 2275
2276 2275 2274
2275 2276 2277
2276 2278 2277
2278 2276 2279
2279 2280 2278
2280 2279 2281
2281 2282 2280
2282 2281 2283
2269 2284 2270
2284 2269 2285
2283 2286 2282
2287 2282 2286
2287 2286 2288
2288 2286 2289
2290 2288 2289
2291 2284 2285
2284 2291 2292
2291 2293 2292
2293 2291 2294
2294 2295 2293
2295 2294 2296
2296 2297 2295
2297 2296 2298
2298 2299 2297
2299 2298 2300
2301 2299 2300
2299 2301 2302
2303 2302 2301
2302 2303 2304
2305 2304 2303
2304 2305 2306
2306 2305 2307
2308 2307 2305
2308 2309 2307
2309 2310 2307
2311 2310 2309
2312 2313 2314
2313 2312 2315
2316 2315 2312
2315 2316 2317
2318 2317 2316
2317 2318 2319
2320 2319 2318
2319 2320 2321
2320 2322 2321
2322 2320 2323
2323 2324 2322
2324 2323 2325
2325 2326 2324
2326 2325 2327
2313 2328 2314
2328 2313 2329
2327 2330 2326
2331 2326 2330
2331 2330 2332
2332 2330 2333
2334 2332 2333
2335 2328 2329
2328 2335 2336
2335 2337 2336
2337 2335 2338
2338 2339 2337
2339 2338 2340
2340 2341 2339
2341 2340 2342
2342 2343 2341
2343 2342 2344
2345 2343 2344
2343 2345 2346
2347 2346 2345
2346 2347 2348
2349 2348 2347
2348 2349 2350
2350 2349 2351
2352 2351 2349
2352 2353 2351
2353 2354 2351
2355 2354 2353
2356 2357 2358
2357 2356 2359
2360 2358 2357
2358 2360 2361
2362 2361 2360
2361 2362 2363
2356 2364 2359
2364 2356 2365
2365 2366 2364
2366 2365 2367
2367 2368 2366
2368 2367 2369
2362 2370 2363
2370 2362 2371
2371 2372 2370
2372 2371 2373
2373 2374 2372
2374 2373 2375
2376 2374 2375
2374 2376 2377
2378 2377 2376
2377 2378 2379
2380 2379 2378
2379 2380 2381
2380 2382 2381
2382 2380 2383
2383 2384 2382
2384 2383 2385
2385 2386 2384
2386 2385 2387
2388 2386 2387
2386 2388 2389
2390 2389 2388
2389 2390 2391
2392 2391 2390
2391 2392 2393
2392 2394 2393
2394 2392 2395
2395 2396 2394
2396 2395 2397
2397 2398 2396
2398 2397 2399
2400 2398 2399
2398 2400 2401
2402 2401 2400
2401 2402 2403
2368 2403 2402
2403 2368 2369
2404 2405 2406
2405 2404 2407
2408 2406 2405
2406 2408 2409
2410 2409 2408
2409 2410 2411
2404 2412 2407
2412 2404 2413
2413 2414 2412
2414 2413 2415
2415 2416 2414
2416 2415 2417
2410 2418 2411
2418 2410 2419
2419 2420 2418
2420 2419 2421
2421 2422 2420
2422 2421 2423
2424 2422 2423
2422 2424 2425
2426 2425 2424
2425 2426 2427
2428 2427 2426
2427 2428 2429
2428 2430 2429
2430 2428 2431
2431 2432 2430
2432 2431 2433
2433 2434 2432
2434 2433 2435
2436 2434 2435
2434 2436 2437
2438 2437 2436
2437 2438 2439
2440 2439 2438
2439 2440 2441
2440 2442 2441
2442 2440 2443
2443 2444 2442
2444 2443 2445
2445 2446 2444
2446 2445 2447
2448 2446 2447
2446 2448 2449
2450 2449 2448
2449 2450 2451
2416 2451 2450
2451 2416 2417
2452 2453 2454
2454 2453 2455
2452 2456 2453
2455 2453 2457
2453 2458 2457
2457 2458 2459
2460 2459 2458
2459 2460 2461
2461 2460 2462
2458 2463 2460
2461 2462 2464
2465 2464 2462
2464 2465 2466
2452 2467 2456
2452 2468 2467
2468 2469 2467
2469 2470 2467
2467 2470 2471
2470 2472 2471
2473 2471 2472
2472 2474 2473
2474 2475 2473
2471 2473 2476
2474 2477 2475
2477 2478 2475
2478 2477 2479
2478 2480 2475
2480 2478 2481
2482 2473 2475
2482 2475 2480
2483 2473 2482
2473 2483 2484
2484 2476 2473
2485 2484 2483
2486 2484 2485
2487 2486 2485
2488 2486 2487
2489 2486 2488
2489 2490 2486
2489 2491 2490
2489 2492 2491
2492 2493 2491
2493 2494 2491
2491 2494 2495
2494 2496 2495
2497 2495 2496
2496 2498 2497
2498 2499 2497
2500 2497 2499
2501 2497 2500
2497 2501 2502
2503 2502 2501
2504 2502 2503
2502 2505 2497
2495 2497 2505
2506 2504 2503
2507 2504 2506
2508 2504 2507
2508 2509 2504
2500 2499 2510
2511 2510 2499
2510 2511 2512
2508 2513 2509
2508 2514 2513
2514 2515 2513
2515 2516 2513
2513 2516 2517
2516 2518 2517
2519 2517 2518
2518 2520 2519
2520 2521 2519
2522 2519 2521
2523 2519 2522
2519 2523 2524
2525 2524 2523
2526 2524 2525
2524 2527 2519
2517 2519 2527
2528 2526 2525
2529 2526 2528
2530 2526 2529
2530 2531 2526
2522 2521 2532
2533 2532 2521
2532 2533 2534
2530 2535 2531
2530 2536 2535
2536 2537 2535
2537 2538 2535
2535 2538 2539
2538 2540 2539
2460 2539 2540
2540 2541 2460
2541 2462 2460
2539 2460 2463
2541 2542 2462
2542 2465 2462
2465 2542 2543
2533 2544 2545
2544 2533 2521
2520 2544 2521
2546 2547 2548
2548 2547 2549
2549 2550 2548
2551 2550 2549
2552 2550 2551
2553 2550 2552
2554 2550 2553
2550 2554 2555
2554 2556 2555
2548 2557 2546
2558 2548 2550
2559 2558 2550
2560 2559 2550
2561 2560 2550
2562 2561 2550
2550 2563 2562
2562 2563 2564
2548 2558 2565
2566 2548 2565
2548 2566 2557
2567 2568 2569
2569 2568 2570
2570 2571 2569
2572 2571 2570
2573 2571 2572
2574 2571 2573
2575 2571 2574
2571 2575 2576
2575 2577 2576
2569 2578 2567
2579 2569 2571
2580 2579 2571
2581 2580 2571
2582 2581 2571
2583 2582 2571
2571 2584 2583
2583 2584 2585
2569 2579 2586
2587 2569 2586
2569 2587 2578
2588 2589 2590
2590 2589 2591
2591 2592 2590
2593 2592 2591
2594 2592 2593
2595 2592 2594
2596 2592 2595
2592 2596 2597
2596 2598 2597
2590 2599 2588
2600 2590 2592
2601 2600 2592
2602 2601 2592
2603 2602 2592
2604 2603 2592
2592 2605 2604
2604 2605 2606
2590 2600 2607
2608 2590 2607
2590 2608 2599
2609 2610 2611
2611 2610 2612
2612 2613 2611
2614 2613 2612
2615 2613 2614
2616 2613 2615
2617 2613 2616
2613 2617 2618
2617 2619 2618
2611 2620 2609
2621 2611 2613
2622 2621 2613
2623 2622 2613
2624 2623 2613
2625 2624 2613
2613 2626 2625
2625 2626 2627
2611 2621 2628
2629 2611 2628
2611 2629 2620
2511 2630 2631
2630 2511 2499
2498 2630 2499
2632 2633 2634
2633 2632 2635
2633 2636 2634
2636 2633 2637
2638 2636 2637
2636 2638 2639
2638 2640 2639
2640 2638 2641
2634 2642 2632
2642 2634 2643
2639 2644 2636
2644 2634 2636
2634 2644 2643
2644 2639 2645
2646 2639 2640
2639 2646 2645
2647 2644 2645
2647 2645 2646
2648 2642 2643
2648 2643 2644
2648 2649 2642
2650 2649 2648
2648 2651 2650
2651 2648 2652
2648 2644 2652
2647 2652 2644
2653 2652 2647
2652 2653 2651
2647 2654 2653
2654 2647 2655
2647 2646 2655
2649 2650 2656
2657 2658 2659
2658 2657 2660
2657 2661 2660
2661 2657 2662
2658 2663 2659
2663 2658 2664
2665 2663 2664
2663 2665 2666
2665 2667 2666
2667 2665 2668
2668 2669 2667
2669 2668 2670
2671 2669 2670
2669 2671 2672
2673 2672 2671
2672 2673 2674
2673 2675 2674
2675 2673 2676
2677 2675 2676
2675 2677 2678
2677 2679 2678
2679 2677 2680
2681 2679 2680
2679 2681 2682
2681 2683 2682
2683 2681 2684
2685 2683 2684
2683 2685 2686
2685 2687 2686
2687 2685 2688
2661 2687 2688
2687 2661 2662
2687 2689 2686
2689 2683 2686
2689 2687 2690
2691 2679 2682
2683 2691 2682
2679 2691 2692
2693 2679 2692
2679 2693 2678
2693 2675 2678
2675 2693 2694
2695 2675 2694
2675 2695 2674
2695 2672 2674
2672 2695 2696
2696 2669 2672
2669 2696 2697
2698 2669 2697
2669 2698 2667
2699 2667 2698
2667 2699 2666
2699 2663 2666
2663 2699 2700
2701 2663 2700
2663 2701 2659
2701 2657 2659
2657 2701 2702
2703 2657 2702
2657 2703 2662
2703 2687 2662
2687 2703 2690
2704 2705 2706
2705 2704 2707
2705 2708 2706
2708 2705 2709
2710 2708 2709
2708 2710 2711
2710 2712 2711
2712 2710 2713
2706 2714 2704
2714 2706 2715
2711 2716 2708
2716 2706 2708
2706 2716 2715
2716 2711 2717
2718 2711 2712
2711 2718 2717
2719 2716 2717
2719 2717 2718
2720 2714 2715
2720 2715 2716
2720 2721 2714
2722 2721 2720
2720 2723 2722
2723 2720 2724
2720 2716 2724
2719 2724 2716
2725 2724 2719
2724 2725 2723
2719 2726 2725
2726 2719 2727
2719 2718 2727
2721 2722 2728
2729 2730 2731
2730 2729 2732
2730 2733 2731
2733 2730 2734
2735 2733 2734
2733 2735 2736
2735 2737 2736
2737 2735 2738
2731 2739 2729
2739 2731 2740
2736 2741 2733
2741 2731 2733
2731 2741 2740
2741 2736 2742
2743 2736 2737
2736 2743 2742
2744 2741 2742
2744 2742 2743
2745 2739 2740
2745 2740 2741
2745 2746 2739
2747 2746 2745
2745 2748 2747
2748 2745 2749
2745 2741 2749
2744 2749 2741
2750 2749 2744
2749 2750 2748
2744 2751 2750
2751 2744 2752
2744 2743 2752
2746 2747 2753
2754 2755 2756
2755 2754 2757
2755 2758 2756
2758 2755 2759
2760 2758 2759
2758 2760 2761
2762 2761 2760
2761 2762 2763
2756 2764 2754
2764 2756 2765
2761 2766 2758
2766 2756 2758
2756 2766 2765
2766 2761 2767
2768 2761 2763
2761 2768 2767
2769 2766 2767
2769 2767 2768
2770 2764 2765
2770 2765 2766
2770 2771 2764
2772 2771 2770
2770 2773 2772
2773 2770 2774
2770 2766 2774
2769 2774 2766
2775 2774 2769
2774 2775 2773
2769 2776 2775
2776 2769 2777
2769 2768 2777
2771 2772 2778
2779 2780 2781
2780 2779 2782
2781 2783 2779
2783 2781 2784
2784 2785 2783
2785 2784 2786
2786 2787 2785
2787 2786 2788
2789 2783 2785
2779 2783 2789
2785 2787 2790
2791 2782 2779
2779 2789 2792
2779 2792 2791
2785 2790 2793
2789 2785 2793
2794 2780 2782
2791 2794 2782
2780 2794 2795
2796 2795 2794
2795 2796 2797
2798 2797 2796
2797 2798 2799
2800 2799 2798
2799 2800 2801
2802 2798 2796
2794 2802 2796
2798 2803 2800
2794 2791 2804
2794 2804 2802
2802 2805 2798
2805 2803 2798
2800 2806 2801
2806 2800 2807
2807 2800 2803
2807 2808 2806
2808 2807 2809
2809 2810 2808
2810 2809 2811
2811 2812 2810
2812 2811 2813
2814 2812 2813
2812 2814 2815
2816 2815 2814
2815 2816 2817
2818 2817 2816
2817 2818 2819
2787 2819 2818
2819 2787 2788
2820 2818 2816
2814 2820 2816
2818 2790 2787
2821 2814 2813
2821 2813 2811
2814 2821 2822
2814 2822 2820
2820 2823 2818
2823 2790 2818
2811 2824 2821
2815 2825 2812
2825 2815 2826
2817 2826 2815
2826 2817 2827
2819 2827 2817
2827 2819 2828
2788 2828 2819
2828 2788 2829
2788 2830 2829
2830 2788 2786
2786 2831 2830
2831 2786 2784
2784 2832 2831
2832 2784 2781
2781 2833 2832
2833 2781 2780
2834 2829 2830
2829 2834 2835
2830 2836 2834
2836 2830 2831
2831 2837 2836
2837 2831 2832
2832 2838 2837
2838 2832 2833
2795 2833 2780
2833 2795 2839
2839 2838 2833
2797 2839 2795
2839 2797 2840
2799 2840 2797
2840 2799 2841
2801 2841 2799
2841 2801 2842
2842 2843 2841
2843 2842 2844
2844 2845 2843
2846 2843 2845
2843 2846 2847
2847 2841 2843
2841 2847 2840
2846 2848 2847
2848 2840 2847
2840 2848 2839
2838 2839 2848
2848 2846 2849
2850 2848 2849
2848 2850 2851
2850 2852 2851
2852 2850 2853
2853 2854 2852
2854 2853 2855
2855 2856 2854
2856 2855 2857
2857 2858 2856
2858 2857 2859
2845 2844 2860
2861 2858 2859
2858 2861 2862
2863 2862 2861
2862 2863 2864
2865 2864 2863
2864 2865 2866
2867 2866 2865
2866 2867 2868
2867 2869 2868
2869 2867 2870
2871 2869 2870
2869 2871 2872
2871 2873 2872
2873 2871 2874
2844 2874 2860
2874 2844 2873
2842 2873 2844
2873 2842 2875
2875 2872 2873
2801 2875 2842
2875 2801 2806
2806 2876 2875
2872 2875 2876
2876 2869 2872
2876 2806 2808
2808 2877 2876
2869 2876 2877
2877 2808 2810
2810 2825 2877
2825 2810 2812
2878 2877 2825
2826 2878 2825
2878 2826 2879
2827 2879 2826
2879 2827 2880
2828 2880 2827
2880 2828 2881
2829 2881 2828
2881 2829 2835
2877 2878 2869
2882 2809 2807
2811 2809 2882
2811 2882 2824
2882 2807 2883
2807 2803 2883
2691 2683 2884
2683 2689 2884
2885 2886 2887
2886 2885 2888
2885 2889 2888
2889 2885 2890
2886 2891 2887
2891 2886 2892
2893 2891 2892
2891 2893 2894
2893 2895 2894
2895 2893 2896
2897 2895 2896
2895 2897 2898
2897 2899 2898
2899 2897 2900
2901 2899 2900
2899 2901 2902
2901 2903 2902
2903 2901 2904
2905 2903 2904
2903 2905 2906
2905 2907 2906
2907 2905 2908
2909 2907 2908
2907 2909 2910
2909 2911 2910
2911 2909 2912
2913 2911 2912
2911 2913 2914
2913 2915 2914
2915 2913 2916
2889 2915 2916
2915 2889 2890
2917 2918 2919
2918 2917 2920
2921 2917 2919
2917 2921 2922
2920 2923 2918
2923 2920 2924
2925 2923 2924
2923 2925 2926
2927 2926 2925
2926 2927 2928
2927 2929 2928
2929 2927 2930
2930 2931 2929
2931 2930 2932
2932 2933 2931
2933 2932 2934
2934 2935 2933
2935 2934 2936
2937 2935 2936
2935 2937 2938
2939 2938 2937
2938 2939 2940
2941 2940 2939
2940 2941 2942
2943 2942 2941
2942 2943 2944
2943 2945 2944
2945 2943 2946
2946 2947 2945
2947 2946 2948
2922 2947 2948
2947 2922 2921
2949 2950 2951
2950 2949 2952
2952 2953 2950
2953 2952 2954
2955 2953 2954
2953 2955 2956
2957 2956 2955
2956 2957 2958
2957 2959 2958
2959 2957 2960
2960 2961 2959
2961 2960 2962
2963 2961 2962
2964 2963 2962
2965 2949 2951
2949 2965 2966
2967 2966 2965
2966 2967 2968
2967 2969 2968
2969 2967 2970
2970 2971 2969
2971 2970 2972
2973 2971 2972
2971 2973 2974
2975 2974 2973
2974 2975 2976
2977 2976 2975
2978 2976 2977
2979 2980 2981
2982 2979 2981
2979 2982 2983
2982 2984 2983
2984 2982 2985
2985 2986 2984
2986 2985 2987
2987 2988 2986
2988 2987 2989
2989 2990 2988
2990 2989 2991
2991 2992 2990
2992 2991 2993
2993 2994 2992
2994 2995 2992
2996 2981 2980
2997 2996 2998
2999 2997 2998
2997 2999 3000
3001 3000 2999
3000 3001 3002
2996 2997 2981
3003 3002 3001
3002 3003 3004
3005 3004 3003
3004 3005 3006
3007 3006 3005
3006 3007 3008
3008 3007 3009
3009 3007 3010
3011 3012 3013
3012 3011 3014
3014 3015 3012
3015 3014 3016
3017 3015 3016
3015 3017 3018
3019 3018 3017
3018 3019 3020
3019 3021 3020
3021 3019 3022
3022 3023 3021
3023 3022 3024
3025 3023 3024
3026 3025 3024
3027 3011 3013
3011 3027 3028
3029 3028 3027
3028 3029 3030
3029 3031 3030
3031 3029 3032
3032 3033 3031
3033 3032 3034
3035 3033 3034
3033 3035 3036
3037 3036 3035
3036 3037 3038
3039 3038 3037
3040 3038 3039
3041 3042 3043
3044 3041 3043
3041 3044 3045
3044 3046 3045
3046 3044 3047
3047 3048 3046
3048 3047 3049
3049 3050 3048
3050 3049 3051
3051 3052 3050
3052 3051 3053
3053 3054 3052
3054 3053 3055
3055 3056 3054
3056 3057 3054
3058 3043 3042
3059 3058 3060
3061 3059 3060
3059 3061 3062
3063 3062 3061
3062 3063 3064
3058 3059 3043
3065 3064 3063
3064 3065 3066
3067 3066 3065
3066 3067 3068
3069 3068 3067
3068 3069 3070
3070 3069 3071
3071 3069 3072
3073 3074 3075
3074 3073 3076
3076 3077 3074
3077 3076 3078
3079 3077 3078
3077 3079 3080
3081 3080 3079
3080 3081 3082
3081 3083 3082
3083 3081 3084
3084 3085 3083
3085 3084 3086
3087 3085 3086
3088 3087 3086
3089 3073 3075
3073 3089 3090
3091 3090 3089
3090 3091 3092
3091 3093 3092
3093 3091 3094
3094 3095 3093
3095 3094 3096
3097 3095 3096
3095 3097 3098
3099 3098 3097
3098 3099 3100
3101 3100 3099
3102 3100 3101
3103 3104 3105
3106 3103 3105
3103 3106 3107
3106 3108 3107
3108 3106 3109
3109 3110 3108
3110 3109 3111
3111 3112 3110
3112 3111 3113
3113 3114 3112
3114 3113 3115
3115 3116 3114
3116 3115 3117
3117 3118 3116
3118 3119 3116
3120 3105 3104
3121 3120 3122
3123 3121 3122
3121 3123 3124
3125 3124 3123
3124 3125 3126
3120 3121 3105
3127 3126 3125
3126 3127 3128
3129 3128 3127
3128 3129 3130
3131 3130 3129
3130 3131 3132
3132 3131 3133
3133 3131 3134
3135 3136 3137
3136 3135 3138
3138 3139 3136
3139 3138 3140
3141 3139 3140
3139 3141 3142
3143 3142 3141
3142 3143 3144
3143 3145 3144
3145 3143 3146
3146 3147 3145
3147 3146 3148
3149 3147 3148
3150 3149 3148
3151 3135 3137
3135 3151 3152
3153 3152 3151
3152 3153 3154
3153 3155 3154
3155 3153 3156
3156 3157 3155
3157 3156 3158
3159 3157 3158
3157 3159 3160
3161 3160 3159
3160 3161 3162
3163 3162 3161
3164 3162 3163
3165 3166 3167
3168 3165 3167
3165 3168 3169
3168 3170 3169
3170 3168 3171
3171 3172 3170
3172 3171 3173
3173 3174 3172
3174 3173 3175
3175 3176 3174
3176 3175 3177
3177 3178 3176
3178 3177 3179
3179 3180 3178
3180 3181 3178
3182 3167 3166
3183 3182 3184
3185 3183 3184
3183 3185 3186
3187 3186 3185
3186 3187 3188
3182 3183 3167
3189 3188 3187
3188 3189 3190
3191 3190 3189
3190 3191 3192
3193 3192 3191
3192 3193 3194
3194 3193 3195
3195 3193 3196
3197 3198 3199
3197 3200 3198
3201 3198 3200
3202 3201 3200
3202 3203 3201
3202 3204 3203
3205 3203 3204
3205 3206 3203
3205 3207 3206
3206 3207 3208
3209 3208 3207
3209 3210 3208
3211 3212 3213
3211 3214 3212
3215 3212 3214
3216 3215 3214
3216 3217 3215
3216 3218 3217
3219 3217 3218
3219 3220 3217
3219 3221 3220
3220 3221 3222
3223 3222 3221
3223 3224 3222
3225 3226 3227
3226 3225 3228
3229 3226 3228
3226 3229 3230
3231 3225 3227
3225 3231 3232
3231 3233 3232
3233 3231 3234
3235 3233 3234
3233 3235 3236
3235 3237 3236
3237 3235 3238
3239 3237 3238
3237 3239 3240
3239 3241 3240
3241 3239 3242
3243 3235 3234
3231 3243 3234
3235 3243 3244
3244 3243 3245
3245 3243 3246
3243 3231 3246
3231 3247 3246
3248 3246 3247
3249 3248 3247
3247 3226 3249
3226 3247 3227
3247 3231 3227
3226 3250 3249
3250 3226 3230
3239 3251 3242
3252 3249 3250
3252 3253 3249
3249 3253 3248
3254 3244 3245
3255 3244 3254
3255 3256 3244
3255 3257 3256
3257 3258 3251
3251 3239 3257
3239 3256 3257
3256 3239 3238
3256 3235 3244
3235 3256 3238
3257 3259 3258
3255 3259 3257
3260 3245 3246
3248 3260 3246
3261 3262 3263
3262 3261 3264
3265 3266 3267
3266 3265 3268
3269 3270 3271
3270 3269 3272
3273 3274 3275
3274 3273 3276
3277 3278 3279
3278 3277 3280
3281 3282 3283
3282 3281 3284
3285 3286 3287
3286 3285 3288
3289 3290 3291
3290 3289 3292
3293 3294 3295
3294 3296 3295
3295 3296 3297
3297 3296 3298
3297 3298 3299
3293 3295 3300
3295 3297 3301
3300 3295 3301
3297 3302 3301
3297 3303 3302
3304 3302 3303
3304 3305 3302
3306 3305 3304
3307 3305 3306
3308 3307 3306
3308 3306 3309
3306 3304 3310
3309 3306 3310
3304 3311 3310
3304 3312 3311
3313 3311 3312
3313 3314 3311
3315 3314 3313
3316 3314 3315
3317 3316 3315
3317 3315 3318
3315 3313 3319
3318 3315 3319
3313 3320 3319
3313 3321 3320
3322 3320 3321
3322 3323 3320
3324 3323 3322
3325 3323 3324
3326 3325 3324
3326 3324 3327
3324 3322 3328
3327 3324 3328
3322 3298 3328
3322 3299 3298
3329 3330 3331
3330 3329 3332
3329 3333 3332
3333 3329 3334
3334 3335 3333
3335 3334 3336
3337 3338 3339
3338 3340 3339
3339 3341 3337
3342 3340 3338
3340 3342 3343
3344 3339 3340
3345 3339 3344
3339 3345 3346
3340 3343 3347
3347 3344 3340
3348 3346 3345
3345 3349 3348
3349 3350 3348
3351 3350 3349
3350 3351 3352
3353 3348 3350
3354 3348 3353
3348 3354 3355
3350 3352 3356
3356 3353 3350
3357 3355 3354
3354 3358 3357
3358 3359 3357
3360 3359 3358
3359 3360 3361
3362 3357 3359
3363 3357 3362
3357 3363 3364
3359 3361 3365
3365 3362 3359
3366 3364 3363
3363 3367 3366
3367 3368 3366
3369 3368 3367
3368 3369 3370
3371 3366 3368
3337 3366 3371
3366 3337 3341
3368 3370 3372
3372 3371 3368
3373 3374 3375
3374 3373 3376
3377 3373 3375
3373 3377 3378
3379 3378 3377
3378 3379 3380
3381 3382 3383
3382 3381 3384
3381 3385 3384
3385 3381 3386
3386 3387 3385
3387 3386 3388
3389 3390 3391
3390 3389 3392
3393 3389 3391
3389 3393 3394
3395 3394 3393
3394 3395 3396
3397 3398 3399
3398 3397 3400
3397 3401 3400
3401 3397 3402
3402 3403 3401
3403 3402 3404
3405 3406 3407
3406 3405 3408
3409 3405 3407
3405 3409 3410
3411 3410 3409
3410 3411 3412
3413 3414 3415
3414 3413 3416
3413 3417 3416
3417 3413 3418
3418 3419 3417
3419 3418 3420
3421 3422 3423
3422 3421 3424
3425 3421 3423
3421 3425 3426
3427 3426 3425
3426 3427 3428
3429 3430 3431
3432 3430 3429
3433 3430 3432
3434 3430 3433
3435 3430 3434
3436 3430 3435
3437 3430 3436
3438 3430 3437
3439 3430 3438
3440 3430 3439
3441 3430 3440
3442 3430 3441
3443 3430 3442
3444 3430 3443
3445 3430 3444
3446 3430 3445
3447 3430 3446
3448 3430 3447
3449 3430 3448
3450 3430 3449
3451 3430 3450
3452 3430 3451
3453 3430 3452
3454 3430 3453
3455 3430 3454
3456 3430 3455
3457 3430 3456
3458 3430 3457
3459 3430 3458
3460 3430 3459
3461 3430 3460
3431 3430 3461
3462 3463 3464
3464 3463 3465
3466 3463 3462
3467 3463 3466
3468 3467 3466
3469 3467 3468
3469 3470 3467
3471 3470 3469
3472 3470 3471
3473 3470 3472
3474 3473 3472
3475 3473 3474
3475 3476 3473
3477 3476 3475
3478 3476 3477
3479 3476 3478
3480 3479 3478
3481 3479 3480
3481 3482 3479
3483 3482 3481
3484 3482 3483
3485 3482 3484
3486 3485 3484
3487 3485 3486
3487 3488 3485
3489 3488 3487
3490 3488 3489
3491 3488 3490
3492 3491 3490
3493 3491 3492
3493 3494 3491
3495 3494 3493
3496 3494 3495
3497 3494 3496
3498 3497 3496
3499 3497 3498
3499 3500 3497
3501 3500 3499
3502 3500 3501
3503 3500 3502
3504 3503 3502
3505 3503 3504
3505 3506 3503
3507 3506 3505
3506 3508 3503
3508 3509 3503
3509 3500 3503
3500 3509 3497
3509 3510 3497
3510 3494 3497
3494 3510 3491
3510 3511 3491
3511 3488 3491
3488 3511 3485
3511 3512 3485
3512 3482 3485
3482 3512 3479
3512 3513 3479
3513 3476 3479
3476 3513 3473
3513 3514 3473
3514 3470 3473
3470 3514 3467
3514 3515 3467
3515 3463 3467
3463 3515 3465
3515 3516 3465
3516 3517 3465
3465 3517 3518
3518 3517 3519
3520 3465 3518
3464 3465 3520
3521 3522 3523
3521 3523 3524
3525 3524 3523
3526 3524 3525
3525 3527 3526
3527 3525 3528
3526 3529 3524
3530 3523 3522
3530 3531 3523
3525 3523 3531
3525 3532 3528
3532 3525 3533
3533 3525 3531
3533 3531 3534
3535 3532 3533
3532 3535 3536
3533 3537 3535
3533 3534 3537
3535 3537 3538
3539 3538 3537
3539 3540 3538
3541 3538 3540
3541 3542 3538
3535 3538 3542
3535 3543 3536
3543 3535 3544
3544 3535 3542
3544 3542 3545
3546 3543 3544
3543 3546 3547
3544 3548 3546
3544 3545 3548
3546 3548 3549
3550 3549 3548
3550 3551 3549
3552 3549 3551
3552 3553 3549
3546 3549 3553
3546 3554 3547
3554 3546 3555
3555 3546 3553
3555 3553 3556
3557 3554 3555
3554 3557 3558
3555 3559 3557
3555 3556 3559
3557 3559 3560
3561 3560 3559
3561 3562 3560
3563 3560 3562
3563 3564 3560
3557 3560 3564
3557 3527 3558
3527 3557 3526
3526 3557 3564
3526 3564 3529
3565 3566 3567
3566 3565 3568
3568 3569 3566
3569 3568 3570
3570 3571 3569
3571 3570 3572
3572 3573 3571
3573 3572 3574
3575 3565 3567
3565 3575 3576
3577 3576 3575
3576 3577 3578
3579 3573 3574
3573 3579 3580
3580 3578 3577
3578 3580 3579
3581 3582 3583
3582 3581 3584
3582 3585 3583
3582 3586 3585
3586 3587 3585
3585 3588 3583
3585 3589 3588
3590 3585 3587
3590 3589 3585
3587 3591 3590
3592 3582 3584
3582 3592 3593
3582 3594 3586
3586 3594 3587
3582 3593 3594
3594 3593 3595
3594 3595 3596
3597 3587 3594
3587 3597 3591
3597 3594 3596
3592 3598 3593
3598 3592 3599
3600 3595 3593
3598 3600 3593
3598 3601 3600
3601 3602 3600
3600 3603 3595
3604 3600 3602
3604 3603 3600
3602 3605 3604
3606 3598 3599
3598 3606 3607
3598 3608 3601
3601 3608 3602
3598 3607 3608
3608 3607 3609
3608 3609 3610
3611 3602 3608
3602 3611 3605
3611 3608 3610
3606 3612 3607
3612 3606 3613
3614 3609 3607
3612 3614 3607
3612 3615 3614
3615 3616 3614
3614 3617 3609
3618 3614 3616
3618 3617 3614
3616 3619 3618
3620 3612 3613
3612 3620 3621
3612 3622 3615
3615 3622 3616
3612 3621 3622
3622 3621 3623
3622 3623 3624
3625 3616 3622
3616 3625 3619
3625 3622 3624
3620 3626 3621
3626 3620 3627
3628 3623 3621
3626 3628 3621
3626 3629 3628
3629 3630 3628
3628 3631 3623
3632 3628 3630
3632 3631 3628
3630 3633 3632
3581 3626 3627
3626 3581 3583
3626 3634 3629
3629 3634 3630
3626 3583 3634
3634 3583 3588
3634 3588 3635
3636 3630 3634
3630 3636 3633
3636 3634 3635
3637 3638 3639
3638 3637 3640
3640 3641 3638
3641 3640 3642
3643 3641 3642
3641 3643 3644
3645 3644 3643
3644 3645 3646
3647 3637 3639
3637 3647 3648
3649 3648 3647
3648 3649 3650
3645 3651 3646
3651 3645 3652
3652 3649 3651
3649 3652 3650
3653 3654 3655
3654 3653 3656
3654 3656 3657
3657 3658 3654
3657 3659 3658
3659 3657 3660
3659 3660 3661
3661 3662 3659
3661 3663 3662
3663 3661 3664
3663 3664 3665
3665 3666 3663
3665 3667 3666
3653 3655 3667
3667 3665 3668
3667 3668 3653
3669 3670 3671
3670 3669 3672
3673 3670 3672
3670 3673 3674
3675 3669 3671
3669 3675 3676
3675 3677 3676
3677 3675 3678
3673 3679 3674
3679 3673 3680
3681 3679 3680
3679 3681 3682
3681 3683 3682
3683 3677 3678
3683 3681 3684
3677 3683 3684
3685 3686 3687
3686 3685 3688
3689 3686 3688
3686 3689 3690
3689 3691 3690
3691 3689 3692
3693 3687 3686
3693 3686 3690
3693 3690 3691
3693 3691 3694
3693 3694 3695
3696 3695 3694
3696 3691 3692
3691 3696 3694
3695 3696 3697
3698 3695 3697
3695 3698 3699
3693 3695 3699
3698 3700 3699
3693 3699 3700
3700 3698 3701
3702 3700 3701
3700 3702 3703
3693 3700 3703
3701 3704 3702
3704 3701 3705
3706 3704 3705
3707 3706 3705
3701 3707 3705
3707 3701 3698
3697 3707 3698
3706 3707 3708
3704 3706 3709
3707 3710 3708
3710 3707 3711
3707 3697 3711
3712 3710 3711
3697 3712 3711
3710 3712 3713
3712 3714 3713
3714 3712 3715
3716 3714 3715
3714 3716 3717
3716 3718 3717
3718 3716 3719
3720 3718 3719
3718 3720 3721
3712 3692 3715
3692 3716 3715
3692 3712 3696
3712 3697 3696
3716 3692 3689
3688 3716 3689
3716 3688 3719
3688 3720 3719
3720 3688 3685
3722 3723 3724
3722 3725 3723
3726 3723 3725
3727 3726 3725
3727 3728 3726
3727 3729 3728
3730 3728 3729
3730 3731 3728
3730 3732 3731
3731 3732 3733
3734 3733 3732
3734 3735 3733
3736 3737 3738
3736 3739 3737
3740 3737 3739
3741 3740 3739
3741 3742 3740
3741 3743 3742
3744 3742 3743
3744 3745 3742
3744 3746 3745
3745 3746 3747
3748 3747 3746
3748 3749 3747
3750 3751 3752
3751 3750 3753
3751 3754 3752
3754 3751 3755
3756 3754 3755
3754 3756 3757
3758 3757 3756
3757 3758 3759
3758 3760 3759
3760 3758 3761
3762 3760 3761
3762 3763 3760
3750 3764 3753
3764 3765 3753
3765 3764 3766
3762 3767 3763
3762 3768 3767
3769 3767 3768
3767 3769 3770
3769 3771 3770
3771 3769 3772
3772 3773 3771
3773 3772 3774
3775 3773 3774
3773 3775 3776
3775 3777 3776
3777 3775 3778
3777 3778 3779
3780 3779 3778
3779 3780 3781
3782 3783 3784
3785 3782 3784
3782 3786 3783
3786 3782 3787
3785 3784 3788
3789 3785 3788
3790 3789 3788
3791 3789 3790
3791 3790 3792
3793 3791 3792
3794 3793 3792
3795 3786 3787
3794 3796 3793
3793 3796 3797
3797 3796 3798
3797 3798 3799
3798 3800 3799
3799 3800 3801
3801 3800 3802
3801 3802 3803
3803 3802 3804
3803 3804 3805
3805 3806 3803
3807 3806 3805
3808 3809 3810
3809 3811 3810
3812 3808 3810
3810 3811 3813
3814 3808 3812
3815 3814 3812
3816 3808 3814
3817 3816 3814
3818 3817 3814
3814 3819 3818
3814 3815 3819
3820 3819 3815
3820 3815 3821
3821 3815 3822
3823 3822 3815
3823 3815 3824
3824 3815 3825
3815 3812 3825
3812 3810 3826
3827 3812 3826
3828 3812 3827
3828 3825 3812
3829 3827 3826
3830 3827 3829
3831 3827 3830
3827 3831 3832
3827 3832 3828
3833 3828 3832
3833 3834 3828
3834 3835 3828
3836 3828 3835
3837 3825 3828
3836 3837 3828
3826 3810 3838
3838 3810 3839
3810 3813 3839
3840 3841 3842
3841 3840 3843
3841 3844 3842
3844 3841 3845
3846 3844 3845
3844 3846 3847
3848 3847 3846
3847 3848 3849
3848 3850 3849
3850 3848 3851
3852 3850 3851
3852 3853 3850
3840 3854 3843
3854 3855 3843
3855 3854 3856
3852 3857 3853
3852 3858 3857
3859 3857 3858
3857 3859 3860
3859 3861 3860
3861 3859 3862
3862 3863 3861
3863 3862 3864
3865 3863 3864
3863 3865 3866
3865 3867 3866
3867 3865 3868
3867 3868 3869
3870 3869 3868
3869 3870 3871
3872 3873 3874
3875 3872 3874
3872 3876 3873
3876 3872 3877
3875 3874 3878
3879 3875 3878
3880 3879 3878
3881 3879 3880
3881 3880 3882
3883 3881 3882
3884 3883 3882
3885 3876 3877
3884 3886 3883
3883 3886 3887
3887 3886 3888
3887 3888 3889
3888 3890 3889
3889 3890 3891
3891 3890 3892
3891 3892 3893
3893 3892 3894
3893 3894 3895
3895 3896 3893
3897 3896 3895
3898 3899 3900
3899 3901 3900
3902 3898 3900
3900 3901 3903
3904 3898 3902
3905 3904 3902
3906 3898 3904
3907 3906 3904
3908 3907 3904
3904 3909 3908
3904 3905 3909
3910 3909 3905
3910 3905 3911
3911 3905 3912
3913 3912 3905
3913 3905 3914
3914 3905 3915
3905 3902 3915
3902 3900 3916
3917 3902 3916
3918 3902 3917
3918 3915 3902
3919 3917 3916
3920 3917 3919
3921 3917 3920
3917 3921 3922
3917 3922 3918
3923 3918 3922
3923 3924 3918
3924 3925 3918
3926 3918 3925
3927 3915 3918
3926 3927 3918
3916 3900 3928
3928 3900 3929
3900 3903 3929
3930 3931 3932
3932 3933 3930
3934 3933 3932
3933 3935 3930
3936 3930 3935
3937 3930 3936
3937 3938 3930
3930 3938 3931
3937 3936 3939
3939 3936 3940
3936 3941 3940
3936 3942 3941
3936 3943 3942
3943 3936 3944
3936 3945 3944
3945 3936 3935
3934 3946 3933
3933 3947 3935
3948 3935 3947
3945 3935 3948
3948 3949 3945
3950 3949 3948
3948 3951 3950
3948 3952 3951
3948 3953 3952
3954 3948 3947
3954 3947 3955
3947 3956 3955
3947 3957 3956
3957 3947 3933
3958 3957 3933
3958 3933 3946
3959 3948 3954
3959 3953 3948
3960 3961 3962
3962 3963 3960
3964 3963 3962
3963 3965 3960
3966 3960 3965
3967 3960 3966
3967 3968 3960
3960 3968 3961
3967 3966 3969
3969 3966 3970
3966 3971 3970
3966 3972 3971
3966 3973 3972
3973 3966 3974
3966 3975 3974
3975 3966 3965
3964 3976 3963
3963 3977 3965
3978 3965 3977
3975 3965 3978
3978 3979 3975
3980 3979 3978
3978 3981 3980
3978 3982 3981
3978 3983 3982
3984 3978 3977
3984 3977 3985
3977 3986 3985
3977 3987 3986
3987 3977 3963
3988 3987 3963
3988 3963 3976
3989 3978 3984
3989 3983 3978
3990 3991 3992
3992 3993 3990
3994 3993 3992
3993 3995 3990
3996 3990 3995
3997 3990 3996
3997 3998 3990
3990 3998 3991
3997 3996 3999
3999 3996 4000
3996 4001 4000
3996 4002 4001
3996 4003 4002
4003 3996 4004
3996 4005 4004
4005 3996 3995
3994 4006 3993
3993 4007 3995
4008 3995 4007
4005 3995 4008
4008 4009 4005
4010 4009 4008
4008 4011 4010
4008 4012 4011
4008 4013 4012
4014 4008 4007
4014 4007 4015
4007 4016 4015
4007 4017 4016
4017 4007 3993
4018 4017 3993
4018 3993 4006
4019 4008 4014
4019 4013 4008
4020 4021 4022
4022 4023 4020
4024 4023 4022
4023 4025 4020
4026 4020 4025
4027 4020 4026
4027 4028 4020
4020 4028 4021
4027 4026 4029
4029 4026 4030
4026 4031 4030
4026 4032 4031
4026 4033 4032
4033 4026 4034
4026 4035 4034
4035 4026 4025
4024 4036 4023
4023 4037 4025
4038 4025 4037
4035 4025 4038
4038 4039 4035
4040 4039 4038
4038 4041 4040
4038 4042 4041
4038 4043 4042
4044 4038 4037
4044 4037 4045
4037 4046 4045
4037 4047 4046
4047 4037 4023
4048 4047 4023
4048 4023 4036
4049 4038 4044
4049 4043 4038
4050 4051 4052
4052 4053 4050
4054 4053 4052
4053 4055 4050
4056 4050 4055
4057 4050 4056
4057 4058 4050
4050 4058 4051
4057 4056 4059
4059 4056 4060
4056 4061 4060
4056 4062 4061
4056 4063 4062
4063 4056 4064
4056 4065 4064
4065 4056 4055
4054 4066 4053
4053 4067 4055
4068 4055 4067
4065 4055 4068
4068 4069 4065
4070 4069 4068
4068 4071 4070
4068 4072 4071
4068 4073 4072
4074 4068 4067
4074 4067 4075
4067 4076 4075
4067 4077 4076
4077 4067 4053
4078 4077 4053
4078 4053 4066
4079 4068 4074
4079 4073 4068
4080 4081 4082
4082 4083 4080
4084 4083 4082
4083 4085 4080
4086 4080 4085
4087 4080 4086
4087 4088 4080
4080 4088 4081
4087 4086 4089
4089 4086 4090
4086 4091 4090
4086 4092 4091
4086 4093 4092
4093 4086 4094
4086 4095 4094
4095 4086 4085
4084 4096 4083
4083 4097 4085
4098 4085 4097
4095 4085 4098
4098 4099 4095
4100 4099 4098
4098 4101 4100
4098 4102 4101
4098 4103 4102
4104 4098 4097
4104 4097 4105
4097 4106 4105
4097 4107 4106
4107 4097 4083
4108 4107 4083
4108 4083 4096
4109 4098 4104
4109 4103 4098
4110 4111 4112
4112 4113 4110
4114 4113 4112
4113 4115 4110
4116 4110 4115
4117 4110 4116
4117 4118 4110
4110 4118 4111
4117 4116 4119
4119 4116 4120
4116 4121 4120
4116 4122 4121
4116 4123 4122
4123 4116 4124
4116 4125 4124
4125 4116 4115
4114 4126 4113
4113 4127 4115
4128 4115 4127
4125 4115 4128
4128 4129 4125
4130 4129 4128
4128 4131 4130
4128 4132 4131
4128 4133 4132
4134 4128 4127
4134 4127 4135
4127 4136 4135
4127 4137 4136
4137 4127 4113
4138 4137 4113
4138 4113 4126
4139 4128 4134
4139 4133 4128
4140 4141 4142
4142 4143 4140
4144 4143 4142
4143 4145 4140
4146 4140 4145
4147 4140 4146
4147 4148 4140
4140 4148 4141
4147 4146 4149
4149 4146 4150
4146 4151 4150
4146 4152 4151
4146 4153 4152
4153 4146 4154
4146 4155 4154
4155 4146 4145
4144 4156 4143
4143 4157 4145
4158 4145 4157
4155 4145 4158
4158 4159 4155
4160 4159 4158
4158 4161 4160
4158 4162 4161
4158 4163 4162
4164 4158 4157
4164 4157 4165
4157 4166 4165
4157 4167 4166
4167 4157 4143
4168 4167 4143
4168 4143 4156
4169 4158 4164
4169 4163 4158
4170 4171 4172
4171 4170 4173
4171 4174 4172
4174 4171 4175
4176 4174 4175
4174 4176 4177
4178 4177 4176
4177 4178 4179
4178 4180 4179
4180 4178 4181
4182 4180 4181
4182 4183 4180
4170 4184 4173
4184 4185 4173
4185 4184 4186
4182 4187 4183
4182 4188 4187
4189 4187 4188
4187 4189 4190
4189 4191 4190
4191 4189 4192
4192 4193 4191
4193 4192 4194
4195 4193 4194
4193 4195 4196
4195 4197 4196
4197 4195 4198
4197 4198 4199
4200 4199 4198
4199 4200 4201
4202 4203 4204
4205 4202 4204
4202 4206 4203
4206 4202 4207
4205 4204 4208
4209 4205 4208
4210 4209 4208
4211 4209 4210
4211 4210 4212
4213 4211 4212
4214 4213 4212
4215 4206 4207
4214 4216 4213
4213 4216 4217
4217 4216 4218
4217 4218 4219
4218 4220 4219
4219 4220 4221
4221 4220 4222
4221 4222 4223
4223 4222 4224
4223 4224 4225
4225 4226 4223
4227 4226 4225
4228 4229 4230
4229 4231 4230
4232 4228 4230
4230 4231 4233
4234 4228 4232
4235 4234 4232
4236 4228 4234
4237 4236 4234
4238 4237 4234
4234 4239 4238
4234 4235 4239
4240 4239 4235
4240 4235 4241
4241 4235 4242
4243 4242 4235
4243 4235 4244
4244 4235 4245
4235 4232 4245
4232 4230 4246
4247 4232 4246
4248 4232 4247
4248 4245 4232
4249 4247 4246
4250 4247 4249
4251 4247 4250
4247 4251 4252
4247 4252 4248
4253 4248 4252
4253 4254 4248
4254 4255 4248
4256 4248 4255
4257 4245 4248
4256 4257 4248
4246 4230 4258
4258 4230 4259
4230 4233 4259
4260 4261 4262
4261 4260 4263
4261 4264 4262
4264 4261 4265
4266 4264 4265
4264 4266 4267
4268 4267 4266
4267 4268 4269
4268 4270 4269
4270 4268 4271
4272 4270 4271
4272 4273 4270
4260 4274 4263
4274 4275 4263
4275 4274 4276
4272 4277 4273
4272 4278 4277
4279 4277 4278
4277 4279 4280
4279 4281 4280
4281 4279 4282
4282 4283 4281
4283 4282 4284
4285 4283 4284
4283 4285 4286
4285 4287 4286
4287 4285 4288
4287 4288 4289
4290 4289 4288
4289 4290 4291
4292 4293 4294
4295 4292 4294
4292 4296 4293
4296 4292 4297
4295 4294 4298
4299 4295 4298
4300 4299 4298
4301 4299 4300
4301 4300 4302
4303 4301 4302
4304 4303 4302
4305 4296 4297
4304 4306 4303
4303 4306 4307
4307 4306 4308
4307 4308 4309
4308 4310 4309
4309 4310 4311
4311 4310 4312
4311 4312 4313
4313 4312 4314
4313 4314 4315
4315 4316 4313
4317 4316 4315
4318 4319 4320
4319 4321 4320
4322 4318 4320
4320 4321 4323
4324 4318 4322
4325 4324 4322
4326 4318 4324
4327 4326 4324
4328 4327 4324
4324 4329 4328
4324 4325 4329
4330 4329 4325
4330 4325 4331
4331 4325 4332
4333 4332 4325
4333 4325 4334
4334 4325 4335
4325 4322 4335
4322 4320 4336
4337 4322 4336
4338 4322 4337
4338 4335 4322
4339 4337 4336
4340 4337 4339
4341 4337 4340
4337 4341 4342
4337 4342 4338
4343 4338 4342
4343 4344 4338
4344 4345 4338
4346 4338 4345
4347 4335 4338
4346 4347 4338
4336 4320 4348
4348 4320 4349
4320 4323 4349
4350 4351 4352
4351 4350 4353
4351 4354 4352
4354 4351 4355
4356 4354 4355
4354 4356 4357
4358 4357 4356
4357 4358 4359
4358 4360 4359
4360 4358 4361
4362 4360 4361
4362 4363 4360
4350 4364 4353
4364 4365 4353
4365 4364 4366
4362 4367 4363
4362 4368 4367
4369 4367 4368
4367 4369 4370
4369 4371 4370
4371 4369 4372
4372 4373 4371
4373 4372 4374
4375 4373 4374
4373 4375 4376
4375 4377 4376
4377 4375 4378
4377 4378 4379
4380 4379 4378
4379 4380 4381
4382 4383 4384
4385 4382 4384
4382 4386 4383
4386 4382 4387
4385 4384 4388
4389 4385 4388
4390 4389 4388
4391 4389 4390
4391 4390 4392
4393 4391 4392
4394 4393 4392
4395 4386 4387
4394 4396 4393
4393 4396 4397
4397 4396 4398
4397 4398 4399
4398 4400 4399
4399 4400 4401
4401 4400 4402
4401 4402 4403
4403 4402 4404
4403 4404 4405
4405 4406 4403
4407 4406 4405
4408 4409 4410
4409 4411 4410
4412 4408 4410
4410 4411 4413
4414 4408 4412
4415 4414 4412
4416 4408 4414
4417 4416 4414
4418 4417 4414
4414 4419 4418
4414 4415 4419
4420 4419 4415
4420 4415 4421
4421 4415 4422
4423 4422 4415
4423 4415 4424
4424 4415 4425
4415 4412 4425
4412 4410 4426
4427 4412 4426
4428 4412 4427
4428 4425 4412
4429 4427 4426
4430 4427 4429
4431 4427 4430
4427 4431 4432
4427 4432 4428
4433 4428 4432
4433 4434 4428
4434 4435 4428
4436 4428 4435
4437 4425 4428
4436 4437 4428
4426 4410 4438
4438 4410 4439
4410 4413 4439
4440 4441 4442
4441 4440 4443
4441 4444 4442
4444 4441 4445
4446 4444 4445
4444 4446 4447
4448 4447 4446
4447 4448 4449
4448 4450 4449
4450 4448 4451
4452 4450 4451
4452 4453 4450
4440 4454 4443
4454 4455 4443
4455 4454 4456
4452 4457 4453
4452 4458 4457
4459 4457 4458
4457 4459 4460
4459 4461 4460
4461 4459 4462
4462 4463 4461
4463 4462 4464
4465 4463 4464
4463 4465 4466
4465 4467 4466
4467 4465 4468
4467 4468 4469
4470 4469 4468
4469 4470 4471
4472 4473 4474
4475 4472 4474
4472 4476 4473
4476 4472 4477
4475 4474 4478
4479 4475 4478
4480 4479 4478
4481 4479 4480
4481 4480 4482
4483 4481 4482
4484 4483 4482
4485 4476 4477
4484 4486 4483
4483 4486 4487
4487 4486 4488
4487 4488 4489
4488 4490 4489
4489 4490 4491
4491 4490 4492
4491 4492 4493
4493 4492 4494
4493 4494 4495
4495 4496 4493
4497 4496 4495
4498 4499 4500
4499 4501 4500
4502 4498 4500
4500 4501 4503
4504 4498 4502
4505 4504 4502
4506 4498 4504
4507 4506 4504
4508 4507 4504
4504 4509 4508
4504 4505 4509
4510 4509 4505
4510 4505 4511
4511 4505 4512
4513 4512 4505
4513 4505 4514
4514 4505 4515
4505 4502 4515
4502 4500 4516
4517 4502 4516
4518 4502 4517
4518 4515 4502
4519 4517 4516
4520 4517 4519
4521 4517 4520
4517 4521 4522
4517 4522 4518
4523 4518 4522
4523 4524 4518
4524 4525 4518
4526 4518 4525
4527 4515 4518
4526 4527 4518
4516 4500 4528
4528 4500 4529
4500 4503 4529
4530 4531 4532
4531 4530 4533
4531 4534 4532
4534 4531 4535
4536 4534 4535
4534 4536 4537
4538 4537 4536
4537 4538 4539
4538 4540 4539
4540 4538 4541
4542 4540 4541
4542 4543 4540
4530 4544 4533
4544 4545 4533
4545 4544 4546
4542 4547 4543
4542 4548 4547
4549 4547 4548
4547 4549 4550
4549 4551 4550
4551 4549 4552
4552 4553 4551
4553 4552 4554
4555 4553 4554
4553 4555 4556
4555 4557 4556
4557 4555 4558
4557 4558 4559
4560 4559 4558
4559 4560 4561
4562 4563 4564
4565 4562 4564
4562 4566 4563
4566 4562 4567
4565 4564 4568
4569 4565 4568
4570 4569 4568
4571 4569 4570
4571 4570 4572
4573 4571 4572
4574 4573 4572
4575 4566 4567
4574 4576 4573
4573 4576 4577
4577 4576 4578
4577 4578 4579
4578 4580 4579
4579 4580 4581
4581 4580 4582
4581 4582 4583
4583 4582 4584
4583 4584 4585
4585 4586 4583
4587 4586 4585
4588 4589 4590
4589 4591 4590
4592 4588 4590
4590 4591 4593
4594 4588 4592
4595 4594 4592
4596 4588 4594
4597 4596 4594
4598 4597 4594
4594 4599 4598
4594 4595 4599
4600 4599 4595
4600 4595 4601
4601 4595 4602
4603 4602 4595
4603 4595 4604
4604 4595 4605
4595 4592 4605
4592 4590 4606
4607 4592 4606
4608 4592 4607
4608 4605 4592
4609 4607 4606
4610 4607 4609
4611 4607 4610
4607 4611 4612
4607 4612 4608
4613 4608 4612
4613 4614 4608
4614 4615 4608
4616 4608 4615
4617 4605 4608
4616 4617 4608
4606 4590 4618
4618 4590 4619
4590 4593 4619
4620 4621 4622
4621 4620 4623
4621 4624 4622
4624 4621 4625
4626 4624 4625
4624 4626 4627
4628 4627 4626
4627 4628 4629
4628 4630 4629
4630 4628 4631
4632 4630 4631
4632 4633 4630
4620 4634 4623
4634 4635 4623
4635 4634 4636
4632 4637 4633
4632 4638 4637
4639 4637 4638
4637 4639 4640
4639 4641 4640
4641 4639 4642
4642 4643 4641
4643 4642 4644
4645 4643 4644
4643 4645 4646
4645 4647 4646
4647 4645 4648
4647 4648 4649
4650 4649 4648
4649 4650 4651
4652 4653 4654
4655 4652 4654
4652 4656 4653
4656 4652 4657
4655 4654 4658
4659 4655 4658
4660 4659 4658
4661 4659 4660
4661 4660 4662
4663 4661 4662
4664 4663 4662
4665 4656 4657
4664 4666 4663
4663 4666 4667
4667 4666 4668
4667 4668 4669
4668 4670 4669
4669 4670 4671
4671 4670 4672
4671 4672 4673
4673 4672 4674
4673 4674 4675
4675 4676 4673
4677 4676 4675
4678 4679 4680
4679 4681 4680
4682 4678 4680
4680 4681 4683
4684 4678 4682
4685 4684 4682
4686 4678 4684
4687 4686 4684
4688 4687 4684
4684 4689 4688
4684 4685 4689
4690 4689 4685
4690 4685 4691
4691 4685 4692
4693 4692 4685
4693 4685 4694
4694 4685 4695
4685 4682 4695
4682 4680 4696
4697 4682 4696
4698 4682 4697
4698 4695 4682
4699 4697 4696
4700 4697 4699
4701 4697 4700
4697 4701 4702
4697 4702 4698
4703 4698 4702
4703 4704 4698
4704 4705 4698
4706 4698 4705
4707 4695 4698
4706 4707 4698
4696 4680 4708
4708 4680 4709
4680 4683 4709
