byte offset: 0
first index: 80295
index count: 1164
topology: trianglelist
format: DXGI_FORMAT_R16_UINT

20402 20403 20404
20403 20405 20404
20406 20405 20403
20406 20407 20405
20407 20408 20405
20402 20404 20409
20410 20411 20412
20410 20413 20411
20411 20414 20412
20412 20414 20415
20416 20417 20418
20418 20419 20416
20418 20420 20419
20417 20421 20418
20417 20422 20421
20423 20422 20417
20423 20424 20422
20424 20425 20422
20426 20427 20428
20426 20429 20427
20427 20430 20428
20431 20432 20433
20433 20434 20431
20433 20435 20434
20432 20436 20433
20437 20436 20432
20437 20438 20436
20438 20439 20436
20440 20441 20442
20440 20443 20441
20441 20444 20442
20445 20446 20447
20447 20448 20445
20447 20449 20448
20446 20450 20447
20446 20451 20450
20452 20451 20446
20452 20453 20451
20453 20454 20451
20455 20456 20457
20455 20458 20456
20456 20459 20457
20460 20461 20462
20462 20463 20460
20462 20464 20463
20461 20465 20462
20466 20465 20461
20466 20467 20465
20467 20468 20465
20469 20470 20471
20469 20472 20470
20470 20473 20471
20474 20475 20476
20476 20475 20477
20478 20476 20477
20478 20477 20479
20479 20477 20480
20474 20481 20475
20482 20483 20484
20482 20484 20485
20484 20483 20486
20483 20487 20486
20488 20489 20490
20489 20488 20491
20489 20491 20492
20490 20489 20493
20490 20493 20494
20495 20490 20494
20495 20494 20496
20496 20494 20497
20498 20499 20500
20498 20500 20501
20500 20499 20502
20503 20504 20505
20504 20503 20506
20504 20506 20507
20505 20504 20508
20509 20505 20508
20509 20508 20510
20510 20508 20511
20512 20513 20514
20512 20514 20515
20514 20513 20516
20517 20518 20519
20518 20517 20520
20518 20520 20521
20519 20518 20522
20519 20522 20523
20524 20519 20523
20524 20523 20525
20525 20523 20526
20527 20528 20529
20527 20529 20530
20529 20528 20531
20532 20533 20534
20533 20532 20535
20533 20535 20536
20534 20533 20537
20538 20534 20537
20538 20537 20539
20539 20537 20540
20541 20542 20543
20541 20543 20544
20543 20542 20545
20546 20547 20548
20549 20547 20546
20547 20549 20550
20548 20547 20551
20552 20551 20547
20552 20547 20550
20552 20550 20553
20551 20552 20554
20555 20550 20549
20550 20555 20556
20550 20556 20553
20557 20558 20559
20558 20560 20559
20561 20557 20559
20562 20561 20559
20563 20562 20559
20563 20559 20560
20564 20563 20560
20558 20565 20560
20560 20565 20564
20566 20565 20558
20566 20567 20565
20567 20568 20565
20568 20569 20565
20565 20569 20564
20570 20571 20572
20571 20570 20573
20571 20574 20572
20575 20576 20577
20576 20578 20577
20578 20576 20579
20580 20581 20582
20581 20580 20583
20584 20581 20583
20585 20584 20583
20586 20585 20583
20587 20580 20582
20580 20587 20588
20587 20589 20588
20588 20590 20580
20580 20590 20583
20583 20590 20586
20590 20588 20591
20592 20591 20588
20589 20592 20588
20593 20594 20595
20593 20596 20594
20596 20597 20594
20597 20598 20594
20598 20595 20594
20597 20599 20598
20596 20600 20597
20601 20602 20603
20602 20604 20603
20605 20606 20607
20606 20608 20607
20608 20606 20609
20610 20611 20612
20613 20614 20615
20613 20616 20617
20613 20618 20619
20620 20621 20622
20620 20623 20624
20625 20626 20627
20626 20628 20627
20628 20629 20627
20627 20629 20630
20629 20631 20630
20631 20629 20632
20627 20630 20633
20627 20633 20634
20634 20635 20627
20635 20625 20627
20632 20636 20631
20636 20632 20637
20637 20638 20636
20638 20637 20639
20640 20639 20637
20639 20640 20641
20642 20638 20639
20641 20642 20639
20637 20643 20640
20637 20632 20643
20644 20632 20629
20632 20644 20643
20645 20643 20644
20643 20645 20646
20643 20646 20640
20647 20645 20644
20648 20647 20644
20648 20644 20628
20644 20629 20628
20642 20649 20638
20649 20642 20650
20642 20651 20650
20642 20641 20652
20642 20652 20651
20653 20654 20655
20655 20656 20653
20656 20655 20657
20654 20658 20655
20658 20659 20655
20659 20657 20655
20659 20660 20657
20659 20658 20661
20657 20662 20656
20662 20657 20663
20657 20660 20663
20664 20665 20666
20666 20665 20667
20668 20665 20664
20669 20665 20668
20670 20665 20669
20670 20667 20665
20671 20667 20670
20666 20667 20672
20667 20671 20672
20673 20666 20672
20673 20672 20674
20674 20672 20675
20675 20672 20676
20672 20671 20676
20677 20678 20679
20678 20677 20680
20677 20679 20681
20682 20683 20684
20685 20684 20683
20684 20685 20686
20687 20688 20689
20688 20687 20690
20691 20690 20687
20692 20690 20691
20693 20690 20692
20688 20694 20689
20694 20688 20695
20694 20695 20696
20697 20695 20688
20688 20690 20697
20690 20693 20697
20695 20697 20698
20699 20695 20698
20696 20695 20699
20700 20701 20702
20700 20702 20703
20703 20702 20704
20704 20702 20705
20705 20702 20701
20704 20705 20706
20703 20704 20707
20708 20709 20710
20710 20709 20711
20712 20713 20714
20715 20714 20713
20714 20715 20716
20717 20718 20719
20719 20718 20720
20720 20718 20721
20718 20722 20721
20723 20721 20722
20721 20723 20724
20718 20725 20722
20718 20726 20725
20726 20718 20727
20727 20718 20717
20728 20724 20723
20724 20728 20729
20730 20729 20728
20729 20730 20731
20731 20732 20729
20732 20731 20733
20734 20731 20730
20734 20733 20731
20729 20732 20735
20729 20735 20724
20736 20724 20735
20724 20736 20721
20735 20737 20736
20737 20735 20738
20735 20732 20738
20739 20736 20737
20740 20736 20739
20740 20720 20736
20736 20720 20721
20734 20730 20741
20741 20742 20734
20734 20742 20743
20733 20734 20744
20734 20743 20744
20745 20746 20747
20746 20745 20748
20749 20746 20748
20749 20750 20746
20749 20751 20750
20752 20751 20749
20753 20751 20752
20753 20754 20751
20755 20751 20754
20755 20756 20751
20756 20755 20757
20755 20758 20757
20757 20758 20759
20757 20759 20760
20761 20762 20763
20764 20763 20762
20764 20765 20763
20766 20765 20764
20767 20768 20766
20767 20769 20768
20768 20769 20770
20770 20769 20771
20770 20771 20772
20773 20774 20775
20775 20776 20773
20777 20776 20775
20777 20775 20778
20777 20778 20779
20780 20777 20779
20781 20780 20779
20781 20779 20782
20783 20782 20779
20783 20779 20784
20784 20785 20783
20783 20785 20786
20785 20787 20786
20785 20788 20787
20789 20790 20791
20792 20791 20790
20792 20790 20793
20794 20792 20793
20795 20794 20793
20795 20793 20796
20793 20797 20796
20797 20798 20796
20797 20799 20798
20800 20801 20802
20803 20800 20802
20800 20803 20804
20805 20804 20803
20804 20805 20806
20807 20806 20805
20806 20807 20808
20809 20808 20807
20810 20808 20809
20810 20809 20811
20812 20810 20811
20811 20813 20812
20812 20813 20814
20814 20813 20815
20816 20814 20815
20814 20816 20817
20817 20816 20818
20801 20819 20820
20801 20820 20821
20820 20822 20821
20822 20820 20823
20823 20824 20822
20824 20823 20825
20801 20800 20819
20826 20824 20825
20827 20828 20829
20827 20830 20828
20830 20827 20831
20831 20832 20830
20832 20831 20833
20833 20834 20832
20834 20833 20835
20836 20834 20835
20837 20836 20835
20837 20838 20836
20839 20838 20837
20838 20839 20840
20839 20841 20840
20841 20842 20840
20841 20843 20842
20843 20841 20844
20844 20845 20843
20829 20846 20847
20829 20848 20846
20849 20846 20848
20846 20849 20850
20851 20850 20849
20850 20851 20852
20829 20847 20827
20853 20852 20851
