byte offset: 0
first index: 0
index count: 8130
topology: trianglelist
format: DXGI_FORMAT_R16_UINT

0 1 2
0 2 3
2 1 4
2 4 5
6 4 1
6 1 7
7 1 0
7 0 8
7 8 9
7 9 10
6 7 10
9 8 11
6 10 12
13 2 5
13 5 14
15 13 14
15 14 16
17 13 15
17 18 13
18 3 2
18 2 13
19 20 21
19 21 22
23 21 20
23 20 24
25 23 24
25 24 26
27 25 26
27 26 28
29 30 31
29 31 32
31 33 32
32 33 34
30 29 35
30 35 36
37 38 39
39 38 40
41 39 40
41 40 42
43 37 39
44 37 43
44 45 37
46 47 48
46 48 49
50 49 48
50 51 49
52 47 46
52 46 53
54 52 53
54 53 55
50 56 57
58 57 56
58 56 59
50 57 60
61 58 59
61 62 58
63 62 61
63 64 62
65 66 67
65 67 68
69 66 65
69 70 66
71 70 69
71 72 70
68 67 73
68 73 74
75 76 77
75 77 78
78 77 79
80 78 79
80 79 81
82 80 81
82 81 83
84 82 83
85 86 87
85 87 88
85 88 89
90 91 92
90 92 93
94 91 90
94 95 91
91 96 92
91 97 96
95 97 91
95 98 97
99 100 101
99 101 102
103 100 99
103 104 100
105 106 107
105 107 108
109 106 105
109 110 106
111 112 113
111 113 114
115 112 111
115 116 112
112 117 113
112 118 117
116 118 112
116 119 118
120 121 122
120 122 123
124 121 120
124 125 121
126 127 128
126 128 129
130 127 126
130 131 127
132 133 134
132 134 135
134 136 135
134 137 136
138 135 136
138 139 135
139 132 135
139 140 132
139 141 140
139 142 141
138 142 139
141 143 140
138 144 142
145 137 134
145 146 137
147 146 145
147 148 146
149 147 145
149 145 150
150 145 134
150 134 133
151 152 153
151 153 154
155 154 153
155 156 154
157 156 155
157 158 156
159 158 157
159 160 158
161 162 163
161 163 164
163 162 165
162 166 165
164 167 161
164 168 167
169 170 171
170 172 171
173 172 170
173 174 172
175 170 169
176 175 169
176 169 177
178 179 180
178 180 181
182 180 179
182 179 183
184 178 181
184 185 178
186 185 184
186 187 185
182 188 189
182 189 190
191 190 189
191 192 190
193 192 191
193 191 194
195 193 194
195 194 196
197 198 199
197 199 200
201 197 200
201 200 202
203 201 202
203 202 204
198 205 199
198 206 205
207 208 209
207 209 210
208 211 209
212 211 208
212 213 211
214 213 212
214 215 213
216 215 214
217 218 219
217 220 218
217 221 220
222 223 224
222 224 225
226 222 225
226 225 227
225 224 228
225 228 229
227 225 229
227 229 230
231 232 233
231 233 234
235 231 234
235 234 236
237 238 239
237 239 240
241 237 240
241 240 242
243 244 245
243 245 246
247 243 246
247 246 248
246 245 249
246 249 250
248 246 250
248 250 251
252 253 254
252 254 255
256 252 255
256 255 257
258 259 260
258 260 261
262 258 261
262 261 263
264 265 266
264 266 267
266 268 267
266 269 268
270 267 268
270 271 267
271 264 267
271 272 264
271 273 272
271 274 273
270 274 271
273 275 272
270 276 274
277 269 266
277 278 269
279 278 277
279 280 278
281 279 277
281 277 282
282 277 266
282 266 265
283 284 285
283 285 286
287 286 285
287 288 286
289 288 287
289 290 288
291 290 289
291 292 290
293 294 295
293 295 296
295 294 297
294 298 297
296 299 293
296 300 299
301 302 303
302 304 303
305 304 302
305 306 304
307 302 301
308 307 301
308 301 309
310 311 312
310 312 313
314 310 313
314 313 315
316 314 315
316 315 317
311 318 312
311 319 318
320 321 322
320 322 323
321 324 322
325 324 321
325 326 324
327 326 325
327 328 326
329 328 327
330 331 332
330 333 331
330 334 333
335 336 337
335 337 338
339 335 338
339 338 340
338 337 341
338 341 342
340 338 342
340 342 343
344 345 346
344 346 347
348 344 347
348 347 349
350 351 352
350 352 353
354 350 353
354 353 355
356 357 358
356 358 359
360 356 359
360 359 361
359 358 362
359 362 363
361 359 363
361 363 364
365 366 367
365 367 368
369 365 368
369 368 370
371 372 373
371 373 374
375 371 374
375 374 376
377 378 379
377 379 380
379 378 381
379 381 382
383 381 378
383 378 384
384 378 377
384 377 385
384 385 386
384 386 387
383 384 387
386 385 388
383 387 389
390 379 382
390 382 391
392 390 391
392 391 393
394 390 392
394 395 390
395 380 379
395 379 390
396 397 398
396 398 399
400 398 397
400 397 401
402 400 401
402 401 403
404 402 403
404 403 405
406 407 408
406 408 409
408 410 409
409 410 411
407 406 412
407 412 413
414 415 416
416 415 417
418 416 417
418 417 419
420 414 416
421 414 420
421 422 414
423 424 425
423 425 426
427 424 423
427 428 424
429 428 427
429 430 428
426 425 431
426 431 432
433 434 435
433 435 436
436 435 437
438 436 437
438 437 439
440 438 439
440 439 441
442 440 441
443 444 445
443 445 446
443 446 447
448 449 450
448 450 451
452 449 448
452 453 449
449 454 450
449 455 454
453 455 449
453 456 455
457 458 459
457 459 460
461 458 457
461 462 458
463 464 465
463 465 466
467 464 463
467 468 464
469 470 471
469 471 472
473 470 469
473 474 470
470 475 471
470 476 475
474 476 470
474 477 476
478 479 480
478 480 481
482 479 478
482 483 479
484 485 486
484 486 487
488 485 484
488 489 485
490 491 492
492 493 490
493 494 490
492 495 493
495 496 493
492 497 495
498 499 500
498 500 501
499 502 500
499 503 502
504 503 505
505 506 504
506 507 504
508 506 505
508 505 509
510 508 509
511 510 509
512 510 511
513 512 511
513 511 514
515 513 514
515 516 513
517 516 515
517 515 518
519 517 518
520 519 518
521 519 520
522 521 520
522 523 521
524 525 526
525 527 526
528 527 525
524 529 525
524 530 529
528 525 531
531 532 528
531 533 532
534 533 531
534 531 535
536 534 535
537 536 535
538 537 535
538 539 537
540 541 542
540 542 543
544 541 540
544 540 545
544 545 546
544 546 547
544 547 548
548 547 549
550 548 549
551 550 549
551 549 552
553 551 552
553 552 554
555 554 552
556 555 552
555 556 557
558 559 560
558 560 561
562 559 558
562 563 559
564 565 566
564 566 567
564 567 568
564 568 569
568 570 569
568 571 570
572 573 574
572 574 575
576 573 572
576 572 577
578 576 577
578 579 576
580 579 578
580 578 581
582 583 584
582 584 585
586 582 585
586 585 587
588 586 587
588 587 589
590 588 589
590 589 591
592 593 594
592 594 595
596 597 598
596 598 599
600 596 599
600 599 601
602 600 601
602 601 603
604 602 603
604 603 605
606 607 608
606 608 609
610 611 612
610 612 613
614 610 613
615 616 617
615 617 618
619 615 618
619 618 620
621 622 623
623 622 624
623 624 625
625 624 626
624 627 626
627 628 626
627 629 628
630 631 632
630 632 633
634 632 631
634 631 635
636 630 633
636 633 637
637 638 636
637 639 638
639 640 638
639 641 640
642 643 644
645 646 647
645 648 646
648 645 649
649 650 648
651 650 649
651 652 650
652 651 653
653 651 654
654 655 653
654 656 655
654 657 656
657 658 656
658 657 659
659 660 658
645 661 649
661 662 649
659 657 663
659 663 664
659 664 665
664 666 665
666 667 665
666 668 667
669 670 671
669 671 672
673 674 675
673 675 676
677 675 674
677 678 675
679 673 676
679 676 680
677 681 678
677 682 681
683 682 677
684 678 681
684 681 685
686 678 684
686 687 678
687 688 678
688 675 678
683 677 689
690 689 677
683 689 691
691 692 683
691 693 692
691 694 693
695 693 694
695 694 696
696 697 695
696 698 697
697 698 699
700 697 699
690 677 674
701 702 703
701 703 704
705 701 704
705 706 701
707 708 709
707 709 710
710 709 711
710 711 712
712 711 713
712 713 714
715 716 717
715 717 718
719 720 721
719 721 722
723 720 719
723 724 720
725 724 723
725 726 724
727 728 729
727 729 730
729 731 730
729 732 731
733 734 735
733 735 736
737 738 739
737 739 740
740 739 741
740 741 742
742 741 743
742 743 744
744 743 745
744 745 746
747 746 745
747 748 746
749 750 751
749 751 752
749 753 750
749 754 753
754 755 753
754 756 755
756 757 755
756 758 757
758 759 757
758 760 759
760 761 759
760 762 761
762 763 761
762 764 763
764 765 763
764 766 765
767 768 769
767 769 770
771 772 773
771 773 774
775 776 777
776 778 777
779 780 781
779 781 782
783 779 782
783 784 779
783 785 784
783 786 785
787 788 789
787 789 790
791 792 793
791 793 794
792 795 793
792 796 795
796 797 795
796 798 797
799 800 801
799 801 802
803 804 805
803 805 806
807 808 809
807 809 810
811 812 813
811 813 814
815 816 817
815 817 818
818 817 819
818 819 820
820 819 821
820 821 822
823 824 825
823 825 826
827 828 829
830 827 829
830 829 831
832 831 829
832 833 831
834 833 832
834 835 833
836 837 838
836 838 839
840 841 842
840 842 843
844 845 846
844 846 847
848 849 850
848 850 851
848 851 852
848 852 853
850 854 851
854 855 851
854 856 855
857 854 850
857 850 858
850 859 858
860 861 862
860 862 863
864 865 866
864 866 867
868 869 870
868 870 871
869 872 870
869 873 872
874 875 876
874 876 877
878 879 880
878 880 881
882 883 884
882 884 885
886 887 888
886 888 889
890 891 892
890 892 893
894 895 896
894 896 897
898 899 900
898 900 901
902 903 904
902 904 905
906 907 908
906 909 907
906 910 909
911 910 906
911 906 912
913 907 909
913 914 907
907 915 908
915 916 908
911 917 910
911 918 917
919 920 921
920 919 922
920 922 923
920 924 921
921 924 925
921 925 926
927 928 929
927 929 930
931 932 933
931 933 934
935 936 937
935 937 938
939 940 941
939 941 942
943 944 945
943 945 946
947 948 949
947 949 950
951 952 953
951 953 954
955 956 957
955 957 958
959 960 961
959 961 962
963 964 965
966 967 968
966 968 969
970 971 972
970 972 973
972 974 973
973 974 975
973 975 976
976 975 977
976 977 978
972 979 974
980 981 982
980 982 983
984 985 986
984 986 987
987 988 984
989 990 991
989 991 992
993 994 995
993 995 996
997 998 999
997 999 1000
1001 1002 1003
1001 1003 1004
1005 1006 1007
1005 1007 1008
1009 1010 1011
1012 1013 1014
1015 1014 1013
1015 1016 1014
1017 1018 1019
1017 1019 1020
1021 1022 1023
1021 1023 1024
1025 1022 1021
1025 1026 1022
1027 1028 1029
1027 1029 1030
1030 1029 1031
1030 1031 1032
1033 1034 1035
1033 1035 1036
1037 1038 1039
1040 1038 1037
1041 1038 1040
1042 1041 1040
1042 1043 1041
1042 1044 1043
1045 1046 1047
1045 1047 1048
1046 1049 1047
1046 1050 1049
1050 1051 1049
1052 1053 1054
1052 1054 1055
1056 1052 1055
1056 1055 1057
1058 1056 1057
1058 1059 1056
1054 1053 1060
1054 1060 1061
1062 1063 1064
1062 1064 1065
1062 1065 1066
1067 1062 1066
1064 1063 1068
1063 1069 1068
1063 1070 1069
1070 1063 1062
1071 1070 1062
1071 1062 1067
1072 1071 1067
1064 1068 1073
1074 1067 1066
1074 1075 1067
1075 1076 1067
1076 1072 1067
1077 1078 1079
1077 1079 1080
1078 1077 1081
1082 1083 1084
1082 1084 1085
1086 1087 1088
1086 1088 1089
1087 1086 1090
1087 1090 1091
1088 1092 1089
1088 1093 1092
1094 1095 1096
1094 1096 1097
1098 1099 1100
1098 1100 1101
1102 1103 1104
1102 1104 1105
1106 1107 1108
1106 1108 1109
1109 1108 1110
1109 1110 1111
1112 1113 1114
1112 1114 1115
1115 1114 1116
1117 1118 1119
1117 1119 1120
1121 1122 1123
1121 1123 1124
1125 1126 1127
1125 1127 1128
1129 1130 1131
1129 1131 1132
1131 1133 1132
1132 1133 1134
1135 1132 1134
1135 1134 1136
1135 1136 1137
1138 1135 1137
1138 1139 1135
1139 1140 1135
1140 1141 1135
1142 1130 1129
1142 1129 1143
1143 1144 1142
1145 1144 1143
1146 1147 1148
1149 1147 1146
1149 1146 1150
1151 1146 1148
1152 1151 1148
1152 1153 1151
1154 1151 1153
1153 1155 1154
1154 1155 1156
1150 1157 1149
1150 1158 1157
1150 1159 1158
1160 1161 1162
1160 1162 1163
1164 1162 1161
1164 1161 1165
1163 1166 1160
1163 1167 1166
1168 1169 1170
1168 1170 1171
1172 1168 1171
1172 1171 1173
1174 1172 1173
1174 1173 1175
1169 1176 1170
1169 1177 1176
1177 1178 1176
1177 1179 1178
1179 1180 1178
1179 1181 1180
1182 1174 1175
1182 1175 1183
1184 1182 1183
1184 1183 1185
1186 1187 1188
1188 1189 1186
1190 1191 1192
1192 1193 1190
1192 1194 1193
1195 1196 1197
1198 1199 1200
1201 1202 1203
1204 1205 1206
1207 1208 1209
1210 1211 1212
1211 1213 1212
1214 1215 1216
1214 1216 1217
1214 1217 1218
1215 1219 1220
1221 1219 1215
1215 1222 1221
1223 1221 1222
1223 1222 1224
1223 1224 1225
1225 1226 1223
1225 1227 1226
1225 1228 1227
1228 1229 1227
1228 1230 1229
1230 1231 1229
1230 1232 1231
1232 1233 1231
1232 1234 1233
1235 1236 1237
1237 1238 1235
1239 1240 1238
1239 1241 1240
1242 1243 1239
1243 1242 1244
1243 1244 1245
1246 1245 1244
1246 1244 1247
1248 1246 1247
1248 1247 1249
1250 1248 1249
1250 1249 1251
1252 1250 1251
1252 1251 1253
1254 1252 1253
1254 1255 1252
1240 1256 1257
1256 1240 1258
1259 1258 1235
1259 1235 1243
1260 1259 1241
1241 1261 1260
1241 1262 1261
1263 1261 1262
1263 1264 1261
1265 1264 1263
1265 1266 1264
1267 1266 1265
1267 1268 1266
1269 1268 1267
1269 1270 1268
1271 1270 1269
1271 1269 1272
1273 1274 1275
1273 1275 1276
1277 1278 1279
1277 1279 1280
1281 1277 1280
1281 1280 1282
1283 1281 1282
1283 1282 1284
1285 1283 1284
1285 1284 1286
1279 1278 1287
1279 1287 1288
1289 1290 1291
1289 1291 1292
1291 1293 1292
1291 1294 1293
1294 1295 1293
1294 1296 1295
1296 1297 1295
1296 1298 1297
1298 1299 1297
1298 1300 1299
1300 1301 1299
1300 1302 1301
1303 1304 1305
1303 1305 1306
1307 1303 1306
1307 1306 1308
1309 1307 1308
1309 1308 1310
1311 1309 1310
1311 1310 1312
1313 1311 1312
1313 1312 1314
1315 1316 1317
1315 1317 1318
1319 1320 1321
1322 1323 1324
1323 1322 1325
1325 1322 1326
1323 1325 1327
1327 1325 1328
1323 1327 1329
1330 1331 1332
1330 1332 1333
1333 1332 1334
1333 1334 1335
1336 1335 1337
1337 1338 1336
1337 1339 1338
1340 1336 1338
1340 1341 1336
1342 1341 1340
1343 1341 1342
1344 1343 1342
1345 1343 1344
1345 1346 1343
1347 1346 1345
1347 1345 1348
1349 1347 1348
1349 1350 1347
1351 1350 1349
1352 1350 1351
1353 1352 1351
1354 1352 1353
1354 1353 1355
1356 1357 1358
1358 1357 1359
1360 1358 1359
1356 1358 1361
1356 1361 1362
1360 1363 1358
1363 1360 1364
1363 1364 1365
1366 1363 1365
1366 1367 1363
1368 1367 1366
1369 1367 1368
1370 1367 1369
1370 1369 1371
1372 1373 1374
1372 1374 1375
1376 1372 1375
1376 1377 1372
1376 1378 1377
1376 1379 1378
1376 1380 1379
1380 1381 1379
1382 1381 1380
1383 1381 1382
1383 1384 1381
1385 1384 1383
1385 1386 1384
1387 1384 1386
1388 1384 1387
1387 1389 1388
1390 1391 1392
1390 1392 1393
1394 1390 1393
1394 1393 1395
1396 1397 1398
1396 1398 1399
1396 1400 1397
1396 1401 1400
1400 1401 1402
1400 1402 1403
1404 1405 1406
1404 1406 1407
1408 1404 1407
1408 1409 1404
1410 1409 1408
1410 1408 1411
1412 1410 1411
1412 1413 1410
1414 1415 1416
1414 1416 1417
1418 1415 1414
1418 1419 1415
1420 1419 1418
1420 1421 1419
1422 1421 1420
1422 1423 1421
1424 1425 1426
1424 1426 1427
1428 1429 1430
1428 1430 1431
1432 1429 1428
1432 1433 1429
1434 1433 1432
1434 1435 1433
1436 1435 1434
1436 1437 1435
1438 1439 1440
1438 1440 1441
1442 1443 1444
1442 1444 1445
1446 1443 1442
1447 1448 1449
1447 1449 1450
1451 1448 1447
1451 1452 1448
1453 1454 1455
1454 1456 1455
1454 1457 1456
1457 1458 1456
1456 1458 1459
1459 1458 1460
1459 1460 1461
1462 1463 1464
1462 1464 1465
1466 1465 1464
1466 1467 1465
1468 1463 1462
1468 1469 1463
1469 1468 1470
1469 1470 1471
1471 1470 1472
1471 1472 1473
1474 1475 1476
1477 1478 1479
1477 1479 1480
1481 1477 1480
1480 1482 1481
1483 1481 1482
1483 1482 1484
1484 1485 1483
1485 1486 1483
1486 1485 1487
1486 1487 1488
1486 1488 1489
1489 1488 1490
1491 1489 1490
1490 1492 1491
1477 1481 1493
1493 1481 1494
1491 1495 1489
1491 1496 1495
1491 1497 1496
1496 1497 1498
1498 1497 1499
1498 1499 1500
1501 1502 1503
1501 1503 1504
1505 1506 1507
1505 1507 1508
1509 1508 1507
1509 1507 1510
1511 1506 1505
1511 1512 1506
1509 1510 1513
1509 1513 1514
1515 1509 1514
1516 1513 1510
1516 1517 1513
1518 1516 1510
1518 1510 1519
1519 1510 1520
1520 1510 1507
1515 1521 1509
1522 1509 1521
1522 1508 1509
1515 1523 1521
1523 1515 1524
1523 1524 1525
1523 1525 1526
1527 1526 1525
1527 1528 1526
1528 1527 1529
1528 1529 1530
1529 1531 1530
1532 1531 1529
1533 1534 1535
1533 1535 1536
1537 1534 1533
1537 1533 1538
1539 1540 1541
1539 1541 1542
1540 1543 1541
1540 1544 1543
1544 1545 1543
1544 1546 1545
1547 1548 1549
1547 1549 1550
1551 1552 1553
1551 1553 1554
1555 1551 1554
1555 1554 1556
1557 1555 1556
1557 1556 1558
1559 1560 1561
1559 1561 1562
1561 1560 1563
1561 1563 1564
1565 1566 1567
1565 1567 1568
1569 1570 1571
1569 1571 1572
1570 1573 1571
1570 1574 1573
1574 1575 1573
1574 1576 1575
1576 1577 1575
1576 1578 1577
1579 1577 1578
1579 1578 1580
1581 1582 1583
1581 1583 1584
1585 1582 1581
1585 1586 1582
1587 1586 1585
1587 1588 1586
1589 1588 1587
1589 1590 1588
1591 1590 1589
1591 1592 1590
1593 1592 1591
1593 1594 1592
1595 1594 1593
1595 1596 1594
1595 1597 1596
1595 1598 1597
1599 1600 1601
1599 1601 1602
1603 1604 1605
1603 1605 1606
1607 1608 1609
1610 1607 1609
1611 1612 1613
1611 1613 1614
1615 1612 1611
1615 1611 1616
1615 1616 1617
1615 1617 1618
1619 1620 1621
1619 1621 1622
1623 1624 1625
1623 1625 1626
1626 1625 1627
1626 1627 1628
1628 1627 1629
1628 1629 1630
1631 1632 1633
1631 1633 1634
1635 1636 1637
1635 1637 1638
1639 1640 1641
1639 1641 1642
1643 1644 1645
1643 1645 1646
1647 1648 1649
1647 1649 1650
1648 1651 1649
1648 1652 1651
1652 1653 1651
1652 1654 1653
1655 1656 1657
1655 1657 1658
1659 1660 1661
1662 1660 1659
1662 1663 1660
1664 1660 1663
1664 1663 1665
1666 1664 1665
1666 1665 1667
1668 1669 1670
1668 1670 1671
1672 1673 1674
1672 1674 1675
1676 1677 1678
1676 1678 1679
1680 1681 1682
1680 1683 1681
1680 1684 1683
1680 1685 1684
1681 1683 1686
1686 1683 1687
1686 1687 1688
1689 1681 1686
1689 1690 1681
1681 1690 1691
1692 1693 1694
1692 1694 1695
1696 1697 1698
1696 1698 1699
1700 1701 1702
1700 1702 1703
1703 1702 1704
1703 1704 1705
1706 1707 1708
1706 1708 1709
1710 1711 1712
1710 1712 1713
1714 1715 1716
1714 1716 1717
1718 1719 1720
1718 1720 1721
1722 1723 1724
1722 1724 1725
1726 1727 1728
1726 1728 1729
1730 1731 1732
1730 1732 1733
1734 1735 1736
1734 1736 1737
1738 1739 1740
1738 1740 1741
1738 1741 1742
1743 1738 1742
1743 1744 1738
1745 1741 1740
1745 1740 1746
1740 1739 1747
1747 1739 1748
1743 1742 1749
1743 1749 1750
1751 1752 1753
1753 1754 1751
1753 1755 1754
1753 1752 1756
1752 1757 1756
1752 1758 1757
1759 1760 1761
1759 1761 1762
1763 1764 1765
1763 1765 1766
1767 1768 1769
1767 1769 1770
1771 1772 1773
1771 1773 1774
1775 1776 1777
1775 1777 1778
1779 1780 1781
1779 1781 1782
1783 1784 1785
1783 1785 1786
1787 1788 1789
1787 1789 1790
1791 1792 1793
1791 1793 1794
1795 1796 1797
1798 1799 1800
1798 1800 1801
1802 1803 1804
1802 1804 1805
1804 1803 1806
1803 1807 1806
1803 1808 1807
1808 1809 1807
1808 1810 1809
1804 1806 1811
1812 1813 1814
1812 1814 1815
1816 1817 1818
1816 1818 1819
1817 1816 1820
1821 1822 1823
1821 1823 1824
1825 1826 1827
1825 1827 1828
1829 1830 1831
1829 1831 1832
1833 1834 1835
1833 1835 1836
1837 1838 1839
1837 1839 1840
1841 1842 1843
1844 1845 1846
1847 1846 1845
1847 1845 1848
1849 1850 1851
1849 1851 1852
1853 1854 1855
1853 1855 1856
1857 1853 1856
1857 1856 1858
1859 1860 1861
1859 1861 1862
1860 1863 1861
1860 1864 1863
1865 1866 1867
1865 1867 1868
1869 1870 1871
1872 1869 1871
1873 1872 1871
1874 1872 1873
1874 1873 1875
1874 1875 1876
1877 1878 1879
1877 1879 1880
1880 1879 1881
1880 1881 1882
1882 1881 1883
1884 1885 1886
1884 1886 1887
1888 1885 1884
1888 1889 1885
1890 1889 1888
1890 1888 1891
1886 1892 1887
1886 1893 1892
1894 1895 1896
1894 1896 1897
1894 1898 1895
1899 1898 1894
1896 1900 1897
1897 1900 1901
1897 1901 1902
1902 1894 1897
1903 1894 1902
1903 1899 1894
1904 1899 1903
1896 1905 1900
1906 1898 1899
1906 1899 1907
1907 1899 1908
1908 1899 1904
1909 1910 1911
1909 1911 1912
1912 1913 1909
1914 1915 1916
1914 1916 1917
1918 1919 1920
1918 1920 1921
1921 1922 1918
1921 1923 1922
1920 1919 1924
1920 1924 1925
1926 1927 1928
1926 1928 1929
1930 1931 1932
1930 1932 1933
1934 1935 1936
1934 1936 1937
1938 1939 1940
1938 1940 1941
1939 1942 1940
1939 1943 1942
1944 1945 1946
1944 1947 1945
1947 1948 1945
1949 1950 1951
1949 1951 1952
1953 1954 1955
1953 1955 1956
1957 1958 1959
1957 1959 1960
1961 1962 1963
1961 1964 1962
1962 1964 1965
1964 1966 1965
1967 1966 1964
1967 1968 1966
1967 1969 1968
1970 1969 1967
1970 1967 1971
1971 1967 1972
1972 1967 1973
1974 1961 1963
1974 1975 1961
1975 1974 1976
1977 1975 1976
1978 1979 1980
1981 1978 1980
1981 1982 1978
1983 1979 1978
1984 1979 1983
1984 1983 1985
1986 1985 1983
1985 1986 1987
1986 1988 1987
1982 1981 1989
1982 1989 1990
1982 1990 1991
1992 1993 1994
1992 1994 1995
1996 1995 1994
1996 1997 1995
1993 1992 1998
1993 1998 1999
2000 2001 2002
2000 2002 2003
2004 2001 2000
2004 2005 2001
2006 2005 2004
2006 2007 2005
2003 2002 2008
2003 2008 2009
2009 2008 2010
2009 2010 2011
2011 2010 2012
2011 2012 2013
2014 2007 2006
2014 2015 2007
2016 2015 2014
2016 2017 2015
2018 2019 2020
2019 2018 2021
2022 2023 2024
2023 2022 2025
2023 2025 2026
2027 2028 2029
2030 2031 2032
2033 2034 2035
2036 2037 2038
2039 2040 2041
2042 2043 2044
2044 2043 2045
2046 2047 1215
1215 2047 2048
1215 2048 2049
2046 2050 2047
2046 2051 2050
2049 2052 1215
2053 2052 2049
2053 2054 2052
2055 2054 2053
2053 2056 2055
2055 2056 2057
2055 2057 2058
2058 2057 2059
2058 2059 2060
2060 2059 2061
2060 2061 2062
2062 2061 2063
2062 2063 2064
2065 2066 2067
2065 2067 2068
2069 2070 2071
2069 2071 2072
2073 2070 2069
2073 2074 2070
2075 2074 2073
2075 2076 2074
2077 2076 2075
2077 2078 2076
2071 2079 2072
2071 2080 2079
2081 2082 2083
2081 2083 2084
2083 2082 2085
2083 2085 2086
2086 2085 2087
2086 2087 2088
2088 2087 2089
2088 2089 2090
2090 2089 2091
2090 2091 2092
2092 2091 2093
2092 2093 2094
2095 2096 2097
2095 2097 2098
2099 2096 2095
2099 2100 2096
2101 2100 2099
2101 2102 2100
2103 2102 2101
2103 2104 2102
2105 2104 2103
2105 2106 2104
2107 2108 2109
2107 2109 2110
2111 2112 2113
2114 2115 2116
2115 2114 2117
2117 2114 2118
2115 2117 2119
2119 2117 2120
2115 2119 2121
2122 2123 2124
2122 2124 2125
2125 2124 2126
2125 2126 2127
2128 2127 2129
2129 2130 2128
2129 2131 2130
2132 2128 2130
2132 2133 2128
2134 2133 2132
2135 2133 2134
2136 2135 2134
2137 2135 2136
2137 2138 2135
2139 2138 2137
2139 2137 2140
2141 2139 2140
2141 2142 2139
2143 2142 2141
2144 2142 2143
2145 2144 2143
2146 2144 2145
2146 2145 2147
2148 2149 2150
2150 2149 2151
2152 2150 2151
2148 2150 2153
2148 2153 2154
2152 2155 2150
2155 2152 2156
2155 2156 2157
2158 2155 2157
2158 2159 2155
2160 2159 2158
2161 2159 2160
2162 2159 2161
2162 2161 2163
2164 2165 2166
2164 2166 2167
2168 2164 2167
2168 2169 2164
2168 2170 2169
2168 2171 2170
2168 2172 2171
2172 2173 2171
2174 2173 2172
2175 2173 2174
2175 2176 2173
2177 2176 2175
2177 2178 2176
2179 2176 2178
2180 2176 2179
2179 2181 2180
2182 2183 2184
2182 2184 2185
2186 2182 2185
2186 2185 2187
2188 2189 2190
2188 2190 2191
2188 2192 2189
2188 2193 2192
2192 2193 2194
2192 2194 2195
2196 2197 2198
2196 2198 2199
2200 2196 2199
2200 2201 2196
2202 2201 2200
2202 2200 2203
2204 2202 2203
2204 2205 2202
2206 2207 2208
2206 2208 2209
2210 2207 2206
2210 2211 2207
2212 2211 2210
2212 2213 2211
2214 2213 2212
2214 2215 2213
2216 2217 2218
2216 2218 2219
2220 2221 2222
2220 2222 2223
2224 2221 2220
2224 2225 2221
2226 2225 2224
2226 2227 2225
2228 2227 2226
2228 2229 2227
2230 2231 2232
2230 2232 2233
2234 2235 2236
2234 2236 2237
2238 2235 2234
2239 2240 2241
2239 2241 2242
2243 2240 2239
2243 2244 2240
2245 2246 2247
2246 2248 2247
2246 2249 2248
2249 2250 2248
2248 2250 2251
2251 2250 2252
2251 2252 2253
2254 2255 2256
2254 2256 2257
2258 2257 2256
2258 2259 2257
2260 2255 2254
2260 2261 2255
2261 2260 2262
2261 2262 2263
2263 2262 2264
2263 2264 2265
2266 2267 2268
2269 2270 2271
2269 2271 2272
2273 2269 2272
2272 2274 2273
2275 2273 2274
2275 2274 2276
2276 2277 2275
2277 2278 2275
2278 2277 2279
2278 2279 2280
2278 2280 2281
2281 2280 2282
2283 2281 2282
2282 2284 2283
2269 2273 2285
2285 2273 2286
2283 2287 2281
2283 2288 2287
2283 2289 2288
2288 2289 2290
2290 2289 2291
2290 2291 2292
2293 2294 2295
2293 2295 2296
2297 2298 2299
2297 2299 2300
2301 2300 2299
2301 2299 2302
2303 2298 2297
2303 2304 2298
2301 2302 2305
2301 2305 2306
2307 2301 2306
2308 2305 2302
2308 2309 2305
2310 2308 2302
2310 2302 2311
2311 2302 2312
2312 2302 2299
2307 2313 2301
2314 2301 2313
2314 2300 2301
2307 2315 2313
2315 2307 2316
2315 2316 2317
2315 2317 2318
2319 2318 2317
2319 2320 2318
2320 2319 2321
2320 2321 2322
2321 2323 2322
2324 2323 2321
2325 2326 2327
2325 2327 2328
2329 2326 2325
2329 2325 2330
2331 2332 2333
2331 2333 2334
2332 2335 2333
2332 2336 2335
2336 2337 2335
2336 2338 2337
2339 2340 2341
2339 2341 2342
2343 2344 2345
2343 2345 2346
2347 2343 2346
2347 2346 2348
2349 2347 2348
2349 2348 2350
2351 2352 2353
2351 2353 2354
2353 2352 2355
2353 2355 2356
2357 2358 2359
2357 2359 2360
2361 2362 2363
2361 2363 2364
2362 2365 2363
2362 2366 2365
2366 2367 2365
2366 2368 2367
2368 2369 2367
2368 2370 2369
2371 2369 2370
2371 2370 2372
2373 2374 2375
2373 2375 2376
2377 2378 2379
2377 2379 2380
2381 2382 2383
2382 2384 2383
2385 2386 2387
2385 2387 2388
2389 2386 2385
2389 2385 2390
2389 2390 2391
2389 2391 2392
2393 2394 2395
2393 2395 2396
2397 2398 2399
2397 2399 2400
2400 2399 2401
2400 2401 2402
2402 2401 2403
2402 2403 2404
2405 2406 2407
2405 2407 2408
2409 2410 2411
2409 2411 2412
2413 2414 2415
2413 2415 2416
2417 2418 2419
2417 2419 2420
2421 2422 2423
2421 2423 2424
2422 2425 2423
2422 2426 2425
2426 2427 2425
2426 2428 2427
2429 2430 2431
2429 2431 2432
2433 2434 2435
2436 2434 2433
2436 2437 2434
2438 2434 2437
2438 2437 2439
2440 2438 2439
2440 2439 2441
2442 2443 2444
2442 2444 2445
2446 2447 2448
2446 2448 2449
2450 2451 2452
2450 2452 2453
2454 2455 2456
2454 2457 2455
2454 2458 2457
2454 2459 2458
2455 2457 2460
2460 2457 2461
2460 2461 2462
2463 2455 2460
2463 2464 2455
2455 2464 2465
2466 2467 2468
2466 2468 2469
2470 2471 2472
2470 2472 2473
2474 2475 2476
2474 2476 2477
2477 2476 2478
2477 2478 2479
2480 2481 2482
2480 2482 2483
2484 2485 2486
2484 2486 2487
2488 2489 2490
2488 2490 2491
2492 2493 2494
2492 2494 2495
2496 2497 2498
2496 2498 2499
2500 2501 2502
2500 2502 2503
2504 2505 2506
2504 2506 2507
2508 2509 2510
2508 2510 2511
2512 2513 2514
2512 2514 2515
2512 2515 2516
2517 2512 2516
2517 2518 2512
2519 2515 2514
2519 2514 2520
2514 2513 2521
2521 2513 2522
2517 2516 2523
2517 2523 2524
2525 2526 2527
2527 2528 2525
2527 2529 2528
2527 2526 2530
2526 2531 2530
2526 2532 2531
2533 2534 2535
2533 2535 2536
2537 2538 2539
2537 2539 2540
2541 2542 2543
2541 2543 2544
2545 2546 2547
2545 2547 2548
2549 2550 2551
2549 2551 2552
2553 2554 2555
2553 2555 2556
2557 2558 2559
2557 2559 2560
2561 2562 2563
2561 2563 2564
2565 2566 2567
2565 2567 2568
2569 2570 2571
2572 2573 2574
2572 2574 2575
2576 2577 2578
2576 2578 2579
2578 2577 2580
2577 2581 2580
2577 2582 2581
2582 2583 2581
2582 2584 2583
2578 2580 2585
2586 2587 2588
2586 2588 2589
2590 2591 2592
2590 2592 2593
2591 2590 2594
2595 2596 2597
2595 2597 2598
2599 2600 2601
2599 2601 2602
2603 2604 2605
2603 2605 2606
2607 2608 2609
2607 2609 2610
2611 2612 2613
2611 2613 2614
2615 2616 2617
2618 2619 2620
2621 2620 2619
2621 2619 2622
2623 2624 2625
2623 2625 2626
2627 2628 2629
2627 2629 2630
2631 2627 2630
2631 2630 2632
2633 2634 2635
2633 2635 2636
2634 2637 2635
2634 2638 2637
2639 2640 2641
2639 2641 2642
2643 2644 2645
2646 2643 2645
2647 2646 2645
2648 2646 2647
2648 2647 2649
2648 2649 2650
2651 2652 2653
2651 2653 2654
2654 2653 2655
2654 2655 2656
2656 2655 2657
2658 2659 2660
2658 2660 2661
2662 2659 2658
2662 2663 2659
2664 2663 2662
2664 2662 2665
2660 2666 2661
2660 2667 2666
2668 2669 2670
2668 2670 2671
2668 2672 2669
2673 2672 2668
2670 2674 2671
2671 2674 2675
2671 2675 2676
2676 2668 2671
2677 2668 2676
2677 2673 2668
2678 2673 2677
2670 2679 2674
2680 2672 2673
2680 2673 2681
2681 2673 2682
2682 2673 2678
2683 2684 2685
2683 2685 2686
2686 2687 2683
2688 2689 2690
2688 2690 2691
2692 2693 2694
2692 2694 2695
2695 2696 2692
2695 2697 2696
2694 2693 2698
2694 2698 2699
2700 2701 2702
2700 2702 2703
2704 2705 2706
2704 2706 2707
2708 2709 2710
2708 2710 2711
2712 2713 2714
2712 2714 2715
2713 2716 2714
2713 2717 2716
2718 2719 2720
2718 2721 2719
2721 2722 2719
2723 2724 2725
2723 2725 2726
2727 2728 2729
2727 2729 2730
2731 2732 2733
2731 2733 2734
2735 2736 2737
2735 2738 2736
2736 2738 2739
2738 2740 2739
2741 2740 2738
2741 2742 2740
2741 2743 2742
2744 2743 2741
2744 2741 2745
2745 2741 2746
2746 2741 2747
2748 2735 2737
2748 2749 2735
2749 2748 2750
2751 2749 2750
2752 2753 2754
2755 2752 2754
2755 2756 2752
2757 2753 2752
2758 2753 2757
2758 2757 2759
2760 2759 2757
2759 2760 2761
2760 2762 2761
2756 2755 2763
2756 2763 2764
2756 2764 2765
2766 2767 2768
2766 2768 2769
2770 2769 2768
2770 2771 2769
2767 2766 2772
2767 2772 2773
2774 2775 2776
2774 2776 2777
2778 2775 2774
2778 2779 2775
2780 2779 2778
2780 2781 2779
2777 2776 2782
2777 2782 2783
2783 2782 2784
2783 2784 2785
2785 2784 2786
2785 2786 2787
2788 2781 2780
2788 2789 2781
2790 2789 2788
2790 2791 2789
2792 2793 2794
2793 2792 2795
2796 2797 2798
2797 2796 2799
2797 2799 2800
2801 2802 2803
2804 2805 2806
2807 2808 2809
2810 2811 2812
2813 2814 2815
2816 2817 2818
2818 2817 2819
2820 2821 2822
2820 2823 2821
2820 2824 2823
2822 2825 2826
2822 2826 2827
2827 2828 2822
2829 2828 2827
2829 2830 2828
2831 2830 2829
2829 2832 2831
2831 2832 2833
2831 2833 2834
2834 2833 2835
2834 2835 2836
2836 2835 2837
2836 2837 2838
2838 2837 2839
2838 2839 2840
2841 2842 2843
2842 2841 2844
2845 2844 2846
2845 2846 2847
2848 2845 2849
2849 2850 2848
2849 2851 2850
2852 2850 2851
2852 2853 2850
2854 2853 2852
2854 2855 2853
2856 2855 2854
2856 2857 2855
2858 2857 2856
2858 2859 2857
2860 2859 2858
2860 2858 2861
2846 2862 2863
2863 2864 2846
2865 2841 2864
2865 2849 2841
2866 2847 2865
2847 2866 2867
2847 2867 2868
2869 2868 2867
2869 2867 2870
2871 2869 2870
2871 2870 2872
2873 2871 2872
2873 2872 2874
2875 2873 2874
2875 2874 2876
2877 2875 2876
2877 2878 2875
2879 2880 2881
2879 2881 2882
2883 2884 2885
2883 2885 2886
2887 2884 2883
2887 2888 2884
2889 2888 2887
2889 2890 2888
2891 2890 2889
2891 2892 2890
2885 2893 2886
2885 2894 2893
2895 2896 2897
2895 2897 2898
2897 2896 2899
2897 2899 2900
2900 2899 2901
2900 2901 2902
2902 2901 2903
2902 2903 2904
2904 2903 2905
2904 2905 2906
2906 2905 2907
2906 2907 2908
2909 2910 2911
2909 2911 2912
2913 2910 2909
2913 2914 2910
2915 2914 2913
2915 2916 2914
2917 2916 2915
2917 2918 2916
2919 2918 2917
2919 2920 2918
2921 2922 2923
2921 2923 2924
2925 2926 2927
2928 2929 2930
2930 2931 2928
2931 2932 2928
2930 2933 2931
2933 2934 2931
2930 2935 2933
2936 2937 2938
2936 2938 2939
2937 2940 2938
2937 2941 2940
2942 2941 2943
2943 2944 2942
2944 2945 2942
2946 2944 2943
2946 2943 2947
2948 2946 2947
2949 2948 2947
2950 2948 2949
2951 2950 2949
2951 2949 2952
2953 2951 2952
2953 2954 2951
2955 2954 2953
2955 2953 2956
2957 2955 2956
2958 2957 2956
2959 2957 2958
2960 2959 2958
2960 2961 2959
2962 2963 2964
2963 2965 2964
2966 2965 2963
2962 2967 2963
2962 2968 2967
2966 2963 2969
2969 2970 2966
2969 2971 2970
2972 2971 2969
2972 2969 2973
2974 2972 2973
2975 2974 2973
2976 2975 2973
2976 2977 2975
2978 2979 2980
2978 2980 2981
2982 2979 2978
2982 2978 2983
2982 2983 2984
2982 2984 2985
2982 2985 2986
2986 2985 2987
2988 2986 2987
2989 2988 2987
2989 2987 2990
2991 2989 2990
2991 2990 2992
2993 2992 2990
2994 2993 2990
2993 2994 2995
2996 2997 2998
2996 2998 2999
3000 2997 2996
3000 3001 2997
3002 3003 3004
3002 3004 3005
3002 3005 3006
3002 3006 3007
3006 3008 3007
3006 3009 3008
3010 3011 3012
3010 3012 3013
3014 3011 3010
3014 3010 3015
3016 3014 3015
3016 3017 3014
3018 3017 3016
3018 3016 3019
3020 3021 3022
3020 3022 3023
3024 3020 3023
3024 3023 3025
3026 3024 3025
3026 3025 3027
3028 3026 3027
3028 3027 3029
3030 3031 3032
3030 3032 3033
3034 3035 3036
3034 3036 3037
3038 3034 3037
3038 3037 3039
3040 3038 3039
3040 3039 3041
3042 3040 3041
3042 3041 3043
3044 3045 3046
3044 3046 3047
3048 3049 3050
3048 3050 3051
3052 3048 3051
3053 3054 3055
3053 3055 3056
3057 3053 3056
3057 3056 3058
3059 3060 3061
3061 3060 3062
3061 3062 3063
3063 3062 3064
3062 3065 3064
3065 3066 3064
3065 3067 3066
3068 3069 3070
3068 3070 3071
3072 3070 3069
3072 3069 3073
3074 3068 3071
3074 3071 3075
3075 3076 3074
3075 3077 3076
3077 3078 3076
3077 3079 3078
3080 3081 3082
3083 3084 3085
3083 3086 3084
3086 3083 3087
3087 3088 3086
3089 3088 3087
3089 3090 3088
3090 3089 3091
3091 3089 3092
3092 3093 3091
3092 3094 3093
3092 3095 3094
3095 3096 3094
3096 3095 3097
3097 3098 3096
3083 3099 3087
3099 3100 3087
3097 3095 3101
3097 3101 3102
3097 3102 3103
3102 3104 3103
3104 3105 3103
3104 3106 3105
3107 3108 3109
3107 3109 3110
3111 3112 3113
3111 3113 3114
3115 3113 3112
3115 3116 3113
3117 3111 3114
3117 3114 3118
3115 3119 3116
3115 3120 3119
3121 3120 3115
3122 3116 3119
3122 3119 3123
3124 3116 3122
3124 3125 3116
3125 3126 3116
3126 3113 3116
3121 3115 3127
3128 3127 3115
3121 3127 3129
3129 3130 3121
3129 3131 3130
3129 3132 3131
3133 3131 3132
3133 3132 3134
3134 3135 3133
3134 3136 3135
3135 3136 3137
3138 3135 3137
3128 3115 3112
3139 3140 3141
3139 3141 3142
3143 3139 3142
3143 3144 3139
3145 3146 3147
3145 3147 3148
3148 3147 3149
3148 3149 3150
3150 3149 3151
3150 3151 3152
3153 3154 3155
3153 3155 3156
3157 3158 3159
3157 3159 3160
3161 3158 3157
3161 3162 3158
3163 3162 3161
3163 3164 3162
3165 3166 3167
3165 3167 3168
3167 3169 3168
3167 3170 3169
3171 3172 3173
3171 3173 3174
3175 3176 3177
3175 3177 3178
3178 3177 3179
3178 3179 3180
3180 3179 3181
3180 3181 3182
3182 3181 3183
3182 3183 3184
3185 3184 3183
3185 3186 3184
3187 3188 3189
3187 3189 3190
3191 3192 3193
3191 3193 3194
3195 3196 3197
3198 3195 3197
3199 3200 3201
3199 3201 3202
3203 3199 3202
3203 3204 3199
3203 3205 3204
3203 3206 3205
3207 3208 3209
3207 3209 3210
3211 3212 3213
3211 3213 3214
3212 3215 3213
3212 3216 3215
3216 3217 3215
3216 3218 3217
3219 3220 3221
3219 3221 3222
3223 3224 3225
3223 3225 3226
3227 3228 3229
3227 3229 3230
3231 3232 3233
3231 3233 3234
3235 3236 3237
3235 3237 3238
3238 3237 3239
3238 3239 3240
3240 3239 3241
3240 3241 3242
3243 3244 3245
3243 3245 3246
3247 3248 3249
3250 3247 3249
3250 3249 3251
3252 3251 3249
3252 3253 3251
3254 3253 3252
3254 3255 3253
3256 3257 3258
3256 3258 3259
3260 3261 3262
3260 3262 3263
3264 3265 3266
3264 3266 3267
3268 3269 3270
3271 3268 3270
3268 3271 3272
3268 3272 3273
3270 3274 3271
3274 3275 3271
3274 3276 3275
3277 3274 3270
3277 3270 3278
3270 3279 3278
3280 3281 3282
3280 3282 3283
3284 3285 3286
3284 3286 3287
3288 3289 3290
3288 3290 3291
3289 3292 3290
3289 3293 3292
3294 3295 3296
3294 3296 3297
3298 3299 3300
3298 3300 3301
3302 3303 3304
3302 3304 3305
3306 3307 3308
3306 3308 3309
3310 3311 3312
3310 3312 3313
3314 3315 3316
3314 3316 3317
3318 3319 3320
3318 3320 3321
3322 3323 3324
3322 3324 3325
3326 3327 3328
3326 3329 3327
3326 3330 3329
3331 3330 3326
3331 3326 3332
3333 3327 3329
3333 3334 3327
3327 3335 3328
3335 3336 3328
3331 3337 3330
3331 3338 3337
3339 3340 3341
3340 3339 3342
3340 3342 3343
3340 3344 3341
3341 3344 3345
3341 3345 3346
3347 3348 3349
3347 3349 3350
3351 3352 3353
3351 3353 3354
3355 3356 3357
3355 3357 3358
3359 3360 3361
3359 3361 3362
3363 3364 3365
3363 3365 3366
3367 3368 3369
3367 3369 3370
3371 3372 3373
3371 3373 3374
3375 3376 3377
3375 3377 3378
3379 3380 3381
3379 3381 3382
3383 3384 3385
3386 3387 3388
3386 3388 3389
3390 3391 3392
3390 3392 3393
3392 3394 3393
3393 3394 3395
3393 3395 3396
3396 3395 3397
3396 3397 3398
3392 3399 3394
3400 3401 3402
3400 3402 3403
3404 3405 3406
3404 3406 3407
3407 3408 3404
3409 3410 3411
3409 3411 3412
3413 3414 3415
3413 3415 3416
3417 3418 3419
3417 3419 3420
3421 3422 3423
3421 3423 3424
3425 3426 3427
3425 3427 3428
3429 3430 3431
3432 3433 3434
3435 3434 3433
3435 3436 3434
3437 3438 3439
3437 3439 3440
3441 3442 3443
3441 3443 3444
3445 3442 3441
3445 3446 3442
3447 3448 3449
3447 3449 3450
3450 3449 3451
3450 3451 3452
3453 3454 3455
3453 3455 3456
3457 3458 3459
3460 3458 3457
3461 3458 3460
3462 3461 3460
3462 3463 3461
3462 3464 3463
3465 3466 3467
3465 3467 3468
3466 3469 3467
3466 3470 3469
3470 3471 3469
3472 3473 3474
3472 3474 3475
3476 3472 3475
3476 3475 3477
3478 3476 3477
3478 3479 3476
3474 3473 3480
3474 3480 3481
3482 3483 3484
3482 3484 3485
3482 3485 3486
3487 3482 3486
3484 3483 3488
3483 3489 3488
3483 3490 3489
3490 3483 3482
3491 3490 3482
3491 3482 3487
3492 3491 3487
3484 3488 3493
3494 3487 3486
3494 3495 3487
3495 3496 3487
3496 3492 3487
3497 3498 3499
3497 3499 3500
3498 3497 3501
3502 3503 3504
3502 3504 3505
3506 3507 3508
3506 3508 3509
3507 3506 3510
3507 3510 3511
3508 3512 3509
3508 3513 3512
3514 3515 3516
3514 3516 3517
3518 3519 3520
3518 3520 3521
3522 3523 3524
3522 3524 3525
3526 3527 3528
3526 3528 3529
3529 3528 3530
3529 3530 3531
3532 3533 3534
3532 3534 3535
3535 3534 3536
3537 3538 3539
3537 3539 3540
3541 3542 3543
3541 3543 3544
3545 3546 3547
3545 3547 3548
3549 3550 3551
3549 3551 3552
3551 3553 3552
3552 3553 3554
3555 3552 3554
3555 3554 3556
3555 3556 3557
3558 3555 3557
3558 3559 3555
3559 3560 3555
3560 3561 3555
3562 3550 3549
3562 3549 3563
3563 3564 3562
3565 3564 3563
3566 3567 3568
3569 3567 3566
3569 3566 3570
3571 3566 3568
3572 3571 3568
3572 3573 3571
3574 3571 3573
3573 3575 3574
3574 3575 3576
3570 3577 3569
3570 3578 3577
3570 3579 3578
3580 3581 3582
3580 3582 3583
3584 3582 3581
3584 3581 3585
3583 3586 3580
3583 3587 3586
3588 3589 3590
3588 3590 3591
3592 3588 3591
3592 3591 3593
3594 3592 3593
3594 3593 3595
3589 3596 3590
3589 3597 3596
3597 3598 3596
3597 3599 3598
3599 3600 3598
3599 3601 3600
3602 3594 3595
3602 3595 3603
3604 3602 3603
3604 3603 3605
3606 3607 3608
3608 3609 3606
3610 3611 3612
3612 3613 3610
3612 3614 3613
3615 3616 3617
3618 3619 3620
3621 3622 3623
3624 3625 3626
3627 3628 3629
3630 3631 3632
3631 3633 3632
3634 2822 3635
2822 3636 3635
3637 3636 2822
3634 3635 3638
3634 3638 3639
2822 3640 3637
3641 3637 3640
3641 3640 3642
3641 3642 3643
3643 3644 3641
3643 3645 3644
3643 3646 3645
3646 3647 3645
3646 3648 3647
3648 3649 3647
3648 3650 3649
3650 3651 3649
3650 3652 3651
3653 3654 3655
3653 3655 3656
3657 3658 3659
3657 3659 3660
3661 3657 3660
3661 3660 3662
3663 3661 3662
3663 3662 3664
3665 3663 3664
3665 3664 3666
3659 3658 3667
3659 3667 3668
3669 3670 3671
3669 3671 3672
3671 3673 3672
3671 3674 3673
3674 3675 3673
3674 3676 3675
3676 3677 3675
3676 3678 3677
3678 3679 3677
3678 3680 3679
3680 3681 3679
3680 3682 3681
3683 3684 3685
3683 3685 3686
3687 3683 3686
3687 3686 3688
3689 3687 3688
3689 3688 3690
3691 3689 3690
3691 3690 3692
3693 3691 3692
3693 3692 3694
3695 3696 3697
3695 3697 3698
3699 3700 3701
3702 3703 3704
3702 3704 3705
3706 3707 3708
3706 3708 3709
3710 3711 3712
3710 3712 3713
3714 3715 3716
3717 3718 3719
3720 3721 3722
3723 3724 3725
