byte offset: 0
first index: 69387
index count: 11280
topology: trianglelist
format: DXGI_FORMAT_R16_UINT

15417 15418 15419
15417 15419 15420
15417 15420 15421
15420 15422 15421
15421 15422 15423
15421 15423 15424
15424 15417 15421
15424 15423 15425
15424 15425 15426
15427 15426 15425
15427 15425 15428
15429 15427 15428
15429 15430 15427
15431 15430 15429
15431 15432 15430
15433 15432 15431
15433 15434 15432
15433 15435 15434
15433 15436 15435
15437 15435 15436
15437 15438 15435
15439 15438 15437
15439 15440 15438
15441 15440 15439
15441 15442 15440
15443 15442 15441
15443 15444 15442
15445 15444 15443
15445 15443 15446
15447 15445 15446
15447 15446 15448
15449 15447 15448
15450 15449 15448
15450 15448 15451
15452 15450 15451
15452 15453 15450
15438 15440 15454
15440 15455 15454
15456 15445 15447
15444 15445 15456
15457 15442 15444
15457 15444 15458
15440 15457 15455
15440 15442 15457
15459 15453 15452
15460 15459 15452
15460 15452 15461
15462 15460 15461
15462 15463 15460
15464 15463 15462
15458 15465 15466
15467 15466 15465
15468 15466 15467
15468 15467 15469
15468 15469 15470
15468 15470 15471
15471 15470 15472
15471 15472 15473
15473 15472 15474
15473 15474 15475
15473 15475 15476
15476 15475 15477
15477 15478 15476
15444 15456 15465
15444 15465 15458
15438 15454 15479
15438 15479 15480
15435 15438 15480
15435 15480 15481
15482 15435 15481
15434 15435 15482
15434 15482 15483
15432 15434 15483
15432 15483 15484
15430 15432 15484
15430 15484 15485
15427 15430 15485
15427 15485 15486
15486 15426 15427
15486 15487 15426
15487 15424 15426
15487 15488 15424
15488 15487 15489
15488 15490 15424
15424 15490 15417
15420 15491 15422
15492 15493 15494
15494 15493 15495
15494 15495 15496
15497 15496 15495
15496 15497 15498
15498 15497 15499
15498 15499 15500
15501 15502 15503
15501 15504 15502
15501 15505 15504
15504 15505 15506
15505 15507 15506
15505 15508 15507
15508 15505 15501
15508 15509 15507
15508 15510 15509
15511 15509 15510
15511 15512 15509
15513 15512 15511
15513 15511 15514
15515 15513 15514
15515 15514 15516
15517 15515 15516
15517 15516 15518
15517 15518 15519
15517 15519 15520
15521 15520 15519
15521 15519 15522
15523 15521 15522
15523 15522 15524
15525 15523 15524
15525 15524 15526
15527 15525 15526
15527 15526 15528
15529 15527 15528
15529 15530 15527
15531 15530 15529
15531 15532 15530
15533 15532 15531
15534 15532 15533
15534 15535 15532
15536 15535 15534
15536 15534 15537
15522 15538 15524
15524 15538 15539
15540 15531 15529
15528 15540 15529
15541 15528 15526
15541 15542 15528
15524 15539 15541
15524 15541 15526
15543 15536 15537
15544 15536 15543
15544 15545 15536
15546 15545 15544
15546 15544 15547
15548 15546 15547
15542 15549 15550
15551 15550 15549
15552 15551 15549
15552 15553 15551
15552 15554 15553
15552 15555 15554
15555 15556 15554
15555 15557 15556
15557 15558 15556
15557 15559 15558
15557 15560 15559
15560 15561 15559
15561 15560 15562
15528 15542 15550
15528 15550 15540
15563 15564 15565
15564 15566 15565
15564 15567 15566
15568 15566 15567
15567 15569 15568
15569 15570 15568
15569 15571 15570
15522 15572 15538
15522 15573 15572
15519 15573 15522
15519 15574 15573
15575 15574 15519
15518 15575 15519
15518 15576 15575
15516 15576 15518
15516 15577 15576
15514 15577 15516
15514 15578 15577
15511 15578 15514
15511 15579 15578
15579 15511 15510
15579 15510 15580
15580 15510 15508
15580 15508 15581
15581 15582 15580
15581 15508 15583
15508 15501 15583
15504 15506 15584
15585 15586 15587
15585 15587 15588
15586 15589 15587
15586 15590 15589
15587 15591 15588
15587 15592 15591
15589 15592 15587
15592 15593 15591
15592 15594 15593
15594 15595 15593
15594 15596 15595
15596 15597 15595
15596 15598 15597
15598 15599 15597
15598 15600 15599
15601 15600 15598
15601 15602 15600
15603 15601 15598
15603 15598 15596
15604 15603 15596
15604 15596 15594
15605 15604 15594
15605 15594 15592
15589 15605 15592
15600 15602 15606
15602 15607 15606
15607 15608 15606
15607 15609 15608
15600 15606 15610
15610 15606 15608
15610 15599 15600
15610 15611 15599
15608 15612 15610
15611 15610 15612
15613 15611 15612
15608 15614 15612
15609 15615 15608
15608 15615 15614
15616 15614 15615
15616 15612 15614
15616 15615 15617
15618 15616 15617
15618 15619 15616
15609 15620 15615
15615 15620 15621
15615 15621 15622
15618 15617 15622
15615 15622 15617
15621 15623 15622
15623 15618 15622
15621 15624 15623
15619 15625 15616
15616 15625 15612
15613 15612 15625
15619 15626 15625
15627 15625 15626
15627 15628 15625
15613 15625 15628
15624 15629 15623
15623 15629 15630
15630 15618 15623
15619 15631 15626
15619 15632 15631
15618 15632 15619
15626 15631 15633
15626 15633 15627
15632 15634 15631
15632 15635 15634
15631 15634 15636
15631 15636 15633
15635 15632 15637
15630 15638 15637
15638 15635 15637
15618 15637 15632
15630 15637 15618
15639 15640 15641
15639 15641 15642
15643 15639 15642
15643 15642 15644
15640 15645 15641
15640 15646 15645
15646 15647 15645
15646 15648 15647
15649 15643 15644
15649 15644 15650
15651 15649 15650
15651 15650 15652
15653 15651 15652
15653 15652 15654
15655 15653 15654
15656 15655 15654
15657 15656 15654
15658 15657 15659
15660 15659 15654
15660 15654 15661
15661 15662 15660
15661 15663 15662
15661 15664 15663
15663 15664 15665
15659 15660 15666
15667 15666 15660
15667 15660 15668
15668 15669 15667
15670 15669 15668
15670 15671 15669
15672 15671 15670
15672 15673 15671
15674 15673 15672
15674 15672 15675
15676 15674 15675
15676 15677 15674
15676 15678 15677
15676 15679 15678
15679 15680 15678
15679 15681 15680
15666 15667 15682
15682 15683 15666
15684 15666 15683
15683 15685 15684
15685 15686 15684
15686 15687 15684
15684 15687 15688
15688 15687 15689
15690 15688 15689
15686 15691 15687
15687 15691 15692
15687 15692 15693
15693 15692 15694
15689 15695 15690
15696 15690 15695
15696 15695 15697
15696 15697 15698
15696 15698 15585
15689 15699 15695
15697 15695 15700
15695 15701 15700
15702 15701 15695
15700 15703 15697
15703 15704 15697
15705 15694 15702
15705 15702 15695
15693 15694 15705
15697 15704 15706
15706 15704 15590
15706 15590 15707
15698 15586 15585
15708 15709 15710
15711 15712 15713
15711 15713 15647
15712 15714 15713
15712 15715 15714
15716 15717 15718
15719 15720 15721
15722 15723 15724
15725 15726 15666
15725 15666 15727
15726 15659 15666
15726 15658 15659
15727 15666 15684
15727 15684 15688
15728 15654 15659
15729 15730 15731
15732 15733 15734
15735 15736 15737
15738 15739 15740
15741 15742 15743
15741 15743 15744
15744 15743 15745
15744 15745 15746
15743 15742 15747
15743 15747 15748
15745 15743 15748
15748 15747 15749
15748 15749 15750
15750 15749 15751
15750 15751 15752
15752 15751 15753
15752 15753 15754
15754 15753 15755
15754 15755 15756
15757 15754 15756
15757 15756 15758
15759 15752 15754
15759 15754 15757
15760 15750 15752
15760 15752 15759
15761 15748 15750
15761 15750 15760
15745 15748 15761
15756 15762 15758
15758 15762 15763
15763 15762 15764
15763 15764 15765
15756 15766 15762
15766 15764 15762
15766 15756 15755
15766 15755 15767
15764 15766 15768
15767 15768 15766
15769 15768 15767
15764 15768 15770
15765 15764 15771
15764 15770 15771
15772 15771 15770
15772 15770 15768
15772 15773 15771
15774 15773 15772
15774 15772 15775
15765 15771 15776
15771 15777 15776
15771 15778 15777
15774 15778 15773
15771 15773 15778
15777 15778 15779
15779 15778 15774
15777 15779 15780
15775 15772 15781
15772 15768 15781
15769 15781 15768
15775 15781 15782
15783 15782 15781
15783 15781 15784
15769 15784 15781
15780 15779 15785
15779 15786 15785
15786 15779 15774
15775 15782 15787
15775 15787 15788
15774 15775 15788
15782 15783 15789
15782 15789 15787
15788 15787 15790
15788 15790 15791
15787 15792 15790
15787 15789 15792
15791 15793 15788
15786 15793 15794
15794 15793 15791
15774 15788 15793
15786 15774 15793
15795 15796 15797
15795 15797 15798
15798 15797 15799
15798 15799 15800
15800 15799 15801
15800 15801 15802
15802 15801 15803
15802 15803 15804
15804 15803 15805
15804 15805 15806
15807 15796 15795
15807 15808 15796
15809 15808 15807
15809 15810 15808
15811 15810 15809
15811 15812 15810
15813 15812 15811
15813 15814 15812
15815 15814 15813
15816 15814 15815
15817 15814 15816
15818 15819 15817
15820 15814 15819
15820 15821 15814
15821 15820 15822
15821 15822 15823
15821 15823 15824
15823 15825 15824
15819 15826 15820
15827 15820 15826
15827 15828 15820
15828 15827 15829
15830 15828 15829
15830 15829 15831
15832 15830 15831
15832 15831 15833
15834 15832 15833
15834 15835 15832
15836 15835 15834
15836 15834 15837
15836 15837 15838
15836 15838 15839
15839 15838 15840
15839 15840 15841
15826 15842 15827
15842 15826 15843
15844 15843 15826
15843 15844 15845
15845 15844 15846
15846 15844 15847
15844 15848 15847
15848 15849 15847
15850 15849 15848
15846 15847 15851
15847 15852 15851
15847 15853 15852
15853 15854 15852
15849 15850 15855
15856 15855 15850
15856 15857 15855
15856 15858 15857
15856 15741 15858
15849 15855 15859
15857 15860 15855
15855 15860 15861
15862 15855 15861
15860 15857 15863
15863 15857 15864
15865 15862 15854
15865 15855 15862
15853 15865 15854
15857 15866 15864
15866 15746 15864
15866 15867 15746
15858 15741 15744
15868 15869 15870
15871 15872 15873
15874 15875 15876
15877 15878 15879
15880 15826 15881
15880 15882 15826
15881 15826 15819
15881 15819 15818
15882 15844 15826
15882 15848 15844
15883 15819 15814
15884 15885 15886
15887 15888 15889
15890 15891 15892
15893 15894 15895
15896 15897 15898
15896 15898 15899
15897 15900 15898
15897 15901 15900
15901 15902 15900
15901 15903 15902
15903 15904 15902
15903 15905 15904
15904 15905 15906
15904 15906 15907
15907 15906 15908
15907 15908 15909
15909 15908 15910
15909 15910 15911
15912 15900 15902
15898 15900 15912
15912 15902 15913
15913 15902 15904
15898 15912 15914
15899 15898 15914
15915 15909 15911
15915 15911 15916
15917 15907 15909
15917 15909 15915
15913 15904 15918
15918 15904 15907
15918 15907 15917
15899 15914 15919
15920 15921 15899
15920 15899 15922
15922 15899 15923
15922 15923 15924
15922 15925 15920
15926 15925 15922
15926 15922 15924
15925 15926 15927
15928 15929 15930
15931 15929 15928
15930 15932 15928
15930 15933 15932
15934 15933 15930
15934 15930 15935
15930 15929 15935
15934 15935 15936
15936 15935 15937
15936 15937 15938
15938 15937 15939
15938 15939 15940
15937 15935 15941
15931 15928 15942
15928 15943 15942
15943 15928 15932
15944 15939 15937
15944 15945 15939
15943 15932 15946
15947 15944 15937
15947 15937 15948
15937 15941 15948
15943 15948 15942
15949 15947 15948
15949 15948 15943
15949 15943 15946
15950 15951 15952
15950 15952 15953
15951 15954 15955
15951 15955 15956
15954 15957 15955
15954 15958 15957
15958 15959 15957
15958 15960 15959
15960 15961 15959
15960 15962 15961
15962 15963 15961
15962 15964 15963
15964 15965 15963
15964 15966 15965
15966 15967 15965
15966 15968 15967
15969 15970 15971
15971 15970 15972
15973 15969 15971
15974 15975 15976
15974 15976 15977
15974 15977 15978
15977 15979 15978
15977 15980 15979
15980 15977 15976
15974 15978 15981
15981 15982 15974
15974 15982 15983
15981 15984 15982
15982 15984 15985
15982 15985 15986
15980 15987 15979
15980 15988 15987
15989 15987 15988
15987 15989 15990
15991 15990 15989
15992 15991 15989
15992 15993 15991
15992 15994 15993
15995 15994 15992
15995 15996 15994
15997 15993 15994
15992 15989 15998
15995 15992 15998
15989 15999 15998
15989 16000 15999
15989 15988 16000
15999 16000 16001
15988 16001 16000
15999 16001 16002
15996 15995 16003
15991 16004 15990
16004 15991 15993
15990 16004 16005
16004 15993 16006
16007 15997 15994
15996 16007 15994
15996 16008 16007
16009 16008 15996
16009 15996 16010
16011 16010 15996
16011 15996 16003
16003 16012 16011
16007 16008 16013
16013 16008 16014
16013 16014 16015
16015 16014 16016
16015 16016 16017
16017 16016 16018
16017 16018 16019
16020 16019 16018
16021 16017 16019
16021 16019 16022
16022 16019 16020
16023 16015 16017
16023 16017 16021
16024 16013 16015
16024 16015 16023
15997 16013 16024
15997 16007 16013
15997 16024 16025
16026 15997 16025
16026 16025 16027
16027 16025 16028
16025 16024 16028
16027 16028 16029
16030 16027 16029
16030 16031 16027
16026 16027 16031
16031 16030 16032
16032 16030 16033
16034 16032 16033
16032 16034 16035
16031 16032 16035
16035 16034 16036
16037 16035 16036
16035 16037 16038
16035 16038 16031
16038 16026 16031
16038 16037 16039
16039 16040 16038
16039 16041 16040
16042 16040 16041
16042 16043 16040
16040 16043 16044
16045 16044 16043
16042 16045 16043
16045 16046 16044
16047 16046 16045
16047 16045 16048
16049 16047 16048
16049 16050 16047
16049 16051 16050
16049 16052 16051
16052 16053 16051
16053 16054 16051
16053 16055 16054
16052 16056 16053
16057 16055 16053
16056 16057 16053
16057 16058 16055
16056 16059 16057
16059 16060 16057
16059 16061 16060
16061 16062 16060
16062 16063 16060
16063 16058 16057
16063 16057 16060
16062 16064 16063
16061 16065 16062
16066 16064 16062
16065 16066 16062
16066 16067 16064
16065 16068 16066
16068 16069 16066
16068 16070 16069
16071 16069 16070
16071 16072 16069
16072 16073 16069
16073 16067 16066
16073 16066 16069
16072 16074 16073
16074 16067 16073
16064 16075 16063
16075 16058 16063
16075 16076 16058
16058 16076 16077
16058 16077 16055
16055 16077 16078
16055 16078 16054
16074 16079 16067
16067 16079 16080
16064 16080 16075
16067 16080 16064
16081 16071 16070
16081 16070 16068
16082 16081 16068
16082 16068 16065
16083 16082 16065
16083 16065 16061
16084 16083 16061
16084 16061 16059
16085 16084 16059
16085 16059 16056
16086 16085 16056
16086 16056 16052
16086 16052 16049
16086 16049 16087
16088 16087 16049
16088 16049 16048
16088 16048 16045
16088 16045 16089
16042 16089 16045
16090 16091 16092
16090 16092 16093
16094 16091 16090
16094 16095 16091
16096 16095 16094
16096 16097 16095
16098 16097 16096
16098 16096 16099
16091 16100 16092
16091 16101 16100
16095 16101 16091
16102 16100 16101
16102 16101 16103
16103 16104 16102
16103 16105 16104
16106 16103 16101
16095 16106 16101
16097 16106 16095
16106 16107 16103
16108 16107 16106
16097 16108 16106
16098 16108 16097
16108 16109 16107
16109 16110 16107
16103 16107 16110
16103 16110 16105
16109 16111 16110
16098 16112 16108
16113 16098 16099
16113 16114 16098
16098 16114 16112
16113 16115 16114
16115 16116 16114
16112 16114 16116
16116 16115 16117
16118 16117 16115
16118 16115 16113
16119 16118 16113
16113 16099 16119
16120 16119 16099
16121 16120 16099
16120 16121 16122
16121 16123 16122
16121 16124 16123
16123 16124 16125
16123 16125 16126
16125 16127 16126
16125 16128 16127
16121 16099 16096
16124 16121 16096
16124 16096 16094
16125 16124 16094
16125 16094 16090
16093 16128 16125
16093 16125 16090
16120 16129 16119
16129 16120 16122
16129 16122 16130
16131 16130 16122
16131 16132 16130
16133 16132 16131
16133 16134 16132
16135 16132 16134
16135 16130 16132
16135 16134 16002
16002 15976 16135
15975 16135 15976
15975 16136 16135
16136 16129 16130
16135 16136 16130
15975 16137 16136
16136 16137 16129
15975 16138 16137
15974 16138 15975
15974 16139 16138
16138 16139 16140
16138 16140 16141
16137 16138 16141
16141 16140 16142
16143 16142 16140
16143 16140 16139
16143 16144 16142
16141 16142 16145
16146 16145 16142
16142 16147 16146
16147 16116 16146
16147 16148 16116
16146 16116 16149
16146 16149 16145
16137 16141 16150
16137 16150 16119
16119 16150 16118
16141 16145 16118
16141 16118 16150
16145 16149 16117
16145 16117 16118
16116 16117 16149
16143 16151 16144
16151 16152 16144
16152 16148 16147
16142 16144 16152
16142 16152 16147
16151 16153 16152
16153 16154 16152
16152 16154 16148
16154 16155 16148
16154 16156 16155
16157 16156 16154
16153 16157 16154
16157 16158 16156
16159 16158 16157
16159 16160 16158
16160 16159 16161
16160 16161 16162
16163 16159 16157
16163 16157 16153
16164 16163 16153
16164 16153 16151
16165 16163 16164
16165 16164 16166
16151 16166 16164
16166 16167 16165
16166 16168 16167
16169 16165 16167
16169 16170 16165
16171 16165 16170
16171 16172 16165
16165 16172 16163
16173 16170 16169
16173 16169 16174
16169 16175 16174
16174 16175 16176
16177 16176 16175
16177 16178 16176
16178 16179 16176
16174 16176 16179
16178 16180 16179
16180 16173 16174
16180 16174 16179
16177 16181 16178
16177 16175 16182
16169 16183 16175
16183 16182 16175
16183 16184 16182
16184 16183 16185
16184 16185 16186
16186 16185 16187
16186 16187 16188
16188 16187 16189
16188 16189 16190
16189 16191 16190
16189 16192 16191
16193 16191 16192
16193 16192 16194
16193 16194 16195
16193 16195 16196
16197 16193 16196
16193 16198 16191
15978 16195 16194
15978 16194 15981
15979 16195 15978
15979 16199 16195
16199 16196 16195
15984 16192 16189
15984 16189 15985
16200 15984 15981
16200 15981 16194
16191 16198 16201
16191 16201 16190
16190 16201 16202
16190 16202 16188
16188 16202 16203
16188 16203 16186
16203 16184 16186
16203 16204 16184
16184 16204 16205
16184 16205 16182
16205 16177 16182
16205 16181 16177
15985 16189 16187
15985 16187 16168
16185 16168 16187
16185 16167 16168
16183 16167 16185
16183 16169 16167
15985 16168 16166
15985 16166 15986
15986 16166 16206
15982 15986 16206
16166 16151 16206
16143 16206 16151
15983 15982 16206
15983 16206 16143
16143 16139 15983
15983 16139 15974
16207 16208 16209
16207 16209 16210
16210 16209 16211
16210 16211 16212
16213 16208 16207
16213 16207 16214
16212 16211 16215
16212 16215 16216
16216 16215 16217
16216 16217 16218
16218 16217 16219
16218 16219 16220
16220 16219 16221
16220 16221 16222
16223 16222 16221
16223 16224 16222
16223 16225 16224
16223 16226 16225
16227 16223 16221
16223 16227 16228
16229 16228 16227
16229 16227 16230
16227 16231 16230
16227 16232 16231
16227 16221 16232
16219 16232 16221
16231 16232 16233
16219 16233 16232
16231 16233 16234
16234 16235 16231
16236 16231 16235
16230 16231 16236
16237 16235 16234
16238 16237 16234
16238 16234 16239
16239 16234 16233
16238 16239 16240
16240 16239 16241
16239 16233 16241
16240 16241 16242
16240 16242 16243
16230 16236 16244
16230 16244 16245
16245 16229 16230
16245 16246 16229
16247 16246 16245
16248 16247 16245
16249 16247 16248
16248 16250 16249
16248 16251 16250
16252 16250 16251
16252 16253 16250
16253 16252 16254
16253 16254 16255
16255 16254 16256
16255 16256 16257
16257 16256 16258
16257 16258 16259
16259 16258 16260
16259 16260 16261
16262 16261 16260
16262 16263 16261
16262 16264 16263
16262 16265 16264
16266 16264 16265
16266 16267 16264
16267 16266 16268
16267 16268 16269
16268 16270 16269
16269 16270 16271
16271 16270 16272
16271 16272 16273
16274 16275 16276
16274 16276 16277
16278 16275 16274
16278 16274 16279
16280 16278 16279
16280 16279 16281
16275 16278 16282
16282 16278 16280
16280 16281 16283
16280 16283 16284
16285 16280 16284
16285 16284 16286
16282 16280 16287
16280 16285 16287
16287 16288 16282
16287 16289 16288
16282 16290 16275
16282 16291 16290
16276 16292 16277
16277 16292 16293
16294 16283 16281
16294 16281 16295
16279 16295 16281
16279 16296 16295
16274 16296 16279
16297 16286 16284
16297 16298 16286
16297 16299 16298
16297 16300 16299
16301 16299 16300
16301 16300 16302
16302 16300 16303
16302 16303 16304
16303 16305 16304
16303 16306 16305
16307 16303 16300
16307 16300 16297
16306 16303 16307
16283 16307 16297
16283 16297 16284
16308 16307 16283
16306 16307 16308
16308 16283 16294
16309 16301 16302
16304 16309 16302
16309 16310 16301
16311 16310 16309
16311 16309 16312
16313 16311 16312
16313 16312 16314
16315 16313 16314
16315 16314 16316
16317 16315 16316
16317 16316 16318
16316 16319 16318
16316 16320 16319
16316 16314 16321
16316 16321 16320
16314 16312 16322
16314 16322 16321
16312 16309 16323
16312 16323 16322
16317 16318 16324
16317 16324 16325
16318 16326 16324
16318 16327 16326
16318 16319 16327
16328 16325 16324
16328 16324 16329
16324 16330 16329
16324 16326 16330
16328 16329 16331
16328 16331 16332
16332 16331 16333
16332 16333 16334
16334 16333 16335
16321 16336 16320
16319 16320 16336
16304 16323 16309
16305 16323 16304
16305 16337 16323
16323 16337 16338
16323 16338 16322
16322 16338 16339
16321 16339 16336
16322 16339 16321
16340 16341 16342
16340 16342 16343
16344 16342 16341
16344 16341 16345
16346 16341 16340
16345 16341 16346
16346 16340 16133
16345 16346 16347
16342 16003 16343
16003 16342 16344
16340 16134 16133
16343 15999 16340
16343 15998 15999
15995 15998 16343
16343 16003 15995
16133 16131 16346
16131 16347 16346
16012 16003 16344
16012 16344 16348
16348 16344 16345
16340 15999 16002
16340 16002 16134
16002 16001 15976
15980 15976 16001
15988 15980 16001
16349 16350 16351
16349 16352 16350
16349 16353 16352
16354 16352 16353
16354 16355 16352
16355 16354 16243
16355 16243 16242
16355 16242 16215
16241 16215 16242
16241 16217 16215
16217 16241 16233
16217 16233 16219
16355 16215 16211
16209 16352 16355
16209 16355 16211
16208 16350 16352
16208 16352 16209
16213 16351 16350
16213 16350 16208
16356 16357 16358
16357 16356 16359
16360 16359 16356
16360 16361 16359
16362 16361 16360
16358 16357 16363
16363 16357 16364
16357 16365 16364
16357 16366 16365
16367 16365 16366
16368 16367 16366
16362 16369 16361
16369 16370 16361
16359 16361 16370
16369 16371 16370
16371 16372 16370
16371 16373 16372
16373 16371 16374
16369 16374 16371
16375 16376 16377
16375 16377 16378
16378 16377 16379
16378 16379 16380
16381 16376 16375
16381 16375 16382
16380 16379 16383
16380 16383 16384
16384 16383 16385
16384 16385 16386
16386 16385 16387
16386 16387 16388
16388 16387 16389
16388 16389 16390
16389 16391 16390
16389 16392 16391
16393 16381 16382
16393 16382 16394
16393 16394 16395
16393 16395 16396
16393 16396 16397
16396 16398 16397
16396 16399 16398
16393 16397 16400
16401 16393 16400
16401 16381 16393
16402 16381 16401
16381 16402 16376
16403 16399 16396
16403 16396 16395
16404 16401 16400
16405 16406 16407
16405 16407 16408
16405 16408 16409
16405 16409 16410
16410 16409 16411
16410 16411 16412
16412 16411 16413
16412 16413 16414
16414 16413 16415
16414 16415 16416
16416 16415 16417
16416 16417 16418
16419 16418 16417
16419 16420 16418
16406 16421 16407
16406 16422 16421
16422 16423 16421
16422 16424 16423
16424 16425 16423
16424 16426 16425
16427 16425 16426
16427 16426 16428
16429 16424 16422
16430 16429 16422
16429 16431 16424
16431 16426 16424
16432 16431 16429
16430 16422 16406
16431 16433 16426
16434 16428 16426
16434 16426 16433
16435 16436 16437
16438 16435 16437
16439 16438 16437
16439 16437 16440
16436 16440 16437
16441 16439 16440
16441 16440 16442
16443 16441 16442
16443 16442 16444
16442 16445 16444
16442 16446 16445
16440 16446 16442
16447 16443 16444
16447 16444 16448
16445 16448 16444
16449 16447 16448
16449 16448 16450
16451 16449 16450
16451 16450 16452
16450 16453 16452
16450 16454 16453
16448 16454 16450
16455 16451 16452
16455 16452 16456
16453 16456 16452
16457 16455 16456
16457 16456 16458
16459 16457 16458
16459 16458 16460
16458 16461 16460
16458 16462 16461
16456 16462 16458
16463 16459 16460
16463 16460 16464
16461 16464 16460
16465 16463 16464
16465 16464 16466
16467 16465 16466
16467 16466 16468
16466 16469 16468
16466 16470 16469
16464 16470 16466
16471 16467 16468
16471 16468 16472
16469 16472 16468
16473 16471 16472
16473 16472 16474
16475 16473 16474
16475 16474 16476
16474 16477 16476
16474 16478 16477
16472 16478 16474
16479 16475 16476
16479 16476 16480
16477 16480 16476
16481 16479 16480
16481 16480 16482
16483 16481 16482
16483 16482 16484
16482 16485 16484
16482 16486 16485
16480 16486 16482
16487 16483 16484
16487 16484 16488
16485 16488 16484
16485 16489 16488
16488 16489 16490
16488 16490 16491
16491 16490 16492
16491 16492 16493
16494 16491 16493
16494 16495 16491
16496 16494 16493
16496 16493 16497
16492 16497 16493
16498 16496 16497
16498 16497 16499
16500 16498 16499
16500 16499 16501
16499 16502 16501
16499 16503 16502
16497 16503 16499
16504 16500 16501
16504 16501 16505
16502 16505 16501
16506 16504 16505
16506 16505 16507
16508 16506 16507
16508 16507 16509
16507 16510 16509
16507 16511 16510
16505 16511 16507
16512 16508 16509
16512 16509 16513
16510 16513 16509
16514 16512 16513
16514 16513 16515
16516 16514 16515
16516 16515 16517
16515 16518 16517
16515 16519 16518
16513 16519 16515
16520 16516 16517
16520 16517 16521
16518 16521 16517
16522 16520 16521
16522 16521 16523
16524 16522 16523
16524 16523 16525
16523 16526 16525
16523 16527 16526
16521 16527 16523
16528 16524 16525
16528 16525 16529
16526 16529 16525
16530 16528 16529
16530 16529 16531
16532 16530 16531
16532 16531 16533
16531 16534 16533
16531 16535 16534
16529 16535 16531
16536 16532 16533
16536 16533 16537
16534 16537 16533
16538 16536 16537
16538 16537 16539
16540 16538 16539
16540 16539 16541
16539 16542 16541
16539 16543 16542
16537 16543 16539
16544 16540 16541
16544 16541 16545
16542 16545 16541
16546 16544 16545
16546 16545 16547
16548 16546 16547
16548 16547 16549
16547 16550 16549
16547 16551 16550
16545 16551 16547
16552 16548 16549
16552 16549 16553
16550 16553 16549
16554 16552 16553
16554 16553 16555
16556 16554 16555
16556 16555 16557
16555 16558 16557
16555 16559 16558
16553 16559 16555
16560 16556 16557
16560 16557 16561
16553 16562 16559
16550 16562 16553
16550 16551 16563
16551 16564 16563
16551 16565 16564
16545 16565 16551
16542 16565 16545
16566 16564 16565
16566 16565 16542
16542 16567 16566
16542 16543 16567
16543 16568 16567
16543 16569 16568
16537 16569 16543
16534 16569 16537
16570 16568 16569
16570 16569 16534
16534 16571 16570
16534 16535 16571
16535 16572 16571
16535 16573 16572
16529 16573 16535
16526 16573 16529
16574 16572 16573
16574 16573 16526
16526 16575 16574
16526 16527 16575
16527 16576 16575
16527 16577 16576
16521 16577 16527
16518 16577 16521
16578 16576 16577
16578 16577 16518
16518 16579 16578
16518 16519 16579
16519 16580 16579
16519 16581 16580
16513 16581 16519
16510 16581 16513
16582 16580 16581
16582 16581 16510
16510 16583 16582
16510 16511 16583
16511 16584 16583
16511 16585 16584
16505 16585 16511
16502 16585 16505
16586 16584 16585
16586 16585 16502
16502 16587 16586
16502 16503 16587
16503 16588 16587
16503 16589 16588
16497 16589 16503
16492 16589 16497
16590 16588 16589
16590 16589 16492
16492 16591 16590
16492 16490 16591
16490 16592 16591
16490 16489 16592
16593 16592 16489
16593 16489 16485
16485 16594 16593
16485 16486 16594
16486 16595 16594
16486 16596 16595
16480 16596 16486
16477 16596 16480
16597 16595 16596
16597 16596 16477
16477 16598 16597
16477 16478 16598
16478 16599 16598
16478 16600 16599
16472 16600 16478
16469 16600 16472
16601 16599 16600
16601 16600 16469
16469 16602 16601
16469 16470 16602
16470 16603 16602
16470 16604 16603
16464 16604 16470
16461 16604 16464
16605 16603 16604
16605 16604 16461
16461 16606 16605
16461 16462 16606
16462 16607 16606
16462 16608 16607
16456 16608 16462
16453 16608 16456
16609 16607 16608
16609 16608 16453
16453 16610 16609
16453 16454 16610
16454 16611 16610
16454 16612 16611
16448 16612 16454
16445 16612 16448
16613 16611 16612
16613 16612 16445
16445 16614 16613
16445 16446 16614
16446 16615 16614
16446 16616 16615
16440 16616 16446
16436 16616 16440
16617 16615 16616
16617 16616 16436
16436 16435 16617
16618 16435 16438
16619 16618 16438
16619 16438 16439
16620 16619 16439
16620 16439 16441
16621 16620 16441
16621 16441 16443
16622 16621 16443
16622 16443 16447
16623 16622 16447
16623 16447 16449
16624 16623 16449
16624 16449 16451
16625 16624 16451
16625 16451 16455
16626 16625 16455
16626 16455 16457
16627 16626 16457
16627 16457 16459
16628 16627 16459
16628 16459 16463
16629 16628 16463
16629 16463 16465
16630 16629 16465
16630 16465 16467
16631 16630 16467
16631 16467 16471
16632 16631 16471
16632 16471 16473
16633 16632 16473
16633 16473 16475
16634 16633 16475
16634 16475 16479
16635 16634 16479
16635 16479 16481
16636 16635 16481
16636 16481 16483
16637 16636 16483
16637 16483 16487
16638 16637 16487
16638 16487 16495
16495 16487 16639
16495 16639 16491
16640 16638 16495
16640 16495 16494
16641 16640 16494
16641 16494 16496
16642 16641 16496
16642 16496 16498
16643 16642 16498
16643 16498 16500
16644 16643 16500
16644 16500 16504
16645 16644 16504
16645 16504 16506
16646 16645 16506
16646 16506 16508
16647 16646 16508
16647 16508 16512
16648 16647 16512
16648 16512 16514
16649 16648 16514
16649 16514 16516
16650 16649 16516
16650 16516 16520
16651 16650 16520
16651 16520 16522
16652 16651 16522
16652 16522 16524
16653 16652 16524
16653 16524 16528
16654 16653 16528
16654 16528 16530
16655 16654 16530
16655 16530 16532
16656 16655 16532
16656 16532 16536
16657 16656 16536
16657 16536 16538
16658 16657 16538
16658 16538 16540
16659 16658 16540
16659 16540 16544
16660 16659 16544
16660 16544 16546
16661 16660 16546
16661 16546 16548
16662 16661 16548
16662 16548 16552
16663 16662 16552
16663 16552 16554
16664 16663 16554
16664 16554 16556
16665 16664 16556
16665 16556 16560
16666 16558 16667
16558 16668 16667
16558 16559 16668
16559 16669 16668
16559 16562 16669
16670 16669 16562
16670 16562 16550
16550 16563 16670
16666 16557 16558
16666 16561 16557
16671 16672 16673
16673 16672 16674
16673 16674 16675
16674 16676 16675
16674 16677 16676
16677 16678 16676
16677 16679 16678
16678 16679 16680
16678 16680 16681
16680 16682 16681
16680 16683 16682
16683 16684 16682
16683 16685 16684
16684 16685 16686
16684 16686 16687
16686 16688 16687
16686 16689 16688
16689 16690 16688
16689 16691 16690
16690 16691 16692
16690 16692 16693
16692 16694 16693
16692 16695 16694
16695 16696 16694
16695 16697 16696
16696 16697 16698
16696 16698 16699
16698 16700 16699
16698 16701 16700
16701 16702 16700
16701 16703 16702
16702 16703 16704
16702 16704 16705
16704 16706 16705
16704 16707 16706
16707 16708 16706
16707 16709 16708
16708 16709 16710
16708 16710 16711
16710 16712 16711
16710 16713 16712
16713 16714 16712
16713 16715 16714
16714 16715 16716
16714 16716 16717
16716 16718 16717
16716 16719 16718
16719 16720 16718
16719 16721 16720
16720 16721 16722
16720 16722 16723
16722 16724 16723
16722 16725 16724
16725 16726 16724
16725 16727 16726
16726 16727 16728
16726 16728 16729
16728 16730 16729
16728 16731 16730
16731 16732 16730
16731 16733 16732
16732 16733 16734
16732 16734 16735
16734 16736 16735
16734 16737 16736
16737 16738 16736
16737 16739 16738
16738 16739 16740
16738 16740 16741
16740 16742 16741
16740 16743 16742
16743 16744 16742
16743 16745 16744
16744 16745 16746
16744 16746 16747
16746 16748 16747
16746 16749 16748
16749 16750 16748
16749 16751 16750
16750 16751 16752
16750 16752 16753
16752 16754 16753
16752 16755 16754
16755 16756 16754
16755 16757 16756
16756 16757 16758
16756 16758 16759
16758 16760 16759
16758 16761 16760
16761 16762 16760
16761 16763 16762
16762 16763 16764
16762 16764 16765
16752 16751 16766
16767 16766 16751
16767 16751 16749
16768 16767 16749
16768 16749 16746
16746 16769 16768
16746 16745 16769
16770 16769 16745
16770 16745 16743
16771 16770 16743
16771 16743 16740
16740 16772 16771
16740 16739 16772
16773 16772 16739
16773 16739 16737
16774 16773 16737
16774 16737 16734
16734 16775 16774
16734 16733 16775
16776 16775 16733
16776 16733 16731
16777 16776 16731
16777 16731 16728
16728 16778 16777
16728 16727 16778
16779 16778 16727
16779 16727 16725
16780 16779 16725
16780 16725 16722
16722 16781 16780
16722 16721 16781
16782 16781 16721
16782 16721 16719
16783 16782 16719
16783 16719 16716
16716 16784 16783
16716 16715 16784
16785 16784 16715
16785 16715 16713
16786 16785 16713
16786 16713 16710
16710 16787 16786
16710 16709 16787
16788 16787 16709
16788 16709 16707
16789 16788 16707
16789 16707 16704
16704 16790 16789
16704 16703 16790
16791 16790 16703
16791 16703 16701
16792 16791 16701
16792 16701 16698
16698 16793 16792
16698 16697 16793
16794 16793 16697
16794 16697 16695
16795 16794 16695
16795 16695 16692
16692 16796 16795
16692 16691 16796
16797 16796 16691
16797 16691 16689
16798 16797 16689
16798 16689 16686
16686 16799 16798
16686 16685 16799
16800 16799 16685
16800 16685 16683
16801 16800 16683
16801 16683 16680
16680 16802 16801
16680 16679 16802
16803 16802 16679
16803 16679 16677
16804 16803 16677
16804 16677 16674
16674 16805 16804
16674 16672 16805
16671 16805 16672
16806 16799 16800
16806 16807 16799
16808 16807 16806
16808 16806 16809
16810 16807 16808
16810 16811 16807
16812 16811 16810
16812 16813 16811
16814 16813 16812
16814 16815 16813
16816 16815 16814
16816 16817 16815
16818 16817 16816
16818 16819 16817
16820 16819 16818
16820 16821 16819
16822 16821 16820
16822 16823 16821
16824 16823 16822
16824 16825 16823
16826 16825 16824
16826 16827 16825
16828 16827 16826
16828 16829 16827
16830 16829 16828
16830 16831 16829
16832 16831 16830
16832 16833 16831
16834 16833 16832
16834 16835 16833
16836 16835 16834
16836 16837 16835
16838 16837 16836
16838 16839 16837
16840 16839 16838
16840 16841 16839
16842 16841 16840
16842 16843 16841
16844 16843 16842
16844 16845 16843
16846 16845 16844
16846 16847 16845
16848 16847 16846
16848 16849 16847
16850 16849 16848
16850 16851 16849
16852 16851 16850
16852 16853 16851
16854 16853 16852
16854 16855 16853
16856 16855 16854
16856 16857 16855
16858 16857 16856
16858 16859 16857
16860 16859 16858
16860 16861 16859
16862 16861 16860
16862 16863 16861
16864 16863 16862
16864 16865 16863
16866 16865 16864
16866 16867 16865
16868 16867 16866
16868 16869 16867
16870 16869 16868
16870 16871 16869
16872 16871 16870
16872 16873 16871
16874 16873 16872
16874 16875 16873
16876 16875 16874
16876 16877 16875
16878 16877 16876
16878 16879 16877
16880 16879 16878
16880 16881 16879
16882 16881 16880
16882 16883 16881
16884 16883 16882
16884 16885 16883
16886 16885 16884
16886 16887 16885
16888 16887 16886
16888 16889 16887
16887 16889 16890
16887 16890 16891
16885 16887 16891
16885 16891 16892
16883 16885 16892
16883 16892 16893
16881 16883 16893
16893 16892 16761
16893 16761 16758
16758 16894 16893
16881 16893 16894
16758 16757 16894
16895 16894 16757
16895 16757 16755
16896 16895 16755
16896 16755 16752
16752 16766 16896
16892 16763 16761
16892 16897 16763
16764 16763 16897
16764 16897 16890
16879 16894 16895
16879 16881 16894
16877 16879 16895
16877 16895 16896
16875 16877 16896
16875 16896 16766
16873 16875 16766
16873 16766 16767
16871 16873 16767
16871 16767 16768
16869 16871 16768
16869 16768 16769
16867 16869 16769
16867 16769 16770
16865 16867 16770
16865 16770 16771
16863 16865 16771
16863 16771 16772
16861 16863 16772
16861 16772 16773
16859 16861 16773
16859 16773 16774
16857 16859 16774
16857 16774 16775
16855 16857 16775
16855 16775 16776
16853 16855 16776
16853 16776 16777
16851 16853 16777
16851 16777 16778
16849 16851 16778
16849 16778 16779
16847 16849 16779
16847 16779 16780
16845 16847 16780
16845 16780 16781
16843 16845 16781
16843 16781 16782
16841 16843 16782
16841 16782 16783
16839 16841 16783
16839 16783 16784
16837 16839 16784
16837 16784 16785
16835 16837 16785
16835 16785 16786
16833 16835 16786
16833 16786 16787
16831 16833 16787
16831 16787 16788
16829 16831 16788
16829 16788 16789
16827 16829 16789
16827 16789 16790
16825 16827 16790
16825 16790 16791
16823 16825 16791
16823 16791 16792
16821 16823 16792
16821 16792 16793
16819 16821 16793
16819 16793 16794
16817 16819 16794
16817 16794 16795
16815 16817 16795
16815 16795 16796
16813 16815 16796
16813 16796 16797
16811 16813 16797
16811 16797 16798
16807 16811 16798
16807 16798 16799
16809 16806 16898
16809 16898 16899
16899 16898 16900
16899 16900 16901
16901 16900 16902
16901 16902 16903
16903 16902 16904
16903 16904 16905
16905 16904 16906
16905 16906 16907
16907 16906 16671
16898 16806 16800
16898 16800 16801
16900 16898 16801
16900 16801 16802
16902 16900 16802
16902 16802 16803
16904 16902 16803
16904 16803 16804
16906 16904 16804
16906 16804 16805
16671 16906 16805
16908 16909 16910
16908 16911 16909
16912 16911 16908
16912 16913 16911
16912 16914 16915
16914 16916 16915
16914 16917 16916
16912 16915 16918
16293 16919 16920
16277 16293 16920
16276 16921 16922
16275 16921 16276
16275 16923 16921
16275 16924 16923
16275 16925 16924
16275 16290 16925
16922 16926 16276
16276 16926 16927
16927 16292 16276
16928 16929 16930
16928 16930 16931
16929 16928 16932
16930 16933 16931
16930 16934 16933
16934 16935 16933
16933 16935 16936
16937 16936 16935
16938 16936 16937
16937 16935 16939
16940 16937 16939
16044 16005 16941
16044 16942 16005
16943 16005 16942
16005 16943 15990
16943 16944 15990
15990 16944 15987
15987 16944 16199
15987 16199 15979
16199 16944 16945
16943 16945 16944
16945 16943 16946
16947 16945 16946
16199 16945 16948
16948 16945 16949
16945 16947 16949
16950 16948 16949
16948 16950 16196
16199 16948 16196
16951 16947 16946
16943 16942 16951
16943 16951 16946
16044 16951 16942
16044 16046 16951
16047 16951 16046
16047 16952 16951
16951 16952 16947
16953 16947 16952
16047 16953 16952
16953 16954 16947
16047 16050 16953
16051 16953 16050
16051 16054 16953
16196 16950 16197
16950 16955 16197
16956 16197 16955
16956 16957 16197
16958 16957 16956
16958 16956 16959
16960 16958 16959
16960 16961 16958
16962 16961 16960
16962 16960 16963
16964 16962 16963
16964 16965 16962
16966 16965 16964
16966 16967 16965
16968 16967 16966
16968 16966 16969
16970 16968 16969
16970 16971 16968
16971 16967 16968
16972 16970 16969
16972 16969 16973
16973 16969 16966
16974 16972 16973
16974 16973 16975
16975 16966 16964
16973 16966 16975
16976 16974 16975
16976 16975 16977
16977 16964 16963
16975 16964 16977
16978 16976 16977
16978 16977 16979
16980 16978 16979
16980 16979 16981
16982 16980 16981
16982 16981 16983
16984 16982 16983
16984 16983 16985
16986 16984 16985
16986 16985 16987
16988 16986 16987
16988 16987 16989
16989 16987 16955
16985 16955 16987
16989 16955 16950
16985 16956 16955
16983 16956 16985
16983 16959 16956
16981 16959 16983
16981 16960 16959
16979 16960 16981
16979 16963 16960
16990 16988 16989
16949 16990 16989
16989 16950 16949
16947 16990 16949
16977 16963 16979
16991 16054 16992
16991 16992 16954
16223 16993 16994
16223 16228 16993
16223 16994 16226
16224 16995 16996
16225 16995 16224
16996 16997 16998
16999 16998 16997
17000 16999 16997
17000 17001 16999
17000 17002 17001
17000 17003 17002
17002 17003 17004
17005 17004 17003
17006 17004 17005
17007 17006 17005
17007 17005 17008
17005 17003 17008
17007 17008 17009
17009 17008 17010
17008 17011 17010
17011 17008 17003
17012 17010 17011
17011 17003 17013
17000 17013 17003
17014 17011 17013
17014 17013 17000
17014 17015 17011
17015 17012 17011
17015 17016 17012
17015 17017 17016
17018 17015 17014
17017 17015 17018
17018 17014 17019
17017 17018 17020
17021 17017 17020
17022 17017 17021
17023 17022 17021
17022 17023 17024
17022 17024 17025
17026 17025 17024
17026 17024 17027
17027 17028 17026
17027 17029 17028
17029 17030 17028
17029 17031 17030
17031 17032 17030
17031 17033 17032
17033 17034 17032
17033 17035 17034
17036 17034 17035
17036 17035 17037
17036 17037 17038
17036 17038 17039
17040 17039 17038
17040 17038 17041
17041 17042 17040
17041 17043 17042
17042 17043 17044
17043 17045 17044
17045 17046 17044
17045 17047 17046
17048 17049 17050
17048 17050 17051
17051 17050 17052
17051 17052 17053
17053 17052 17054
17053 17054 17055
17055 17054 17056
17055 17056 17057
17056 17058 17057
17056 17059 17058
17059 17060 17058
17059 17061 17060
17061 17062 17060
17061 17063 17062
17064 17054 17052
17050 17064 17052
17064 17065 17054
17065 17056 17054
17050 17066 17064
17067 17061 17059
17067 17068 17061
17068 17069 17061
17068 17070 17069
17065 17071 17056
17071 17067 17059
17071 17059 17056
17049 17072 17066
17049 17066 17050
17073 17074 17049
17073 17049 17075
17074 17076 17049
17074 17077 17076
17074 17073 17078
17079 17074 17078
17079 17077 17074
17078 17080 17079
17081 17082 17083
17081 17083 17084
17084 17083 17085
17084 17085 17086
17086 17085 17087
17086 17087 17088
17088 17087 17089
17088 17089 17090
17090 17089 17091
17090 17091 17092
17092 17091 17093
17092 17093 17094
17094 17093 17095
17094 17095 17096
17097 17095 17098
17097 17098 17099
17100 17101 17102
17101 17103 17102
17104 17101 17100
17105 17106 17107
17105 17107 17108
17106 17105 17109
17106 17109 17110
17111 17110 17109
17111 17112 17110
17113 17112 17111
17107 17106 17114
17107 17114 17115
17116 17115 17114
17116 17114 17117
17118 17116 17117
17118 17117 17119
17120 17115 17116
17120 17121 17115
17107 17115 17121
17107 17121 17122
17108 17107 17122
17109 17123 17111
17113 17111 17123
17124 17113 17123
17125 17113 17124
17126 17113 17125
17126 17125 17127
17126 17127 17128
17129 17126 17128
17129 17128 17130
17131 17126 17129
17131 17132 17126
17133 17132 17131
17133 17134 17132
17135 17134 17133
17135 17136 17134
17126 17132 17113
17113 17132 17134
17130 17128 17137
17125 17124 17138
17127 17125 17138
17139 17130 17137
17140 17130 17139
17140 17141 17130
17142 17130 17141
17143 17130 17142
17129 17143 17131
17143 17129 17130
17142 17144 17143
17145 17139 17137
17145 17146 17139
17145 17147 17146
17147 17148 17146
17147 17149 17148
17149 17150 17148
17149 17151 17150
17152 17150 17151
17153 17151 17149
17153 17154 17151
17154 17152 17151
17155 17153 17149
17155 17149 17147
17156 17155 17147
17156 17147 17145
17157 17156 17145
17157 17145 17137
17128 17157 17137
17157 17128 17127
17158 17157 17127
17157 17159 17156
17160 17156 17159
17160 17159 17161
17161 17159 17157
17161 17157 17158
17160 17161 17162
17161 17158 17163
17164 17163 17158
17165 17164 17158
17158 17127 17165
17165 17166 17164
17164 17166 17167
17168 17164 17167
17164 17168 17169
17164 17169 17170
17164 17170 17163
17163 17170 17171
17163 17171 17172
17172 17162 17161
17172 17161 17163
17169 17173 17170
17170 17173 17174
17170 17174 17171
17174 17175 17171
17175 17172 17171
17167 17166 17176
17177 17167 17176
17167 17177 17178
17167 17178 17179
17180 17179 17178
17177 17180 17178
17180 17181 17179
17167 17179 17182
17168 17167 17182
17180 17183 17181
17180 17184 17183
17183 17184 17185
17183 17185 17186
17187 17185 17184
17180 17187 17184
17187 17188 17185
17187 17189 17188
17187 17190 17189
17191 17190 17187
17192 17190 17191
17192 17189 17190
17192 17191 17193
17191 17194 17193
17191 17195 17194
17191 17177 17195
17191 17196 17177
17191 17187 17196
17177 17197 17195
17197 17194 17195
17124 17194 17197
17198 17194 17124
17198 17199 17194
17199 17192 17193
17194 17199 17193
17200 17199 17198
17200 17201 17199
17200 17198 17123
17198 17124 17123
17200 17123 17202
17203 17200 17202
17203 17202 17204
17205 17203 17204
17206 17203 17205
17206 17201 17200
17206 17200 17203
17206 17205 17207
17205 17204 17208
17209 17205 17208
17207 17205 17209
17209 17208 17210
17211 17209 17210
17211 17212 17209
17213 17212 17211
17213 17214 17212
17215 17214 17213
17215 17213 17216
17207 17209 17217
17212 17217 17209
17108 17208 17204
17108 17204 17105
17105 17204 17202
17105 17202 17109
17218 17211 17210
17208 17108 17218
17208 17218 17210
17218 17219 17211
17219 17218 17220
17221 17215 17216
17221 17216 17222
17222 17216 17223
17213 17223 17216
17222 17223 17224
17225 17222 17224
17225 17226 17222
17226 17221 17222
17227 17226 17225
17227 17228 17226
17229 17228 17227
17229 17230 17228
17231 17230 17229
17231 17229 17232
17233 17231 17232
17233 17234 17231
17234 17230 17231
17235 17234 17233
17235 17236 17234
17237 17236 17235
17237 17235 17238
17239 17237 17238
17239 17240 17237
17241 17240 17239
17241 17242 17240
17217 17242 17241
17217 17241 17243
17241 17244 17243
17244 17207 17243
17207 17217 17243
17244 17245 17207
17241 17246 17244
17247 17246 17241
17247 17241 17248
17249 17247 17248
17249 17250 17247
17251 17250 17249
17251 17249 17252
17253 17251 17252
17253 17252 17254
17255 17253 17254
17255 17256 17253
17257 17256 17255
17257 17258 17256
17259 17258 17257
17259 17260 17258
17261 17258 17260
17261 17262 17258
17262 17251 17253
17256 17258 17262
17256 17262 17253
17263 17262 17261
17263 17264 17262
17264 17250 17251
17262 17264 17251
17265 17264 17263
17265 17266 17264
17267 17266 17265
17267 17268 17266
17269 17268 17267
17269 17270 17268
17271 17270 17269
17271 17272 17270
17273 17272 17271
17273 17274 17272
17275 17274 17273
17275 17276 17274
17277 17276 17275
17272 17274 17245
17245 17274 17276
17206 17245 17276
17201 17206 17276
17277 17201 17276
17272 17245 17244
17246 17270 17272
17246 17272 17244
17268 17270 17246
17268 17246 17247
17250 17268 17247
17250 17266 17268
17264 17266 17250
17278 17275 17273
17279 17275 17278
17275 17279 17277
17192 17277 17279
17206 17207 17245
17199 17201 17277
17192 17199 17277
17192 17280 17189
17281 17280 17282
17281 17282 17283
17189 17283 17284
17285 17284 17283
17285 17283 17286
17287 17284 17285
17287 17285 17288
17289 17285 17286
17288 17285 17289
17289 17286 17290
17288 17289 17291
17291 17289 17292
17291 17292 17293
17293 17292 17294
17294 17292 17295
17295 17292 17289
17295 17289 17290
17294 17295 17296
17293 17294 17297
17298 17294 17296
17297 17294 17298
17298 17296 17299
17297 17298 17300
17300 17298 17301
17300 17301 17302
17303 17302 17301
17303 17301 17304
17304 17301 17305
17305 17301 17298
17305 17298 17299
17304 17305 17306
17306 17305 17299
17307 17291 17293
17308 17291 17307
17308 17288 17291
17309 17288 17308
17309 17287 17288
17310 17297 17300
17311 17297 17310
17307 17293 17311
17311 17293 17297
17312 17302 17303
17310 17300 17312
17312 17300 17302
17185 17287 17309
17185 17284 17287
17185 17188 17284
17185 17309 17186
17189 17284 17188
17108 17313 17314
17315 17314 17313
17315 17313 17316
17314 17218 17108
17218 17314 17315
17218 17315 17220
17220 17315 17317
17220 17317 17318
17319 17318 17317
17319 17320 17318
17318 17320 17321
17318 17321 17322
17321 17320 17323
17323 17320 17319
17321 17323 17324
17321 17324 17325
17325 17326 17321
17326 17327 17321
17327 17322 17321
17326 17328 17327
17323 17319 17329
17330 17323 17329
17330 17331 17323
17331 17324 17323
17332 17318 17322
17332 17322 17223
17327 17223 17322
17213 17332 17223
17211 17332 17213
17211 17219 17332
17220 17332 17219
17220 17318 17332
17224 17223 17327
17224 17327 17328
17333 17330 17329
17319 17333 17329
17319 17334 17333
17335 17334 17319
17335 17319 17317
17335 17317 17315
17335 17315 17316
17336 17335 17316
17336 17337 17335
17338 17337 17336
17338 17336 17339
17340 17338 17339
17340 17339 17341
17337 17342 17335
17335 17342 17334
17337 17343 17342
17338 17343 17337
17338 17344 17343
17340 17344 17338
17340 17345 17344
17339 17120 17341
17339 17121 17120
17122 17121 17339
17122 17339 17336
17122 17336 17316
17346 17345 17340
17346 17340 17341
17346 17347 17345
17348 17347 17346
17346 17341 17349
17120 17349 17341
17350 17346 17349
17350 17351 17346
17352 17351 17350
17352 17353 17351
17354 17353 17352
17354 17355 17353
17356 17355 17354
17356 17354 17357
17358 17351 17353
17358 17359 17351
17359 17348 17346
17359 17346 17351
17360 17359 17358
17360 17361 17359
17362 17361 17360
17362 17360 17363
17362 17363 16998
17362 17364 17361
17365 16998 17363
17365 17363 17366
17360 17358 17367
17360 17367 17363
17367 17358 17353
17367 17353 17355
17363 17367 17368
17363 17368 17366
17368 17367 17355
17368 17355 17356
17369 17357 17354
17369 17370 17357
17369 17371 17370
17369 17372 17371
17373 17372 17369
17373 17369 17374
17374 17369 17354
17375 17373 17374
17375 17118 17373
17374 17354 17352
17375 17374 17352
17375 17352 17350
17376 17375 17350
17118 17375 17376
17376 17350 17349
17120 17376 17349
17116 17118 17376
17116 17376 17120
17377 17378 17379
17377 17379 17380
17381 17378 17377
17381 17382 17378
17383 17382 17381
17383 17384 17382
17385 17381 17377
17383 17386 17384
17383 17387 17386
17388 17387 17383
17388 17389 17387
17390 17383 17381
17390 17381 17385
17383 17390 17388
17385 17391 17390
17385 17392 17391
17377 17393 17385
17380 17379 17394
17379 17395 17394
17396 17380 17394
17380 17396 17397
17398 17380 17397
17380 17398 17399
17377 17380 17399
17377 17400 17393
17377 17401 17400
17377 17402 17401
17377 17399 17403
17377 17403 17402
17395 17404 17405
17379 17404 17395
17406 17407 17408
17144 17406 17408
17144 17408 17143
17407 17409 17408
17408 17409 17143
17131 17143 17409
17131 17409 17410
17407 17410 17409
17131 17410 17133
17410 17411 17133
17410 17412 17411
17407 17412 17410
17411 17412 17119
17411 17119 17117
17411 17117 17135
17411 17135 17133
17136 17135 17117
17136 17117 17114
17119 17412 17413
17407 17413 17412
17136 17114 17106
17136 17106 17110
17112 17136 17110
17112 17134 17136
17113 17134 17112
17414 17415 17416
17417 17414 17416
17417 17418 17414
17417 17419 17418
17417 17420 17419
17421 17419 17420
17421 17420 17422
17422 17006 17421
17006 17422 17004
17423 17416 17415
17423 17424 17416
17425 17417 17416
17425 17416 17424
17420 17417 17425
17420 17425 17426
17427 17422 17420
17427 17420 17426
17428 17004 17422
17428 17422 17427
17002 17004 17428
17429 17424 17423
17429 17423 17430
17429 17430 17431
17431 17331 17429
17431 17432 17331
17431 17433 17432
17434 17425 17424
17434 17424 17429
17435 17426 17425
17435 17425 17434
17436 17427 17426
17436 17426 17435
17437 17428 17427
17437 17427 17436
17002 17428 17437
17002 17437 17001
17330 17434 17429
17330 17429 17331
17438 17435 17434
17438 17434 17330
17333 17438 17330
17439 17438 17333
17439 17440 17438
17440 17436 17435
17440 17435 17438
17441 17440 17439
17441 17442 17440
17442 17437 17436
17442 17436 17440
17001 17437 17442
17334 17439 17333
17334 17342 17439
17343 17439 17342
17344 17439 17343
17345 17439 17344
17347 17439 17345
17348 17441 17439
17348 17439 17347
17364 17442 17441
17001 17442 17364
17364 17441 17361
17359 17361 17441
17359 17441 17348
16999 17001 17364
16999 17364 17362
16999 17362 16998
16996 16998 17365
17443 17444 17445
17445 17446 17443
17446 17447 17443
17446 17448 17447
17449 17447 17448
17444 17450 17445
17450 17451 17445
17445 17451 17452
17445 17452 17453
17454 17453 17452
17455 17453 17454
17449 17448 17456
17456 17448 17457
17446 17457 17448
17456 17457 17458
17458 17457 17459
17458 17459 17460
17460 17461 17458
17456 17458 17461
17462 17463 17464
17462 17464 17465
17463 17466 17464
17463 17467 17466
17468 17462 17465
17468 17469 17462
17467 17470 17466
17467 17471 17470
17471 17472 17470
17471 17473 17472
17473 17474 17472
17473 17475 17474
17475 17476 17474
17475 17477 17476
17476 17477 17478
17476 17478 17479
17480 17469 17468
17480 17481 17469
17480 17482 17481
17480 17483 17482
17480 17484 17483
17483 17484 17485
17483 17485 17486
17480 17487 17484
17488 17487 17480
17487 17488 17489
17488 17480 17468
17490 17488 17468
17468 17465 17490
17491 17482 17483
17491 17483 17486
17492 17493 17494
17492 17494 17495
17492 17496 17493
17492 17497 17496
17497 17498 17496
17497 17499 17498
17499 17500 17498
17499 17501 17500
17501 17502 17500
17501 17503 17502
17503 17504 17502
17503 17505 17504
17506 17504 17505
17506 17505 17507
17495 17494 17508
17495 17508 17509
17510 17495 17509
17510 17509 17511
17511 17509 17512
17511 17512 17513
17509 17508 17514
17509 17514 17512
17512 17514 17515
17512 17515 17516
17513 17512 17516
17517 17516 17515
17517 17518 17516
17513 17516 17519
17520 17519 17516
17520 17516 17518
17521 17511 17513
17522 17523 17524
17525 17523 17522
17526 17523 17525
17526 17527 17523
17524 17523 17527
17528 17527 17526
17528 17529 17527
17530 17529 17528
17530 17531 17529
17529 17531 17532
17529 17532 17533
17527 17529 17533
17534 17531 17530
17534 17535 17531
17532 17531 17535
17536 17535 17534
17536 17537 17535
17538 17537 17536
17538 17539 17537
17537 17539 17540
17537 17540 17541
17535 17537 17541
17542 17539 17538
17542 17543 17539
17540 17539 17543
17544 17543 17542
17544 17545 17543
17546 17545 17544
17546 17547 17545
17545 17547 17548
17545 17548 17549
17543 17545 17549
17550 17547 17546
17550 17551 17547
17548 17547 17551
17552 17551 17550
17552 17553 17551
17554 17553 17552
17554 17555 17553
17553 17555 17556
17553 17556 17557
17551 17553 17557
17558 17555 17554
17558 17559 17555
17556 17555 17559
17560 17559 17558
17560 17561 17559
17562 17561 17560
17562 17563 17561
17561 17563 17564
17561 17564 17565
17559 17561 17565
17566 17563 17562
17566 17567 17563
17564 17563 17567
17568 17567 17566
17568 17569 17567
17570 17569 17568
17570 17571 17569
17569 17571 17572
17569 17572 17573
17567 17569 17573
17574 17571 17570
17574 17575 17571
17572 17571 17575
17572 17575 17576
17575 17577 17576
17575 17578 17577
17578 17579 17577
17578 17580 17579
17581 17580 17578
17581 17578 17582
17583 17580 17581
17583 17584 17580
17579 17580 17584
17585 17584 17583
17585 17586 17584
17587 17586 17585
17587 17588 17586
17586 17588 17589
17586 17589 17590
17584 17586 17590
17591 17588 17587
17591 17592 17588
17589 17588 17592
17593 17592 17591
17593 17594 17592
17595 17594 17593
17595 17596 17594
17594 17596 17597
17594 17597 17598
17592 17594 17598
17599 17596 17595
17599 17600 17596
17597 17596 17600
17601 17600 17599
17601 17602 17600
17603 17602 17601
17603 17604 17602
17602 17604 17605
17602 17605 17606
17600 17602 17606
17607 17604 17603
17607 17608 17604
17605 17604 17608
17609 17608 17607
17609 17610 17608
17611 17610 17609
17611 17612 17610
17610 17612 17613
17610 17613 17614
17608 17610 17614
17615 17612 17611
17615 17616 17612
17613 17612 17616
17617 17616 17615
17617 17618 17616
17619 17618 17617
17619 17620 17618
17618 17620 17621
17618 17621 17622
17616 17618 17622
17623 17620 17619
17623 17624 17620
17621 17620 17624
17625 17624 17623
17625 17626 17624
17627 17626 17625
17627 17628 17626
17626 17628 17629
17626 17629 17630
17624 17626 17630
17631 17628 17627
17631 17632 17628
17629 17628 17632
17633 17632 17631
17633 17634 17632
17635 17634 17633
17635 17636 17634
17634 17636 17637
17634 17637 17638
17632 17634 17638
17639 17636 17635
17639 17640 17636
17637 17636 17640
17641 17640 17639
17641 17642 17640
17643 17642 17641
17643 17644 17642
17642 17644 17645
17642 17645 17646
17640 17642 17646
17647 17644 17643
17647 17648 17644
17640 17646 17649
17637 17640 17649
17637 17650 17638
17638 17650 17651
17638 17651 17652
17632 17638 17652
17629 17632 17652
17653 17629 17652
17653 17652 17651
17629 17653 17654
17629 17654 17630
17630 17654 17655
17630 17655 17656
17624 17630 17656
17621 17624 17656
17657 17621 17656
17657 17656 17655
17621 17657 17658
17621 17658 17622
17622 17658 17659
17622 17659 17660
17616 17622 17660
17613 17616 17660
17661 17613 17660
17661 17660 17659
17613 17661 17662
17613 17662 17614
17614 17662 17663
17614 17663 17664
17608 17614 17664
17605 17608 17664
17665 17605 17664
17665 17664 17663
17605 17665 17666
17605 17666 17606
17606 17666 17667
17606 17667 17668
17600 17606 17668
17597 17600 17668
17669 17597 17668
17669 17668 17667
17597 17669 17670
17597 17670 17598
17598 17670 17671
17598 17671 17672
17592 17598 17672
17589 17592 17672
17673 17589 17672
17673 17672 17671
17589 17673 17674
17589 17674 17590
17590 17674 17675
17590 17675 17676
17584 17590 17676
17579 17584 17676
17677 17579 17676
17677 17676 17675
17579 17677 17678
17579 17678 17577
17577 17678 17679
17577 17679 17576
17680 17576 17679
17680 17572 17576
17572 17680 17681
17572 17681 17573
17573 17681 17682
17573 17682 17683
17567 17573 17683
17564 17567 17683
17684 17564 17683
17684 17683 17682
17564 17684 17685
17564 17685 17565
17565 17685 17686
17565 17686 17687
17559 17565 17687
17556 17559 17687
17688 17556 17687
17688 17687 17686
17556 17688 17689
17556 17689 17557
17557 17689 17690
17557 17690 17691
17551 17557 17691
17548 17551 17691
17692 17548 17691
17692 17691 17690
17548 17692 17693
17548 17693 17549
17549 17693 17694
17549 17694 17695
17543 17549 17695
17540 17543 17695
17696 17540 17695
17696 17695 17694
17540 17696 17697
17540 17697 17541
17541 17697 17698
17541 17698 17699
17535 17541 17699
17532 17535 17699
17700 17532 17699
17700 17699 17698
17532 17700 17701
17532 17701 17533
17533 17701 17702
17533 17702 17703
17527 17533 17703
17524 17527 17703
17704 17524 17703
17704 17703 17702
17524 17704 17522
17705 17525 17522
17706 17525 17705
17706 17526 17525
17707 17526 17706
17707 17528 17526
17708 17528 17707
17708 17530 17528
17709 17530 17708
17709 17534 17530
17710 17534 17709
17710 17536 17534
17711 17536 17710
17711 17538 17536
17712 17538 17711
17712 17542 17538
17713 17542 17712
17713 17544 17542
17714 17544 17713
17714 17546 17544
17715 17546 17714
17715 17550 17546
17716 17550 17715
17716 17552 17550
17717 17552 17716
17717 17554 17552
17718 17554 17717
17718 17558 17554
17719 17558 17718
17719 17560 17558
17720 17560 17719
17720 17562 17560
17721 17562 17720
17721 17566 17562
17722 17566 17721
17722 17568 17566
17723 17568 17722
17723 17570 17568
17724 17570 17723
17724 17574 17570
17725 17574 17724
17725 17582 17574
17582 17726 17574
17582 17578 17726
17727 17582 17725
17727 17581 17582
17728 17581 17727
17728 17583 17581
17729 17583 17728
17729 17585 17583
17730 17585 17729
17730 17587 17585
17731 17587 17730
17731 17591 17587
17732 17591 17731
17732 17593 17591
17733 17593 17732
17733 17595 17593
17734 17595 17733
17734 17599 17595
17735 17599 17734
17735 17601 17599
17736 17601 17735
17736 17603 17601
17737 17603 17736
17737 17607 17603
17738 17607 17737
17738 17609 17607
17739 17609 17738
17739 17611 17609
17740 17611 17739
17740 17615 17611
17741 17615 17740
17741 17617 17615
17742 17617 17741
17742 17619 17617
17743 17619 17742
17743 17623 17619
17744 17623 17743
17744 17625 17623
17745 17625 17744
17745 17627 17625
17746 17627 17745
17746 17631 17627
17747 17631 17746
17747 17633 17631
17748 17633 17747
17748 17635 17633
17749 17635 17748
17749 17639 17635
17750 17639 17749
17750 17641 17639
17751 17641 17750
17751 17643 17641
17752 17643 17751
17752 17647 17643
17753 17754 17645
17645 17754 17755
17645 17755 17646
17646 17755 17756
17646 17756 17649
17757 17649 17756
17757 17637 17649
17637 17757 17650
17753 17645 17644
17753 17644 17648
17758 17759 17760
17759 17761 17760
17759 17762 17761
17761 17762 17763
17761 17763 17764
17764 17763 17765
17764 17765 17766
17765 17767 17766
17765 17768 17767
17767 17768 17769
17767 17769 17770
17770 17769 17771
17770 17771 17772
17771 17773 17772
17771 17774 17773
17773 17774 17775
17773 17775 17776
17776 17775 17777
17776 17777 17778
17777 17779 17778
17777 17780 17779
17779 17780 17781
17779 17781 17782
17782 17781 17783
17782 17783 17784
17783 17785 17784
17783 17786 17785
17785 17786 17787
17785 17787 17788
17788 17787 17789
17788 17789 17790
17789 17791 17790
17789 17792 17791
17791 17792 17793
17791 17793 17794
17794 17793 17795
17794 17795 17796
17795 17797 17796
17795 17798 17797
17797 17798 17799
17797 17799 17800
17800 17799 17801
17800 17801 17802
17801 17803 17802
17801 17804 17803
17803 17804 17805
17803 17805 17806
17806 17805 17807
17806 17807 17808
17807 17809 17808
17807 17810 17809
17809 17810 17811
17809 17811 17812
17812 17811 17813
17812 17813 17814
17813 17815 17814
17813 17816 17815
17815 17816 17817
17815 17817 17818
17818 17817 17819
17818 17819 17820
17819 17821 17820
17819 17822 17821
17821 17822 17823
17821 17823 17824
17824 17823 17825
17824 17825 17826
17825 17827 17826
17825 17828 17827
17827 17828 17829
17827 17829 17830
17830 17829 17831
17830 17831 17832
17831 17833 17832
17831 17834 17833
17833 17834 17835
17833 17835 17836
17836 17835 17837
17836 17837 17838
17837 17839 17838
17837 17840 17839
17839 17840 17841
17839 17841 17842
17842 17841 17843
17842 17843 17844
17843 17845 17844
17843 17846 17845
17845 17846 17847
17845 17847 17848
17848 17847 17849
17848 17849 17850
17849 17851 17850
17849 17852 17851
17839 17853 17838
17854 17838 17853
17854 17836 17838
17855 17836 17854
17855 17833 17836
17833 17855 17856
17833 17856 17832
17857 17832 17856
17857 17830 17832
17858 17830 17857
17858 17827 17830
17827 17858 17859
17827 17859 17826
17860 17826 17859
17860 17824 17826
17861 17824 17860
17861 17821 17824
17821 17861 17862
17821 17862 17820
17863 17820 17862
17863 17818 17820
17864 17818 17863
17864 17815 17818
17815 17864 17865
17815 17865 17814
17866 17814 17865
17866 17812 17814
17867 17812 17866
17867 17809 17812
17809 17867 17868
17809 17868 17808
17869 17808 17868
17869 17806 17808
17870 17806 17869
17870 17803 17806
17803 17870 17871
17803 17871 17802
17872 17802 17871
17872 17800 17802
17873 17800 17872
17873 17797 17800
17797 17873 17874
17797 17874 17796
17875 17796 17874
17875 17794 17796
17876 17794 17875
17876 17791 17794
17791 17876 17877
17791 17877 17790
17878 17790 17877
17878 17788 17790
17879 17788 17878
17879 17785 17788
17785 17879 17880
17785 17880 17784
17881 17784 17880
17881 17782 17784
17882 17782 17881
17882 17779 17782
17779 17882 17883
17779 17883 17778
17884 17778 17883
17884 17776 17778
17885 17776 17884
17885 17773 17776
17773 17885 17886
17773 17886 17772
17887 17772 17886
17887 17770 17772
17888 17770 17887
17888 17767 17770
17767 17888 17889
17767 17889 17766
17890 17766 17889
17890 17764 17766
17891 17764 17890
17891 17761 17764
17761 17891 17892
17761 17892 17760
17758 17760 17892
17893 17887 17886
17893 17886 17894
17895 17893 17894
17895 17896 17893
17897 17895 17894
17897 17894 17898
17899 17897 17898
17899 17898 17900
17901 17899 17900
17901 17900 17902
17903 17901 17902
17903 17902 17904
17905 17903 17904
17905 17904 17906
17907 17905 17906
17907 17906 17908
17909 17907 17908
17909 17908 17910
17911 17909 17910
17911 17910 17912
17913 17911 17912
17913 17912 17914
17915 17913 17914
17915 17914 17916
17917 17915 17916
17917 17916 17918
17919 17917 17918
17919 17918 17920
17921 17919 17920
17921 17920 17922
17923 17921 17922
17923 17922 17924
17925 17923 17924
17925 17924 17926
17927 17925 17926
17927 17926 17928
17929 17927 17928
17929 17928 17930
17931 17929 17930
17931 17930 17932
17933 17931 17932
17933 17932 17934
17935 17933 17934
17935 17934 17936
17937 17935 17936
17937 17936 17938
17939 17937 17938
17939 17938 17940
17941 17939 17940
17941 17940 17942
17943 17941 17942
17943 17942 17944
17945 17943 17944
17945 17944 17946
17947 17945 17946
17947 17946 17948
17949 17947 17948
17949 17948 17950
17951 17949 17950
17951 17950 17952
17953 17951 17952
17953 17952 17954
17955 17953 17954
17955 17954 17956
17957 17955 17956
17957 17956 17958
17959 17957 17958
17959 17958 17960
17961 17959 17960
17961 17960 17962
17963 17961 17962
17963 17962 17964
17965 17963 17964
17965 17964 17966
17967 17965 17966
17967 17966 17968
17969 17967 17968
17969 17968 17970
17971 17969 17970
17971 17970 17972
17973 17971 17972
17973 17972 17974
17975 17973 17974
17975 17974 17976
17974 17977 17976
17974 17978 17977
17972 17978 17974
17972 17979 17978
17970 17979 17972
17970 17980 17979
17968 17980 17970
17980 17848 17979
17980 17845 17848
17845 17980 17981
17968 17981 17980
17845 17981 17844
17982 17844 17981
17982 17842 17844
17983 17842 17982
17983 17839 17842
17839 17983 17853
17979 17848 17850
17979 17850 17984
17851 17977 17984
17851 17984 17850
17966 17982 17981
17966 17981 17968
17964 17983 17982
17964 17982 17966
17962 17853 17983
17962 17983 17964
17960 17853 17962
17960 17854 17853
17958 17854 17960
17958 17855 17854
17956 17855 17958
17956 17856 17855
17954 17856 17956
17954 17857 17856
17952 17857 17954
17952 17858 17857
17950 17858 17952
17950 17859 17858
17948 17859 17950
17948 17860 17859
17946 17860 17948
17946 17861 17860
17944 17861 17946
17944 17862 17861
17942 17862 17944
17942 17863 17862
17940 17863 17942
17940 17864 17863
17938 17864 17940
17938 17865 17864
17936 17865 17938
17936 17866 17865
17934 17866 17936
17934 17867 17866
17932 17867 17934
17932 17868 17867
17930 17868 17932
17930 17869 17868
17928 17869 17930
17928 17870 17869
17926 17870 17928
17926 17871 17870
17924 17871 17926
17924 17872 17871
17922 17872 17924
17922 17873 17872
17920 17873 17922
17920 17874 17873
17918 17874 17920
17918 17875 17874
17916 17875 17918
17916 17876 17875
17914 17876 17916
17914 17877 17876
17912 17877 17914
17912 17878 17877
17910 17878 17912
17910 17879 17878
17908 17879 17910
17908 17880 17879
17906 17880 17908
17906 17881 17880
17904 17881 17906
17904 17882 17881
17902 17882 17904
17902 17883 17882
17900 17883 17902
17900 17884 17883
17898 17884 17900
17898 17885 17884
17894 17885 17898
17894 17886 17885
17896 17985 17986
17896 17986 17893
17985 17987 17986
17985 17988 17987
17988 17989 17987
17988 17990 17989
17990 17991 17989
17990 17992 17991
17992 17993 17991
17992 17994 17993
17994 17758 17993
17986 17887 17893
17986 17888 17887
17987 17888 17986
17987 17889 17888
17989 17889 17987
17989 17890 17889
17991 17890 17989
17991 17891 17890
17993 17891 17991
17993 17892 17891
17758 17892 17993
17995 17996 17997
17995 17997 17998
17998 17999 17995
17997 17996 18000
17997 18000 18001
18001 18000 18002
18000 18003 18002
18004 18002 18003
18005 18004 18003
18004 18006 18002
18007 18006 18004
18008 18009 18010
18011 18008 18010
18011 18010 16997
17000 16997 18010
17014 17000 18010
16997 18012 18011
18013 18012 16997
17019 17014 18010
17019 18010 18014
18009 18014 18010
16105 16224 18013
16105 18013 16104
16110 16224 16105
16110 16222 16224
16111 16222 16110
16111 16220 16222
18015 16220 16111
18016 18015 16111
18016 16111 16109
18016 16109 16108
18016 16108 16112
16116 18015 18016
16112 16116 18016
16116 18017 18015
16148 18017 16116
16148 16155 18017
18015 16218 16220
18017 16218 18015
18017 16216 16218
16155 16216 18017
16155 16212 16216
16156 16212 16155
16156 16210 16212
16158 16210 16156
16158 16207 16210
16207 16158 18018
18018 16214 16207
16158 16160 18018
18018 16160 16162
18019 18020 17384
18019 17384 17386
17382 17384 18020
17382 18020 18021
17378 17382 18021
18022 18019 17386
18022 17386 18023
17386 18024 18023
17386 17387 18024
18024 17387 17389
18024 17389 18025
18024 18025 18026
18024 18026 18027
18023 18024 18027
18028 18027 18026
18028 18029 18027
18029 18030 18027
18023 18027 18030
18029 18031 18030
18030 18031 18032
18030 18032 18033
18033 18022 18023
18033 18023 18030
18034 18029 18028
18031 18029 18034
18034 18028 18035
18036 18034 18035
18036 18037 18034
18038 18037 18036
18038 18039 18037
18040 18039 18038
18040 18041 18039
18042 18041 18040
18042 18043 18041
18041 18043 18044
18041 18044 18045
18041 18045 18046
18041 18046 18039
18039 18046 18047
18039 18047 18037
18037 18047 18048
18037 18048 18034
18042 18049 18043
18042 18050 18049
18043 18049 18051
18043 18051 18052
18043 18052 18044
18053 18049 18050
18053 18054 18049
18049 18054 18055
18049 18055 18051
18053 18056 18054
18053 18057 18056
18057 18058 18056
18057 18059 18058
18059 18060 18058
18046 18045 18061
18046 18061 18062
18047 18046 18062
18031 18034 18048
18032 18031 18048
18032 18048 18063
18048 18064 18063
18047 18062 18064
18048 18047 18064
18044 18061 18045
16026 16006 15993
16026 15993 15997
16026 18065 16006
16004 16006 18065
16004 18065 16005
16005 18065 16941
18065 16040 16941
16040 16044 16941
16040 18065 16038
16026 16038 18065
17226 18066 17221
17228 18066 17226
17228 17230 18066
17234 18066 17230
17236 17221 18066
17236 18066 17234
17237 17221 17236
17237 17215 17221
17240 17215 17237
17240 17214 17215
17242 17214 17240
17242 17212 17214
17212 17242 17217
17109 17202 17123
16137 16119 16129
16163 16172 18067
18067 16159 16163
18067 16161 16159
18067 16172 16171
17122 17316 17313
17108 17122 17313
17331 17432 17324
17433 17324 17432
17433 17325 17324
17306 17299 18068
17296 18068 17299
17296 18069 18068
17295 18069 17296
17295 18070 18069
18070 17295 17290
18070 17290 18071
17286 18071 17290
17286 18072 18071
17283 18072 17286
17283 18073 18072
17180 17196 17187
17177 17196 17180
17197 17177 17176
17197 17176 17166
17138 17197 17166
17197 17138 17124
17138 17166 17165
17127 17138 17165
16957 16198 16193
16957 16193 16197
16201 16198 16957
16201 16957 16958
16961 16201 16958
16961 18074 16201
18075 18074 16961
18075 16961 16962
16965 18075 16962
16965 18076 18075
16967 18076 16965
16967 18077 18076
16971 18077 16967
17278 17273 18078
18078 17273 17271
18078 17271 18079
18079 17271 17269
18079 17269 18080
18080 17269 17267
18080 17267 18081
18081 17267 17265
18081 17265 18082
18082 17265 17263
18082 17263 18083
18083 17263 17261
18083 17261 18084
18084 17261 17260
18084 17260 17259
