byte offset: 0
first index: 0
index count: 16914
topology: trianglelist
format: DXGI_FORMAT_R16_UINT

0 1 2
2 1 3
4 3 1
3 4 5
5 4 6
5 6 7
3 8 2
8 3 9
10 8 9
8 10 11
0 2 12
13 7 6
13 6 14
14 15 13
15 14 16
17 15 16
0 17 16
0 12 17
18 15 17
15 18 19
18 20 19
20 18 21
22 23 24
22 24 25
22 25 26
27 23 22
26 27 22
23 27 28
23 28 29
27 26 30
31 30 26
32 33 34
32 34 35
34 36 35
36 37 35
37 36 38
39 37 38
37 39 40
39 41 40
41 42 40
42 41 43
43 44 42
43 45 44
45 46 44
44 46 47
48 47 46
47 48 49
48 50 49
50 51 49
51 50 52
53 51 52
51 53 54
53 55 54
56 54 55
56 55 57
58 59 60
59 58 61
62 60 59
60 62 63
63 64 60
64 63 65
64 65 66
67 59 61
59 67 68
68 62 59
62 68 69
70 69 68
69 70 71
70 72 71
66 65 73
71 72 74
75 76 77
76 75 78
79 80 81
80 79 82
79 83 82
83 79 84
85 86 87
86 85 88
89 90 91
90 89 92
90 92 93
90 93 94
95 92 89
92 95 96
95 97 96
97 95 98
91 99 89
90 100 91
91 100 99
100 90 101
90 102 101
90 94 102
101 103 100
103 101 104
105 103 104
103 105 106
107 108 109
107 110 108
107 111 110
109 112 107
112 111 107
112 109 113
109 114 113
111 112 115
116 111 115
117 118 119
118 117 120
121 122 123
122 121 124
125 121 123
121 125 126
127 128 129
128 127 130
131 132 133
132 134 133
134 132 135
136 137 138
139 138 137
138 139 140
141 142 143
142 144 143
144 145 143
145 144 146
146 147 145
146 148 147
149 144 142
144 149 150
149 151 150
151 149 152
141 153 142
154 147 148
154 155 147
156 155 154
155 156 157
158 157 156
141 157 158
141 158 153
156 159 158
159 156 160
161 159 160
159 161 162
163 164 165
163 166 164
163 167 166
165 168 163
168 167 163
168 165 169
165 170 169
167 168 171
172 167 171
173 174 175
173 176 174
174 176 177
178 177 176
177 178 179
178 180 179
180 178 181
180 181 182
183 182 181
182 183 184
184 183 185
184 185 186
186 185 187
187 185 188
188 189 187
189 188 190
189 190 191
192 191 190
191 192 193
192 194 193
194 192 195
194 195 196
197 196 195
197 198 196
199 200 201
200 199 202
202 203 200
203 202 204
205 204 202
204 205 206
205 207 206
200 208 201
208 200 209
203 209 200
209 203 210
210 211 209
211 210 212
211 212 213
207 214 206
212 215 213
216 217 218
217 216 219
220 221 222
221 220 223
224 220 222
220 224 225
226 227 228
227 226 229
230 231 232
231 230 233
231 234 232
231 235 234
232 236 230
236 232 237
238 236 237
236 238 239
233 230 240
241 231 233
233 240 241
231 241 242
231 242 243
231 243 235
244 242 241
242 244 245
244 246 245
246 244 247
248 249 250
248 250 251
248 251 252
253 249 248
252 253 248
249 253 254
249 254 255
253 252 256
257 256 252
258 259 260
259 258 261
262 263 264
263 262 265
262 266 265
266 262 267
268 269 270
269 268 271
272 273 274
275 274 273
274 275 276
277 278 279
278 280 279
280 278 281
282 283 284
283 282 285
286 287 288
287 286 289
290 291 292
291 290 293
290 294 293
293 294 295
294 290 296
296 297 294
297 296 298
290 299 296
300 301 302
301 300 303
304 305 306
305 304 307
308 306 305
305 309 308
306 308 310
308 311 310
311 308 312
306 310 313
314 315 316
315 314 317
318 319 320
319 318 321
322 323 324
323 322 325
326 327 328
327 326 329
330 331 332
331 330 333
334 335 336
335 334 337
337 338 335
338 337 339
339 340 338
340 339 341
337 342 339
335 338 343
344 345 346
345 344 347
348 349 350
349 348 351
350 352 348
348 352 353
352 350 354
354 355 352
355 354 356
350 357 354
358 359 360
359 358 361
362 363 364
363 362 365
366 367 368
367 366 369
368 370 366
370 368 371
372 373 374
373 372 375
376 377 378
377 376 379
380 376 378
376 380 381
382 383 384
383 382 385
386 385 382
385 386 387
388 389 390
389 388 391
392 393 394
393 392 395
396 397 398
397 396 399
397 400 398
400 397 401
401 402 400
402 401 403
403 404 402
404 403 405
405 406 404
406 405 407
407 408 406
408 407 409
409 410 408
410 409 411
411 412 410
412 411 413
413 414 412
414 413 415
415 416 414
416 415 417
418 419 420
419 418 421
420 422 418
422 420 423
423 424 422
424 423 425
425 426 424
426 425 427
421 428 419
428 421 429
429 430 428
430 429 431
431 432 430
432 431 433
433 434 432
434 433 435
436 437 438
438 439 436
439 438 440
440 441 439
441 440 442
442 443 441
443 442 444
444 445 443
445 444 446
447 445 446
445 447 448
449 448 447
448 449 450
451 450 449
450 451 452
453 452 451
452 453 454
454 453 455
456 457 458
457 459 458
459 457 460
460 461 459
461 460 462
462 463 461
463 462 464
464 465 463
465 464 466
467 465 466
465 467 468
469 468 467
468 469 470
471 470 469
470 471 472
473 472 471
472 473 474
475 474 473
476 477 478
476 479 477
476 480 479
478 481 476
481 480 476
481 478 482
478 483 482
480 481 484
485 480 484
486 487 488
486 489 487
487 489 490
491 490 489
490 491 492
491 493 492
493 491 494
493 494 495
496 495 494
495 496 497
497 496 498
497 498 499
499 498 500
500 498 501
501 502 500
502 501 503
502 503 504
505 504 503
504 505 506
505 507 506
507 505 508
507 508 509
510 509 508
510 511 509
512 513 514
513 512 515
515 516 513
516 515 517
518 517 515
517 518 519
518 520 519
513 521 514
521 513 522
516 522 513
522 516 523
523 524 522
524 523 525
524 525 526
520 527 519
525 528 526
529 530 531
530 529 532
533 534 535
534 533 536
537 533 535
533 537 538
539 540 541
540 539 542
543 544 545
543 545 546
543 546 547
548 544 543
547 548 543
544 548 549
544 549 550
548 547 551
552 551 547
553 554 555
554 553 556
557 558 559
558 557 560
557 561 560
561 557 562
563 564 565
564 563 566
567 568 569
570 569 568
569 570 571
572 573 574
573 575 574
575 573 576
577 578 579
577 579 580
577 580 581
582 578 577
581 582 577
578 582 583
578 583 584
582 581 585
586 585 581
587 588 589
587 589 590
589 591 590
591 592 590
592 591 593
594 592 593
592 594 595
594 596 595
596 597 595
597 596 598
598 599 597
598 600 599
600 601 599
599 601 602
603 602 601
602 603 604
603 605 604
605 606 604
606 605 607
608 606 607
606 608 609
608 610 609
611 609 610
611 610 612
613 614 615
614 613 616
617 615 614
615 617 618
618 619 615
619 618 620
619 620 621
622 614 616
614 622 623
623 617 614
617 623 624
625 624 623
624 625 626
625 627 626
621 620 628
626 627 629
630 631 632
631 630 633
634 635 636
635 634 637
634 638 637
638 634 639
640 641 642
641 640 643
644 645 646
644 647 645
644 648 647
646 649 644
649 648 644
649 646 650
646 651 650
648 649 652
653 648 652
654 655 656
655 654 657
658 659 660
659 658 661
662 658 660
658 662 663
664 665 666
665 664 667
668 669 670
669 671 670
671 669 672
673 674 675
676 675 674
675 676 677
678 679 680
679 678 681
682 683 684
683 682 685
686 687 688
687 686 689
690 687 689
689 691 690
687 690 692
693 692 690
692 693 694
687 692 695
696 697 698
697 696 699
700 701 702
701 700 703
702 704 700
700 704 705
704 702 706
707 704 706
704 707 708
702 709 706
710 711 712
711 710 713
714 715 716
715 714 717
718 719 720
719 718 721
722 723 724
723 722 725
726 727 728
727 726 729
730 731 732
731 730 733
734 733 730
733 734 735
736 735 734
735 736 737
733 735 738
730 739 734
740 741 742
741 740 743
744 745 746
745 744 747
748 746 745
745 749 748
746 748 750
751 750 748
750 751 752
746 750 753
754 755 756
755 754 757
758 759 760
759 758 761
762 763 764
763 762 765
766 764 763
764 766 767
768 769 770
769 768 771
772 773 774
773 772 775
775 776 773
776 775 777
778 779 780
779 778 781
782 783 784
783 782 785
786 787 788
787 786 789
790 786 788
786 790 791
792 791 790
791 792 793
794 793 792
793 794 795
796 795 794
795 796 797
798 797 796
797 798 799
800 799 798
799 800 801
802 801 800
801 802 803
804 803 802
803 804 805
806 805 804
805 806 807
808 809 810
809 808 811
812 810 809
810 812 813
814 813 812
813 814 815
816 815 814
815 816 817
818 811 808
811 818 819
820 819 818
819 820 821
822 821 820
821 822 823
824 823 822
823 824 825
826 827 828
827 826 829
830 831 832
831 830 833
833 834 831
831 834 835
836 835 834
835 836 837
838 839 840
839 838 841
842 843 844
843 842 845
846 847 848
847 846 849
850 851 852
851 850 853
854 855 856
855 854 857
858 859 860
858 860 861
862 863 864
863 862 865
866 867 868
867 866 869
868 867 870
867 871 870
871 872 870
872 871 873
874 875 876
874 877 875
878 879 880
879 878 881
881 882 879
882 881 883
884 882 883
884 883 885
886 884 885
886 885 887
888 886 887
889 886 888
890 889 888
891 888 887
892 891 887
891 892 893
892 894 893
895 893 894
896 895 894
894 892 897
896 894 897
897 898 896
898 897 899
898 899 900
901 898 900
902 900 899
901 900 902
903 902 899
902 903 904
904 903 905
904 905 906
906 905 907
908 905 903
905 908 907
908 909 907
909 908 910
909 910 911
911 910 912
912 910 913
914 911 912
915 911 914
912 913 916
916 913 917
916 917 918
919 918 917
918 919 920
921 920 919
920 921 922
923 924 925
925 924 926
925 926 927
927 926 928
929 930 931
930 929 932
933 931 930
931 933 934
935 936 937
936 935 938
939 940 941
940 939 942
943 941 940
941 943 944
945 946 947
946 945 948
949 950 951
950 949 952
953 954 955
956 954 953
956 957 954
958 957 956
959 960 961
962 963 964
963 962 965
966 964 963
964 966 967
968 967 966
968 969 967
970 969 968
970 971 969
972 971 970
973 972 970
974 972 973
975 971 972
975 976 971
976 975 977
978 976 977
979 978 977
980 978 979
976 978 981
980 981 978
982 981 980
981 982 983
982 984 983
985 984 982
986 983 984
985 986 984
986 987 983
987 986 988
988 989 987
988 990 989
990 991 989
992 989 991
989 992 987
993 992 991
992 993 994
993 995 994
995 996 994
997 996 995
998 997 995
996 999 994
996 1000 999
1000 1001 999
1000 1002 1001
1002 1003 1001
1003 1002 1004
1004 1005 1003
1005 1004 1006
1007 1008 1009
1008 1010 1009
1008 1011 1010
1011 1012 1010
1013 1014 1015
1014 1013 1016
1016 1017 1014
1017 1016 1018
1019 1020 1021
1020 1019 1022
1023 1024 1025
1024 1023 1026
1026 1027 1024
1027 1026 1028
1029 1030 1031
1030 1029 1032
1033 1034 1035
1034 1033 1036
1037 1038 1039
1040 1037 1039
1040 1039 1041
1042 1040 1041
1043 1044 1045
1046 1047 1048
1049 1046 1048
1050 1051 1052
1051 1050 1053
1054 1052 1051
1052 1054 1055
1056 1055 1054
1055 1056 1057
1058 1057 1056
1057 1058 1059
1060 1053 1050
1053 1060 1061
1062 1061 1060
1061 1062 1063
1062 1064 1063
1065 1066 1067
1066 1068 1067
1066 1069 1068
1069 1070 1068
1071 1072 1073
1072 1071 1074
1074 1075 1072
1075 1074 1076
1077 1078 1079
1078 1077 1080
1081 1082 1083
1082 1081 1084
1084 1085 1082
1085 1084 1086
1087 1088 1089
1088 1087 1090
1091 1092 1093
1092 1091 1094
1095 1096 1097
1098 1095 1097
1098 1097 1099
1100 1098 1099
1101 1102 1103
1104 1105 1106
1106 1105 1107
1106 1107 1108
1108 1107 1109
1110 1111 1112
1111 1110 1113
1114 1112 1111
1112 1114 1115
1116 1117 1118
1117 1116 1119
1120 1121 1122
1121 1120 1123
1124 1122 1121
1122 1124 1125
1126 1127 1128
1127 1126 1129
1130 1131 1132
1131 1130 1133
1134 1135 1136
1137 1135 1134
1137 1138 1135
1139 1138 1137
1140 1141 1142
1143 1144 1145
1146 1144 1143
1147 1148 1149
1148 1147 1150
1149 1151 1147
1151 1149 1152
1152 1153 1151
1153 1152 1154
1154 1155 1153
1155 1154 1156
1150 1157 1148
1157 1150 1158
1158 1159 1157
1159 1158 1160
1159 1160 1161
1162 1163 1164
1163 1162 1165
1166 1164 1163
1164 1166 1167
1168 1167 1166
1168 1169 1167
1170 1169 1168
1170 1171 1169
1172 1171 1170
1173 1172 1170
1174 1172 1173
1175 1171 1172
1175 1176 1171
1176 1175 1177
1178 1176 1177
1179 1178 1177
1180 1178 1179
1176 1178 1181
1180 1181 1178
1182 1181 1180
1181 1182 1183
1182 1184 1183
1185 1184 1182
1186 1183 1184
1185 1186 1184
1186 1187 1183
1187 1186 1188
1188 1189 1187
1188 1190 1189
1190 1191 1189
1189 1192 1187
1192 1189 1191
1193 1192 1191
1192 1193 1194
1193 1195 1194
1195 1196 1194
1196 1197 1194
1198 1196 1195
1199 1198 1195
1196 1200 1197
1200 1201 1197
1200 1202 1201
1202 1203 1201
1203 1202 1204
1204 1205 1203
1205 1204 1206
1207 1208 1209
1208 1210 1209
1208 1211 1210
1211 1212 1210
1213 1214 1215
1214 1213 1216
1216 1217 1214
1217 1216 1218
1219 1220 1221
1220 1219 1222
1223 1224 1225
1224 1223 1226
1226 1227 1224
1227 1226 1228
1229 1230 1231
1230 1229 1232
1233 1234 1235
1234 1233 1236
1237 1238 1239
1240 1237 1239
1240 1239 1241
1242 1240 1241
1243 1244 1245
1246 1247 1248
1247 1246 1249
1249 1250 1247
1250 1249 1251
1252 1250 1251
1252 1251 1253
1254 1252 1253
1254 1253 1255
1256 1254 1255
1257 1254 1256
1258 1257 1256
1259 1256 1255
1260 1259 1255
1259 1260 1261
1260 1262 1261
1263 1261 1262
1264 1263 1262
1262 1260 1265
1264 1262 1265
1265 1266 1264
1266 1265 1267
1266 1267 1268
1269 1266 1268
1270 1268 1267
1269 1268 1270
1271 1270 1267
1270 1271 1272
1272 1271 1273
1272 1273 1274
1274 1273 1275
1273 1276 1275
1276 1273 1271
1276 1277 1275
1277 1276 1278
1277 1278 1279
1279 1278 1280
1281 1279 1280
1282 1279 1281
1280 1278 1283
1280 1283 1284
1284 1283 1285
1284 1285 1286
1287 1286 1285
1286 1287 1288
1289 1288 1287
1288 1289 1290
1291 1292 1293
1293 1292 1294
1293 1294 1295
1295 1294 1296
1297 1298 1299
1298 1297 1300
1301 1299 1298
1299 1301 1302
1303 1304 1305
1304 1303 1306
1307 1308 1309
1308 1307 1310
1311 1309 1308
1309 1311 1312
1313 1314 1315
1314 1313 1316
1317 1318 1319
1318 1317 1320
1321 1322 1323
1324 1322 1321
1324 1325 1322
1326 1325 1324
1327 1328 1329
1330 1331 1332
1333 1331 1330
1334 1335 1336
1335 1334 1337
1336 1338 1334
1338 1336 1339
1339 1340 1338
1340 1339 1341
1341 1342 1340
1342 1341 1343
1337 1344 1335
1344 1337 1345
1345 1346 1344
1346 1345 1347
1346 1347 1348
1349 1350 1351
1351 1350 1352
1351 1352 1353
1353 1352 1354
1355 1356 1357
1356 1355 1358
1359 1357 1356
1357 1359 1360
1361 1362 1363
1362 1361 1364
1365 1366 1367
1366 1365 1368
1369 1367 1366
1367 1369 1370
1371 1372 1373
1372 1371 1374
1375 1376 1377
1376 1375 1378
1379 1380 1381
1382 1380 1379
1382 1383 1380
1384 1383 1382
1385 1386 1387
1388 1389 1390
1389 1391 1390
1389 1392 1391
1392 1393 1391
1394 1395 1396
1395 1394 1397
1397 1398 1395
1398 1397 1399
1400 1401 1402
1401 1400 1403
1404 1405 1406
1405 1404 1407
1407 1408 1405
1408 1407 1409
1410 1411 1412
1411 1410 1413
1414 1415 1416
1415 1414 1417
1418 1419 1420
1421 1418 1420
1421 1420 1422
1423 1421 1422
1424 1425 1426
1427 1428 1429
1430 1427 1429
1431 1432 1433
1432 1431 1434
1435 1433 1432
1433 1435 1436
1437 1436 1435
1436 1437 1438
1439 1438 1437
1438 1439 1440
1441 1434 1431
1434 1441 1442
1443 1442 1441
1442 1443 1444
1443 1445 1444
1446 1447 1448
1446 1448 1449
1446 1449 1450
1451 1450 1449
1450 1451 1452
1451 1453 1452
1452 1454 1450
1453 1455 1452
1452 1455 1456
1452 1456 1454
1455 1457 1456
1456 1457 1458
1456 1458 1459
1459 1458 1460
1461 1456 1459
1456 1461 1454
1459 1462 1461
1462 1463 1461
1454 1461 1463
1454 1463 1464
1464 1450 1454
1463 1462 1465
1462 1466 1465
1467 1465 1466
1465 1467 1468
1468 1469 1465
1465 1469 1463
1466 1462 1470
1471 1466 1470
1466 1471 1472
1466 1472 1473
1474 1470 1462
1462 1459 1474
1470 1474 1475
1476 1475 1474
1475 1476 1477
1475 1478 1470
1471 1470 1478
1478 1475 1479
1480 1478 1479
1478 1480 1481
1482 1481 1480
1481 1482 1483
1475 1484 1479
1475 1477 1484
1480 1485 1482
1486 1482 1485
1487 1483 1482
1483 1487 1488
1489 1488 1487
1487 1490 1489
1490 1487 1491
1491 1482 1486
1482 1491 1487
1488 1489 1492
1488 1493 1483
1493 1481 1483
1493 1488 1494
1492 1494 1488
1494 1492 1495
1496 1494 1495
1495 1497 1496
1494 1496 1498
1498 1493 1494
1493 1498 1499
1493 1499 1500
1499 1501 1500
1501 1499 1502
1471 1500 1501
1471 1501 1503
1481 1493 1500
1478 1500 1471
1500 1478 1481
1504 1471 1503
1503 1505 1504
1505 1503 1506
1503 1507 1506
1501 1507 1503
1507 1501 1502
1471 1504 1472
1505 1508 1504
1508 1472 1504
1508 1505 1509
1472 1508 1473
1510 1473 1508
1508 1511 1510
1511 1508 1512
1509 1512 1508
1513 1510 1511
1510 1513 1514
1510 1514 1473
1515 1473 1514
1473 1515 1516
1466 1473 1516
1467 1466 1516
1517 1467 1516
1515 1517 1516
1517 1518 1467
1519 1467 1518
1520 1519 1518
1521 1519 1520
1519 1521 1522
1520 1523 1521
1523 1520 1524
1518 1524 1520
1524 1518 1525
1517 1525 1518
1526 1519 1522
1519 1526 1527
1528 1527 1526
1527 1528 1529
1529 1530 1527
1468 1519 1527
1468 1467 1519
1530 1468 1527
1525 1517 1531
1517 1532 1531
1532 1533 1531
1533 1532 1534
1532 1535 1534
1535 1532 1536
1536 1532 1517
1517 1515 1536
1537 1536 1515
1514 1537 1515
1537 1514 1538
1538 1539 1537
1539 1538 1540
1541 1540 1538
1540 1541 1542
1539 1543 1537
1536 1537 1543
1543 1535 1536
1543 1539 1544
1544 1545 1543
1535 1543 1545
1545 1544 1546
1542 1547 1540
1547 1539 1540
1547 1542 1548
1539 1547 1549
1549 1544 1539
1550 1546 1544
1544 1549 1550
1546 1550 1551
1550 1552 1551
1513 1538 1514
1538 1513 1541
1550 1553 1552
1549 1553 1550
1553 1554 1552
1554 1553 1555
1549 1556 1553
1556 1555 1553
1555 1556 1557
1556 1558 1557
1558 1556 1559
1559 1556 1549
1559 1549 1547
1559 1560 1558
1560 1559 1561
1547 1561 1559
1562 1554 1555
1554 1562 1563
1562 1564 1563
1555 1565 1562
1565 1555 1557
1558 1565 1557
1565 1558 1566
1565 1566 1567
1558 1568 1566
1568 1558 1560
1569 1566 1568
1569 1567 1566
1569 1570 1567
1570 1569 1571
1572 1567 1570
1567 1572 1573
1565 1567 1573
1574 1565 1573
1562 1574 1564
1574 1562 1565
1575 1573 1572
1573 1575 1574
1575 1564 1574
1576 1570 1571
1570 1576 1577
1564 1575 1578
1579 1577 1576
1579 1580 1577
1570 1580 1572
1580 1570 1577
1580 1579 1581
1582 1580 1581
1580 1582 1583
1583 1578 1575
1572 1583 1575
1583 1572 1580
1583 1582 1584
1578 1583 1584
1585 1579 1576
1585 1581 1579
1585 1586 1581
1587 1581 1586
1587 1582 1581
1582 1587 1584
1588 1589 1590
1591 1589 1588
1589 1591 1592
1591 1593 1592
1593 1591 1594
1593 1594 1595
1595 1594 1596
1597 1596 1594
1598 1588 1590
1598 1599 1588
1600 1599 1598
1601 1588 1599
1601 1599 1602
1599 1603 1602
1599 1600 1603
1604 1600 1598
1605 1600 1604
1605 1606 1600
1606 1605 1607
1608 1606 1607
1606 1608 1609
1608 1610 1609
1611 1609 1610
1609 1611 1612
1610 1608 1613
1614 1613 1608
1607 1614 1608
1613 1614 1615
1614 1616 1615
1616 1614 1617
1618 1616 1617
1619 1617 1614
1614 1607 1619
1617 1619 1620
1619 1621 1620
1621 1619 1622
1607 1622 1619
1622 1623 1621
1623 1622 1624
1625 1618 1617
1625 1620 1621
1625 1617 1620
1625 1621 1626
1626 1621 1623
1626 1623 1627
1625 1628 1618
1629 1618 1628
1618 1629 1616
1628 1625 1630
1625 1631 1630
1631 1625 1626
1631 1626 1627
1632 1631 1627
1632 1630 1631
1630 1632 1633
1634 1630 1633
1630 1634 1628
1629 1628 1634
1634 1635 1629
1635 1634 1636
1633 1636 1634
1636 1637 1635
1637 1636 1638
1639 1638 1636
1636 1633 1639
1638 1639 1640
1639 1641 1640
1641 1639 1642
1633 1642 1639
1642 1633 1632
1642 1643 1641
1643 1642 1644
1632 1644 1642
1645 1637 1638
1646 1638 1640
1641 1646 1640
1646 1645 1638
1646 1647 1645
1645 1647 1648
1645 1648 1637
1647 1646 1649
1646 1650 1649
1650 1646 1651
1641 1651 1646
1651 1641 1643
1651 1643 1652
1652 1650 1651
1653 1650 1652
1653 1649 1650
1654 1653 1652
1653 1654 1655
1656 1653 1655
1653 1656 1657
1649 1653 1657
1656 1658 1657
1658 1649 1657
1649 1658 1647
1647 1658 1648
1658 1656 1659
1660 1658 1659
1658 1660 1648
1661 1659 1656
1655 1661 1656
1659 1661 1662
1661 1655 1663
1664 1655 1654
1655 1664 1663
1661 1665 1662
1666 1662 1665
1659 1666 1660
1666 1659 1662
1665 1661 1667
1661 1668 1667
1668 1661 1663
1668 1663 1664
1669 1670 1671
1670 1669 1672
1673 1669 1671
1669 1673 1674
1673 1675 1674
1675 1673 1676
1677 1675 1676
1675 1677 1678
1679 1669 1674
1675 1679 1674
1669 1679 1680
1681 1680 1679
1682 1675 1678
1675 1682 1683
1683 1681 1679
1679 1675 1683
1684 1669 1680
1669 1684 1672
1685 1684 1680
1681 1685 1680
1681 1686 1685
1687 1685 1686
1685 1687 1684
1686 1681 1688
1681 1689 1688
1689 1681 1690
1683 1690 1681
1682 1690 1683
1682 1691 1690
1689 1690 1691
1692 1689 1691
1692 1688 1689
1693 1692 1691
1692 1693 1694
1694 1695 1692
1688 1692 1695
1695 1686 1688
1695 1694 1696
1697 1695 1696
1695 1697 1698
1686 1695 1698
1687 1686 1698
1699 1698 1697
1698 1699 1687
1700 1694 1693
1694 1700 1701
1701 1696 1694
1700 1702 1701
1701 1702 1703
1696 1701 1703
1697 1704 1699
1704 1697 1705
1696 1705 1697
1705 1696 1703
1706 1704 1705
1706 1705 1703
1706 1707 1704
1706 1708 1707
1709 1708 1706
1709 1706 1703
1702 1709 1703
1708 1709 1710
1702 1710 1709
1710 1702 1711
1711 1702 1712
1700 1712 1702
1713 1711 1712
1713 1710 1711
1714 1713 1712
1713 1714 1715
1716 1713 1715
1713 1716 1717
1710 1713 1717
1716 1718 1717
1718 1710 1717
1710 1718 1708
1708 1718 1707
1718 1716 1719
1720 1718 1719
1718 1720 1707
1721 1719 1716
1715 1721 1716
1719 1721 1722
1721 1715 1723
1719 1724 1720
1724 1719 1722
1725 1715 1714
1715 1725 1723
1721 1726 1722
1722 1726 1724
1726 1721 1727
1721 1728 1727
1728 1721 1723
1728 1723 1725
1596 1729 1730
1731 1729 1596
1729 1671 1730
1732 1671 1729
1671 1732 1673
1732 1676 1673
1676 1732 1733
1676 1733 1734
1735 1734 1733
1736 1735 1733
1731 1596 1737
1731 1737 1738
1597 1738 1737
1597 1737 1596
1597 1739 1738
1739 1597 1740
1741 1739 1740
1739 1741 1742
1741 1743 1742
1743 1741 1744
1741 1745 1744
1745 1741 1746
1741 1747 1746
1747 1741 1740
1597 1747 1740
1738 1739 1748
1748 1742 1743
1739 1742 1748
1748 1743 1602
1743 1601 1602
1601 1743 1744
1745 1601 1744
1591 1745 1746
1747 1591 1746
1745 1591 1588
1601 1745 1588
1747 1597 1594
1591 1747 1594
1749 1748 1602
1748 1749 1750
1738 1748 1750
1750 1751 1738
1752 1749 1602
1753 1752 1602
1603 1753 1602
1753 1603 1754
1755 1753 1754
1756 1755 1754
1603 1756 1754
1755 1756 1757
1758 1755 1757
1755 1758 1759
1760 1755 1759
1755 1760 1761
1753 1755 1761
1760 1752 1761
1752 1753 1761
1612 1760 1759
1758 1612 1759
1760 1612 1762
1752 1760 1762
1763 1752 1762
1763 1762 1764
1752 1763 1765
1612 1766 1762
1762 1766 1764
1612 1758 1609
1758 1606 1609
1606 1758 1757
1756 1606 1757
1606 1756 1600
1756 1603 1600
1767 1765 1763
1768 1767 1763
1768 1763 1769
1763 1764 1769
1769 1764 1770
1764 1771 1770
1764 1766 1771
1769 1772 1768
1768 1772 1767
1772 1769 1773
1773 1774 1772
1774 1773 1775
1773 1776 1775
1773 1777 1776
1778 1776 1777
1776 1778 1779
1780 1774 1775
1774 1780 1781
1780 1782 1781
1782 1780 1783
1783 1784 1782
1784 1783 1785
1785 1783 1786
1784 1787 1782
1788 1782 1787
1788 1781 1782
1787 1784 1789
1789 1790 1787
1790 1788 1787
1790 1789 1791
1788 1790 1792
1785 1786 1793
1786 1794 1793
1788 1792 1795
1796 1788 1795
1781 1788 1796
1781 1796 1774
1795 1797 1796
1797 1774 1796
1798 1792 1790
1792 1798 1799
1795 1792 1799
1800 1799 1798
1799 1800 1801
1802 1800 1798
1790 1802 1798
1802 1790 1791
1800 1802 1803
1801 1804 1799
1795 1799 1804
1804 1801 1805
1805 1806 1804
1807 1804 1806
1807 1795 1804
1795 1807 1797
1793 1794 1808
1794 1809 1808
1772 1774 1797
1806 1810 1807
1810 1811 1807
1807 1812 1797
1807 1813 1812
1767 1797 1812
1772 1797 1767
1767 1812 1814
1812 1815 1814
1767 1814 1749
1767 1749 1765
1749 1752 1765
1750 1749 1814
1750 1814 1816
1750 1816 1817
1750 1817 1751
1818 1751 1817
1818 1817 1819
1818 1819 1820
1818 1820 1821
1822 1818 1821
1822 1821 1823
1821 1824 1823
1825 1823 1824
1824 1826 1825
1827 1825 1826
1827 1828 1825
1828 1827 1829
1830 1828 1829
1828 1830 1831
1832 1831 1830
1831 1832 1833
1832 1834 1833
1834 1832 1835
1834 1836 1833
1836 1834 1837
1838 1836 1837
1836 1838 1839
1838 1840 1839
1840 1838 1841
1842 1841 1838
1842 1838 1837
1843 1842 1837
1844 1843 1837
1835 1844 1834
1834 1844 1837
1835 1845 1844
1843 1846 1842
1847 1842 1846
1842 1847 1841
1846 1843 1848
1844 1848 1843
1848 1844 1849
1849 1844 1845
1850 1849 1845
1850 1848 1849
1851 1850 1845
1850 1851 1852
1852 1853 1850
1848 1850 1853
1853 1852 1854
1855 1853 1854
1853 1855 1856
1856 1848 1853
1848 1856 1846
1847 1846 1856
1857 1856 1855
1856 1857 1847
1854 1858 1855
1858 1854 1859
1860 1858 1859
1860 1861 1858
1861 1855 1858
1855 1861 1857
1854 1862 1859
1862 1854 1852
1862 1863 1859
1864 1863 1862
1852 1864 1862
1864 1852 1851
1860 1865 1861
1860 1866 1865
1867 1866 1860
1867 1860 1859
1863 1867 1859
1866 1867 1868
1869 1867 1863
1867 1869 1868
1869 1863 1870
1864 1870 1863
1871 1869 1870
1871 1868 1869
1872 1871 1870
1871 1872 1873
1874 1871 1873
1871 1874 1875
1868 1871 1875
1874 1876 1875
1876 1868 1875
1868 1876 1866
1866 1876 1865
1876 1874 1877
1878 1876 1877
1876 1878 1865
1879 1877 1874
1873 1879 1874
1877 1879 1880
1879 1873 1881
1873 1882 1881
1882 1873 1872
1879 1883 1880
1883 1879 1884
1879 1885 1884
1885 1879 1881
1885 1881 1882
1877 1886 1878
1886 1877 1880
1880 1883 1886
1887 1888 1889
1888 1887 1890
1891 1888 1890
1888 1891 1892
1893 1892 1891
1892 1893 1894
1895 1894 1893
1894 1895 1896
1894 1897 1892
1897 1894 1898
1899 1898 1894
1896 1899 1894
1900 1890 1887
1892 1531 1888
1531 1892 1897
1533 1888 1531
1888 1533 1889
1900 1901 1890
1901 1891 1890
1900 1902 1901
1902 1903 1901
1901 1903 1891
1903 1902 1904
1891 1903 1905
1906 1893 1905
1906 1895 1893
1907 1906 1905
1907 1903 1904
1903 1907 1905
1906 1907 1908
1902 1900 1909
1907 1910 1908
1910 1907 1911
1904 1911 1907
1911 1912 1910
1911 1904 1913
1904 1914 1913
1914 1904 1902
1902 1915 1914
1915 1902 1909
1916 1914 1915
1913 1914 1917
1916 1917 1914
1913 1917 1918
1919 1913 1918
1919 1911 1913
1911 1919 1912
1916 1920 1917
1920 1918 1917
1920 1916 1921
1918 1920 1922
1922 1919 1918
1919 1922 1923
1923 1912 1919
1921 1924 1920
1924 1921 1925
1912 1923 1926
1927 1924 1925
1927 1928 1924
1920 1928 1922
1928 1920 1924
1928 1923 1922
1928 1927 1929
1930 1928 1929
1928 1930 1931
1931 1926 1923
1923 1928 1931
1931 1930 1932
1926 1931 1932
1933 1927 1925
1933 1929 1927
1933 1934 1929
1935 1929 1934
1935 1930 1929
1930 1935 1932
1735 1936 1937
1938 1936 1735
1936 1839 1937
1939 1839 1936
1839 1939 1836
1939 1833 1836
1833 1939 1831
1938 1735 1940
1822 1938 1940
1736 1822 1940
1736 1940 1735
1736 1941 1822
1941 1736 1942
1943 1941 1942
1941 1943 1944
1945 1943 1942
1736 1945 1942
1943 1945 1946
1947 1943 1946
1943 1947 1948
1949 1943 1948
1943 1949 1944
1950 1941 1944
1950 1822 1941
1950 1944 1949
1945 1732 1946
1732 1947 1946
1732 1945 1733
1945 1736 1733
1947 1731 1948
1731 1949 1948
1731 1947 1729
1947 1732 1729
1950 1949 1738
1949 1731 1738
1818 1950 1738
1818 1822 1950
1818 1738 1751
1951 1938 1822
1938 1951 1952
1951 1953 1952
1953 1951 1954
1955 1953 1954
1953 1955 1956
1957 1953 1956
1953 1957 1958
1958 1952 1953
1952 1958 1959
1959 1938 1952
1951 1823 1954
1823 1951 1822
1823 1955 1954
1955 1828 1956
1828 1957 1956
1828 1955 1825
1955 1823 1825
1957 1939 1958
1939 1959 1958
1939 1957 1831
1957 1828 1831
1938 1959 1936
1959 1939 1936
1960 1961 1962
1961 1960 1963
1961 1964 1962
1964 1961 1965
1961 1966 1965
1966 1961 1967
1961 1968 1967
1968 1961 1963
1960 1780 1963
1780 1968 1963
1780 1960 1783
1960 1786 1783
1786 1960 1962
1964 1786 1962
1786 1964 1794
1964 1969 1794
1969 1964 1965
1966 1969 1965
1969 1966 1779
1966 1776 1779
1776 1966 1967
1968 1776 1967
1776 1968 1775
1968 1780 1775
1794 1969 1970
1809 1794 1970
1969 1971 1970
1971 1969 1972
1969 1779 1972
1779 1973 1972
1973 1779 1974
1779 1778 1974
1778 1975 1974
1975 1976 1974
1975 1977 1976
1977 1978 1976
1975 1979 1977
1778 1980 1975
1980 1778 1777
1777 1981 1980
1981 1777 1773
1981 1773 1769
1981 1769 1982
1770 1982 1769
1770 1983 1982
1771 1983 1770
1766 1984 1771
1985 1984 1766
1611 1985 1766
1612 1611 1766
1986 1987 1988
1987 1986 1989
1988 1990 1986
1990 1988 1991
1990 1992 1986
1992 1989 1986
1992 1990 1993
1993 1994 1992
1992 1995 1989
1995 1992 1994
1996 1995 1994
1995 1996 1997
1994 1998 1996
1998 1994 1999
1993 1999 1994
1998 2000 1996
2000 1998 2001
2001 2002 2000
2002 2001 2003
2003 2004 2002
2004 2003 2005
2006 2002 2004
2002 2006 2007
2007 2000 2002
2007 2006 1448
2000 2007 2008
1996 2008 1997
2008 1996 2000
2008 2009 1997
2008 1447 2009
1447 2007 1448
2008 2007 1447
1447 1446 2009
2009 2010 1997
2009 1464 2010
1446 1464 2009
1469 1997 2010
1463 1469 2010
1464 1463 2010
1997 1469 1530
1468 1530 1469
1997 1530 1995
1464 1446 1450
1529 1995 1530
1995 1529 1989
1529 1987 1989
1987 1529 1528
2011 2012 2013
2013 2014 2011
2014 2013 2015
2016 2014 2015
2014 2016 2017
2014 2017 2018
2017 2019 2018
2017 2020 2019
2017 2021 2020
2020 2022 2019
2022 2020 2023
2024 2022 2023
2022 2024 2025
2026 2018 2019
2018 2026 2027
2026 2028 2027
2028 2026 2029
2016 2030 2017
2030 2016 2031
2032 2030 2031
2030 2032 2033
2034 2033 2032
2032 2035 2034
2035 2032 2036
2036 2032 2031
2036 2037 2035
2037 2036 2038
2039 2037 2038
2038 2040 2039
2040 2038 2041
2036 2041 2038
2042 2040 2041
2040 2042 2043
2042 2044 2043
2044 2042 2045
2044 2046 2043
2046 2040 2043
2046 2044 2047
2037 2039 2048
2039 2049 2048
2049 2039 2050
2047 2051 2046
2051 2052 2046
2040 2046 2052
2052 2039 2040
2039 2052 2050
2052 2051 2053
2054 2053 2051
2054 2051 2047
2053 2054 2055
2056 2052 2053
2052 2056 2050
2050 2056 2049
2053 2057 2056
2057 2053 2055
2056 2057 2049
2042 2058 2045
2058 2042 2059
2042 2060 2059
2060 2042 2041
2041 2036 2060
2036 2031 2060
2016 2060 2031
2015 2060 2016
2015 2059 2060
2013 2059 2015
2013 2058 2059
2058 2013 2012
2061 2062 2063
2062 2064 2063
2065 2064 2062
2061 2065 2062
2064 2065 2066
2065 2067 2066
2067 2065 2068
2067 2068 2069
2069 2068 2070
2065 2070 2068
2070 2065 2071
2065 2061 2071
2072 2066 2067
2066 2072 2073
2072 2074 2073
2074 2075 2073
2075 2066 2073
2066 2075 2064
2075 2074 2076
2077 2076 2074
2076 2077 2078
2077 2079 2078
2079 2077 2080
2077 2081 2080
2081 2077 2082
2077 2083 2082
2083 2077 2074
2074 2072 2083
2083 2084 2082
2081 2082 2084
2084 2083 2085
2072 2085 2083
2078 2086 2076
2086 2078 2087
2078 2079 2087
2076 2088 2075
2088 2076 2086
2088 2064 2075
2064 2088 2063
2085 2072 2089
2067 2089 2072
2089 2067 2069
2061 2063 2090
2061 2090 2091
2061 2091 2092
2061 2092 2093
2093 2071 2061
2070 2094 2069
2070 2095 2094
2070 2071 2096
2097 2070 2096
2070 2097 2095
2098 2099 2100
2099 2098 2101
2102 2099 2101
2103 2100 2099
2100 2103 2104
2103 2105 2104
2105 2103 2106
2106 2107 2105
2107 2106 2108
2106 2109 2108
2100 2110 2098
2110 2100 2111
2104 2111 2100
1489 2110 2111
2111 2104 2112
2111 2112 1492
2111 1492 1489
2113 1492 2112
2113 2104 2105
2104 2113 2112
1497 2105 2107
2105 1497 2113
2113 1495 1492
1495 2113 1497
1489 1490 2110
2106 2114 2109
2115 2109 2114
2114 2116 2115
2116 2114 2117
2114 2103 2117
2118 2117 2103
2118 2116 2117
2116 2118 2119
2102 2119 2118
2119 2102 2120
2120 2121 2119
2121 2120 2122
2123 2121 2122
2124 2121 2123
2121 2124 2125
2119 2125 2116
2125 2119 2121
2125 2115 2116
2126 2125 2124
2125 2126 2127
2115 2125 2127
2127 2126 2128
2127 2129 2115
2129 2127 2128
2109 2115 2129
2123 2122 2130
2124 2123 2130
2124 2130 2131
2124 2131 2132
2124 2132 2126
2126 2132 2128
2102 2118 2099
2118 2103 2099
2114 2106 2103
2133 2134 2135
2136 2133 2135
2136 2137 2133
2138 2133 2137
2133 2138 2134
2137 2136 2139
2140 2139 2136
2139 2140 2141
2141 2140 2142
2143 2142 2140
2144 2141 2142
2144 2139 2141
2145 2144 2142
2144 2145 2146
2146 2147 2144
2139 2144 2147
2147 2137 2139
2147 2146 2148
2149 2147 2148
2147 2149 2150
2137 2147 2150
2138 2137 2150
2151 2150 2149
2150 2151 2138
2148 2152 2149
2152 2148 2153
2154 2152 2153
2155 2154 2153
2148 2155 2153
2155 2148 2146
2146 2156 2155
2156 2146 2145
2149 2157 2151
2157 2149 2152
2158 2157 2152
2154 2158 2152
2154 2159 2158
2158 2159 2160
2158 2160 2157
2159 2154 2161
2154 2162 2161
2162 2154 2163
2155 2163 2154
2156 2163 2155
2156 2164 2163
2164 2162 2163
2164 2165 2162
2165 2161 2162
2166 2165 2164
2165 2166 2167
2168 2165 2167
2165 2168 2169
2161 2165 2169
2168 2170 2169
2170 2161 2169
2161 2170 2159
2159 2170 2160
2170 2171 2160
2171 2170 2172
2170 2168 2172
2173 2172 2168
2167 2173 2168
2172 2173 2174
2173 2167 2175
2167 2176 2175
2176 2167 2166
2173 2177 2174
2177 2178 2174
2178 2172 2174
2172 2178 2171
2177 2173 2179
2180 2173 2175
2173 2180 2179
2175 2176 2180
2181 2182 2183
2182 2181 2184
2181 2185 2184
2185 2181 2186
2187 2185 2186
2185 2187 2188
2187 2189 2188
2189 2187 2190
2187 2191 2190
2181 2183 2192
2181 2192 2193
2193 2186 2181
2193 2194 2186
2186 2194 2195
2186 2195 2187
2187 2195 2191
2196 2191 2195
2194 2196 2195
2191 2196 2197
2198 2194 2193
2194 2198 2199
2196 2194 2199
2193 2200 2198
2200 2193 2192
2196 2201 2197
2201 2196 2202
2202 2203 2201
2196 2204 2202
2204 2196 2199
2199 2205 2204
2205 2199 2198
2198 2206 2205
2206 2198 2200
2207 2205 2206
2207 2208 2205
2204 2205 2208
2204 2208 2209
2210 2204 2209
2210 2202 2204
2202 2210 2203
2211 2203 2210
2209 2211 2210
2203 2211 2212
2208 2213 2209
2211 2209 2213
2213 2208 2214
2207 2214 2208
2214 2207 2215
2215 2216 2214
2216 2215 2217
2216 2217 2218
2218 2219 2216
2214 2219 2213
2219 2214 2216
2219 2218 2220
2221 2219 2220
2219 2221 2222
2222 2212 2211
2222 2213 2219
2213 2222 2211
2222 2221 2223
2212 2222 2223
2224 2218 2217
2218 2224 2220
2224 2225 2220
2220 2225 2226
2220 2226 2221
2223 2221 2226
2143 2227 2228
2143 2229 2227
2143 2140 2229
2229 2140 2136
2229 2136 2230
2230 2227 2229
2136 2231 2230
2232 2231 2136
2232 2136 2135
2233 2232 2135
2135 2134 2233
2134 2234 2233
2235 1593 2236
1593 2237 2236
2237 1593 2238
1595 2238 1593
2238 1595 2239
1596 2239 1595
2239 1596 2240
1730 2240 1596
2240 1730 2241
1730 1670 2241
1670 1730 1671
2235 1592 1593
2235 2242 1592
1592 2242 2243
1589 1592 2243
2244 1589 2243
2245 1589 2244
1589 2245 2246
1589 2246 1590
2247 1590 2246
1590 2247 1598
2247 1604 1598
1604 2247 2248
1605 1604 2248
1624 1605 2248
1605 1624 1622
1622 1607 1605
2249 2250 2251
2251 2252 2249
2252 2251 2253
2253 2254 2252
2254 2253 2255
2256 2254 2255
2254 2256 2257
2258 2257 2256
2257 2258 2259
2260 2259 2258
1474 2261 1476
2261 1474 1459
1459 1460 2261
1458 2262 1460
1644 1632 1627
1512 1509 2263
2264 2263 1509
2263 2264 2265
2266 2264 1509
2266 1509 1505
2267 2266 1505
2268 2267 1505
2268 1505 1506
2269 2268 1506
1507 2269 1506
2269 1507 2270
1547 1548 1561
1891 1905 1893
2271 2272 2273
2273 2274 2271
2275 2272 2271
2272 2275 2276
2275 1824 2276
1821 2276 1824
1824 2275 1826
2277 2274 2273
2274 2277 2278
2277 2279 2278
2279 2277 2280
2281 2280 2277
2280 2281 2282
2283 2282 2281
2272 2276 2284
2273 2272 2285
2281 2277 2285
2277 2273 2285
2281 2285 2286
2283 2281 2286
2284 2286 2285
2284 2287 2286
2283 2286 1810
2286 2288 1810
2272 2284 2285
1820 2289 2284
2290 1820 2284
1820 2290 1821
2284 2276 2290
2290 2276 1821
1480 2291 1485
2291 1480 2292
1480 1479 2292
1479 2293 2292
1484 2293 1479
2185 2294 2184
2188 2295 2185
2296 2297 2298
2297 2296 2299
2300 2299 2296
2299 2300 2301
2302 2298 2297
2298 2302 2303
2304 2303 2302
2303 2304 2305
2306 2305 2304
2305 2306 2307
2306 2308 2307
2308 2306 2309
2309 2310 2308
2310 2309 2311
2311 2312 2310
2312 2311 2313
2313 2314 2312
2314 2313 2315
2315 2316 2314
2316 2315 2317
2318 2316 2317
2316 2318 2319
2300 2320 2301
2320 2300 2321
2322 2323 2324
2323 2322 2325
2322 2326 2325
2326 2322 2327
2328 2324 2323
2324 2328 2329
2330 2331 2332
2331 2330 2333
2330 2334 2333
2334 2330 2335
2335 2336 2334
2336 2335 2337
2338 2339 2340
2339 2338 2341
2340 2342 2338
2342 2340 2343
2344 2345 2346
2345 2344 2347
2348 2347 2344
2347 2348 2349
2350 2351 2352
2351 2350 2353
2354 2355 2356
2355 2354 2357
2358 2359 2360
2358 2361 2359
2359 2361 2362
2361 2363 2362
2364 2365 2366
2364 2367 2365
2368 2367 2364
2368 2364 2369
2370 2371 2372
2373 2371 2370
2371 2373 2374
2373 2375 2374
2375 2373 2376
2371 2377 2372
2378 2379 2380
2379 2378 2381
2382 2383 2384
2383 2382 2385
2386 2387 2388
2387 2386 2389
2389 2390 2387
2390 2389 2391
2392 2390 2391
2392 2391 2393
1793 2394 2395
1793 2396 2394
2396 2397 2394
1793 1808 2396
1677 1734 2398
1734 1677 1676
1734 2399 2398
2399 1734 1735
1937 2399 1735
2399 1937 2400
1839 2400 1937
2400 1839 1840
2401 2402 2403
2404 2405 2406
2407 2408 2409
2410 2411 2412
2413 2414 2415
2416 2417 2418
2419 2420 2421
2422 2423 2424
2425 2426 2427
2428 2429 2430
2428 2431 2429
2431 2432 2433
2432 2434 2433
2434 2435 2436
2435 2437 2436
2437 2438 2439
2438 2440 2439
2440 2441 2442
2441 2443 2442
2443 2444 2445
2444 2446 2445
2446 2447 2448
2447 2449 2448
2449 2450 2451
2450 2430 2451
2452 2453 2454
2452 2455 2453
2455 2452 2456
2456 2457 2455
2457 2456 2458
2458 2459 2457
2459 2458 2460
2460 2461 2459
2461 2460 2462
2462 2463 2461
2463 2462 2464
2464 2465 2463
2465 2464 2466
2466 2467 2465
2468 2469 2470
2471 2472 2473
2474 2475 2476
2477 2478 2479
2480 2481 2482
2483 2484 2485
2486 2487 2488
2489 2490 2491
2490 2489 2492
2490 2493 2491
2493 2490 2494
2494 2495 2493
2495 2494 2496
2496 2497 2495
2497 2496 2498
2499 2497 2498
2497 2499 2500
2499 2501 2500
2501 2499 2502
2489 2503 2492
2503 2489 2504
2504 2505 2503
2505 2504 2506
2502 2507 2501
2507 2502 2508
2506 2509 2505
2509 2506 2510
2511 2509 2510
2509 2511 2512
2511 2513 2512
2513 2511 2514
2515 2500 2501
2500 2515 2516
2515 2517 2516
2518 2516 2517
2516 2518 2519
2517 2515 2520
2517 2521 2518
2521 2517 2522
2520 2522 2517
2522 2520 2523
2523 2524 2522
2524 2523 2525
2523 2526 2525
2526 2523 2527
2528 2523 2520
2523 2528 2527
2529 2520 2515
2520 2529 2528
2521 2530 2518
2530 2521 2531
2531 2532 2530
2533 2530 2532
2530 2533 2534
2532 2535 2533
2535 2532 2536
2536 2537 2535
2537 2536 2538
2539 2537 2538
2537 2539 2540
2541 2540 2539
2540 2541 2542
2532 2531 2543
2543 2536 2532
2536 2543 2544
2544 2538 2536
2545 2539 2538
2538 2544 2545
2539 2545 2546
2547 2539 2546
2539 2547 2541
2548 2547 2546
2547 2548 2549
2550 2545 2544
2545 2550 2551
2551 2546 2545
2546 2551 2548
2548 2551 2552
2549 2553 2547
2553 2541 2547
2553 2549 2554
2554 2555 2553
2555 2554 2556
2557 2555 2556
2555 2557 2558
2558 2559 2555
2559 2558 2560
2560 2561 2559
2561 2562 2559
2562 2555 2559
2555 2562 2553
2562 2561 2563
2561 2560 2564
2556 2554 2565
2554 2566 2565
2541 2553 2562
2563 2541 2562
2541 2563 2542
2554 2549 2566
2549 2567 2566
2549 2568 2567
2548 2568 2549
2568 2548 2552
2514 2561 2564
2561 2514 2511
2511 2563 2561
2563 2511 2510
2510 2542 2563
2542 2510 2506
2506 2540 2542
2540 2506 2504
2504 2537 2540
2537 2504 2489
2491 2537 2489
2537 2491 2535
2491 2533 2535
2533 2491 2493
2493 2534 2533
2534 2493 2495
2495 2519 2534
2518 2534 2519
2534 2518 2530
2519 2495 2497
2497 2516 2519
2516 2497 2500
2544 2569 2550
2569 2544 2543
2543 2570 2569
2570 2543 2531
2571 2570 2531
2521 2571 2531
2521 2572 2571
2573 2572 2521
2522 2573 2521
2522 2524 2573
2501 2529 2515
2529 2501 2507
2574 2575 2576
2574 2576 2577
2574 2577 2578
2574 2578 2579
2574 2579 2580
2574 2580 2581
2574 2581 2582
2574 2582 2575
2575 2583 2576
2576 2583 2584
2576 2584 2585
2576 2585 2577
2577 2586 2578
2586 2577 2587
2585 2587 2577
2578 2586 2588
2578 2588 2589
2578 2589 2579
2579 2590 2580
2580 2590 2591
2580 2591 2592
2592 2581 2580
2581 2592 2593
2581 2594 2582
2581 2593 2594
2582 2594 2595
2582 2595 2596
2582 2596 2575
2583 2597 2584
2597 2583 2598
2599 2584 2597
2584 2599 2585
2600 2585 2599
2585 2600 2587
2601 2587 2600
2587 2601 2586
2602 2592 2591
2591 2603 2602
2603 2591 2590
2590 2604 2603
2604 2590 2605
2605 2606 2604
2606 2605 2589
2589 2607 2606
2586 2601 2607
2586 2607 2588
2607 2589 2588
2600 2608 2601
2601 2609 2607
2601 2608 2609
2607 2610 2606
2607 2609 2610
2606 2611 2604
2606 2610 2611
2604 2612 2603
2604 2611 2612
2603 2613 2602
2603 2612 2613
2602 2613 2614
2589 2605 2579
2579 2605 2590
2602 2614 2615
2592 2602 2615
2615 2593 2592
2593 2615 2616
2615 2614 2616
2616 2594 2593
2594 2616 2617
2617 2595 2594
2595 2617 2618
2618 2596 2595
2596 2618 2619
2619 2620 2596
2620 2619 2621
2598 2620 2621
2620 2598 2583
2621 2622 2598
2619 2622 2621
2623 2617 2616
2617 2623 2624
2625 2617 2624
2617 2625 2618
2618 2626 2619
2618 2625 2626
2619 2626 2622
2623 2627 2624
2624 2627 2625
2627 2623 2628
2629 2628 2623
2614 2629 2623
2622 2630 2598
2598 2630 2597
2630 2631 2597
2597 2631 2599
2631 2632 2599
2599 2632 2600
2631 2633 2632
2633 2634 2632
2632 2634 2600
2634 2633 2635
2634 2635 2636
2634 2636 2608
2600 2634 2608
2614 2623 2616
2637 2638 2639
2638 2637 2640
2641 2639 2638
2639 2641 2642
2643 2640 2637
2643 2637 2644
2643 2644 2645
2645 2644 2646
2646 2644 2647
2646 2647 2648
2647 2649 2648
2648 2649 2650
2648 2650 2651
2651 2650 2652
2650 2653 2652
2652 2653 2654
2652 2654 2655
2655 2654 2656
2655 2656 2657
2656 2658 2657
2656 2659 2658
2659 2660 2658
2659 2661 2660
2661 2659 2662
2662 2663 2661
2663 2662 2664
2665 2666 2667
2666 2665 2668
2667 2669 2665
2669 2667 2670
2668 2671 2666
2671 2668 2672
2670 2673 2669
2673 2670 2674
2675 2673 2674
2673 2675 2676
2677 2676 2675
2676 2677 2678
2677 2679 2678
2677 2680 2679
2680 2681 2679
2680 2682 2681
2682 2683 2681
2683 2682 2684
2684 2685 2683
2685 2684 2686
2677 2687 2680
2688 2671 2672
2689 2671 2688
2688 2690 2689
2690 2688 2691
2692 2690 2691
2690 2692 2693
2694 2693 2692
2693 2694 2695
2689 2696 2671
2697 2698 2699
2698 2697 2700
2701 2702 2703
2701 2703 2704
2705 2706 2707
2706 2705 2708
2705 2707 2709
2708 2710 2706
2710 2708 2711
2711 2712 2710
2712 2711 2713
2714 2709 2707
2715 2709 2714
2709 2715 2716
2717 2716 2715
2716 2717 2718
2719 2718 2717
2718 2719 2720
2721 2720 2719
2720 2721 2722
2723 2722 2721
2722 2723 2724
2725 2724 2723
2724 2725 2726
2725 2727 2726
2727 2725 2728
2729 2727 2728
2727 2729 2730
2575 2620 2583
2596 2620 2575
2731 2732 2733
2731 2734 2732
2731 2735 2734
2735 2736 2734
2736 2735 2737
2736 2737 2738
2737 2735 2739
2738 2737 2740
2737 2741 2740
2737 2739 2741
2740 2741 2742
2741 2743 2742
2741 2744 2743
2744 2745 2743
2746 2744 2741
2741 2739 2746
2747 2744 2746
2748 2747 2746
2739 2748 2746
2739 2749 2748
2749 2739 2735
2747 2748 2750
2751 2747 2750
2750 2752 2751
2752 2750 2753
2753 2750 2754
2750 2748 2754
2747 2751 2755
2756 2755 2751
2751 2757 2756
2751 2758 2757
2755 2759 2747
2744 2747 2759
2759 2755 2760
2760 2761 2759
2761 2760 2762
2763 2760 2755
2756 2763 2755
2760 2763 2764
2763 2765 2764
2765 2763 2766
2766 2767 2765
2767 2766 2768
2760 2764 2769
2760 2769 2762
2765 2767 2770
2771 2770 2767
2768 2772 2767
2772 2768 2773
2773 2774 2772
2775 2772 2774
2772 2775 2776
2776 2767 2772
2767 2776 2771
2774 2773 2777
2778 2773 2768
2766 2778 2768
2773 2778 2779
2779 2777 2773
2777 2779 2780
2779 2781 2780
2780 2781 2782
2781 2779 2783
2778 2783 2779
2783 2778 2784
2778 2785 2784
2786 2784 2785
2784 2786 2787
2756 2786 2785
2756 2788 2786
2778 2766 2785
2763 2785 2766
2785 2763 2756
2756 2789 2788
2790 2788 2789
2788 2790 2791
2788 2791 2792
2786 2792 2787
2792 2786 2788
2789 2756 2757
2793 2790 2789
2757 2793 2789
2790 2793 2794
2793 2757 2758
2795 2793 2758
2796 2793 2795
2793 2796 2797
2797 2794 2793
2795 2798 2796
2798 2795 2799
2795 2758 2799
2758 2800 2799
2800 2758 2801
2751 2801 2758
2752 2801 2751
2802 2801 2752
2802 2800 2801
2802 2752 2803
2804 2803 2752
2805 2803 2804
2804 2806 2805
2806 2804 2807
2804 2808 2807
2808 2804 2809
2809 2810 2808
2810 2809 2811
2811 2809 2812
2753 2809 2804
2753 2804 2752
2812 2809 2753
2800 2802 2813
2813 2802 2814
2814 2815 2813
2815 2814 2816
2814 2817 2816
2817 2814 2818
2802 2818 2814
2819 2817 2818
2817 2819 2820
2819 2821 2820
2821 2819 2822
2819 2823 2822
2823 2819 2824
2818 2824 2819
2824 2825 2823
2825 2824 2826
2826 2827 2825
2827 2826 2828
2829 2821 2822
2828 2826 2830
2830 2826 2831
2830 2831 2832
2829 2822 2833
2833 2822 2823
2834 2829 2833
2835 2834 2833
2833 2823 2835
2834 2835 2836
2823 2837 2835
2823 2825 2837
2838 2837 2825
2838 2825 2827
2838 2839 2837
2839 2835 2837
2835 2839 2836
2839 2838 2840
2829 2834 2841
2842 2839 2840
2839 2842 2843
2843 2836 2839
2843 2842 2844
2836 2843 2845
2846 2836 2845
2836 2846 2834
2847 2834 2846
2834 2847 2841
2848 2847 2846
2845 2849 2846
2848 2846 2849
2845 2850 2849
2851 2850 2845
2851 2845 2843
2843 2844 2851
2852 2848 2849
2850 2852 2849
2848 2852 2853
2852 2850 2854
2851 2854 2850
2854 2851 2855
2844 2855 2851
2856 2853 2852
2853 2856 2857
2855 2844 2858
2859 2857 2856
2860 2859 2856
2852 2860 2856
2860 2852 2854
2855 2860 2854
2859 2860 2861
2860 2862 2861
2862 2860 2863
2858 2863 2855
2860 2855 2863
2863 2864 2862
2863 2858 2864
2865 2857 2859
2865 2859 2861
2865 2861 2866
2867 2866 2861
2867 2861 2862
2862 2864 2867
2868 2869 2870
2870 2871 2868
2871 2870 2872
2873 2871 2872
2871 2873 2874
2873 2875 2874
2875 2876 2874
2877 2874 2876
2878 2869 2868
2878 2868 2879
2880 2878 2879
2881 2879 2868
2881 2882 2879
2879 2882 2883
2879 2883 2880
2884 2878 2880
2885 2884 2880
2886 2885 2880
2885 2886 2887
2886 2888 2887
2888 2886 2889
2890 2888 2889
2889 2891 2890
2891 2889 2892
2888 2890 2893
2893 2894 2888
2894 2887 2888
2894 2893 2895
2896 2894 2895
2894 2896 2897
2898 2897 2896
2897 2899 2894
2887 2894 2899
2899 2897 2900
2901 2899 2900
2899 2901 2902
2902 2887 2899
2903 2902 2901
2902 2903 2904
2905 2897 2898
2905 2901 2900
2905 2900 2897
2905 2906 2901
2906 2903 2901
2906 2907 2903
2908 2905 2898
2909 2908 2898
2898 2896 2909
2905 2908 2910
2905 2911 2906
2911 2905 2910
2911 2907 2906
2912 2907 2911
2910 2912 2911
2912 2910 2913
2914 2910 2908
2910 2914 2913
2909 2914 2908
2915 2914 2909
2914 2915 2916
2916 2913 2914
2917 2916 2915
2916 2917 2918
2918 2919 2916
2913 2916 2919
2919 2918 2920
2921 2919 2920
2919 2921 2922
2913 2922 2912
2922 2913 2919
2923 2922 2921
2922 2923 2924
2924 2912 2922
2925 2918 2917
2926 2920 2918
2921 2920 2926
2926 2918 2925
2927 2926 2925
2925 2928 2927
2925 2917 2928
2926 2927 2929
2930 2926 2929
2926 2930 2931
2921 2926 2931
2931 2923 2921
2931 2932 2923
2932 2931 2930
2933 2932 2930
2929 2933 2930
2933 2934 2932
2934 2933 2935
2933 2936 2935
2936 2933 2937
2933 2929 2937
2938 2936 2937
2938 2929 2927
2929 2938 2937
2927 2928 2938
2936 2938 2939
2940 2938 2928
2938 2940 2939
2939 2941 2936
2941 2935 2936
2941 2939 2942
2935 2941 2943
2944 2935 2943
2935 2944 2934
2945 2941 2942
2946 2945 2942
2946 2939 2940
2939 2946 2942
2941 2945 2947
2941 2948 2943
2948 2941 2947
2948 2944 2943
2949 2950 2951
2950 2949 2952
2951 2953 2949
2953 2951 2954
2955 2953 2954
2953 2955 2956
2957 2956 2955
2956 2957 2958
2959 2952 2949
2953 2959 2949
2952 2959 2960
2959 2953 2961
2956 2961 2953
2958 2962 2956
2961 2956 2962
2962 2958 2963
2962 2963 2964
2799 2954 2951
2954 2799 2800
2954 2813 2955
2813 2954 2800
2955 2815 2957
2815 2955 2813
2962 2964 2965
2961 2962 2965
2966 2965 2964
2965 2966 2967
2961 2965 2968
2967 2968 2965
2968 2967 2969
2970 2968 2969
2968 2970 2971
2971 2961 2968
2972 2971 2970
2971 2972 2973
2959 2971 2973
2966 2974 2967
2974 2966 2975
2974 2975 2976
2967 2977 2969
2977 2967 2974
2977 2970 2969
2970 2977 2978
2977 2979 2978
2970 2980 2972
2980 2970 2978
2981 2980 2978
2981 2978 2979
2982 2981 2979
2981 2982 2983
2979 2984 2982
2984 2979 2985
2977 2985 2979
2986 2985 2977
2974 2976 2986
2986 2977 2974
2987 2985 2986
2985 2987 2984
2976 2987 2986
2982 2988 2983
2988 2982 2989
2987 2976 2990
2991 2988 2989
2992 2991 2989
2982 2992 2989
2992 2982 2984
2991 2992 2993
2992 2994 2993
2994 2992 2995
2990 2995 2987
2984 2995 2992
2995 2984 2987
2995 2996 2994
2995 2990 2996
2997 2988 2991
2997 2991 2993
2997 2993 2998
2999 2998 2993
2999 2993 2994
2994 2996 2999
3000 3001 3002
3001 3000 3003
3000 3004 3003
3004 3000 3005
3006 3004 3005
3004 3006 3007
3006 3008 3007
3008 3006 3009
3000 3010 3005
3010 3006 3005
3010 3000 3011
3012 3010 3011
3006 3013 3009
3013 3006 3014
3014 3010 3012
3006 3010 3014
3015 3000 3002
3000 3015 3011
3016 3011 3015
3012 3011 3016
3017 3012 3016
3018 3017 3016
3016 3015 3018
3012 3017 3019
3020 3012 3019
3012 3020 3021
3014 3012 3021
3013 3014 3021
3013 3021 3022
3020 3022 3021
3023 3022 3020
3019 3023 3020
3023 3024 3022
3024 3023 3025
3026 3025 3023
3023 3019 3026
3017 3026 3019
3025 3026 3027
3026 3028 3027
3028 3026 3029
3026 3017 3029
3018 3029 3017
3030 3029 3018
3029 3030 3028
3025 3031 3024
3031 3025 3032
3027 3032 3025
3031 3032 3033
3032 3034 3033
3032 3027 3034
3035 3028 3030
3028 3035 3036
3027 3036 3034
3036 3027 3028
3037 3036 3035
3037 3034 3036
3037 3035 3038
3037 3038 3039
3039 3040 3037
3040 3034 3037
3033 3034 3040
3040 3039 3041
3041 3033 3040
3033 3041 3042
3042 3043 3033
3031 3033 3043
3044 3043 3042
3041 3044 3042
3044 3045 3043
3045 3044 3046
3044 3047 3046
3047 3044 3048
3044 3041 3048
3049 3047 3048
3049 3041 3039
3041 3049 3048
3039 3038 3049
3047 3049 3050
3051 3049 3038
3049 3051 3050
3050 3052 3047
3052 3046 3047
3052 3050 3053
3046 3052 3054
3050 3055 3053
3055 3050 3051
3056 3046 3054
3046 3056 3045
3057 3052 3053
3053 3055 3057
3052 3057 3058
3052 3059 3054
3059 3052 3058
3059 3056 3054
2876 3060 3061
3062 2876 3061
3061 3060 3003
3003 3063 3061
3063 3003 3004
3007 3063 3004
3063 3007 3064
3007 3065 3064
3066 3064 3065
3067 3064 3066
3062 3068 2876
3062 3069 3068
2877 3068 3069
2877 2876 3068
3070 2877 3069
2877 3070 3071
3070 3072 3071
3072 3070 3073
3074 3072 3073
3072 3074 3075
3076 3072 3075
3072 3076 3077
3072 3078 3071
3078 3072 3077
3078 2877 3071
3069 3079 3070
3079 3074 3073
3070 3079 3073
3079 2882 3074
3074 2881 3075
2881 3074 2882
2881 3076 3075
3076 2871 3077
2871 3078 3077
2871 3076 2868
3076 2881 2868
2877 3078 2874
3078 2871 2874
3079 3080 2882
3080 3079 3081
3069 3081 3079
3081 3069 3082
3080 3083 2882
3083 3084 2882
3084 2883 2882
2883 3084 3085
3084 3086 3085
3086 3087 3085
3087 2883 3085
3087 3086 3088
3086 3089 3088
3089 3086 3090
3086 3091 3090
3091 3086 3092
3086 3084 3092
3083 3091 3092
3084 3083 3092
3091 2892 3090
2892 3089 3090
2892 3091 3093
3091 3083 3093
3083 3094 3093
3094 3095 3093
3094 3083 3096
2892 3093 3097
3093 3095 3097
3089 2892 2889
3089 2886 3088
2886 3089 2889
2886 3087 3088
3087 2886 2880
2883 3087 2880
3098 3094 3096
3099 3094 3098
3099 3100 3094
3094 3100 3095
3100 3101 3095
3095 3101 3102
3095 3102 3097
3103 3100 3099
3099 3098 3103
3100 3103 3104
3105 3104 3103
3104 3105 3106
3104 3106 3107
3104 3107 3108
3107 3109 3108
3109 3107 3110
3105 3111 3106
3111 3105 3112
3113 3111 3112
3111 3113 3114
3115 3114 3113
3114 3115 3116
3116 3117 3114
3118 3115 3113
3119 3118 3113
3119 3113 3112
3115 3118 3120
3121 3120 3118
3119 3121 3118
3120 3121 3122
3121 3119 3123
3116 3124 3117
3117 3124 3125
3119 3126 3123
3127 3126 3119
3112 3127 3119
3112 3105 3127
3126 3127 3128
3128 3127 3105
3123 3129 3121
3129 3123 3130
3126 3130 3123
3130 3131 3129
3131 3130 3132
3131 3133 3129
3121 3133 3122
3133 3121 3129
3133 3131 3134
3135 3132 3130
3126 3135 3130
3132 3135 3136
3136 3135 3137
3138 3137 3135
3138 3135 3126
3126 3128 3138
3124 3139 3125
3125 3139 3140
3103 3128 3105
3137 3138 3141
3141 3138 3142
3138 3128 3143
3138 3143 3144
3140 3145 3125
3125 3145 3146
3146 3147 3125
3147 3117 3125
3117 3147 3148
3147 3149 3148
3149 3150 3148
3150 3117 3148
3150 3149 3151
3149 3147 3152
3147 3146 3152
3153 3149 3152
3146 3153 3152
3149 3153 3154
3149 3155 3151
3155 3149 3154
3111 3150 3151
3155 3111 3151
3150 3111 3114
3117 3150 3114
3153 3146 3110
3153 3107 3154
3107 3153 3110
3107 3155 3154
3155 3107 3106
3111 3155 3106
3146 3156 3110
3110 3156 3157
3157 3158 3110
3110 3158 3109
3109 3158 3159
3159 3158 3160
3159 3160 3161
3161 3160 3162
3159 3161 3163
3164 3109 3159
3109 3164 3108
3165 3108 3164
3108 3165 3104
3165 3100 3104
3165 3166 3100
3101 3100 3166
3101 3166 3167
3102 3101 3167
3097 3102 3168
3169 3097 3168
2891 3097 3169
2892 3097 2891
3170 3171 3172
3171 3170 3173
3170 3174 3173
3174 3170 3175
3176 3174 3175
3174 3176 3177
3176 3178 3177
3178 3176 3179
3180 3170 3172
3180 3175 3170
3181 3175 3180
3182 3175 3181
3179 3176 3182
3176 3175 3182
3179 3182 3183
3184 3181 3180
3185 3184 3180
3180 3172 3185
3181 3184 3186
3186 3182 3181
3182 3186 3187
3187 3183 3182
3188 3183 3187
3186 3188 3187
3188 3189 3183
3189 3188 3190
3191 3190 3188
3188 3186 3191
3190 3191 3192
3191 3193 3192
3193 3191 3194
3194 3186 3184
3186 3194 3191
3185 3194 3184
3195 3194 3185
3194 3195 3193
3196 3192 3193
3192 3196 3197
3198 3197 3196
3198 3196 3199
3199 3193 3195
3193 3199 3196
3192 3200 3190
3200 3192 3197
3200 3197 3201
3202 3200 3201
3190 3202 3189
3202 3190 3200
3198 3199 3203
3198 3203 3204
3204 3205 3198
3205 3197 3198
3201 3197 3205
3205 3204 3206
3207 3205 3206
3205 3207 3201
3207 3208 3201
3202 3201 3208
3209 3208 3207
3206 3209 3207
3209 3210 3208
3210 3209 3211
3209 3212 3211
3212 3209 3213
3209 3206 3213
3214 3212 3213
3214 3206 3204
3206 3214 3213
3204 3203 3214
3212 3214 3215
3216 3214 3203
3214 3216 3215
3215 3217 3212
3217 3211 3212
3217 3215 3218
3211 3217 3219
3211 3220 3210
3220 3211 3219
3221 3217 3218
3217 3221 3222
3217 3223 3219
3223 3217 3222
3223 3220 3219
3215 3224 3218
3224 3215 3216
3218 3224 3221
3066 3225 3226
3227 3066 3226
3226 3225 3173
3173 3228 3226
3228 3173 3174
3177 3228 3174
3228 3177 3229
3178 3229 3177
3229 3178 3230
3230 3231 3229
3231 3230 3232
3227 3233 3066
3234 3233 3227
3067 3233 3234
3067 3066 3233
3235 3067 3234
3067 3235 3236
3235 3237 3236
3237 3235 3238
3237 3239 3236
3239 3067 3236
3239 3237 3240
3237 3241 3240
3241 3237 3242
3243 3237 3238
3237 3243 3242
3244 3238 3235
3244 3235 3234
3244 3243 3238
3063 3239 3240
3241 3063 3240
3239 3063 3064
3067 3239 3064
3062 3241 3242
3243 3062 3242
3241 3062 3061
3063 3241 3061
3244 3069 3243
3062 3243 3069
3245 3069 3244
3234 3245 3244
3245 3234 3246
3234 3247 3246
3246 3247 3248
3249 3248 3247
3248 3249 3250
3251 3250 3249
3246 3248 3252
3253 3248 3250
3248 3253 3252
3253 3254 3252
3254 3253 3255
3255 3256 3254
3256 3255 3257
3257 3258 3256
3258 3257 3259
3260 3258 3259
3258 3260 3261
3261 3262 3258
3262 3261 3263
3264 3262 3263
3254 3265 3252
3256 3266 3254
3262 3266 3258
3258 3266 3256
3254 3266 3265
3262 3267 3266
3264 3267 3262
3265 3266 3267
3265 3267 3268
3264 3141 3267
3267 3141 3269
3270 3265 3271
3272 3265 3270
3270 3246 3272
3245 3246 3270
3245 3270 3273
3245 3273 3274
3245 3274 3082
3245 3082 3069
3081 3082 3274
3081 3274 3275
3081 3275 3276
3081 3276 3080
3098 3080 3276
3098 3096 3080
3098 3276 3143
3143 3276 3277
3083 3080 3096
3098 3143 3128
3103 3098 3128
3278 3279 3280
3279 3278 3281
3278 3282 3281
3282 3278 3283
3278 3284 3283
3284 3278 3285
3280 3285 3278
3285 3280 3286
3279 3227 3280
3227 3286 3280
3227 3279 3234
3279 3247 3234
3247 3279 3281
3282 3247 3281
3231 3282 3283
3284 3231 3283
3282 3231 3249
3247 3282 3249
3228 3284 3285
3286 3228 3285
3284 3228 3229
3231 3284 3229
3286 3227 3226
3228 3286 3226
3231 3251 3249
3251 3231 3232
2831 3287 3288
3287 2831 3289
3289 2818 3287
2803 3288 3287
3288 2803 2805
2805 2832 3288
2832 2831 3288
2832 2805 2806
3287 2802 2803
2802 3287 2818
2824 2818 3289
3289 2826 2824
2826 3289 2831
3290 3291 3292
3291 3290 3293
3294 3293 3290
3293 3294 3295
3296 3294 3290
3296 3290 3292
3294 3296 3297
3297 3296 3298
3296 3299 3298
3299 3296 3292
3299 3300 3298
3300 3299 3301
3302 3298 3300
3298 3302 3303
3297 3298 3303
3304 3302 3300
3302 3304 3305
3306 3305 3304
3305 3306 3307
3308 3307 3306
3307 3308 3309
3306 3310 3308
3310 3306 3311
3304 3311 3306
3311 2732 3310
3311 3304 3312
3300 3312 3304
3312 3300 3301
3312 3301 3313
3312 3313 2733
2733 2732 3311
3312 2733 3311
2733 3313 2731
3313 3301 3314
3313 3314 2749
2731 3313 2749
2749 3314 2748
2748 3314 2754
2754 3314 3301
3301 2812 2754
2753 2754 2812
3301 3299 2812
2749 2735 2731
3299 2811 2812
2811 3299 3292
3291 2811 3292
2811 3291 2810
3315 3316 3317
3316 3315 3318
3319 3316 3318
3316 3319 3320
3319 3321 3320
3321 3319 3322
3319 3323 3322
3323 3319 3324
3325 3323 3324
3323 3325 3326
3327 3321 3322
3323 3327 3322
3321 3327 3328
3329 3326 3325
3326 3329 3330
3331 3326 3330
3326 3331 3332
3328 3327 3333
3334 3333 3327
3327 3323 3334
3334 3326 3332
3326 3334 3323
3333 3334 3335
3335 3336 3333
3336 3328 3333
3336 3335 3337
3338 3334 3332
3334 3338 3335
3332 3331 3338
3335 3339 3337
3339 3335 3338
3338 3331 3339
3324 3340 3325
3340 3329 3325
3329 3340 3341
3342 3341 3340
3341 3342 3343
3340 3344 3342
3340 3345 3344
3340 3324 3345
3319 3345 3324
3345 3319 3318
3346 3345 3318
3347 3345 3346
3344 3345 3347
3346 3318 3315
3348 3343 3342
3342 3349 3348
3349 3342 3344
3347 3349 3344
3349 3347 3350
3351 3347 3346
3347 3351 3350
3315 3351 3346
3351 3352 3350
3350 3352 3353
3350 3353 3354
3350 3354 3355
3356 3354 3353
3354 3356 3357
3356 3358 3357
3358 3356 3359
3352 3360 3353
3360 3352 3361
3362 3360 3361
3360 3362 3363
3351 3315 3364
3317 3364 3315
3365 3366 3367
3367 3366 3368
3368 3369 3367
3369 3365 3367
3369 3368 3370
3371 3369 3370
3369 3371 3372
3371 3373 3372
3373 3374 3372
3374 3369 3372
3369 3374 3375
3365 3369 3375
3370 3376 3371
3376 3370 3377
3378 3376 3377
3379 3378 3377
3379 3370 3368
3370 3379 3377
3378 3379 3380
3380 3381 3378
3381 3380 3382
3383 3381 3382
3381 3383 3384
3385 3381 3384
3381 3385 3386
3381 3387 3378
3387 3381 3386
3376 3378 3387
3388 3387 3386
3385 3388 3386
3387 3388 3389
3389 3376 3387
3390 3382 3380
3382 3390 3391
3382 3391 3383
3380 3392 3390
3392 3380 3379
3368 3392 3379
3392 3368 3366
3376 3389 3393
3393 3371 3376
3371 3393 3373
3365 3394 3366
3365 3395 3394
3365 3396 3395
3365 3397 3396
3397 3365 3375
3374 3373 3398
3374 3398 3399
3374 3400 3375
3401 3400 3374
3374 3399 3401
3402 3403 3404
3403 3402 3405
3406 3404 3403
3405 3407 3403
3407 3405 3408
3409 3407 3408
3407 3409 3410
3411 3410 3409
3410 3411 3412
3410 3412 3413
3414 3405 3402
3405 3414 3415
3415 3408 3405
2774 3415 3414
3408 3415 3416
3415 2777 3416
3415 2774 2777
3417 3416 2777
3417 3408 3416
3408 3417 3409
2782 3409 3417
3409 2782 3411
3417 2777 2780
2780 2782 3417
2774 3414 2775
3410 3413 3418
3413 3419 3418
3420 3418 3419
3418 3420 3421
3418 3421 3407
3422 3407 3421
3420 3422 3421
3422 3420 3423
3423 3406 3422
3406 3423 3424
3425 3424 3423
3424 3425 3426
3427 3426 3425
3425 3428 3427
3428 3425 3429
3423 3429 3425
3429 3423 3420
3419 3429 3420
3429 3430 3428
3430 3429 3431
3429 3419 3431
3431 3432 3430
3431 3433 3432
3433 3431 3419
3419 3413 3433
3427 3434 3426
3428 3434 3427
3428 3435 3434
3428 3436 3435
3428 3430 3436
3430 3432 3436
3406 3403 3422
3422 3403 3407
3418 3407 3410
3437 3438 3439
3440 3438 3437
3441 3440 3437
3442 3441 3437
3437 3439 3442
3440 3441 3443
3443 3444 3440
3444 3443 3445
3445 3446 3444
3447 3444 3446
3448 3446 3445
3443 3448 3445
3448 3449 3446
3449 3448 3450
3451 3450 3448
3448 3443 3451
3441 3451 3443
3450 3451 3452
3451 3453 3452
3453 3451 3454
3451 3441 3454
3442 3454 3441
3455 3454 3442
3454 3455 3453
3456 3452 3453
3452 3456 3457
3458 3457 3456
3459 3457 3458
3452 3459 3450
3459 3452 3457
3450 3460 3449
3460 3450 3459
3453 3461 3456
3461 3453 3455
3462 3456 3461
3458 3456 3462
3463 3458 3462
3462 3464 3463
3462 3461 3464
3458 3463 3465
3466 3458 3465
3458 3466 3467
3459 3458 3467
3460 3459 3467
3460 3467 3468
3468 3467 3466
3468 3466 3469
3465 3469 3466
3469 3470 3468
3470 3469 3471
3469 3472 3471
3472 3469 3473
3469 3465 3473
3474 3472 3473
3474 3465 3463
3465 3474 3473
3463 3464 3474
3475 3474 3464
3474 3475 3476
3472 3474 3476
3476 3477 3472
3477 3471 3472
3477 3476 3478
3471 3477 3479
3471 3480 3470
3480 3471 3479
3481 3477 3478
3481 3478 3482
3482 3476 3475
3476 3482 3478
3477 3481 3483
3484 3477 3483
3477 3484 3479
3479 3484 3480
3485 3486 3487
3486 3485 3488
3489 3485 3487
3485 3489 3490
3489 3491 3490
3491 3489 3492
3493 3491 3492
3491 3493 3494
3491 3494 3495
3485 3496 3488
3485 3497 3496
3497 3485 3490
3497 3490 3498
3490 3499 3498
3490 3491 3499
3491 3495 3499
3495 3500 3499
3500 3498 3499
3500 3495 3501
3498 3502 3497
3502 3498 3503
3498 3500 3503
3504 3497 3502
3497 3504 3496
3505 3500 3501
3500 3505 3506
3506 3505 3507
3500 3508 3503
3508 3500 3506
3503 3509 3502
3509 3503 3508
3502 3510 3504
3510 3502 3509
3511 3510 3509
3511 3509 3512
3508 3512 3509
3508 3513 3512
3514 3513 3508
3514 3508 3506
3506 3507 3514
3507 3515 3514
3515 3513 3514
3515 3507 3516
3517 3512 3513
3513 3515 3517
3512 3517 3518
3518 3511 3512
3511 3518 3519
3520 3519 3518
3519 3520 3521
3520 3522 3521
3523 3522 3520
3518 3523 3520
3523 3518 3517
3522 3523 3524
3523 3525 3524
3525 3523 3526
3516 3526 3515
3526 3517 3515
3517 3526 3523
3526 3527 3525
3526 3516 3527
3528 3521 3522
3522 3524 3528
3528 3524 3529
3524 3530 3529
3524 3525 3530
3527 3530 3525
3447 3531 3532
3447 3532 3533
3447 3533 3444
3533 3440 3444
3533 3534 3440
3534 3533 3532
3440 3534 3535
3536 3440 3535
3536 3438 3440
3537 3438 3536
3438 3537 3439
3439 3537 3538
3539 3540 2873
3541 2873 3540
2873 3541 3542
3542 2875 2873
2875 3542 3543
3543 2876 2875
2876 3543 3544
3544 3060 2876
3060 3544 3545
3001 3060 3545
3060 3001 3003
3539 2873 2872
3539 2872 3546
2872 3547 3546
2870 3547 2872
3548 3547 2870
2870 3549 3548
3549 2870 3550
2870 2869 3550
2869 3551 3550
3551 2869 2878
2884 3551 2878
3551 2884 3552
2885 3552 2884
2885 2904 3552
2904 2885 2902
2887 2902 2885
3553 3554 3555
3556 3554 3553
3554 3556 3557
3558 3557 3556
3557 3558 3559
3558 3560 3559
3560 3558 3561
3561 3562 3560
3562 3561 3563
3564 3562 3563
2759 3565 2744
3565 2759 2761
2744 3565 2745
2743 2745 3566
2912 2924 2907
2794 2797 3567
3567 3568 2794
3568 3567 3569
3570 2794 3568
3570 2790 2794
3571 2790 3570
3572 2790 3571
3572 2791 2790
3573 2791 3572
3573 2792 2791
2792 3573 3574
2798 2951 2950
2951 2798 2799
2971 2959 2961
2959 2973 2960
2765 2770 3575
3575 3576 2765
2765 3576 2764
2764 3576 3577
2769 2764 3577
3489 3487 3578
3492 3489 3579
3580 3581 3582
3581 3580 3583
3582 3584 3580
3584 3582 3585
3583 3586 3581
3586 3583 3587
3587 3588 3586
3588 3587 3589
3589 3590 3588
3590 3589 3591
3592 3590 3591
3590 3592 3593
3594 3593 3592
3593 3594 3595
3596 3595 3594
3595 3596 3597
3598 3597 3596
3597 3598 3599
3600 3599 3598
3599 3600 3601
3600 3602 3601
3602 3600 3603
3584 3604 3605
3604 3584 3585
3606 3607 3608
3607 3606 3609
3610 3606 3608
3606 3610 3611
3609 3612 3607
3612 3609 3613
3614 3615 3616
3615 3614 3617
3618 3614 3616
3614 3618 3619
3620 3619 3618
3619 3620 3621
3622 3623 3624
3623 3622 3625
3626 3625 3622
3625 3626 3627
3628 3629 3630
3629 3628 3631
3630 3632 3628
3632 3630 3633
3634 3635 3636
3635 3634 3637
3638 3639 3640
3639 3638 3641
3642 3643 3644
3642 3644 3645
3644 3646 3645
3645 3646 3647
3648 3649 3650
3648 3650 3651
3652 3648 3651
3652 3653 3648
3654 3655 3656
3656 3657 3654
3657 3656 3658
3659 3657 3658
3657 3659 3660
3656 3655 3661
3662 3663 3664
3663 3662 3665
3666 3667 3668
3667 3666 3669
3670 3671 3672
3671 3670 3673
3674 3672 3671
3672 3674 3675
3676 3675 3674
3676 3677 3675
3124 3678 3679
3124 3679 3680
3680 3679 3681
3124 3680 3139
3008 3065 3007
3065 3008 3682
3683 3065 3682
3065 3683 3066
3683 3225 3066
3225 3683 3684
3684 3173 3225
3173 3684 3171
3685 3686 3687
3688 3689 3690
3691 3692 3693
3694 3695 3696
3697 3698 3699
3700 3701 3702
3703 3704 3705
3706 3707 3708
3709 3710 3711
3712 3713 3714
3712 3714 3715
3715 3716 3717
3717 3716 3718
3718 3719 3720
3720 3719 3721
3721 3722 3723
3723 3722 3724
3724 3725 3726
3726 3725 3727
3727 3728 3729
3729 3728 3730
3730 3731 3732
3732 3731 3733
3733 3734 3735
3735 3734 3713
3736 3737 3738
3739 3736 3738
3736 3739 3740
3741 3740 3739
3740 3741 3742
3743 3742 3741
3742 3743 3744
3745 3744 3743
3744 3745 3746
3747 3746 3745
3746 3747 3748
3749 3748 3747
3748 3749 3750
3750 3749 3751
3752 3753 3754
3755 3756 3757
3758 3759 3760
3761 3762 3763
3764 3765 3766
3767 3768 3769
3770 3771 3772
3773 3156 3146
3146 3145 3773
3265 3272 3252
3272 3246 3252
3774 3775 3776
3775 3774 3777
3778 3775 3777
3775 3778 3779
3780 3779 3778
3779 3780 3781
3782 3781 3780
3781 3782 3783
3782 3784 3783
3784 3782 3785
3786 3784 3785
3784 3786 3787
3788 3774 3776
3774 3788 3789
3790 3789 3788
3789 3790 3791
3792 3787 3786
3787 3792 3793
3794 3791 3790
3791 3794 3795
3794 3796 3795
3796 3794 3797
3798 3796 3797
3796 3798 3799
3785 3800 3786
3800 3785 3801
3802 3800 3801
3801 3803 3802
3803 3801 3804
3800 3802 3805
3806 3802 3803
3802 3806 3807
3807 3805 3802
3805 3807 3808
3809 3808 3807
3808 3809 3810
3811 3808 3810
3808 3811 3812
3813 3808 3812
3808 3813 3805
3814 3805 3813
3805 3814 3800
3815 3806 3803
3806 3815 3816
3817 3816 3815
3815 3818 3817
3818 3815 3819
3820 3817 3818
3817 3820 3821
3822 3821 3820
3821 3822 3823
3822 3824 3823
3824 3822 3825
3825 3826 3824
3826 3825 3827
3816 3817 3828
3821 3828 3817
3828 3821 3829
3823 3829 3821
3824 3830 3823
3829 3823 3830
3830 3824 3831
3832 3824 3826
3824 3832 3831
3832 3833 3831
3833 3832 3834
3830 3835 3829
3835 3830 3836
3836 3831 3833
3831 3836 3830
3833 3837 3836
3838 3834 3832
3826 3838 3832
3834 3838 3839
3840 3839 3838
3839 3840 3841
3840 3842 3841
3842 3840 3843
3844 3843 3840
3843 3844 3845
3846 3845 3844
3847 3846 3844
3840 3847 3844
3847 3840 3838
3846 3847 3848
3845 3846 3849
3841 3850 3839
3839 3850 3851
3838 3826 3847
3826 3848 3847
3848 3826 3827
3839 3851 3834
3834 3851 3852
3834 3852 3853
3853 3833 3834
3833 3853 3837
3846 3799 3849
3799 3846 3796
3848 3796 3846
3796 3848 3795
3827 3795 3848
3795 3827 3791
3825 3791 3827
3791 3825 3789
3822 3789 3825
3789 3822 3774
3822 3777 3774
3777 3822 3820
3818 3777 3820
3777 3818 3778
3819 3778 3818
3778 3819 3780
3804 3780 3819
3819 3803 3804
3803 3819 3815
3780 3804 3782
3801 3782 3804
3782 3801 3785
3829 3854 3828
3854 3829 3835
3855 3828 3854
3828 3855 3816
3856 3816 3855
3806 3816 3856
3806 3856 3857
3858 3806 3857
3807 3806 3858
3807 3858 3809
3786 3814 3792
3814 3786 3800
3859 3860 3861
3859 3862 3860
3859 3863 3862
3859 3864 3863
3859 3865 3864
3859 3866 3865
3859 3867 3866
3859 3861 3867
3861 3860 3868
3860 3869 3868
3860 3870 3869
3860 3862 3870
3871 3862 3863
3862 3871 3872
3870 3862 3872
3863 3873 3871
3863 3874 3873
3863 3864 3874
3864 3865 3875
3865 3876 3875
3865 3877 3876
3866 3877 3865
3877 3866 3878
3866 3867 3879
3866 3879 3878
3867 3880 3879
3867 3881 3880
3867 3861 3881
3882 3868 3869
3868 3882 3883
3884 3869 3870
3869 3884 3882
3885 3870 3872
3870 3885 3884
3872 3886 3885
3886 3872 3871
3877 3887 3876
3888 3876 3887
3876 3888 3875
3889 3875 3888
3875 3889 3890
3891 3890 3889
3890 3891 3874
3892 3874 3891
3871 3892 3886
3871 3873 3892
3874 3892 3873
3885 3886 3893
3886 3892 3894
3886 3894 3893
3892 3891 3895
3892 3895 3894
3891 3889 3896
3891 3896 3895
3889 3888 3897
3889 3897 3896
3888 3887 3898
3888 3898 3897
3887 3899 3898
3874 3864 3890
3864 3875 3890
3887 3900 3899
3887 3877 3900
3878 3900 3877
3900 3878 3901
3900 3901 3899
3879 3901 3878
3901 3879 3902
3880 3902 3879
3902 3880 3903
3881 3903 3880
3903 3881 3904
3905 3904 3881
3904 3905 3906
3905 3883 3906
3883 3905 3868
3906 3883 3907
3904 3906 3907
3902 3908 3901
3908 3902 3909
3910 3902 3903
3902 3910 3909
3903 3904 3911
3903 3911 3910
3904 3907 3911
3912 3908 3909
3909 3910 3912
3908 3912 3913
3914 3908 3913
3899 3908 3914
3907 3883 3915
3883 3882 3915
3915 3882 3916
3882 3884 3916
3916 3884 3917
3884 3885 3917
3916 3917 3918
3919 3918 3917
3917 3885 3919
3918 3919 3920
3919 3921 3920
3919 3893 3921
3885 3893 3919
3899 3901 3908
3922 3923 3924
3923 3922 3925
3925 3926 3923
3926 3925 3927
3928 3922 3924
3928 3929 3922
3928 3930 3929
3930 3931 3929
3931 3932 3929
3931 3933 3932
3932 3933 3934
3933 3935 3934
3933 3936 3935
3936 3937 3935
3935 3937 3938
3937 3939 3938
3937 3940 3939
3940 3941 3939
3940 3942 3941
3941 3942 3943
3941 3943 3944
3944 3943 3945
3946 3944 3945
3944 3946 3947
3948 3947 3946
3947 3948 3949
3950 3951 3952
3951 3950 3953
3954 3952 3951
3952 3954 3955
3956 3953 3950
3953 3956 3957
3958 3955 3954
3955 3958 3959
3958 3960 3959
3960 3958 3961
3961 3962 3960
3962 3961 3963
3962 3963 3964
3962 3964 3965
3965 3964 3966
3965 3966 3967
3968 3967 3966
3967 3968 3969
3970 3969 3968
3969 3970 3971
3962 3965 3972
3973 3957 3956
3974 3973 3956
3975 3973 3974
3973 3975 3976
3975 3977 3976
3977 3975 3978
3978 3979 3977
3979 3978 3980
3974 3956 3981
3982 3983 3984
3984 3985 3982
3986 3987 3988
3986 3989 3987
3990 3991 3992
3991 3990 3993
3991 3994 3992
3995 3993 3990
3993 3995 3996
3997 3996 3995
3996 3997 3998
3999 3992 3994
3994 4000 3999
4000 3994 4001
4001 4002 4000
4002 4001 4003
4003 4004 4002
4004 4003 4005
4005 4006 4004
4006 4005 4007
4008 4006 4007
4007 4009 4008
4009 4010 4008
4010 4009 4011
4012 4010 4011
4010 4012 4013
4012 4014 4013
4014 4012 4015
3861 3868 3905
3881 3861 3905
4016 4017 4018
4019 4020 4021
4020 4019 4022
4023 4024 4025
4024 4023 4026
4027 4028 4029
4028 4027 4030
4031 4032 4033
4034 4035 4036
4035 4034 4037
4038 4035 4037
4035 4038 4039
4039 4038 4040
4039 4040 4041
4034 4036 4042
4043 4034 4042
4034 4043 4044
4043 4045 4044
4045 4043 4046
4046 4047 4045
4048 4045 4047
4045 4048 4049
4048 4050 4049
4050 4048 4051
4051 4052 4050
4051 4053 4052
4046 4054 4047
4036 4055 4042
4056 4057 4058
4057 4056 4059
4060 4056 4058
4056 4060 4061
4060 4062 4061
4062 4063 4061
4063 4064 4059
4057 4059 4064
4064 4063 4065
4063 4062 4065
4066 4067 4068
4067 4066 4069
4070 4071 4072
4071 4070 4073
4074 4075 4076
4075 4074 4077
4078 4079 4080
4079 4078 4081
4080 4082 4078
4082 4080 4083
4084 4082 4083
4082 4084 4085
4086 4087 4088
4087 4086 4089
4090 4087 4089
4087 4090 4091
4091 4090 4092
4091 4092 4093
4088 4094 4086
4095 4094 4088
4096 4093 4092
4096 4092 4097
4097 4098 4096
4098 4097 4099
4100 4098 4099
4098 4100 4101
4101 4100 4102
4103 4101 4102
4104 4105 4106
4105 4104 4107
4105 4108 4106
4108 4105 4109
4104 4110 4107
4110 4108 4109
4110 4104 4111
4108 4110 4111
4112 4113 4114
4113 4112 4115
4116 4117 4118
4117 4116 4119
4120 4121 4122
4121 4120 4123
4124 4125 4126
4125 4124 4127
4128 4129 4130
4129 4128 4131
4132 4133 4134
4133 4132 4135
4136 4137 4138
4137 4136 4139
4140 4141 4142
4141 4140 4143
4144 4145 4146
4145 4144 4147
4148 4149 4150
4149 4148 4151
4152 4153 4154
4153 4152 4155
4156 4157 4158
4157 4159 4158
4160 4161 4162
4161 4160 4163
4160 4164 4163
4164 4160 4165
4166 4162 4161
4162 4166 4167
4168 4169 4170
4169 4168 4171
4172 4173 4174
4173 4172 4175
4176 4177 4178
4177 4176 4179
4180 4181 4182
4181 4180 4183
4184 4185 4186
4185 4184 4187
4188 4189 4190
4189 4188 4191
4192 4193 4194
4193 4192 4195
4196 4197 4198
4197 4196 4199
4200 4201 4202
4201 4200 4203
4200 4204 4203
4204 4200 4205
4206 4207 4208
4207 4206 4209
4210 4211 4212
4211 4210 4213
4214 4215 4216
4217 4215 4214
4218 4219 4220
4221 4222 4223
4222 4221 4224
4225 4226 4227
4226 4225 4228
4229 4230 4231
4230 4229 4232
4233 4234 4235
4236 4237 4238
4237 4239 4238
4239 4240 4238
4240 4241 4238
4241 4242 4238
4242 4243 4238
4243 4244 4238
4244 4245 4238
4245 4246 4238
4246 4247 4238
4247 4248 4238
4248 4249 4238
4249 4250 4238
4250 4251 4238
4251 4252 4238
4252 4253 4238
4253 4254 4238
4254 4255 4238
4255 4256 4238
4256 4236 4238
4257 4258 4259
4258 4257 4260
4261 4259 4258
4259 4261 4262
4263 4262 4261
4262 4263 4264
4265 4264 4263
4264 4265 4266
4265 4267 4266
4267 4265 4268
4268 4269 4267
4269 4268 4270
4270 4271 4269
4271 4270 4272
4272 4273 4271
4273 4272 4274
4274 4275 4273
4275 4274 4276
4276 4277 4275
4277 4276 4278
4278 4279 4277
4279 4278 4280
4280 4281 4279
4281 4280 4282
4283 4281 4282
4281 4283 4284
4285 4284 4283
4284 4285 4286
4287 4286 4285
4286 4287 4288
4289 4288 4287
4288 4289 4290
4291 4290 4289
4290 4291 4292
4293 4292 4291
4292 4293 4294
4295 4294 4293
4294 4295 4296
4260 4296 4295
4296 4260 4257
4297 4298 4299
4298 4297 4300
4301 4302 4303
4302 4301 4304
4304 4301 4305
4306 4304 4305
4307 4306 4305
4302 4307 4303
4306 4307 4308
4302 4308 4307
4304 4306 4309
4309 4306 4310
4310 4311 4309
4308 4302 4311
4311 4310 4312
4311 4312 4308
4313 4314 4315
4314 4313 4316
4317 4318 4319
4318 4317 4320
4321 4322 4323
4322 4321 4324
4325 4326 4327
4326 4325 4328
4328 4329 4326
4328 4330 4329
4330 4328 4331
4325 4327 4332
4333 4325 4332
4325 4333 4334
4335 4336 4337
4336 4335 4338
4339 4340 4341
4340 4339 4342
4343 4344 4345
4344 4343 4346
4347 4348 4349
4348 4347 4350
4351 4352 4353
4352 4351 4354
4355 4356 4357
4356 4355 4358
4359 4360 4361
4360 4359 4362
4363 4364 4365
4364 4363 4366
4367 4368 4369
4368 4367 4370
4371 4372 4373
4372 4371 4374
4374 4371 4375
4376 4374 4375
4374 4376 4377
4372 4378 4373
4372 4379 4378
4379 4372 4380
4381 4382 4383
4384 4385 4386
4385 4384 4387
4388 4385 4387
4385 4388 4389
4390 4389 4388
4389 4390 4391
4392 4391 4390
4393 4391 4392
4394 4393 4392
4391 4393 4395
4394 4396 4393
4393 4397 4395
4397 4393 4396
4396 4398 4397
4398 4399 4397
4399 4398 4400
4400 4401 4399
4401 4400 4402
4403 4401 4402
4401 4403 4404
4405 4406 4407
4408 4409 4410
4410 4411 4408
4411 4410 4412
4411 4413 4408
4413 4411 4414
4414 4415 4413
4415 4416 4413
4415 4414 4417
4418 4415 4417
4417 4419 4418
4420 4418 4419
4419 4417 4421
4420 4419 4422
4423 4419 4421
4419 4423 4422
4422 4423 4424
4425 4424 4423
4424 4425 4426
4424 4426 4427
4428 4426 4425
4426 4428 4429
4428 4430 4429
4429 4430 4431
4430 4428 4432
4433 4434 4435
4436 4437 4438
4437 4436 4439
4440 4439 4436
4439 4440 4441
4442 4441 4440
4441 4442 4443
4444 4443 4442
4443 4444 4445
4444 4446 4445
4446 4444 4447
4447 4448 4446
4448 4447 4449
4449 4450 4448
4450 4449 4451
4451 4452 4450
4452 4451 4453
4454 4455 4456
4455 4454 4457
4458 4455 4457
4455 4458 4459
4460 4459 4458
4456 4460 4454
4459 4460 4461
4460 4456 4461
4456 4462 4461
4463 4464 4465
4466 4467 4468
4469 4470 4471
4472 4473 4474
4473 4472 4475
4476 4477 4478
4477 4476 4479
4480 4481 4482
4481 4480 4483
4482 4484 4480
4484 4482 4485
4485 4486 4484
4486 4485 4487
4487 4488 4486
4488 4487 4489
4489 4490 4488
4490 4489 4491
4492 4490 4491
4490 4492 4493
4494 4493 4492
4493 4494 4495
4496 4495 4494
4495 4496 4497
4498 4497 4496
4497 4498 4499
4500 4499 4498
4499 4500 4501
4502 4503 4504
4503 4502 4505
4506 4504 4503
4504 4506 4507
4508 4507 4506
4507 4508 4509
4510 4509 4508
4509 4510 4511
4512 4511 4510
4511 4512 4513
4512 4514 4513
4514 4512 4515
4515 4516 4514
4516 4515 4517
4517 4518 4516
4518 4517 4519
4519 4520 4518
4520 4519 4521
4521 4522 4520
4522 4521 4523
4524 4525 4526
4525 4524 4527
4526 4528 4524
4528 4526 4529
4529 4530 4528
4530 4529 4531
4531 4532 4530
4532 4531 4533
4533 4534 4532
4534 4533 4535
4536 4534 4535
4534 4536 4537
4538 4537 4536
4537 4538 4539
4540 4539 4538
4539 4540 4541
4542 4541 4540
4541 4542 4543
4544 4543 4542
4543 4544 4545
4546 4547 4548
4547 4546 4549
4549 4550 4547
4550 4549 4551
4551 4552 4550
4552 4551 4553
4554 4552 4553
4552 4554 4555
4556 4554 4553
4554 4556 4557
4558 4557 4556
4557 4558 4559
4555 4560 4552
4560 4555 4561
4562 4560 4561
4560 4562 4563
4562 4564 4563
4564 4562 4565
4558 4566 4559
4566 4558 4567
4567 4568 4566
4568 4567 4569
4570 4568 4569
4571 4570 4569
4570 4571 4572
4573 4572 4571
4572 4573 4574
4575 4574 4573
4574 4575 4576
4568 4570 4577
4577 4564 4565
4564 4577 4570
4578 4579 4580
4578 4581 4579
4581 4578 4582
4583 4581 4582
4583 4584 4581
4583 4585 4584
4586 4585 4583
4587 4585 4586
4587 4586 4588
4587 4588 4589
4587 4589 4590
4589 4591 4590
4591 4592 4590
4591 4593 4592
4591 4594 4593
4595 4593 4594
4593 4595 4596
4595 4597 4596
4595 4598 4597
4595 4578 4598
4598 4578 4580
4599 4600 4601
4599 4601 4602
4599 4602 4603
4604 4599 4603
4599 4604 4605
4606 4605 4604
4606 4604 4607
4606 4607 4608
4608 4609 4606
4610 4609 4608
4610 4611 4609
4610 4612 4611
4610 4613 4612
4613 4614 4612
4614 4613 4615
4614 4615 4616
4614 4616 4617
4616 4600 4617
4600 4616 4618
4600 4618 4619
4601 4600 4619
4620 4621 4622
4621 4620 4623
4624 4625 4626
4625 4624 4627
4628 4627 4624
4627 4628 4629
4630 4629 4628
4629 4630 4631
4632 4631 4630
4631 4632 4633
4632 4634 4633
4634 4632 4635
4635 4636 4634
4636 4635 4637
4637 4638 4636
4638 4637 4639
4639 4640 4638
4640 4639 4641
4642 4643 4644
4643 4642 4645
4646 4644 4643
4644 4646 4647
4648 4649 4650
4649 4648 4651
4652 4653 4654
4653 4652 4655
4656 4652 4654
4652 4656 4657
4658 4659 4660
4661 4662 4663
4664 4665 4666
4667 4668 4669
4668 4667 4670
4668 4671 4669
4671 4668 4672
4672 4673 4671
4673 4670 4667
4673 4672 4674
4670 4673 4674
4670 4674 4675
4676 4677 4678
4679 4680 4681
4682 4683 4684
4685 4686 4687
4686 4685 4688
4689 4690 4691
4690 4689 4692
4693 4694 4695
4694 4693 4696
4695 4697 4693
4697 4695 4698
4699 4700 4701
4700 4699 4702
4703 4704 4705
4704 4703 4706
4705 4707 4703
4707 4705 4708
4708 4709 4707
4709 4708 4710
4703 4707 4711
4708 4705 4712
4713 4712 4705
4713 4709 4710
4712 4713 4714
4710 4714 4713
4715 4703 4711
4703 4715 4716
4709 4713 4716
4716 4715 4709
4717 4716 4713
4716 4717 4718
4719 4720 4721
4720 4719 4722
4723 4724 4725
4724 4723 4726
4723 4727 4726
4727 4723 4728
4728 4729 4727
4729 4728 4730
4731 4732 4733
4732 4731 4734
4735 4736 4737
4736 4735 4738
4739 4740 4741
4740 4739 4742
4743 4744 4745
4744 4743 4746
4747 4748 4749
4748 4747 4750
4751 4750 4747
4750 4751 4752
4751 4753 4752
4753 4751 4754
4755 4756 4757
4756 4755 4758
4759 4760 4761
4760 4759 4762
4763 4764 4765
4764 4763 4766
4767 4768 4769
4768 4767 4770
4771 4772 4773
4772 4771 4774
4774 4775 4772
4775 4774 4776
4777 4775 4776
4775 4777 4778
4779 4780 4781
4780 4779 4782
4783 4784 4785
4784 4783 4786
4787 4788 4789
4788 4787 4790
4791 4792 4793
4792 4791 4794
4795 4796 4797
4796 4795 4798
4799 4800 4801
4800 4799 4802
4802 4799 4803
4803 4804 4802
4804 4803 4805
4804 4805 4806
4807 4804 4806
4804 4807 4808
4809 4805 4803
4800 4809 4801
4808 4809 4800
4805 4809 4810
4808 4807 4810
4809 4808 4810
4811 4812 4813
4812 4811 4814
4815 4816 4817
4816 4815 4818
4819 4820 4821
4820 4819 4822
4821 4823 4819
4823 4821 4824
4825 4823 4824
4823 4825 4826
4827 4828 4829
4828 4827 4830
4831 4832 4833
4832 4831 4834
4835 4836 4837
4836 4835 4838
4839 4840 4841
4840 4839 4842
4843 4844 4845
4844 4843 4846
4847 4848 4849
4848 4847 4850
4851 4852 4853
4852 4851 4854
4855 4856 4857
4856 4855 4858
4859 4860 4861
4860 4859 4862
4863 4862 4859
4862 4863 4864
4863 4865 4864
4865 4863 4866
4867 4868 4869
4868 4867 4870
4871 4872 4873
4872 4871 4874
4875 4876 4877
4876 4875 4878
4879 4880 4881
4880 4879 4882
4882 4883 4880
4884 4883 4882
4883 4884 4885
4884 4886 4885
4887 4879 4881
4879 4887 4888
4888 4887 4889
4889 4890 4888
4890 4889 4891
4890 4891 4892
4893 4894 4895
4893 4895 4896
4895 4894 4897
4898 4899 4900
4899 4898 4901
4902 4903 4904
4903 4902 4905
4906 4907 4908
4907 4906 4909
4910 4911 4912
4911 4910 4913
4914 4915 4916
4916 4915 4917
4914 4916 4918
4916 4917 4919
4920 4921 4922
4922 4921 4923
4923 4921 4924
4925 4926 4927
4925 4928 4926
4929 4928 4925
4929 4930 4928
4930 4929 4931
4930 4931 4932
4927 4932 4925
4930 4932 4933
4932 4927 4933
4934 4935 4936
4935 4934 4937
4938 4939 4940
4939 4938 4941
4942 4943 4944
4943 4942 4945
4946 4947 4948
4947 4946 4949
4950 4951 4952
4951 4950 4953
4950 4952 4954
4950 4954 4955
4953 4956 4951
4957 4956 4953
4954 4958 4955
4959 4955 4958
4955 4959 4957
4957 4959 4956
4951 4960 4952
4960 4951 4961
4960 4962 4952
4960 4963 4962
4961 4951 4964
4965 4961 4964
4962 4963 4966
4967 4963 4965
4963 4967 4966
4965 4964 4967
4968 4969 4970
4971 4968 4970
4970 4972 4971
4970 4973 4972
4973 4970 4974
4973 4974 4975
4975 4974 4976
4968 4977 4969
4975 4976 4978
4979 4975 4978
4977 4979 4978
4979 4977 4980
4981 4980 4977
4977 4968 4981
4982 4983 4984
4984 4985 4982
4986 4982 4985
4982 4986 4987
4988 4987 4986
4989 4987 4988
4983 4982 4990
4989 4988 4991
4988 4992 4991
4992 4993 4991
4983 4990 4993
4994 4983 4993
4993 4995 4994
4993 4992 4995
4996 4997 4998
4997 4996 4999
5000 5001 5002
5001 5000 5003
5004 5001 5003
5001 5004 5005
5006 5007 5008
5007 5006 5009
5010 5006 5008
5006 5010 5011
5012 5013 5014
5013 5012 5015
5016 5017 5018
5017 5016 5019
5017 5019 5020
5017 5020 5021
5022 5017 5021
5017 5022 5023
5024 5025 5026
5025 5024 5027
5028 5029 5030
5028 5030 5031
5032 5029 5028
5030 5033 5031
5033 5030 5034
5032 5035 5029
5035 5036 5029
5035 5037 5036
5038 5036 5037
5036 5038 5039
5040 5041 5042
5041 5040 5043
5044 5045 5046
5045 5044 5047
5048 5049 5050
5049 5048 5051
5052 5053 5054
5053 5052 5055
5056 5057 5058
5057 5056 5059
5060 5061 5062
5063 5064 5065
5064 5063 5066
5067 5068 5069
5068 5067 5070
5071 5072 5073
5072 5071 5074
5075 5076 5077
5076 5075 5078
5079 5080 5081
5080 5079 5082
5083 5079 5081
5079 5083 5084
5085 5086 5087
5086 5085 5088
5089 5090 5091
5090 5089 5092
5093 5094 5095
5093 5096 5094
5094 5097 5095
5098 5099 5100
5099 5098 5101
5102 5103 5104
5103 5102 5105
5106 5107 5108
5107 5106 5109
5110 5111 5112
5111 5110 5113
5114 5115 5116
5115 5117 5116
5114 5118 5115
5115 5119 5117
5120 5121 5122
5121 5123 5122
5123 5124 5122
5125 5126 5127
5125 5127 5128
5129 5125 5128
5130 5129 5128
5129 5130 5131
5130 5132 5131
5132 5126 5125
5130 5133 5132
5126 5132 5133
5134 5135 5136
5135 5134 5137
5138 5139 5140
5139 5138 5141
5142 5143 5144
5143 5142 5145
5146 5147 5148
5147 5146 5149
5150 5151 5152
5151 5150 5153
5154 5155 5156
5155 5154 5157
5158 5159 5160
5159 5158 5161
5162 5163 5164
5163 5162 5165
5166 5167 5168
5167 5166 5169
5170 5171 5172
5171 5170 5173
5174 5175 5176
5175 5174 5177
5178 5179 5180
5179 5178 5181
5182 5183 5184
5185 5186 5187
5186 5185 5188
5189 5190 5191
5190 5189 5192
5193 5194 5195
5194 5193 5196
5197 5198 5199
5198 5197 5200
5201 5202 5203
5202 5201 5204
5201 5203 5205
5201 5205 5206
5206 5205 5207
5206 5207 5208
5208 5207 5209
5208 5209 5210
5210 5209 5211
5210 5211 5212
5212 5211 5213
5212 5213 5214
5214 5213 5215
5214 5215 5216
5217 5216 5215
5216 5217 5218
5219 5220 5221
5221 5220 5222
5222 5220 5223
5223 5220 5224
5224 5220 5225
5225 5220 5226
5226 5220 5227
5227 5220 5228
5228 5220 5229
5229 5220 5230
5230 5220 5231
5231 5220 5232
5232 5220 5233
5233 5220 5234
5234 5220 5235
5235 5220 5236
5236 5220 5237
5237 5220 5238
5238 5220 5239
5239 5220 5219
5240 5241 5242
5241 5240 5243
5243 5244 5241
5244 5243 5245
5245 5246 5244
5246 5245 5247
5247 5248 5246
5248 5247 5249
5250 5248 5249
5248 5250 5251
5252 5251 5250
5251 5252 5253
5254 5253 5252
5253 5254 5255
5256 5255 5254
5255 5256 5257
5258 5257 5256
5257 5258 5259
5260 5259 5258
5259 5260 5261
5262 5261 5260
5261 5262 5263
5264 5263 5262
5263 5264 5265
5264 5266 5265
5266 5264 5267
5267 5268 5266
5268 5267 5269
5269 5270 5268
5270 5269 5271
5271 5272 5270
5272 5271 5273
5273 5274 5272
5274 5273 5275
5275 5276 5274
5276 5275 5277
5277 5278 5276
5278 5277 5279
5279 5242 5278
5242 5279 5240
5280 5281 5282
5283 5281 5280
5284 5281 5283
5285 5281 5284
5286 5281 5285
5287 5281 5286
5288 5281 5287
5289 5281 5288
5290 5281 5289
5291 5281 5290
5292 5281 5291
5293 5281 5292
5294 5281 5293
5295 5281 5294
5296 5281 5295
5297 5281 5296
5298 5281 5297
5299 5281 5298
5300 5281 5299
5282 5281 5300
5301 5302 5303
5302 5301 5304
5301 5303 5305
5301 5305 5306
5306 5305 5307
5306 5307 5308
5308 5307 5309
5308 5309 5310
5310 5309 5311
5310 5311 5312
5312 5311 5313
5312 5313 5314
5314 5313 5315
5314 5315 5316
5317 5316 5315
5316 5317 5318
5319 5320 5321
5322 5319 5321
5323 5322 5321
5324 5323 5321
5325 5324 5321
5326 5325 5321
5327 5326 5321
5328 5327 5321
5329 5328 5321
5330 5329 5321
5331 5330 5321
5332 5331 5321
5333 5332 5321
5334 5333 5321
5335 5334 5321
5336 5335 5321
5337 5336 5321
5338 5337 5321
5339 5338 5321
5320 5339 5321
1524 1898 1523
1525 1898 1524
1898 1525 1897
1531 1897 1525
1898 1899 1523
