byte offset: 0
first index: 69225
index count: 10677
topology: trianglelist
format: DXGI_FORMAT_R16_UINT

21201 21202 21203
21204 21202 21201
21205 21203 21202
21203 21205 21206
21206 21207 21203
21208 21203 21207
21201 21203 21208
21207 21206 21209
21209 21210 21207
21211 21207 21210
21208 21207 21211
21210 21209 21212
21212 21213 21210
21214 21210 21213
21211 21210 21214
21213 21212 21215
21215 21216 21213
21217 21213 21216
21214 21213 21217
21216 21215 21218
21218 21219 21216
21220 21216 21219
21217 21216 21220
21219 21218 21221
21221 21222 21219
21222 21221 21223
21223 21224 21222
21224 21223 21225
21225 21226 21224
21226 21225 21227
21227 21228 21226
21228 21227 21229
21229 21230 21228
21230 21229 21231
21232 21219 21222
21220 21219 21232
21231 21233 21230
21233 21231 21234
21234 21235 21233
21235 21234 21236
21236 21237 21235
21237 21236 21238
21238 21239 21237
21239 21238 21240
21240 21241 21239
21241 21240 21242
21243 21241 21242
21241 21243 21244
21244 21243 21245
21235 21237 21246
21235 21246 21247
21235 21247 21233
21248 21233 21247
21248 21230 21233
21249 21230 21248
21249 21228 21230
21250 21228 21249
21250 21226 21228
21251 21226 21250
21251 21224 21226
21252 21224 21251
21252 21222 21224
21232 21222 21252
21244 21253 21254
21253 21244 21255
21253 21255 21256
21255 21257 21256
21257 21258 21256
21258 21257 21259
21259 21260 21258
21260 21259 21261
21261 21262 21260
21262 21261 21263
21264 21262 21263
21262 21264 21265
21264 21266 21265
21267 21265 21266
21265 21267 21268
21268 21267 21269
21270 21268 21269
21271 21270 21269
21271 21272 21270
21270 21272 21273
21270 21273 21274
21274 21275 21270
21276 21277 21278
21279 21276 21278
21276 21279 21280
21276 21280 21281
21282 21276 21281
21283 21276 21282
21283 21282 21284
21284 21285 21283
21285 21284 21286
21285 21286 21287
21288 21285 21287
21285 21288 21289
21290 21289 21288
21289 21290 21291
21292 21291 21290
21291 21292 21293
21294 21293 21292
21293 21294 21295
21295 21294 21245
21243 21295 21245
21202 21296 21297
21298 21297 21296
21298 21296 21204
21204 21296 21202
21297 21205 21202
21204 21299 21298
21239 21300 21301
21237 21239 21301
21237 21301 21246
21239 21241 21300
21241 21254 21300
21241 21244 21254
21302 21303 21304
21304 21303 21305
21303 21306 21305
21305 21306 21307
21308 21302 21304
21309 21302 21308
21310 21309 21308
21311 21309 21310
21312 21311 21310
21313 21311 21312
21314 21313 21312
21315 21313 21314
21316 21315 21314
21317 21315 21316
21318 21317 21316
21317 21318 21319
21320 21319 21318
21319 21320 21321
21322 21321 21320
21321 21322 21323
21324 21323 21322
21323 21324 21325
21326 21325 21324
21327 21325 21326
21328 21327 21326
21327 21328 21329
21330 21329 21328
21331 21329 21330
21332 21331 21330
21333 21331 21332
21334 21333 21332
21335 21333 21334
21336 21335 21334
21337 21335 21336
21338 21339 21340
21340 21339 21341
21338 21342 21339
21343 21342 21338
21343 21344 21342
21345 21344 21343
21346 21345 21343
21347 21345 21346
21348 21347 21346
21349 21347 21348
21350 21349 21348
21351 21349 21350
21352 21351 21350
21353 21351 21352
21354 21353 21352
21355 21353 21354
21356 21355 21354
21357 21355 21356
21356 21358 21357
21359 21357 21358
21360 21359 21358
21361 21359 21360
21360 21362 21361
21363 21361 21362
21362 21364 21363
21365 21363 21364
21364 21366 21365
21367 21365 21366
21366 21368 21367
21369 21367 21368
21368 21370 21369
21371 21369 21370
21370 21372 21371
21373 21371 21372
21372 21374 21373
21375 21373 21374
21376 21375 21374
21341 21339 21377
21341 21378 21340
21379 21380 21381
21380 21379 21382
21383 21381 21380
21381 21383 21384
21385 21384 21383
21384 21385 21386
21383 21387 21385
21387 21383 21388
21380 21388 21383
21388 21380 21389
21382 21389 21380
21389 21382 21390
21391 21390 21382
21390 21391 21392
21393 21392 21391
21391 21394 21393
21394 21391 21395
21382 21395 21391
21392 21393 21396
21397 21396 21393
21397 21393 21394
21396 21397 21398
21399 21398 21397
21397 21400 21399
21400 21397 21401
21394 21401 21397
21401 21402 21400
21402 21401 21403
21398 21399 21404
21401 21405 21403
21394 21405 21401
21406 21405 21394
21405 21406 21407
21407 21408 21405
21405 21408 21403
21408 21407 21409
21410 21407 21406
21407 21410 21411
21409 21407 21411
21412 21411 21410
21411 21412 21413
21414 21413 21412
21413 21414 21415
21416 21415 21414
21415 21416 21417
21418 21409 21411
21413 21418 21411
21413 21419 21418
21419 21413 21415
21420 21419 21415
21417 21416 21421
21415 21417 21422
21420 21415 21422
21417 21423 21422
21423 21417 21421
21420 21422 21424
21422 21425 21424
21425 21426 21424
21425 21427 21426
21427 21428 21426
21416 21429 21421
21429 21430 21421
21431 21430 21429
21430 21431 21432
21432 21433 21430
21433 21432 21434
21435 21434 21432
21434 21435 21436
21437 21436 21435
21436 21437 21438
21439 21438 21437
21438 21439 21440
21441 21440 21439
21440 21441 21442
21443 21442 21441
21442 21443 21444
21445 21444 21443
21444 21445 21446
21447 21446 21445
21446 21447 21448
21449 21448 21447
21448 21449 21450
21451 21450 21449
21450 21451 21452
21453 21452 21451
21452 21453 21454
21453 21455 21454
21455 21453 21456
21453 21457 21456
21458 21456 21457
21458 21455 21456
21457 21453 21459
21451 21459 21453
21459 21451 21460
21449 21460 21451
21460 21449 21461
21447 21461 21449
21461 21447 21462
21445 21462 21447
21462 21445 21463
21443 21463 21445
21463 21443 21464
21441 21464 21443
21464 21441 21465
21439 21465 21441
21465 21439 21466
21437 21466 21439
21466 21437 21467
21435 21467 21437
21467 21435 21468
21432 21468 21435
21468 21432 21431
21469 21470 21471
21470 21469 21472
21473 21472 21469
21472 21473 21474
21475 21474 21473
21474 21475 21476
21477 21476 21475
21476 21477 21478
21479 21478 21477
21478 21479 21480
21481 21480 21479
21480 21481 21482
21483 21482 21481
21482 21483 21484
21485 21484 21483
21484 21485 21486
21487 21486 21485
21486 21487 21488
21489 21488 21487
21488 21489 21490
21491 21490 21489
21490 21491 21492
21493 21492 21491
21492 21493 21494
21495 21494 21493
21491 21496 21493
21496 21495 21493
21496 21491 21497
21489 21497 21491
21497 21489 21498
21487 21498 21489
21498 21487 21499
21485 21499 21487
21499 21485 21500
21483 21500 21485
21500 21483 21501
21481 21501 21483
21501 21481 21502
21479 21502 21481
21502 21479 21503
21477 21503 21479
21503 21477 21504
21475 21504 21477
21504 21475 21505
21473 21505 21475
21505 21473 21506
21469 21506 21473
21506 21469 21507
21471 21507 21469
21507 21471 21508
21385 21508 21471
21508 21385 21387
21471 21386 21385
21386 21471 21470
21395 21382 21379
21430 21433 21509
21421 21430 21509
21423 21421 21510
21423 21510 21511
21512 21513 21514
21513 21512 21515
21513 21516 21514
21516 21513 21517
21513 21518 21517
21518 21513 21519
21515 21519 21513
21519 21515 21520
21521 21514 21516
21514 21521 21522
21523 21522 21521
21522 21523 21524
21525 21522 21524
21522 21525 21526
21514 21526 21512
21526 21514 21522
21527 21524 21523
21524 21527 21528
21529 21528 21527
21528 21529 21530
21530 21531 21528
21524 21531 21525
21531 21524 21528
21531 21530 21532
21519 21533 21518
21533 21519 21534
21520 21534 21519
21534 21535 21533
21535 21534 21536
21537 21536 21534
21536 21537 21538
21536 21539 21535
21539 21536 21540
21541 21539 21540
21539 21541 21542
21541 21540 21543
21536 21538 21544
21543 21540 21544
21536 21544 21540
21534 21520 21537
21545 21541 21543
21538 21546 21544
21546 21547 21544
21546 21548 21547
21548 21549 21547
21550 21541 21545
21550 21542 21541
21550 21545 21551
21542 21550 21552
21553 21552 21550
21554 21553 21550
21551 21554 21550
21552 21553 21555
21556 21555 21553
21555 21556 21557
21558 21557 21556
21559 21558 21556
21553 21559 21556
21559 21553 21554
21560 21561 21562
21561 21560 21563
21563 21564 21561
21565 21561 21564
21561 21565 21566
21566 21562 21561
21564 21563 21567
21562 21566 21568
21569 21568 21566
21565 21570 21566
21570 21569 21566
21571 21567 21563
21567 21571 21572
21563 21573 21571
21573 21563 21560
21530 21572 21571
21572 21530 21529
21571 21532 21530
21532 21571 21573
21574 21575 21576
21575 21574 21577
21576 21578 21574
21578 21576 21579
21580 21574 21578
21574 21580 21581
21581 21577 21574
21582 21581 21580
21581 21582 21583
21583 21584 21581
21577 21581 21584
21584 21583 21585
21586 21579 21576
21579 21586 21587
21576 21588 21586
21588 21576 21575
21589 21587 21586
21587 21589 21590
21591 21590 21589
21589 21592 21591
21593 21591 21592
21591 21593 21594
21592 21589 21595
21586 21595 21589
21595 21586 21588
21590 21591 21596
21594 21596 21591
21596 21594 21597
21598 21597 21594
21597 21598 21599
21600 21599 21598
21594 21601 21598
21601 21594 21593
21601 21602 21598
21602 21600 21598
21603 21600 21602
21603 21602 21604
21605 21604 21602
21601 21605 21602
21606 21603 21604
21606 21604 21607
21608 21606 21607
21609 21607 21604
21605 21609 21604
21610 21608 21607
21611 21610 21607
21609 21611 21607
21612 21608 21610
21613 21612 21610
21614 21612 21613
21615 21613 21610
21611 21615 21610
21616 21614 21613
21617 21616 21613
21615 21617 21613
21616 21618 21614
21618 21616 21619
21620 21618 21619
21621 21620 21619
21616 21621 21619
21621 21616 21622
21617 21622 21616
21623 21624 21625
21624 21626 21625
21624 21627 21626
21628 21627 21624
21628 21585 21627
21629 21628 21624
21629 21624 21623
21630 21629 21623
21627 21631 21626
21627 21583 21631
21585 21583 21627
21583 21582 21631
21632 21633 21634
21633 21632 21635
21636 21635 21632
21635 21636 21637
21638 21637 21636
21637 21638 21639
21635 21640 21633
21640 21635 21641
21637 21641 21635
21641 21637 21642
21639 21642 21637
21642 21639 21643
21644 21633 21640
21633 21644 21645
21645 21634 21633
21634 21645 21646
21647 21643 21639
21643 21647 21648
21649 21648 21647
21649 21647 21650
21651 21649 21650
21651 21650 21652
21650 21653 21652
21650 21647 21653
21647 21654 21653
21639 21654 21647
21654 21639 21638
21655 21645 21644
21645 21655 21656
21656 21646 21645
21657 21656 21655
21656 21657 21658
21658 21659 21656
21646 21656 21659
21659 21658 21660
21658 21661 21660
21657 21661 21658
21662 21663 21664
21665 21662 21664
21666 21665 21664
21667 21662 21665
21665 21668 21667
21668 21665 21669
21669 21670 21668
21663 21671 21664
21671 21672 21664
21672 21673 21664
21664 21673 21674
21664 21674 21675
21675 21666 21664
21675 21676 21666
21673 21677 21674
21673 21678 21677
21678 21673 21679
21672 21679 21673
21679 21680 21678
21680 21679 21681
21671 21681 21672
21672 21681 21679
21681 21682 21680
21682 21681 21671
21671 21683 21682
21682 21683 21684
21685 21682 21684
21686 21685 21684
21685 21686 21687
21688 21687 21686
21687 21688 21689
21687 21690 21685
21690 21687 21689
21682 21685 21690
21682 21690 21680
21686 21684 21691
21688 21686 21691
21684 21692 21691
21680 21690 21693
21693 21690 21689
21689 21688 21694
21695 21688 21691
21694 21688 21695
21693 21689 21696
21696 21689 21697
21698 21697 21689
21698 21689 21694
21684 21683 21699
21692 21684 21699
21692 21699 21662
21662 21699 21683
21662 21683 21663
21683 21671 21663
21700 21692 21662
21692 21701 21691
21701 21692 21700
21702 21701 21700
21702 21703 21701
21667 21702 21700
21700 21662 21667
21667 21704 21702
21704 21705 21702
21706 21702 21705
21702 21706 21703
21703 21691 21701
21691 21703 21695
21703 21707 21695
21707 21703 21706
21705 21707 21706
21707 21705 21708
21704 21708 21705
21704 21667 21709
21668 21709 21667
21709 21668 21710
21708 21711 21707
21704 21711 21708
21707 21712 21695
21707 21711 21712
21713 21712 21711
21704 21714 21711
21715 21711 21714
21711 21715 21713
21714 21716 21715
21716 21714 21717
21717 21718 21716
21718 21717 21719
21719 21720 21718
21720 21719 21721
21722 21721 21719
21721 21722 21723
21724 21723 21722
21723 21724 21725
21726 21725 21724
21724 21727 21726
21727 21724 21728
21722 21728 21724
21725 21726 21729
21728 21722 21730
21719 21730 21722
21730 21719 21717
21727 21731 21726
21731 21727 21732
21733 21726 21731
21726 21733 21729
21734 21718 21720
21718 21734 21735
21735 21716 21718
21716 21735 21736
21737 21736 21735
21736 21737 21738
21735 21739 21737
21739 21735 21734
21731 21732 21740
21740 21732 21741
21742 21733 21731
21731 21740 21742
21743 21733 21742
21736 21715 21716
21715 21736 21744
21738 21744 21736
21744 21713 21715
21744 21738 21745
21745 21746 21744
21713 21744 21746
21746 21745 21747
21748 21746 21747
21746 21748 21749
21750 21713 21746
21750 21746 21749
21698 21750 21749
21749 21748 21751
21749 21751 21752
21698 21749 21752
21752 21751 21753
21698 21752 21753
21751 21754 21753
21754 21696 21753
21698 21753 21697
21696 21697 21753
21751 21748 21755
21751 21756 21754
21696 21754 21756
21751 21757 21756
21751 21755 21757
21758 21756 21757
21756 21758 21759
21760 21759 21758
21759 21760 21761
21761 21762 21759
21762 21763 21759
21759 21763 21756
21696 21756 21763
21761 21764 21762
21762 21765 21763
21766 21765 21762
21764 21766 21762
21767 21766 21764
21767 21768 21766
21767 21769 21768
21769 21675 21768
21675 21769 21770
21771 21675 21770
21675 21771 21676
21693 21763 21765
21768 21675 21674
21693 21696 21763
21765 21680 21693
21678 21680 21765
21766 21678 21765
21766 21768 21677
21768 21674 21677
21766 21677 21678
21772 21769 21767
21769 21772 21773
21773 21770 21769
21770 21774 21771
21774 21770 21775
21770 21773 21775
21776 21774 21775
21777 21773 21772
21773 21777 21778
21778 21775 21773
21775 21778 21776
21772 21779 21777
21779 21772 21780
21780 21772 21767
21780 21767 21764
21781 21780 21764
21780 21781 21782
21779 21780 21782
21761 21781 21764
21761 21783 21781
21783 21761 21760
21784 21782 21781
21783 21784 21781
21783 21785 21784
21760 21786 21783
21786 21760 21787
21758 21787 21760
21787 21758 21788
21757 21788 21758
21788 21757 21789
21790 21788 21789
21788 21790 21791
21791 21787 21788
21792 21791 21790
21791 21792 21793
21793 21794 21791
21787 21791 21794
21794 21786 21787
21794 21793 21795
21755 21789 21757
21789 21755 21796
21796 21790 21789
21790 21796 21797
21798 21790 21797
21790 21798 21792
21748 21796 21755
21796 21748 21799
21799 21797 21796
21747 21799 21748
21799 21747 21800
21747 21801 21800
21801 21747 21745
21745 21802 21801
21802 21745 21738
21803 21801 21802
21801 21803 21804
21804 21800 21801
21805 21804 21803
21804 21805 21806
21806 21807 21804
21800 21804 21807
21807 21806 21808
21809 21807 21808
21807 21809 21810
21800 21810 21799
21810 21800 21807
21797 21799 21810
21798 21810 21809
21810 21798 21797
21811 21798 21809
21798 21811 21812
21812 21792 21798
21792 21812 21813
21813 21793 21792
21793 21813 21814
21814 21795 21793
21795 21814 21815
21809 21816 21811
21816 21809 21808
21806 21816 21808
21816 21806 21817
21815 21818 21795
21819 21795 21818
21795 21819 21794
21786 21794 21819
21818 21820 21819
21820 21818 21821
21822 21821 21818
21818 21815 21822
21821 21822 21823
21819 21824 21786
21824 21819 21820
21824 21783 21786
21783 21824 21785
21817 21805 21825
21805 21817 21806
21826 21825 21805
21803 21826 21805
21826 21803 21827
21827 21828 21826
21828 21827 21829
21830 21829 21827
21829 21830 21831
21737 21831 21830
21831 21737 21739
21828 21832 21826
21825 21826 21832
21832 21828 21833
21830 21738 21737
21738 21830 21802
21827 21802 21830
21802 21827 21803
21834 21831 21739
21739 21835 21834
21836 21834 21835
21835 21837 21836
21837 21835 21838
21838 21839 21837
21839 21838 21840
21720 21840 21838
21840 21720 21721
21721 21841 21840
21841 21721 21723
21723 21842 21841
21842 21723 21725
21725 21843 21842
21844 21842 21843
21842 21844 21845
21845 21841 21842
21843 21725 21729
21841 21845 21846
21840 21846 21839
21846 21840 21841
21847 21844 21843
21844 21847 21848
21733 21843 21729
21843 21733 21847
21847 21849 21848
21849 21850 21848
21851 21847 21733
21847 21851 21849
21743 21851 21733
21852 21845 21844
21848 21852 21844
21845 21852 21853
21853 21846 21845
21846 21853 21854
21854 21839 21846
21839 21854 21855
21855 21837 21839
21837 21855 21856
21856 21855 21857
21858 21852 21848
21858 21848 21850
21856 21836 21837
21836 21856 21859
21859 21856 21860
21857 21860 21856
21859 21861 21836
21834 21836 21861
21861 21859 21862
21863 21862 21859
21860 21863 21859
21862 21863 21864
21863 21865 21864
21865 21863 21866
21867 21863 21860
21867 21866 21863
21868 21866 21867
21860 21857 21869
21860 21869 21867
21866 21870 21865
21866 21871 21870
21868 21871 21866
21871 21872 21870
21868 21872 21871
21870 21872 21873
21873 21872 21874
21868 21875 21872
21874 21872 21875
21874 21875 21876
21868 21876 21875
21877 21874 21876
21877 21876 21878
21879 21878 21876
21880 21879 21876
21879 21880 21881
21882 21879 21881
21878 21879 21882
21881 21883 21882
21882 21883 21884
21884 21878 21882
21884 21883 21885
21881 21886 21883
21880 21886 21881
21883 21886 21887
21888 21877 21878
21884 21888 21878
21876 21889 21880
21890 21886 21880
21889 21890 21880
21868 21889 21876
21883 21891 21885
21887 21891 21883
21892 21885 21891
21887 21892 21891
21884 21893 21888
21893 21884 21894
21885 21894 21884
21894 21885 21895
21892 21895 21885
21892 21896 21895
21895 21896 21894
21897 21896 21892
21898 21896 21897
21899 21897 21892
21897 21899 21900
21900 21901 21897
21901 21900 21902
21894 21896 21903
21894 21903 21893
21903 21896 21904
21896 21905 21904
21896 21906 21905
21906 21896 21898
21906 21898 21907
21904 21905 21908
21909 21904 21908
21904 21909 21910
21903 21904 21910
21888 21910 21909
21910 21888 21893
21903 21910 21893
21900 21899 21911
21911 21912 21900
21900 21912 21902
21913 21911 21899
21899 21914 21913
21915 21914 21899
21914 21915 21916
21914 21916 21917
21913 21914 21918
21919 21918 21914
21914 21917 21919
21887 21916 21915
21915 21892 21887
21899 21892 21915
21916 21887 21886
21886 21917 21916
21917 21886 21890
21920 21917 21890
21917 21920 21919
21920 21918 21919
21918 21920 21921
21913 21918 21921
21921 21920 21857
21913 21921 21857
21920 21890 21869
21920 21869 21857
21913 21857 21855
21890 21889 21869
21869 21889 21867
21867 21889 21868
21855 21854 21913
21911 21913 21854
21854 21853 21911
21852 21911 21853
21852 21912 21911
21912 21852 21858
21912 21858 21922
21858 21923 21922
21850 21923 21858
21912 21922 21924
21912 21924 21902
21925 21926 21927
21926 21928 21927
21717 21929 21730
21929 21717 21714
21930 21730 21929
21730 21930 21728
21931 21728 21930
21728 21931 21727
21732 21727 21931
21932 21732 21931
21932 21741 21732
21714 21704 21929
21710 21932 21931
21931 21709 21710
21929 21709 21930
21709 21929 21704
21931 21930 21709
21741 21932 21933
21932 21934 21933
21710 21934 21932
21710 21935 21934
21710 21670 21935
21668 21670 21710
21750 21698 21694
21712 21750 21694
21713 21750 21712
21695 21712 21694
21936 21937 21938
21938 21937 21939
21838 21734 21720
21734 21838 21835
21835 21739 21734
21940 21941 21942
21941 21943 21942
21941 21944 21943
21945 21944 21941
21945 21941 21946
21946 21941 21940
21947 21946 21940
21948 21944 21945
21944 21948 21949
21949 21950 21944
21944 21950 21943
21950 21949 21951
21947 21940 21952
21947 21952 21953
21906 21953 21952
21953 21906 21954
21906 21955 21954
21955 21906 21907
21870 21950 21951
21874 21943 21950
21952 21905 21906
21870 21873 21950
21874 21950 21873
21870 21951 21956
21870 21956 21865
21877 21943 21874
21877 21942 21943
21942 21877 21888
21909 21942 21888
21940 21942 21909
21940 21909 21908
21940 21908 21952
21952 21908 21905
21957 21865 21956
21956 21958 21957
21958 21956 21951
21951 21959 21958
21959 21951 21949
21949 21960 21959
21960 21949 21948
21959 21961 21958
21961 21957 21958
21961 21959 21962
21960 21962 21959
21962 21963 21961
21963 21962 21964
21965 21964 21962
21962 21960 21965
21964 21965 21966
21957 21961 21967
21961 21968 21967
21968 21961 21963
21967 21969 21957
21865 21957 21969
21969 21864 21865
21864 21969 21970
21971 21864 21970
21864 21971 21862
21972 21862 21971
21862 21972 21861
21971 21973 21972
21973 21971 21974
21970 21974 21971
21974 21975 21973
21975 21974 21976
21977 21976 21974
21974 21970 21977
21976 21977 21978
21977 21979 21978
21979 21977 21980
21970 21980 21977
21980 21970 21969
21969 21967 21980
21980 21968 21979
21968 21980 21967
21968 21981 21979
21981 21968 21982
21963 21982 21968
21982 21963 21983
21964 21983 21963
21983 21964 21984
21966 21984 21964
21984 21966 21985
21986 21979 21981
21979 21986 21978
21986 21976 21978
21976 21986 21987
21987 21975 21976
21975 21987 21988
21988 21989 21975
21989 21973 21975
21973 21989 21990
21828 21990 21989
21990 21828 21829
21829 21991 21990
21991 21829 21831
21831 21834 21991
21992 21828 21989
21989 21988 21992
21828 21992 21833
21861 21991 21834
21991 21861 21972
21972 21990 21991
21990 21972 21973
21993 21953 21994
21953 21993 21947
21954 21994 21953
21994 21954 21995
21954 21996 21995
21997 21995 21996
21996 21954 21955
21994 21998 21993
21998 21994 21999
21999 21995 21997
21995 21999 21994
22000 21993 21998
21993 22000 22001
22001 21947 21993
22001 21946 21947
22002 21946 22001
22001 22003 22002
22000 22003 22001
21945 21946 22002
22004 21945 22002
21945 22004 21948
22005 22002 22003
22004 22002 22005
22004 22005 22006
22007 21948 22004
21948 22007 21960
22007 21965 21960
21965 22007 22008
22008 21966 21965
21966 22008 22009
22010 22009 22008
22007 22010 22008
22009 22010 22011
22011 22012 22009
22012 22011 22013
22010 22007 22014
22014 22004 22006
22004 22014 22007
22009 21985 21966
21985 22009 22012
22015 22016 22017
22016 22015 22018
22019 22018 22015
22018 22019 22020
22020 22021 22018
22021 22020 22022
22023 22018 22021
22018 22023 22016
22023 22024 22016
22023 22025 22024
22025 22023 22026
22021 22026 22023
22027 22025 22026
22028 22020 22019
22020 22028 22029
22029 22022 22020
22030 22029 22028
22029 22030 22031
22032 22031 22030
22031 22032 22033
22034 22033 22032
22033 22034 22035
22036 22035 22034
22035 22036 22037
22038 22037 22036
22037 22038 22039
22040 22032 22030
22032 22040 22041
22041 22034 22032
22042 22036 22034
22034 22041 22042
22036 22042 22043
22043 22038 22036
22038 22043 22044
22030 22045 22040
22046 22040 22045
22040 22046 22047
22047 22041 22040
22045 22048 22046
22048 22045 22049
22049 22050 22048
22050 22049 22051
22019 22051 22049
22051 22019 22015
22015 22052 22051
22052 22015 22017
22053 22051 22052
22051 22053 22050
22053 22052 22054
22053 22054 22055
22055 22056 22053
22056 22050 22053
22057 22056 22055
22028 22049 22045
22049 22028 22019
22045 22030 22028
22050 22056 22058
22058 22048 22050
22048 22058 22059
22059 22046 22048
22046 22059 22060
22046 22060 22061
22046 22061 22047
22061 22062 22047
22063 22047 22062
22047 22063 22064
22065 22064 22063
22064 22065 22066
22067 22066 22065
22066 22067 22068
22069 22068 22067
22068 22069 22070
22043 22066 22068
22066 22043 22042
22042 22064 22066
22064 22042 22041
22041 22047 22064
22044 22068 22070
22068 22044 22043
22026 22021 22071
22022 22071 22021
22071 22022 22072
22073 22072 22022
22072 22073 22074
22075 22074 22073
22022 22029 22073
22031 22073 22029
22073 22031 22076
22076 22075 22073
22033 22076 22031
22076 22033 22077
22078 22076 22077
22076 22078 22079
22076 22079 22075
22077 22080 22078
22080 22077 22081
22081 22082 22080
22082 22081 22083
22083 22084 22082
22084 22083 22085
22081 22037 22083
22037 22081 22035
22077 22035 22081
22035 22077 22033
22039 22083 22037
22083 22039 22085
22086 22087 22088
22087 22089 22088
22089 22087 22090
22091 22089 22090
22092 22091 22090
22090 22087 22092
22091 22092 22093
22089 22091 22094
22094 22095 22089
22095 22088 22089
22095 22094 22096
22096 22097 22095
22097 22088 22095
22097 22096 22098
22093 22099 22091
22099 22094 22091
22099 22093 22100
22100 22101 22099
22101 22100 22102
22101 22103 22099
22094 22099 22103
22103 22096 22094
22103 22101 22104
22104 22105 22103
22096 22103 22105
22105 22098 22096
22105 22104 22106
22106 22107 22105
22098 22105 22107
22107 22106 22108
22109 22110 22111
22110 22109 22112
22113 22110 22112
22110 22113 22114
22115 22114 22113
22114 22115 22116
22115 22117 22116
22118 22119 22120
22119 22118 22121
22121 22122 22119
22122 22121 22123
22124 22122 22123
22122 22124 22125
22120 22126 22118
22127 22128 22129
22130 22128 22127
22130 22131 22128
22131 22130 22132
22128 22133 22129
22133 22128 22131
22134 22132 22130
22132 22134 22135
22136 22135 22134
22135 22136 22137
22138 22137 22136
22137 22138 22139
22136 22140 22138
22140 22136 22141
22134 22141 22136
22141 22134 22142
22130 22142 22134
22142 22130 22127
22143 22127 22129
22144 22127 22143
22144 22142 22127
22145 22139 22138
22139 22145 22146
22147 22146 22145
22146 22147 22148
22145 22149 22147
22149 22145 22150
22138 22150 22145
22150 22138 22140
22151 22149 22150
22149 22151 22152
22153 22149 22152
22149 22153 22154
22155 22154 22153
22154 22155 22156
22157 22156 22155
22156 22157 22158
22159 22154 22156
22156 22158 22159
22158 22160 22159
22150 22161 22151
22161 22150 22140
22140 22162 22161
22140 22141 22162
22162 22141 22163
22163 22141 22164
22164 22141 22142
22164 22142 22165
22165 22142 22144
22158 22166 22160
22157 22166 22158
22157 22167 22166
22168 22166 22167
22169 22166 22168
22168 22167 22170
22168 22171 22169
22171 22172 22169
22172 22173 22169
22166 22169 22173
22166 22173 22160
22160 22173 22174
22172 22174 22173
22175 22160 22174
22175 22174 22176
22160 22175 22177
22177 22159 22160
22177 22175 22178
22175 22179 22178
22176 22179 22175
22179 22180 22178
22176 22180 22179
22180 22181 22178
22180 22182 22181
22176 22182 22180
22183 22177 22178
22183 22178 22181
22177 22183 22184
22181 22184 22183
22185 22177 22184
22184 22181 22185
22185 22186 22177
22187 22186 22185
22187 22188 22186
22177 22186 22188
22187 22148 22188
22148 22189 22188
22148 22190 22189
22148 22147 22190
22149 22190 22147
22149 22191 22190
22191 22188 22189
22189 22190 22191
22149 22192 22191
22188 22191 22192
22149 22154 22192
22185 22193 22187
22176 22193 22182
22181 22182 22193
22193 22185 22181
22192 22154 22159
22177 22192 22159
22177 22188 22192
22176 22174 22194
22174 22195 22194
22172 22195 22174
22195 22196 22194
22194 22196 22197
22196 22171 22197
22195 22172 22171
22196 22195 22171
22171 22198 22197
22197 22199 22194
22198 22199 22197
22198 22200 22199
22201 22202 22200
22201 22203 22202
22204 22203 22201
22203 22205 22202
22205 22203 22206
22206 22203 22204
22207 22205 22206
22206 22204 22207
22208 22205 22207
22209 22208 22207
22204 22209 22207
22204 22210 22209
22211 22210 22204
22210 22211 22212
22209 22210 22213
22212 22213 22210
22209 22213 22208
22214 22208 22213
22212 22214 22213
22215 22214 22212
22215 22216 22214
22211 22217 22212
22211 22218 22217
22219 22212 22217
22219 22215 22212
22219 22220 22215
22220 22216 22215
22220 22219 22221
22216 22220 22222
22221 22222 22220
22222 22221 22223
22223 22224 22222
22224 22223 22225
22226 22224 22225
22224 22226 22227
22228 22224 22227
22224 22228 22229
22230 22229 22228
22229 22230 22231
22228 22232 22230
22232 22228 22233
22227 22233 22228
22233 22234 22232
22234 22233 22235
22236 22235 22233
22233 22227 22236
22235 22236 22237
22235 22238 22234
22238 22235 22239
22237 22239 22235
22239 22237 22240
22239 22241 22238
22241 22239 22242
22240 22242 22239
22242 22243 22241
22243 22242 22244
22242 22245 22244
22242 22240 22245
22245 22246 22244
22244 22246 22247
22247 22243 22244
22248 22246 22245
22249 22248 22245
22249 22245 22240
22250 22249 22240
22251 22250 22240
22251 22240 22237
22252 22251 22237
22253 22252 22237
22236 22253 22237
22236 22254 22253
22227 22254 22236
22254 22227 22226
22254 22255 22253
22254 22256 22255
22257 22256 22254
22226 22257 22254
22257 22226 22258
22225 22258 22226
22258 22225 22259
22223 22259 22225
22259 22223 22260
22223 22261 22260
22261 22223 22221
22221 22262 22261
22263 22261 22262
22263 22262 22264
22265 22263 22264
22266 22265 22264
22266 22267 22265
22217 22266 22264
22266 22217 22218
22217 22264 22219
22262 22219 22264
22262 22221 22219
22268 22152 22151
22152 22268 22269
22269 22153 22152
22153 22269 22270
22271 22153 22270
22153 22271 22155
22151 22272 22268
22272 22151 22161
22272 22161 22273
22161 22274 22273
22161 22162 22274
22275 22155 22271
22276 22275 22271
22276 22277 22275
22278 22277 22276
22279 22277 22278
22279 22278 22280
22167 22277 22279
22279 22170 22167
22167 22157 22277
22275 22277 22157
22155 22275 22157
22281 22282 22283
22284 22281 22283
22284 22283 22285
22282 22285 22283
22284 22285 22231
22231 22285 22286
22231 22286 22287
22231 22287 22229
22224 22229 22287
22224 22287 22288
22285 22288 22286
22286 22288 22287
22224 22288 22289
22288 22285 22289
22282 22289 22285
22224 22289 22222
22281 22284 22290
22281 22291 22282
22282 22291 22292
22292 22293 22282
22282 22293 22294
22294 22293 22295
22295 22293 22296
22296 22293 22297
22292 22297 22293
22297 22292 22291
22296 22297 22298
22297 22290 22298
22299 22296 22298
22299 22295 22296
22299 22298 22290
22299 22294 22295
22294 22299 22208
22294 22208 22214
22214 22282 22294
22282 22214 22216
22289 22216 22222
22282 22216 22289
22291 22281 22297
22290 22297 22281
22299 22205 22208
22300 22301 22302
22301 22303 22302
22303 22304 22302
22304 22303 22305
22303 22306 22305
22307 22308 22309
22310 22308 22307
22308 22310 22311
22310 22312 22311
22313 22314 22315
22314 22313 22316
22317 22315 22314
22315 22317 22318
22317 22319 22318
22319 22317 22320
22320 22321 22319
22322 22323 22324
22323 22322 22325
22326 22323 22325
22323 22326 22327
22328 22327 22326
22327 22328 22329
22328 22330 22329
22328 22331 22330
22330 22331 22332
22333 22330 22332
22333 22334 22330
22334 22333 22335
22336 22334 22335
22334 22336 22337
22336 22335 22338
22333 22338 22335
22337 22339 22334
22339 22337 22340
22334 22341 22330
22341 22334 22342
22340 22343 22339
22343 22340 22344
22342 22345 22341
22345 22342 22346
22344 22347 22343
22347 22344 22348
22348 22349 22347
22349 22348 22350
22346 22351 22345
22351 22346 22352
22352 22353 22351
22353 22352 22354
22355 22356 22357
22356 22355 22358
22359 22358 22355
22358 22359 22360
22361 22360 22359
22360 22361 22362
22363 22362 22361
22364 22365 22366
22365 22364 22367
22368 22367 22364
22367 22368 22369
22368 22370 22369
22370 22368 22371
22372 22370 22371
22373 22374 22375
22374 22373 22376
22377 22373 22375
22378 22379 22380
22379 22378 22381
22379 22381 22382
22382 22383 22379
22380 22384 22378
22384 22380 22385
22386 22384 22385
22384 22386 22387
22388 22387 22386
22387 22388 22389
22390 22389 22388
22389 22390 22391
22392 22380 22379
22392 22379 22393
22394 22392 22393
22393 22379 22395
22396 22392 22394
22392 22396 22397
22398 22397 22396
22397 22398 22399
22400 22399 22398
22399 22400 22401
22402 22401 22400
22401 22402 22403
22404 22380 22392
22380 22404 22405
22406 22405 22404
22405 22406 22407
22408 22407 22406
22407 22408 22409
22410 22409 22408
22409 22410 22411
22412 22413 22414
22414 22415 22412
22415 22414 22416
22416 22417 22415
22417 22416 22418
22419 22420 22421
22420 22419 22422
22421 22423 22419
22423 22421 22424
22424 22425 22423
22425 22424 22426
22426 22427 22425
22428 22429 22430
22430 22431 22428
22428 22431 22432
22431 22430 22433
22431 22434 22432
22435 22436 22437
22438 22437 22436
22437 22439 22435
22435 22439 22440
22440 22441 22435
22438 22436 22442
22443 22438 22442
22444 22445 22446
22445 22444 22447
22446 22448 22444
22448 22446 22449
22449 22450 22448
22450 22449 22451
22451 22452 22450
22453 22454 22455
22454 22453 22456
22455 22457 22453
22457 22455 22458
22458 22459 22457
22459 22458 22460
22460 22461 22459
22338 22462 22336
22333 22463 22338
22333 22332 22463
22464 22465 22466
22379 22383 22395
22467 22468 22469
22470 22468 22467
22468 22470 22471
22468 22471 22472
22473 22467 22469
22474 22475 22476
22476 22477 22474
22477 22476 22478
22477 22478 22479
22480 22481 22482
22481 22480 22483
22482 22484 22480
22484 22482 22485
22486 22484 22485
22484 22486 22487
22487 22486 22488
22489 22490 22491
22490 22489 22492
22490 22493 22491
22493 22490 22494
22494 22495 22493
22495 22494 22496
22495 22496 22497
22495 22497 22498
22498 22497 22499
22498 22499 22500
22501 22499 22497
22499 22501 22502
22501 22503 22502
22503 22501 22504
22503 22505 22502
22499 22502 22505
22499 22505 22500
22506 22504 22501
22504 22506 22507
22508 22501 22497
22501 22508 22509
22510 22507 22506
22507 22510 22511
22512 22509 22508
22509 22512 22513
22514 22511 22510
22511 22514 22515
22516 22515 22514
22515 22516 22517
22518 22513 22512
22513 22518 22519
22520 22519 22518
22519 22520 22521
22522 22523 22524
22523 22522 22525
22525 22526 22523
22526 22525 22527
22527 22528 22526
22528 22527 22529
22530 22528 22529
22531 22532 22533
22532 22531 22534
22534 22535 22532
22535 22534 22536
22537 22535 22536
22535 22537 22538
22539 22538 22537
22540 22541 22542
22541 22540 22543
22543 22544 22541
22540 22545 22543
22545 22546 22543
22547 22548 22549
22550 22549 22548
22548 22547 22551
22547 22552 22551
22552 22547 22553
22550 22554 22549
22555 22554 22550
22505 22503 22556
22557 22558 22559
22560 22558 22557
22557 22561 22560
22562 22558 22560
22561 22563 22560
22560 22563 22564
22562 22560 22564
22565 22562 22564
22558 22566 22559
22558 22562 22566
22567 22566 22562
22565 22567 22562
22568 22567 22565
22569 22568 22565
22570 22568 22569
22571 22570 22569
22571 22572 22570
22573 22572 22571
22574 22573 22571
22575 22573 22574
22575 22574 22576
22575 22576 22577
22576 22578 22577
22579 22576 22574
22579 22580 22576
22580 22578 22576
22581 22579 22574
22574 22571 22581
22569 22581 22571
22582 22579 22581
22569 22582 22581
22582 22583 22579
22583 22584 22579
22584 22580 22579
22582 22565 22583
22565 22564 22583
22564 22585 22583
22585 22584 22583
22582 22569 22565
22563 22585 22564
22578 22586 22577
22587 22588 22589
22588 22587 22590
22591 22590 22587
22592 22593 22594
22593 22592 22595
22593 22595 22596
22597 22596 22595
22597 22598 22596
22599 22598 22597
22600 22601 22602
22601 22600 22603
22603 22604 22601
22604 22603 22605
22606 22604 22605
22607 22608 22609
22609 22610 22607
22607 22610 22611
22611 22610 22612
22613 22612 22610
22610 22609 22613
22609 22614 22613
22614 22609 22608
22614 22608 22615
22613 22614 22616
22612 22613 22617
22617 22618 22612
22611 22612 22619
22620 22613 22616
22613 22620 22621
22622 22621 22620
22621 22622 22623
22619 22612 22624
22612 22625 22624
22624 22625 22626
22625 22612 22627
22618 22627 22612
22627 22628 22625
22629 22625 22628
22630 22629 22628
22629 22630 22631
22632 22630 22628
22628 22627 22632
22630 22632 22633
22625 22629 22634
22626 22625 22634
22629 22635 22634
22635 22629 22636
22631 22636 22629
22633 22637 22630
22637 22631 22630
22637 22633 22638
22631 22637 22639
22639 22640 22631
22636 22631 22640
22640 22639 22641
22642 22641 22639
22641 22642 22643
22639 22644 22642
22644 22639 22637
22645 22637 22638
22637 22645 22644
22646 22644 22645
22644 22646 22647
22647 22642 22644
22648 22645 22638
22645 22648 22649
22650 22643 22642
22642 22647 22650
22643 22650 22651
22645 22652 22646
22652 22645 22649
22653 22650 22647
22650 22653 22654
22654 22651 22650
22655 22654 22653
22654 22655 22656
22657 22656 22655
22656 22657 22658
22659 22658 22657
22658 22659 22660
22653 22661 22655
22661 22653 22662
22647 22662 22653
22663 22661 22662
22661 22663 22664
22664 22665 22661
22665 22664 22666
22666 22667 22665
22667 22666 22668
22669 22661 22665
22661 22669 22655
22660 22670 22658
22670 22660 22671
22658 22672 22656
22672 22658 22670
22673 22656 22672
22656 22673 22654
22667 22668 22674
22675 22667 22674
22675 22676 22667
22665 22676 22669
22676 22665 22667
22675 22674 22677
22651 22654 22673
22678 22671 22660
22660 22679 22678
22680 22678 22679
22678 22680 22681
22681 22682 22678
22671 22678 22682
22682 22681 22683
22684 22683 22681
22683 22684 22685
22686 22685 22684
22681 22687 22684
22687 22681 22680
22688 22684 22687
22686 22684 22688
22686 22688 22689
22679 22660 22659
22690 22691 22692
22692 22691 22693
22693 22691 22694
22693 22694 22695
22695 22696 22693
22696 22695 22697
22698 22692 22693
22699 22692 22698
22693 22700 22698
22693 22696 22700
22698 22700 22701
22700 22696 22701
22698 22701 22702
22699 22698 22702
22699 22702 22703
22701 22704 22702
22701 22696 22705
22705 22704 22701
22697 22705 22696
22697 22706 22705
22707 22704 22705
22706 22707 22705
22706 22708 22707
22707 22708 22709
22708 22710 22709
22709 22710 22711
22709 22711 22712
22707 22709 22713
22713 22704 22707
22709 22712 22713
22704 22713 22714
22704 22714 22702
22703 22702 22714
22703 22714 22715
22715 22714 22716
22714 22717 22716
22713 22717 22714
22717 22713 22718
22711 22719 22712
22718 22720 22719
22718 22713 22720
22708 22721 22710
22708 22706 22722
22722 22721 22708
22723 22722 22706
22723 22706 22724
22724 22706 22697
22697 22725 22724
22725 22726 22724
22727 22726 22725
22727 22728 22726
22729 22728 22727
22728 22730 22726
22731 22730 22728
22730 22731 22732
22731 22733 22732
22733 22734 22732
22726 22730 22735
22735 22730 22732
22726 22735 22724
22722 22723 22735
22735 22723 22724
22732 22736 22735
22733 22737 22734
22737 22733 22738
22732 22734 22739
22736 22732 22739
22731 22740 22733
22733 22740 22738
22728 22741 22731
22729 22741 22728
22731 22741 22740
22727 22742 22729
22727 22743 22742
22737 22738 22744
22745 22737 22744
22745 22746 22737
22734 22737 22746
22747 22739 22734
22746 22747 22734
22746 22748 22747
22722 22735 22736
22725 22743 22727
22743 22725 22749
22695 22749 22725
22749 22695 22694
22697 22695 22725
22750 22751 22752
22752 22751 22753
22754 22750 22752
22750 22754 22755
22756 22755 22754
22755 22756 22757
22758 22757 22756
22757 22758 22759
22754 22760 22756
22760 22754 22761
22761 22754 22752
22761 22752 22762
22761 22763 22760
22764 22760 22763
22756 22765 22758
22765 22756 22760
22760 22764 22765
22763 22766 22764
22761 22762 22767
22767 22763 22761
22768 22763 22767
22763 22768 22766
22759 22769 22757
22769 22759 22770
22757 22771 22755
22771 22757 22769
22769 22772 22771
22772 22769 22773
22774 22773 22769
22774 22769 22770
22771 22772 22775
22775 22755 22771
22755 22775 22750
22776 22750 22775
22751 22750 22776
22777 22778 22779
22780 22778 22777
22780 22777 22618
22617 22780 22618
22781 22782 22783
22782 22781 22784
22785 22784 22781
22784 22785 22786
22787 22786 22785
22786 22787 22788
22789 22788 22787
22788 22789 22790
22783 22782 22791
22789 22792 22790
22793 22790 22792
22790 22793 22794
22795 22790 22794
22795 22788 22790
22794 22793 22796
22797 22794 22796
22797 22795 22794
22798 22792 22789
22796 22793 22799
22788 22795 22800
22788 22800 22786
22797 22801 22795
22801 22802 22795
22802 22801 22803
22804 22803 22801
22804 22805 22803
22806 22805 22804
22805 22806 22807
22808 22807 22806
22809 22802 22803
22810 22808 22806
22811 22808 22810
22811 22812 22808
22811 22813 22812
22812 22813 22814
22813 22815 22814
22816 22813 22811
22816 22815 22813
22816 22817 22815
22818 22815 22817
22817 22819 22818
22819 22817 22820
22821 22820 22817
22817 22816 22821
22820 22821 22822
22820 22823 22819
22823 22820 22824
22822 22824 22820
22824 22822 22825
22825 22826 22824
22826 22825 22827
22827 22828 22826
22828 22827 22829
22815 22818 22830
22831 22826 22828
22832 22819 22823
22832 22823 22833
22834 22832 22833
22835 22832 22834
22833 22836 22831
22836 22823 22824
22836 22824 22826
22831 22836 22826
22833 22823 22836
22819 22832 22835
22834 22837 22835
22838 22837 22834
22839 22837 22838
22840 22837 22839
22841 22837 22840
22837 22842 22835
22842 22837 22841
22843 22842 22841
22842 22830 22818
22835 22818 22819
22818 22835 22842
22830 22842 22844
22843 22844 22842
22843 22845 22844
22846 22844 22845
22846 22847 22844
22830 22844 22847
22830 22847 22814
22815 22830 22814
22848 22849 22850
22849 22851 22850
22851 22849 22852
22852 22853 22851
22853 22852 22854
22855 22853 22854
22856 22855 22854
22856 22857 22855
22858 22857 22856
22858 22856 22859
22860 22858 22859
22860 22861 22858
22862 22861 22860
22861 22862 22863
22864 22863 22862
22863 22864 22865
22864 22866 22865
22866 22864 22867
22867 22868 22866
22868 22867 22869
22870 22868 22869
22868 22870 22871
22872 22871 22870
22871 22872 22873
22873 22872 22874
22875 22876 22877
22876 22875 22878
22879 22876 22878
22876 22879 22880
22881 22880 22879
22880 22881 22882
22875 22883 22878
22883 22875 22884
22885 22878 22883
22878 22885 22879
22879 22886 22881
22886 22879 22885
22886 22885 22887
22888 22885 22883
22888 22887 22885
22889 22887 22888
22882 22890 22880
22891 22877 22876
22884 22892 22883
22888 22883 22892
22888 22892 22893
22889 22888 22893
22880 22890 22894
22895 22891 22894
22895 22894 22890
22876 22894 22891
22876 22880 22894
22892 22884 22896
22884 22897 22896
22898 22896 22897
22898 22897 22899
22899 22897 22875
22884 22875 22897
22899 22875 22877
22900 22901 22902
22903 22901 22900
22903 22900 22904
22905 22903 22904
22906 22905 22904
22905 22906 22907
22906 22908 22907
22908 22906 22909
22910 22908 22909
22909 22911 22910
22910 22911 22912
22907 22913 22905
22905 22913 22914
22914 22915 22905
22905 22915 22916
22916 22901 22903
22905 22916 22903
22916 22915 22917
22917 22918 22916
22916 22918 22919
22919 22918 22920
22921 22919 22920
22922 22913 22907
22907 22923 22922
22924 22923 22908
22924 22908 22925
22908 22923 22907
22925 22908 22926
22925 22926 22927
22927 22926 22928
22928 22926 22929
22928 22929 22930
22929 22931 22930
22929 22932 22931
22933 22932 22929
22933 22929 22934
22929 22926 22934
22934 22926 22910
22926 22908 22910
22934 22935 22933
22934 22912 22935
22910 22912 22934
22935 22912 22936
22936 22912 22937
22937 22912 22938
22936 22937 22939
22938 22912 22911
22940 22941 22942
22943 22940 22942
22943 22942 22944
22944 22945 22943
22944 22946 22945
22947 22945 22946
22948 22941 22940
22948 22949 22941
22948 22950 22949
22950 22948 22951
22951 22952 22950
22952 22951 22953
22954 22952 22953
22952 22954 22955
22956 22955 22954
22957 22947 22946
22957 22958 22947
22957 22959 22958
22960 22961 22962
22961 22960 22963
22964 22963 22960
22963 22964 22965
22966 22965 22964
22965 22966 22967
22968 22967 22966
22967 22968 22969
22970 22969 22968
22971 22962 22961
22961 22972 22971
22919 22973 22974
22901 22919 22974
22973 22975 22974
22976 22974 22975
22974 22976 22902
22902 22901 22974
22919 22921 22973
22977 22973 22921
22973 22977 22978
22973 22978 22975
22916 22919 22901
22979 22902 22976
22976 22980 22979
22902 22979 22900
22791 22981 22982
22791 22782 22981
22983 22981 22782
22983 22782 22784
22983 22784 22984
22984 22784 22985
22784 22786 22985
22786 22800 22985
22800 22986 22985
22791 22982 22987
22783 22791 22987
22988 22783 22987
22982 22989 22987
22989 22990 22987
22988 22987 22990
22990 22989 22991
22992 22993 22994
22995 22992 22994
22995 22994 22996
22993 22992 22997
22998 22993 22997
22997 22999 22998
22996 23000 22995
23001 22998 22999
22999 23002 23001
23002 22999 23003
23003 23004 23002
23005 23004 23003
23005 23006 23004
23005 23007 23006
23006 23007 23008
23009 23006 23008
23010 23011 23012
23010 23012 23013
23014 23010 23013
23015 23016 23017
23016 23015 23018
23015 23019 23018
23015 23020 23019
23019 23020 23021
23020 23022 23021
23023 23024 23025
23026 23025 23024
23027 23025 23026
23028 23025 23027
23029 23025 23028
23025 23029 23023
23027 23026 23030
23027 23030 23031
23031 23032 23027
23033 23029 23028
23033 23028 23034
23035 23034 23028
23028 23027 23035
23034 23035 23036
23037 23036 23035
23036 23037 23038
23039 23038 23037
23038 23039 23040
23041 23040 23039
23040 23041 23042
23042 23041 23043
23041 23044 23043
23039 23044 23041
23039 23045 23044
23037 23045 23039
23037 23046 23045
23035 23046 23037
23044 23045 23047
23045 23048 23047
23046 23048 23045
23046 23032 23048
23035 23027 23046
23027 23032 23046
23042 23043 23049
23049 23043 23050
23051 23052 23033
23052 23029 23033
23029 23052 23023
23053 22622 23054
22623 22622 23053
23053 23054 23055
23054 23056 23055
23056 23054 23057
23056 23057 23058
23054 23059 23057
22662 22647 22646
22646 22663 22662
22663 22646 22652
23060 23061 23062
23063 23060 23062
23060 23064 23061
22752 23065 22762
22752 22753 23065
22608 22607 23066
23067 23068 23069
23069 23068 23070
23070 23071 23069
23070 23072 23071
23072 23070 23073
23073 23074 23072
23075 22648 22638
22638 23076 23075
22638 22633 23076
23076 22633 23077
22633 22632 23077
22632 22627 23077
23078 23079 23080
23078 23080 23081
23082 23083 23084
23083 23085 23084
23082 23084 23086
23087 23088 23089
23088 23087 23090
23087 23091 23090
23091 23092 23090
23092 23093 23090
23090 23093 23088
23088 23093 23094
23094 23089 23088
23094 23095 23089
23093 23096 23094
23093 23092 23097
23098 23097 23092
23097 23098 23099
23100 23099 23098
23099 23100 23101
23102 23101 23100
23101 23102 23103
23100 23104 23102
23104 23100 23105
23098 23105 23100
23106 23104 23105
23104 23106 23107
23108 23106 23105
23105 23098 23108
23106 23108 23109
23110 23106 23109
23106 23110 23111
23111 23107 23106
23112 23103 23102
23103 23112 23113
23114 23102 23104
23102 23114 23112
23107 23114 23104
23114 23107 23115
23116 23115 23107
23107 23111 23116
23115 23116 23117
23117 23118 23115
23118 23117 23119
23120 23115 23118
23115 23120 23114
23121 23114 23120
23114 23121 23112
23121 23113 23112
23120 23122 23121
23122 23120 23123
23118 23123 23120
23113 23121 23124
23119 23125 23118
23123 23118 23125
23125 23119 23126
23121 23127 23124
23127 23121 23122
23126 23128 23125
23128 23126 23129
23129 23130 23128
23131 23128 23130
23128 23131 23132
23125 23132 23123
23132 23125 23128
23130 23133 23131
23133 23130 23134
23134 23135 23133
23135 23134 23136
23137 23132 23131
23132 23137 23138
23138 23123 23132
23137 23139 23138
23139 23137 23140
23141 23140 23137
23140 23141 23142
23143 23142 23141
23142 23143 23144
23137 23145 23141
23145 23137 23131
23146 23136 23134
23136 23146 23147
23134 23148 23146
23148 23134 23130
23130 23129 23148
23143 23149 23144
23150 23149 23143
23150 23143 23151
23151 23141 23145
23141 23151 23143
23139 23122 23138
23123 23138 23122
23150 23152 23149
23122 23139 23127
23153 23147 23154
23154 23155 23153
23156 23153 23155
23153 23156 23157
23155 23154 23158
23158 23159 23155
23159 23158 23160
23161 23159 23160
23155 23162 23156
23162 23155 23159
23163 23162 23159
23161 23163 23159
23161 23164 23163
23157 23136 23153
23136 23157 23135
23147 23153 23136
23165 23166 23167
23166 23168 23167
23169 23168 23166
23170 23169 23166
23170 23171 23169
23169 23171 23172
23172 23171 23173
23173 23171 23174
23173 23174 23175
23176 23174 23171
23170 23176 23171
23175 23174 23177
23174 23178 23177
23179 23178 23174
23176 23179 23174
23180 23175 23177
23169 23172 23181
23168 23169 23181
23182 23183 23184
23183 23185 23184
23182 23186 23183
23186 23182 23187
23187 23188 23186
23188 23187 23189
23189 23190 23188
23190 23189 23191
23192 23186 23188
23186 23192 23193
23193 23183 23186
23193 23194 23183
23193 23192 23195
23196 23195 23192
23188 23197 23192
23197 23188 23190
23192 23197 23196
23195 23196 23198
23193 23199 23194
23199 23193 23195
23200 23199 23195
23195 23198 23200
23201 23191 23189
23191 23201 23202
23203 23189 23187
23189 23203 23201
23204 23201 23203
23201 23204 23205
23206 23201 23205
23206 23202 23201
23203 23207 23204
23187 23207 23203
23207 23187 23182
23208 23207 23182
23184 23208 23182
23209 23210 23211
23209 23212 23210
23212 23209 23213
23213 23214 23212
23209 23215 23213
23216 23213 23215
23216 23217 23213
23214 23213 23217
23214 23217 23218
23219 23214 23218
23219 23212 23214
23219 23220 23212
23212 23220 23221
23221 23210 23212
23217 23216 23222
23223 23217 23222
23218 23217 23223
23218 23223 23224
23223 23225 23224
23224 23225 23226
23227 23226 23225
23225 23228 23227
23228 23225 23229
23223 23229 23225
23229 23223 23222
23230 23227 23228
23227 23230 23231
23231 23232 23227
23226 23227 23232
23232 23231 23233
23234 23232 23233
23232 23234 23235
23236 23234 23233
23234 23236 23237
23236 23238 23237
23238 23236 23239
23240 23235 23234
23235 23240 23241
23234 23242 23240
23242 23234 23237
23237 23243 23242
23243 23237 23238
23243 23244 23242
23245 23240 23242
23245 23242 23244
23246 23245 23244
23247 23241 23240
23247 23240 23245
23248 23247 23245
23248 23245 23246
23241 23247 23249
23241 23249 23250
23251 23249 23247
23248 23251 23247
23252 23251 23248
23252 23253 23251
23254 23249 23251
23251 23255 23254
23251 23253 23255
23254 23255 23256
23257 23254 23256
23258 23254 23257
23259 23254 23258
23254 23259 23260
23254 23260 23249
23259 23258 23261
23262 23258 23257
23263 23262 23257
23264 23262 23263
23265 23264 23263
23264 23220 23262
23220 23266 23262
23262 23266 23267
23258 23267 23261
23258 23262 23267
23263 23257 23268
23265 23263 23268
23257 23256 23268
23264 23265 23269
23264 23269 23270
23270 23220 23264
23220 23270 23221
23219 23266 23220
23266 23219 23267
23271 23267 23219
23271 23272 23267
23273 23272 23271
23224 23273 23271
23274 23273 23224
23226 23274 23224
23226 23275 23274
23226 23276 23275
23276 23226 23232
23276 23232 23235
23277 23276 23235
23277 23235 23241
23250 23277 23241
23224 23271 23218
23219 23218 23271
23250 23249 23278
23249 23260 23278
23279 23280 23281
23280 23279 23282
23093 23280 23282
23282 23096 23093
23281 23283 23279
23283 23284 23279
23283 23285 23284
23285 23286 23284
23287 23284 23286
23288 23286 23285
23289 23288 23285
23285 23290 23289
23290 23285 23291
23283 23291 23285
23292 23288 23289
23288 23292 23293
23289 23294 23292
23290 23294 23289
23290 23295 23294
23296 23293 23292
23294 23297 23292
23297 23296 23292
23295 23298 23294
23294 23298 23297
23298 23295 23299
23299 23300 23298
23300 23299 23301
23301 23302 23300
23302 23301 23303
23303 23304 23302
23304 23303 23305
23305 23306 23304
23304 23306 23307
23302 23304 23307
23302 23307 23308
23300 23302 23308
23300 23308 23309
23298 23309 23297
23298 23300 23309
23307 23310 23308
23308 23310 23311
23309 23308 23311
23309 23311 23312
23297 23309 23312
23313 23297 23312
23297 23313 23314
23297 23314 23296
23305 23315 23306
23315 23316 23306
23317 23318 23319
23318 23317 23320
23320 23321 23318
23321 23320 23322
23322 23323 23321
23323 23322 23324
23325 23323 23324
23324 23326 23325
23327 23326 23324
23328 23326 23327
23329 23328 23327
23329 23330 23328
23327 23331 23329
23331 23327 23332
23324 23332 23327
23332 23324 23322
23332 23333 23331
23333 23332 23334
23322 23334 23332
23334 23322 23320
23334 23335 23333
23335 23334 23336
23336 23337 23335
23337 23336 23338
23317 23338 23336
23338 23317 23339
23338 23340 23337
23340 23338 23341
23339 23341 23338
23341 23342 23340
23342 23341 23343
23341 23344 23343
23344 23341 23345
23341 23339 23345
23346 23343 23344
23343 23346 23347
23347 23342 23343
23348 23347 23346
23347 23348 23349
23349 23350 23347
23342 23347 23350
23350 23349 23351
23352 23349 23348
23349 23352 23353
23353 23351 23349
23351 23353 23354
23355 23354 23353
23354 23355 23356
23357 23356 23355
23356 23357 23358
23359 23357 23355
23348 23360 23352
23360 23361 23352
23362 23361 23360
23363 23362 23360
23360 23348 23363
23361 23359 23364
23364 23353 23352
23364 23355 23353
23359 23355 23364
23361 23364 23352
23362 23363 23365
23366 23365 23363
23363 23346 23366
23346 23363 23348
23344 23366 23346
23366 23344 23367
23345 23367 23344
23367 23345 23368
23368 23369 23367
23369 23368 23370
23371 23370 23368
23370 23371 23372
23339 23368 23345
23368 23339 23371
23317 23371 23339
23371 23317 23319
23373 23371 23319
23373 23372 23371
23367 23369 23374
23367 23374 23366
23374 23375 23366
23365 23366 23375
23375 23376 23365
23376 23377 23365
23377 23378 23365
23378 23362 23365
23336 23320 23317
23320 23336 23334
23379 23380 23108
23108 23092 23379
23092 23108 23098
23381 23379 23092
23091 23381 23092
23380 23109 23108
23382 23383 23384
23385 23384 23383
23384 23385 23386
23387 23386 23385
23386 23387 23388
23389 23388 23387
23388 23389 23390
23391 23390 23389
23390 23391 23392
23391 23393 23392
23393 23391 23394
23394 23395 23393
23395 23394 23396
23397 23395 23396
23395 23397 23398
23399 23398 23397
23398 23399 23400
23399 23401 23400
23401 23399 23402
23402 23403 23401
23403 23402 23404
23404 23405 23403
23406 23407 23408
23407 23406 23409
23406 23408 23410
23411 23410 23408
23410 23411 23412
23412 23411 23413
23414 23407 23409
23414 23415 23407
23416 23415 23414
23416 23417 23415
23417 23416 23418
23419 23417 23418
23417 23419 23420
23421 23420 23419
23420 23421 23422
23421 23423 23422
23423 23424 23422
23425 23424 23423
23423 23426 23425
23424 23425 23427
23427 23428 23424
23428 23427 23429
23418 23416 23430
23416 23431 23430
23431 23416 23432
23433 23418 23430
23418 23433 23434
23435 23419 23434
23435 23436 23419
23419 23418 23434
23436 23437 23419
23436 23438 23437
23438 23439 23437
23439 23440 23437
23439 23441 23440
23440 23441 23442
23440 23442 23443
23444 23440 23443
23444 23445 23440
23440 23445 23437
23445 23421 23437
23437 23421 23419
23445 23444 23446
23445 23446 23423
23421 23445 23423
23446 23426 23423
23447 23448 23449
23449 23450 23447
23450 23451 23447
23451 23450 23452
23452 23453 23451
23453 23452 23454
23454 23455 23453
23455 23454 23456
23457 23455 23456
23458 23449 23448
23449 23458 23459
23460 23461 23462
23463 23461 23460
23464 23460 23462
23465 23464 23462
23464 23465 23432
23416 23464 23432
23460 23466 23463
23460 23467 23466
23409 23467 23460
23464 23409 23460
23466 23467 23468
23469 23468 23467
23467 23406 23469
23406 23467 23409
23466 23470 23463
23470 23466 23471
23466 23468 23471
23464 23414 23409
23416 23414 23464
23406 23410 23469
23472 23473 23474
23472 23475 23473
23474 23476 23472
23474 23477 23476
23477 23474 23478
23474 23473 23479
23474 23479 23480
23474 23480 23478
23480 23479 23481
23476 23482 23472
23482 23476 23483
23476 23484 23483
23477 23484 23476
23485 23477 23478
23233 23486 23236
23486 23233 23231
23486 23231 23230
23239 23236 23486
23328 23330 23487
23487 23326 23328
23326 23487 23488
23325 23326 23488
23489 23325 23488
23330 23490 23487
23183 23194 23491
23183 23491 23185
23089 23492 23087
23493 23494 23495
23496 23493 23495
23497 23496 23495
23496 23497 23498
23499 23498 23497
23498 23499 23500
23500 23499 23501
23500 23501 23502
23503 23502 23501
23502 23503 23504
23501 23505 23503
23505 23501 23506
23501 23499 23506
23503 23505 23507
23505 23508 23507
23504 23503 23509
23503 23510 23509
23503 23507 23510
23511 23504 23509
23512 23511 23509
23513 23510 23507
23510 23513 23514
23509 23514 23512
23514 23509 23510
23507 23515 23513
23515 23507 23508
23512 23516 23511
23517 23516 23512
23516 23517 23518
23512 23519 23517
23512 23514 23519
23514 23520 23519
23514 23513 23520
23513 23515 23521
23513 23521 23520
23515 23522 23521
23523 23516 23518
23516 23523 23524
23524 23511 23516
23524 23525 23511
23511 23525 23504
23504 23525 23526
23526 23525 23527
23526 23502 23504
23502 23526 23528
23529 23528 23526
23528 23529 23530
23526 23531 23529
23526 23527 23531
23529 23531 23532
23500 23502 23528
23527 23533 23531
23533 23527 23534
23525 23534 23527
23534 23525 23524
23524 23535 23534
23524 23523 23535
23534 23536 23533
23534 23535 23536
23531 23537 23532
23537 23531 23533
23533 23538 23537
23533 23536 23538
23537 23538 23539
23528 23530 23540
23500 23528 23540
23540 23498 23500
23498 23540 23541
23541 23496 23498
23496 23541 23542
23496 23542 23493
23493 23542 23543
23542 23544 23543
23541 23544 23542
23545 23541 23540
23540 23546 23545
23547 23545 23546
23546 23548 23547
23548 23546 23549
23549 23550 23548
23550 23549 23551
23545 23547 23552
23552 23553 23545
23545 23553 23541
23544 23541 23553
23554 23549 23546
23546 23540 23554
23555 23554 23540
23555 23556 23554
23549 23554 23556
23556 23551 23549
23556 23555 23557
23557 23558 23556
23551 23556 23558
23558 23557 23559
23551 23560 23550
23560 23551 23561
23558 23561 23551
23561 23562 23560
23562 23561 23563
23561 23564 23563
23564 23561 23565
23561 23558 23565
23565 23566 23564
23566 23565 23567
23567 23558 23559
23565 23558 23567
23566 23567 23568
23567 23559 23568
23568 23559 23569
23569 23570 23568
23566 23568 23570
23570 23569 23571
23572 23573 23574
23575 23572 23574
23574 23576 23575
23577 23575 23576
23578 23577 23576
23579 23577 23578
23577 23579 23580
23581 23580 23579
23580 23581 23582
23583 23582 23581
23582 23583 23584
23580 23585 23577
23577 23585 23575
23585 23580 23586
23582 23586 23580
23587 23585 23586
23588 23587 23586
23586 23582 23588
23584 23588 23582
23587 23588 23589
23590 23589 23588
23588 23584 23590
23589 23590 23591
23592 23584 23583
23584 23592 23593
23593 23590 23584
23594 23593 23592
23593 23594 23595
23596 23593 23595
23593 23596 23597
23590 23593 23597
23598 23597 23596
23597 23598 23599
23599 23591 23590
23597 23599 23590
23598 23600 23599
23599 23600 23591
23600 23601 23591
23602 23601 23600
23598 23602 23600
23601 23602 23603
23604 23605 23606
23605 23604 23607
23606 23608 23604
23608 23606 23609
23610 23609 23606
23610 23606 23611
23609 23610 23612
23613 23605 23607
23612 23614 23609
23614 23608 23609
23614 23612 23615
23616 23614 23615
23614 23616 23617
23617 23618 23614
23608 23614 23619
23618 23619 23614
23618 23620 23619
23621 23622 23623
23622 23621 23624
23625 23624 23621
23624 23625 23626
23626 23627 23624
23627 23628 23624
23627 23626 23629
23630 23623 23622
23631 23629 23626
23625 23631 23626
23629 23631 23632
23631 23633 23632
23633 23631 23634
23631 23625 23635
23631 23635 23636
23634 23631 23636
23635 23637 23636
23638 23639 23640
23638 23641 23639
23642 23639 23641
23641 23643 23642
23643 23644 23642
23642 23644 23645
23642 23645 23646
23644 23647 23645
23638 23648 23641
23648 23643 23641
23646 23649 23642
23642 23649 23639
23649 23646 23650
23639 23649 23650
23651 23639 23650
23640 23639 23651
23650 23652 23651
23651 23652 23653
23653 23654 23651
23640 23651 23654
23653 23655 23654
23655 23656 23654
23655 23657 23656
23657 23658 23656
23659 23654 23656
23659 23640 23654
23660 23659 23656
23660 23656 23658
23661 23660 23658
23657 23662 23658
23662 23663 23658
23658 23663 23661
23662 23664 23663
23664 23665 23663
23664 23666 23665
23666 23667 23665
23666 23668 23667
23668 23669 23667
23667 23669 23670
23669 23671 23670
23668 23672 23669
23672 23673 23669
23669 23673 23671
23663 23665 23674
23663 23674 23661
23665 23675 23674
23665 23667 23675
23667 23670 23675
23673 23676 23671
23673 23677 23676
23677 23678 23676
23677 23679 23678
23679 23680 23678
23681 23679 23677
23682 23681 23677
23677 23673 23682
23673 23672 23682
23679 23681 23683
23684 23680 23679
23685 23684 23679
23686 23679 23683
23686 23687 23679
23687 23685 23679
23683 23688 23686
23683 23689 23688
23690 23689 23683
23690 23683 23691
23692 23693 23694
23693 23695 23694
23696 23693 23692
23697 23696 23692
23698 23696 23697
23699 23698 23697
23699 23700 23698
23701 23700 23699
23699 23702 23701
23699 23703 23702
23699 23697 23703
23700 23704 23698
23697 23705 23703
23697 23692 23705
23692 23706 23705
23692 23694 23706
23694 23695 23707
23695 23708 23707
23707 23708 23709
23708 23710 23709
23709 23710 23711
23710 23712 23711
23711 23712 23713
23712 23714 23713
23713 23714 23715
23714 23716 23715
23715 23716 23717
23716 23718 23717
23717 23718 23719
23718 23720 23719
23719 23720 23721
23720 23722 23721
23721 23722 23723
23722 23724 23723
23725 23723 23724
23725 23726 23723
23726 23727 23723
23721 23723 23727
23721 23727 23728
23728 23719 23721
23728 23729 23719
23717 23719 23729
23717 23729 23730
23715 23717 23730
23715 23730 23731
23732 23725 23724
23725 23732 23733
23732 23734 23733
23733 23734 23735
23734 23736 23735
23736 23737 23735
23736 23738 23737
23725 23733 23739
23739 23740 23725
23740 23726 23725
23730 23741 23731
23742 23731 23741
23731 23742 23743
23713 23731 23743
23744 23743 23742
23743 23744 23745
23711 23743 23745
23711 23713 23743
23746 23745 23744
23745 23746 23747
23709 23745 23747
23709 23711 23745
23748 23747 23746
23747 23748 23749
23747 23749 23707
23747 23707 23709
23750 23749 23748
23749 23750 23706
23749 23706 23694
23749 23694 23707
23751 23706 23750
23706 23751 23705
23752 23705 23751
23705 23752 23703
23753 23703 23752
23703 23753 23702
23702 23753 23701
23754 23755 23756
23756 23757 23754
23756 23755 23758
23759 23756 23758
23759 23758 23760
23761 23759 23760
23761 23760 23762
23763 23761 23762
23764 23758 23755
23765 23764 23755
23755 23754 23765
23765 23754 23766
23764 23767 23758
23767 23760 23758
23768 23767 23764
23767 23768 23769
23769 23770 23767
23767 23770 23760
23770 23762 23760
23771 23768 23764
23765 23771 23764
23771 23765 23772
23766 23772 23765
23763 23762 23773
23774 23763 23773
23770 23769 23775
23775 23776 23770
23770 23776 23762
23776 23773 23762
23774 23773 23777
23778 23774 23777
23776 23775 23779
23779 23780 23776
23776 23780 23773
23780 23777 23773
23778 23777 23781
23782 23778 23781
23780 23779 23783
23783 23784 23780
23780 23784 23777
23784 23781 23777
23782 23781 23785
23786 23782 23785
23784 23783 23787
23787 23788 23784
23784 23788 23781
23788 23785 23781
23786 23785 23789
23790 23786 23789
23788 23787 23791
23791 23792 23788
23788 23792 23785
23792 23789 23785
23790 23789 23793
23794 23790 23793
23792 23791 23795
23795 23796 23792
23792 23796 23789
23796 23793 23789
23794 23793 23797
23798 23794 23797
23796 23795 23799
23799 23800 23796
23796 23800 23793
23800 23797 23793
23798 23797 23801
23802 23798 23801
23802 23801 23803
23804 23802 23803
23799 23805 23800
23805 23806 23800
23800 23806 23797
23806 23801 23797
23806 23805 23807
23807 23808 23806
23806 23808 23801
23808 23803 23801
23804 23803 23809
23810 23804 23809
23808 23807 23811
23811 23812 23808
23808 23812 23803
23812 23809 23803
23812 23811 23813
23813 23814 23812
23812 23814 23809
23814 23813 23815
23815 23816 23814
23816 23815 23817
23817 23818 23816
23818 23817 23819
23819 23820 23818
23820 23819 23821
23821 23822 23820
23821 23823 23822
23821 23824 23823
23824 23825 23823
23814 23816 23826
23814 23826 23809
23826 23827 23809
23827 23826 23828
23826 23829 23828
23816 23829 23826
23816 23818 23829
23829 23830 23828
23829 23831 23830
23818 23831 23829
23818 23820 23831
23831 23832 23830
23831 23833 23832
23827 23810 23809
23820 23834 23831
23831 23834 23833
23824 23835 23825
23824 23836 23835
23834 23820 23837
23820 23838 23837
23820 23822 23838
23839 23840 23841
23840 23842 23841
23841 23842 23843
23842 23844 23843
23843 23844 23845
23844 23846 23845
23847 23840 23839
23848 23847 23839
23847 23848 23849
23848 23850 23849
23851 23849 23850
23852 23851 23850
23853 23851 23852
23854 23853 23852
23855 23853 23854
23856 23855 23854
23857 23855 23856
23858 23857 23856
23859 23857 23858
23860 23859 23858
23861 23859 23860
23862 23861 23860
23863 23861 23862
23864 23863 23862
23865 23863 23864
23866 23865 23864
23867 23865 23866
23868 23867 23866
23869 23867 23868
23870 23869 23868
23871 23869 23870
23872 23871 23870
23870 23873 23872
23860 23858 23874
23862 23860 23875
23875 23860 23874
23864 23862 23876
23862 23875 23876
23866 23864 23877
23877 23864 23876
23873 23870 23878
23870 23868 23878
23868 23879 23878
23868 23866 23879
23879 23866 23877
23874 23858 23880
23858 23856 23880
23880 23856 23881
23856 23854 23881
23854 23882 23881
23854 23852 23882
23882 23852 23883
23852 23850 23883
23883 23850 23884
23850 23848 23884
23884 23848 23885
23848 23839 23885
23839 23886 23885
23839 23841 23886
23887 23886 23841
23843 23887 23841
23887 23843 23888
23843 23845 23888
23888 23845 23889
23845 23890 23889
23845 23846 23890
23846 23891 23890
23890 23891 23892
23891 23893 23892
23892 23893 23894
23893 23895 23894
23896 23894 23895
23897 23896 23895
23896 23897 23898
23897 23899 23898
23898 23899 23900
23899 23901 23900
23900 23901 23902
23901 23903 23902
23889 23890 23904
23890 23892 23904
23904 23892 23905
23892 23894 23905
23896 23906 23894
23906 23905 23894
23898 23907 23896
23907 23906 23896
23900 23908 23898
23908 23907 23898
23902 23909 23900
23909 23908 23900
23910 23909 23902
23911 23910 23902
23902 23903 23911
23912 23911 23903
23913 23772 23914
23772 23913 23771
23915 23771 23913
23771 23915 23768
23916 23768 23915
23768 23916 23769
23917 23769 23916
23769 23917 23775
23918 23775 23917
23775 23918 23779
23919 23779 23918
23779 23919 23783
23920 23783 23919
23783 23920 23787
23921 23787 23920
23787 23921 23791
23922 23791 23921
23791 23922 23795
23923 23795 23922
23795 23923 23799
23924 23799 23923
23799 23924 23805
23925 23805 23924
23805 23925 23807
23926 23807 23925
23807 23926 23811
23741 23730 23927
23729 23927 23730
23927 23729 23928
23728 23928 23729
23928 23728 23929
23727 23929 23728
23929 23727 23930
23726 23930 23727
23713 23715 23731
23931 23932 23933
23914 23772 23766
23736 23934 23738
