byte offset: 0
first index: 79230
index count: 2748
topology: trianglelist
format: DXGI_FORMAT_R16_UINT

22147 22148 22149
22148 22150 22149
22151 22147 22149
22151 22152 22147
22152 22151 22153
22154 22152 22153
22152 22154 22155
22156 22155 22154
22155 22156 22157
22158 22155 22157
22155 22158 22159
22158 22157 22160
22161 22157 22156
22157 22161 22162
22160 22157 22162
22155 22163 22152
22163 22155 22159
22164 22152 22163
22152 22164 22147
22147 22164 22148
22153 22151 22165
22165 22166 22153
22153 22166 22167
22166 22168 22167
22166 22165 22169
22170 22166 22169
22166 22170 22168
22170 22171 22168
22171 22172 22168
22172 22171 22173
22171 22174 22173
22175 22173 22174
22176 22175 22174
22177 22175 22176
22177 22176 22178
22177 22178 22179
22180 22177 22179
22177 22180 22181
22177 22181 22182
22177 22182 22175
22183 22175 22182
22183 22173 22175
22173 22183 22184
22172 22173 22184
22184 22183 22185
22172 22184 22186
22184 22185 22187
22184 22187 22186
22185 22188 22187
22185 22189 22188
22185 22190 22189
22190 22183 22182
22183 22190 22185
22190 22191 22189
22191 22190 22192
22181 22192 22182
22192 22190 22182
22192 22193 22191
22193 22192 22194
22181 22194 22192
22193 22195 22191
22191 22196 22189
22191 22195 22196
22195 22197 22196
22194 22198 22193
22195 22193 22198
22198 22194 22199
22199 22200 22198
22200 22199 22201
22202 22200 22201
22200 22202 22203
22204 22203 22202
22203 22204 22205
22206 22205 22204
22206 22204 22207
22204 22208 22207
22204 22202 22208
22202 22209 22208
22206 22207 22210
22211 22207 22208
22207 22211 22212
22210 22207 22212
22213 22210 22212
22210 22213 22214
22214 22215 22210
22215 22206 22210
22215 22214 22216
22217 22215 22216
22214 22218 22216
22218 22214 22219
22219 22220 22218
22220 22221 22218
22218 22221 22216
22221 22220 22222
22220 22219 22223
22221 22224 22216
22224 22217 22216
22225 22214 22213
22214 22225 22219
22226 22219 22225
22219 22226 22223
22212 22227 22213
22228 22213 22227
22213 22228 22225
22229 22228 22227
22228 22229 22230
22231 22228 22230
22228 22231 22232
22232 22225 22228
22225 22232 22226
22230 22229 22233
22234 22230 22233
22230 22234 22231
22227 22235 22229
22234 22233 22236
22233 22237 22236
22233 22229 22237
22238 22236 22237
22236 22238 22239
22229 22240 22237
22238 22237 22240
22235 22241 22229
22242 22241 22235
22241 22242 22243
22244 22241 22243
22245 22241 22244
22242 22235 22246
22235 22212 22246
22212 22211 22246
22247 22246 22211
22246 22247 22248
22246 22248 22249
22249 22244 22243
22249 22243 22242
22249 22242 22246
22250 22249 22248
22251 22250 22248
22252 22250 22251
22252 22251 22253
22254 22253 22251
22255 22253 22254
22256 22254 22251
22256 22251 22248
22256 22248 22247
22252 22257 22250
22250 22257 22249
22257 22245 22244
22244 22249 22257
22252 22258 22257
22258 22259 22257
22255 22254 22260
22260 22261 22255
22254 22262 22260
22256 22262 22254
22262 22263 22260
22263 22262 22264
22263 22265 22260
22260 22265 22261
22262 22256 22266
22264 22262 22266
22264 22266 22267
22256 22247 22266
22266 22247 22268
22267 22266 22268
22209 22267 22268
22247 22211 22268
22208 22268 22211
22208 22209 22268
22269 22267 22209
22202 22269 22209
22201 22269 22202
22201 22180 22269
22270 22269 22180
22269 22270 22267
22270 22264 22267
22270 22180 22179
22270 22179 22264
22201 22199 22180
22199 22181 22180
22199 22194 22181
22179 22271 22264
22271 22263 22264
22263 22271 22272
22263 22272 22273
22178 22271 22179
22178 22274 22271
22271 22274 22275
22271 22275 22272
22276 22275 22274
22176 22276 22274
22178 22176 22274
22276 22277 22275
22278 22277 22276
22278 22276 22174
22276 22176 22174
22275 22277 22279
22278 22174 22280
22280 22281 22278
22278 22281 22277
22280 22282 22281
22280 22283 22282
22284 22281 22282
22285 22284 22282
22281 22284 22286
22281 22286 22277
22286 22279 22277
22287 22286 22284
22285 22287 22284
22279 22286 22287
22285 22288 22287
22289 22288 22285
22289 22285 22290
22290 22285 22291
22285 22282 22291
22292 22290 22291
22291 22282 22293
22283 22293 22282
22292 22291 22294
22294 22291 22293
22292 22294 22295
22295 22294 22293
22296 22292 22295
22295 22293 22297
22283 22297 22293
22283 22169 22297
22295 22298 22296
22296 22298 22299
22300 22296 22299
22301 22298 22295
22297 22169 22301
22301 22295 22297
22299 22302 22300
22302 22299 22303
22298 22303 22299
22150 22302 22303
22149 22150 22303
22149 22303 22304
22304 22298 22301
22169 22304 22301
22303 22298 22304
22304 22151 22149
22304 22165 22151
22169 22165 22304
22302 22150 22305
22302 22305 22306
22307 22306 22305
22306 22307 22308
22309 22308 22307
22308 22309 22310
22311 22310 22309
22310 22311 22312
22313 22312 22311
22312 22313 22314
22315 22314 22313
22314 22315 22316
22317 22316 22315
22316 22317 22318
22315 22160 22317
22160 22315 22158
22315 22159 22158
22159 22315 22313
22311 22159 22313
22159 22311 22163
22309 22163 22311
22163 22309 22164
22307 22164 22309
22164 22307 22148
22305 22148 22307
22148 22305 22150
22236 22319 22320
22320 22234 22236
22321 22234 22320
22234 22321 22231
22321 22232 22231
22232 22321 22322
22322 22226 22232
22226 22322 22323
22323 22223 22226
22223 22323 22324
22324 22220 22223
22220 22324 22325
22325 22222 22220
22222 22325 22326
22327 22328 22329
22328 22327 22330
22327 22331 22330
22331 22327 22332
22306 22333 22302
22334 22335 22336
22336 22337 22334
22337 22336 22338
22334 22337 22205
22334 22206 22335
22334 22205 22206
22206 22215 22335
22217 22335 22215
22335 22217 22339
22336 22335 22339
22340 22337 22338
22337 22340 22341
22340 22342 22341
22342 22340 22343
22203 22337 22341
22337 22203 22205
22342 22200 22341
22203 22341 22200
22343 22195 22342
22342 22195 22198
22342 22198 22200
22195 22343 22197
22344 22345 22346
22347 22346 22345
22265 22347 22345
22344 22346 22348
22348 22346 22288
22346 22287 22288
22346 22279 22287
22347 22279 22346
22279 22347 22275
22347 22272 22275
22272 22347 22273
22265 22273 22347
22265 22345 22349
22261 22265 22349
22348 22288 22289
22263 22273 22265
22167 22186 22350
22154 22167 22350
22187 22350 22186
22187 22351 22350
22351 22156 22350
22156 22154 22350
22167 22168 22186
22168 22172 22186
22154 22153 22167
22351 22161 22156
22171 22170 22280
22174 22171 22280
22170 22283 22280
22283 22170 22169
22352 22353 22354
22353 22352 22355
22353 22356 22354
22355 22357 22353
22353 22357 22356
22357 22355 22358
22358 22359 22357
22358 22360 22359
22361 22359 22360
22362 22355 22352
22355 22362 22363
22355 22363 22364
22358 22364 22360
22355 22364 22358
22365 22361 22360
22365 22360 22364
22366 22365 22364
22366 22364 22363
22367 22366 22363
22362 22367 22363
22367 22362 22368
22368 22369 22367
22369 22370 22367
22370 22366 22367
22369 22368 22371
22371 22372 22369
22372 22371 22373
22373 22374 22372
22374 22375 22372
22372 22375 22369
22375 22370 22369
22375 22374 22376
22374 22373 22377
22376 22378 22375
22378 22370 22375
22378 22376 22379
22379 22380 22378
22380 22379 22381
22378 22382 22370
22383 22382 22378
22380 22383 22378
22380 22384 22383
22366 22370 22382
22380 22381 22385
22380 22385 22384
22385 22386 22384
22387 22384 22386
22386 22388 22387
22389 22387 22388
22388 22390 22389
22390 22388 22391
22392 22390 22391
22390 22392 22393
22387 22389 22394
22394 22395 22387
22384 22387 22395
22383 22384 22395
22396 22395 22394
22383 22395 22396
22382 22383 22396
22393 22397 22390
22397 22393 22398
22390 22399 22389
22399 22390 22397
22400 22389 22399
22389 22400 22394
22391 22401 22392
22401 22391 22402
22388 22402 22391
22402 22388 22403
22388 22386 22403
22402 22404 22401
22404 22402 22405
22403 22405 22402
22405 22403 22406
22403 22407 22406
22407 22403 22386
22386 22385 22407
22398 22408 22397
22408 22398 22409
22409 22410 22408
22410 22409 22411
22411 22412 22410
22413 22408 22410
22410 22412 22413
22412 22414 22413
22412 22415 22414
22416 22414 22415
22408 22413 22417
22417 22397 22408
22397 22417 22399
22418 22399 22417
22418 22417 22413
22399 22418 22400
22416 22415 22419
22420 22400 22418
22418 22421 22420
22418 22413 22421
22420 22421 22422
22422 22421 22423
22413 22424 22421
22416 22424 22414
22421 22424 22423
22413 22414 22424
22423 22424 22425
22424 22416 22425
22400 22420 22426
22420 22427 22426
22427 22420 22422
22394 22400 22426
22428 22425 22416
22419 22428 22416
22429 22428 22419
22430 22428 22429
22430 22429 22431
22432 22430 22431
22432 22433 22430
22432 22434 22433
22430 22433 22435
22430 22435 22428
22434 22436 22433
22433 22436 22437
22436 22438 22437
22437 22439 22433
22439 22440 22433
22440 22435 22433
22437 22441 22439
22439 22441 22442
22439 22442 22440
22440 22442 22443
22440 22443 22435
22441 22437 22444
22435 22443 22428
22428 22443 22425
22423 22425 22443
22423 22443 22445
22442 22445 22443
22445 22442 22446
22446 22442 22441
22446 22441 22447
22448 22447 22441
22444 22448 22441
22422 22423 22445
22422 22445 22449
22449 22445 22446
22449 22446 22450
22450 22446 22447
22450 22447 22356
22451 22356 22447
22451 22447 22448
22427 22422 22449
22427 22449 22452
22452 22449 22450
22452 22450 22357
22357 22450 22356
22359 22452 22357
22359 22453 22452
22453 22427 22452
22427 22453 22426
22394 22426 22453
22453 22361 22394
22361 22453 22359
22394 22361 22396
22365 22396 22361
22382 22396 22365
22366 22382 22365
22356 22451 22354
22354 22451 22454
22455 22354 22454
22455 22352 22354
22352 22455 22456
22457 22456 22455
22455 22454 22457
22456 22457 22458
22458 22457 22459
22458 22459 22460
22461 22460 22459
22456 22362 22352
22362 22456 22462
22456 22463 22462
22458 22460 22463
22456 22458 22463
22464 22460 22461
22464 22463 22460
22465 22463 22464
22465 22462 22463
22466 22462 22465
22466 22362 22462
22362 22466 22368
22467 22368 22466
22467 22466 22468
22468 22466 22465
22368 22467 22371
22469 22371 22467
22371 22469 22373
22470 22373 22469
22471 22470 22469
22469 22467 22471
22471 22467 22468
22470 22471 22472
22373 22470 22377
22473 22472 22471
22473 22471 22468
22472 22473 22474
22475 22474 22473
22474 22475 22476
22473 22468 22477
22478 22473 22477
22475 22473 22478
22475 22478 22479
22465 22477 22468
22475 22480 22476
22475 22479 22480
22481 22480 22479
22479 22482 22481
22483 22481 22482
22482 22484 22483
22485 22483 22484
22483 22485 22486
22485 22487 22486
22487 22485 22488
22484 22482 22489
22489 22482 22490
22482 22479 22490
22478 22490 22479
22491 22489 22490
22478 22491 22490
22477 22491 22478
22492 22488 22485
22488 22492 22493
22485 22494 22492
22494 22485 22484
22495 22484 22489
22484 22495 22494
22496 22486 22487
22486 22496 22497
22497 22483 22486
22483 22497 22498
22481 22483 22498
22499 22497 22496
22497 22499 22500
22500 22498 22497
22498 22500 22501
22498 22502 22481
22502 22498 22501
22480 22481 22502
22503 22493 22492
22493 22503 22504
22505 22504 22503
22504 22505 22506
22506 22505 22507
22503 22508 22505
22505 22508 22507
22507 22508 22509
22507 22509 22510
22511 22510 22509
22508 22503 22512
22492 22512 22503
22512 22492 22494
22494 22513 22512
22513 22508 22512
22513 22494 22495
22511 22514 22510
22495 22515 22513
22513 22515 22516
22513 22516 22508
22515 22517 22516
22517 22518 22516
22508 22516 22519
22511 22509 22519
22516 22518 22519
22508 22519 22509
22518 22520 22519
22519 22520 22511
22515 22495 22521
22515 22521 22522
22522 22517 22515
22489 22521 22495
22523 22511 22520
22514 22511 22523
22524 22514 22523
22525 22524 22523
22525 22526 22524
22527 22526 22525
22527 22525 22528
22527 22528 22529
22525 22530 22528
22525 22523 22530
22529 22528 22531
22528 22437 22531
22531 22437 22438
22437 22528 22532
22532 22528 22533
22533 22528 22530
22532 22533 22534
22533 22535 22534
22530 22523 22535
22533 22530 22535
22536 22437 22532
22532 22534 22536
22537 22536 22534
22538 22537 22534
22534 22535 22538
22518 22538 22535
22437 22536 22444
22518 22535 22520
22523 22520 22535
22517 22538 22518
22517 22539 22538
22539 22537 22538
22539 22540 22537
22540 22541 22537
22537 22541 22536
22536 22541 22448
22444 22536 22448
22522 22539 22517
22522 22542 22539
22542 22540 22539
22542 22457 22540
22454 22540 22457
22540 22454 22541
22451 22541 22454
22451 22448 22541
22459 22457 22542
22459 22542 22543
22543 22542 22522
22522 22521 22543
22489 22543 22521
22543 22489 22461
22461 22459 22543
22489 22491 22461
22464 22461 22491
22477 22464 22491
22465 22464 22477
22544 22545 22546
22545 22544 22547
22548 22549 22550
22549 22548 22551
22552 22550 22549
22550 22552 22553
22554 22553 22552
22553 22554 22555
22556 22557 22558
22557 22556 22559
22560 22558 22557
22558 22560 22561
22561 22560 22562
22560 22557 22563
22557 22559 22564
22564 22563 22557
22563 22564 22565
22563 22565 22566
22565 22567 22566
22565 22568 22567
22569 22566 22567
22569 22570 22566
22571 22566 22570
22571 22563 22566
22563 22571 22560
22560 22571 22572
22572 22571 22570
22562 22560 22572
22572 22570 22573
22570 22569 22574
22573 22570 22574
22573 22574 22575
22574 22576 22575
22576 22577 22575
22577 22576 22578
22579 22578 22576
22579 22576 22574
22574 22580 22579
22574 22569 22580
22581 22580 22569
22567 22581 22569
22567 22582 22581
22567 22568 22582
22577 22583 22575
22583 22584 22575
22584 22573 22575
22573 22584 22585
22572 22573 22585
22577 22586 22583
22578 22587 22577
22577 22587 22588
22586 22577 22588
22586 22589 22583
22590 22583 22589
22583 22590 22584
22584 22590 22591
22584 22591 22585
22589 22586 22592
22588 22592 22586
22593 22585 22591
22585 22593 22562
22562 22593 22594
22589 22592 22595
22596 22589 22595
22596 22590 22589
22597 22590 22596
22597 22591 22590
22598 22596 22595
22599 22596 22598
22599 22597 22596
22599 22600 22597
22600 22601 22597
22601 22591 22597
22601 22593 22591
22602 22601 22600
22601 22602 22603
22593 22601 22603
22593 22603 22594
22599 22604 22600
22605 22602 22600
22606 22605 22600
22604 22606 22600
22606 22607 22605
22594 22561 22562
22585 22562 22572
22608 22609 22610
22609 22608 22611
22612 22609 22611
22609 22612 22613
22612 22614 22613
22614 22612 22615
22615 22616 22614
22616 22615 22617
22617 22618 22616
22618 22617 22619
22619 22620 22618
22620 22619 22621
22621 22622 22620
22622 22621 22623
22624 22625 22626
22625 22624 22627
22626 22628 22624
22628 22626 22629
22630 22628 22629
22628 22630 22631
22632 22631 22630
22631 22632 22633
22634 22633 22632
22633 22634 22635
22636 22635 22634
22635 22636 22637
22638 22637 22636
22637 22638 22639
22640 22641 22642
22640 22642 22588
22588 22642 22592
22587 22640 22588
22643 22644 22645
22644 22643 22646
22645 22647 22643
22647 22645 22648
22649 22646 22643
22643 22650 22649
22650 22643 22647
22651 22649 22650
22647 22652 22650
22653 22650 22652
22651 22650 22653
22651 22653 22654
22651 22654 22655
22654 22656 22655
22657 22654 22653
22654 22657 22658
22654 22658 22656
22657 22653 22659
22653 22652 22659
22652 22660 22659
22660 22652 22647
22661 22660 22647
22661 22647 22648
22662 22661 22648
22663 22660 22661
22660 22663 22664
22660 22664 22659
22664 22665 22659
22665 22657 22659
22665 22666 22657
22657 22666 22658
22667 22665 22664
22665 22667 22668
22669 22665 22668
22665 22669 22666
22669 22668 22670
22671 22667 22664
22663 22671 22664
22671 22663 22672
22668 22667 22673
22670 22668 22673
22673 22674 22670
22667 22675 22673
22675 22667 22671
22675 22671 22676
22671 22672 22676
22677 22676 22672
22677 22672 22678
22678 22672 22679
22679 22680 22678
22662 22680 22679
22673 22675 22681
22681 22682 22673
22673 22682 22674
22682 22681 22683
22675 22684 22681
22684 22683 22681
22684 22675 22676
22685 22684 22676
22677 22685 22676
22686 22685 22677
22684 22687 22683
22687 22684 22685
22688 22687 22685
22686 22688 22685
22686 22677 22689
22689 22677 22678
22689 22678 22690
22680 22690 22678
22691 22689 22690
22692 22689 22691
22692 22691 22693
22689 22692 22694
22686 22689 22694
22682 22683 22695
22696 22682 22695
22682 22696 22674
22696 22695 22697
22698 22699 22700
22699 22698 22701
22699 22702 22700
22702 22699 22703
22704 22702 22703
22702 22704 22705
22706 22705 22704
22705 22706 22707
22708 22707 22706
22707 22708 22709
22710 22709 22708
22709 22710 22711
22712 22711 22710
22711 22712 22713
22714 22715 22716
22715 22714 22717
22718 22716 22715
22716 22718 22719
22718 22720 22719
22720 22718 22721
22721 22722 22720
22722 22721 22723
22723 22724 22722
22724 22723 22725
22725 22726 22724
22726 22725 22727
22727 22728 22726
22728 22727 22729
22730 22731 22732
22731 22730 22733
22734 22735 22736
22735 22734 22737
22737 22738 22735
22738 22737 22739
22739 22740 22738
22740 22739 22741
22672 22663 22679
22663 22661 22679
22661 22662 22679
22258 22239 22238
22238 22259 22258
22259 22238 22240
22240 22245 22259
22245 22257 22259
22229 22245 22240
22229 22241 22245
22212 22235 22227
