byte offset: 0
first index: 0
index count: 2250
topology: trianglelist
format: DXGI_FORMAT_R16_UINT

0 1 2
0 2 3
4 0 3
4 3 5
4 5 6
4 6 7
7 6 8
7 8 9
1 10 11
1 11 12
13 14 11
13 15 14
16 14 15
9 17 16
16 17 14
9 18 17
19 20 21
22 20 19
19 23 22
21 24 19
21 20 25
26 25 20
26 27 25
25 27 28
21 25 28
21 29 24
28 29 21
28 30 29
29 30 31
24 29 31
22 23 32
33 32 23
33 34 32
32 34 35
22 32 35
22 36 20
20 36 26
35 36 22
36 37 26
35 37 36
38 39 30
40 38 30
41 39 38
42 41 38
42 19 41
42 40 43
43 40 44
45 43 44
45 46 43
19 47 46
47 43 46
40 47 38
48 19 46
19 48 49
48 50 49
51 49 50
51 50 34
50 52 34
48 52 50
48 46 53
46 45 53
52 48 53
53 45 54
52 53 54
55 56 57
55 57 58
59 60 61
59 61 62
63 64 65
63 65 66
67 65 64
67 68 65
69 70 71
69 71 72
69 72 73
69 73 74
75 76 77
75 77 78
79 80 81
79 81 82
83 84 85
83 85 86
87 85 84
87 88 85
89 90 91
89 91 92
89 92 93
89 93 94
95 96 97
95 97 98
99 100 101
99 101 102
103 104 105
103 105 106
107 105 104
107 108 105
109 110 111
109 111 112
109 112 113
109 113 114
115 116 117
115 117 118
119 120 121
119 121 122
123 124 125
123 125 126
127 125 124
127 128 125
129 130 131
129 131 132
129 132 133
129 133 134
135 136 137
135 137 138
139 140 141
139 141 142
143 144 145
143 145 146
147 145 144
147 148 145
149 150 151
149 151 152
149 152 153
149 153 154
155 156 157
155 157 158
159 155 158
159 158 160
159 160 161
159 161 162
162 161 163
162 163 164
165 166 167
165 167 168
166 169 167
166 170 169
171 169 170
171 172 169
173 172 171
173 174 172
175 176 177
175 177 178
179 175 178
179 178 180
181 177 176
181 182 177
183 182 181
183 184 182
185 186 187
185 187 188
186 189 187
186 190 189
185 188 191
185 191 192
192 191 193
192 193 194
195 196 197
195 197 198
199 195 198
199 198 200
201 197 196
201 202 197
203 202 201
203 204 202
205 206 207
205 207 208
209 205 208
209 208 210
209 210 211
209 211 212
212 211 213
212 213 214
215 216 217
215 217 218
219 217 216
219 220 217
221 222 223
221 223 224
221 224 225
221 225 226
227 228 229
227 229 230
231 232 233
231 233 234
235 236 237
235 237 238
239 240 241
239 241 242
243 244 245
243 245 246
243 246 247
243 247 248
249 250 251
249 251 252
253 251 250
253 254 251
255 256 257
258 259 260
261 262 263
261 263 264
265 263 262
265 266 263
267 268 261
267 261 269
270 271 265
270 265 272
273 274 275
273 275 276
273 276 277
273 277 278
274 279 280
274 280 281
278 282 283
278 283 284
285 286 287
285 287 288
289 287 286
289 290 287
291 292 293
291 293 294
291 294 295
291 295 296
297 298 299
297 299 300
301 302 303
301 303 304
305 306 307
305 307 308
305 308 309
305 309 310
311 312 313
311 313 314
315 313 312
315 316 313
317 318 319
320 321 319
322 323 324
325 326 324
327 328 329
330 331 332
333 334 335
333 335 336
337 338 339
337 339 340
341 342 343
341 343 344
342 345 346
342 346 347
348 341 349
348 349 350
351 352 353
351 353 354
355 351 356
355 356 357
352 358 359
352 359 360
361 362 363
361 363 364
362 365 366
362 366 367
365 368 369
365 369 370
371 372 373
371 373 374
375 371 376
375 376 377
378 375 379
378 379 380
381 382 383
384 381 383
382 385 383
386 387 388
389 386 388
390 389 388
391 392 393
392 394 393
395 391 393
396 397 398
397 399 398
399 400 398
401 402 403
402 404 403
405 406 402
406 405 407
406 407 408
408 407 409
408 409 410
410 409 411
410 411 412
412 411 413
413 414 412
412 414 415
414 416 415
416 414 417
416 417 418
419 418 417
420 421 422
420 422 423
423 422 424
423 424 425
424 426 425
426 427 425
426 428 427
429 428 426
429 430 428
431 430 429
431 429 432
433 431 432
427 428 434
433 432 435
436 433 435
436 437 433
438 436 435
437 436 439
440 437 439
440 439 441
440 441 442
440 442 443
438 444 436
445 446 447
448 445 447
449 445 450
449 450 451
452 453 454
454 453 455
454 455 456
456 455 457
458 453 452
459 460 461
459 461 462
463 464 465
466 467 468
466 469 467
466 470 469
466 468 471
471 468 472
471 472 473
474 471 473
474 475 471
475 474 476
477 475 476
477 476 478
479 480 481
479 482 480
482 479 483
482 484 480
484 482 485
486 485 482
486 482 487
488 489 490
491 492 493
494 495 496
497 495 494
497 498 495
497 494 499
494 500 499
497 499 501
502 503 504
504 503 505
506 504 507
507 508 506
507 509 508
509 510 508
509 511 510
511 512 510
511 513 512
513 514 512
514 513 515
513 516 515
515 516 517
517 518 515
517 519 518
520 518 519
521 522 523
521 523 524
522 525 523
522 526 525
525 526 527
527 526 528
527 528 529
530 527 529
530 529 531
532 530 531
532 533 530
534 533 532
528 535 529
534 536 533
537 536 534
537 534 538
539 536 537
538 540 537
541 540 538
541 542 540
541 543 542
541 544 543
539 537 545
546 547 548
549 547 546
550 551 546
550 552 551
553 554 555
554 556 555
554 557 556
557 558 556
559 553 555
560 561 562
560 563 561
564 565 566
567 568 569
567 569 570
567 570 571
567 572 568
572 573 568
572 574 573
575 574 572
575 572 576
576 577 575
577 576 578
577 578 579
580 581 582
580 582 583
583 584 580
583 582 585
585 586 583
587 583 586
587 588 583
589 590 591
592 593 594
595 596 597
598 595 597
598 597 599
598 600 595
595 600 601
598 602 600
603 604 605
603 605 606
607 608 609
607 609 610
611 612 613
611 613 614
615 616 617
615 617 618
619 620 621
619 621 622
623 624 625
623 625 626
627 628 629
627 629 630
631 632 633
631 633 634
635 636 637
635 637 638
639 640 641
639 641 642
643 644 645
643 645 646
647 648 649
647 649 650
651 652 653
651 653 654
655 656 657
655 657 658
659 660 661
659 661 662
663 664 665
663 665 666
667 668 669
670 671 672
673 674 675
673 675 676
677 678 679
677 679 680
681 682 683
684 682 685
686 687 688
689 687 690
691 692 693
694 695 696
697 698 699
697 699 700
701 702 703
701 703 704
705 706 707
705 707 708
708 709 710
708 710 711
712 713 705
712 714 713
715 716 717
715 717 718
719 720 715
719 721 720
718 722 723
718 723 724
725 726 727
725 727 728
728 729 730
728 730 731
731 732 733
731 733 734
735 736 737
735 737 738
739 740 735
739 741 740
742 743 739
742 744 743
745 746 747
748 746 745
747 746 749
750 751 752
753 751 750
754 751 753
755 756 757
757 756 758
759 756 755
760 761 762
762 761 763
763 761 764
765 766 767
768 767 769
768 769 770
768 770 771
768 771 772
773 772 771
773 771 774
769 767 775
776 769 775
777 778 779
777 779 780
778 781 779
778 782 781
782 783 781
784 785 786
784 786 787
788 784 787
785 789 786
785 790 789
791 789 790
791 792 789
793 792 791
794 795 796
794 796 797
794 797 798
794 798 799
799 798 800
799 800 801
802 801 800
802 800 803
804 802 803
804 803 805
804 805 806
804 806 807
808 809 810
808 810 811
812 813 814
815 816 817
815 817 818
819 815 818
819 818 820
821 819 820
822 823 824
822 824 825
826 827 828
828 827 829
830 828 831
831 832 830
831 833 832
833 834 832
833 835 834
835 836 834
835 837 836
837 838 836
838 837 839
837 840 839
839 840 841
841 842 839
841 843 842
844 842 843
845 846 847
845 847 848
846 849 847
846 850 849
849 850 851
851 850 852
851 852 853
854 851 853
854 853 855
856 854 855
856 857 854
858 857 856
852 859 853
858 860 857
861 860 858
861 858 862
863 860 861
862 864 861
865 864 862
865 866 864
865 867 866
865 868 867
863 861 869
870 871 872
873 871 870
874 875 870
874 876 875
877 878 879
878 880 879
878 881 880
881 882 880
883 877 879
884 885 886
887 888 889
887 889 890
887 890 891
887 892 888
892 893 888
892 894 893
895 894 892
895 892 896
896 897 895
898 897 896
898 899 897
900 901 902
900 902 903
903 904 900
903 902 905
905 906 903
907 903 906
907 908 903
909 910 911
912 913 914
915 916 917
915 917 918
918 917 919
918 919 920
920 919 921
922 923 924
922 924 925
926 927 928
929 928 927
930 929 927
930 931 929
930 932 931
930 933 932
934 932 933
934 935 932
936 937 929
938 939 940
938 940 941
941 940 942
941 942 943
943 942 944
945 946 947
945 947 948
949 946 945
948 947 950
948 950 951
952 951 950
952 950 953
954 952 953
955 956 957
955 957 958
959 960 961
962 963 964
962 964 965
966 963 962
966 967 963
968 967 966
969 970 971
969 971 972
973 974 975
974 976 975
977 978 974
978 977 979
978 979 980
980 979 981
980 981 982
982 981 983
982 983 984
984 983 985
985 986 984
984 986 987
986 988 987
988 986 989
988 989 990
991 990 989
992 993 994
992 994 995
995 994 996
995 996 997
996 998 997
998 999 997
998 1000 999
1001 1000 998
1001 1002 1000
1003 1002 1001
1003 1001 1004
1005 1003 1004
999 1000 1006
1005 1004 1007
1008 1005 1007
1008 1009 1005
1010 1008 1007
1009 1008 1011
1012 1009 1011
1012 1011 1013
1012 1013 1014
1012 1014 1015
1010 1016 1008
1017 1018 1019
1020 1017 1019
1021 1017 1022
1021 1022 1023
1024 1025 1026
1026 1025 1027
1026 1027 1028
1028 1027 1029
1030 1025 1024
1031 1032 1033
1034 1035 1036
1034 1037 1035
1034 1038 1037
1034 1036 1039
1039 1036 1040
1039 1040 1041
1042 1039 1041
1042 1043 1039
1043 1042 1044
1044 1045 1043
1044 1046 1045
1047 1048 1049
1047 1050 1048
1050 1047 1051
1050 1052 1048
1052 1050 1053
1054 1053 1050
1054 1050 1055
1056 1057 1058
1059 1060 1061
1062 1063 1064
1062 1064 1065
1063 1066 1064
1063 1067 1066
1067 1068 1066
1069 1070 1071
1069 1071 1072
1073 1074 1075
1073 1075 1076
1077 1078 1079
1077 1079 1080
