byte offset: 0
first index: 0
index count: 5979
topology: trianglelist
format: DXGI_FORMAT_R16_UINT

0 1 2
0 3 1
4 5 6
4 6 7
7 6 8
8 9 7
10 9 8
10 11 9
10 12 11
12 10 13
13 14 12
14 13 15
15 16 14
16 15 17
18 16 17
18 19 16
20 19 18
20 21 19
21 20 22
23 21 22
22 24 23
25 26 27
28 26 25
25 27 29
30 29 27
31 29 30
32 31 30
32 30 33
34 32 33
35 34 33
36 34 35
37 36 35
38 36 37
38 37 39
40 38 39
41 40 39
41 39 42
43 41 42
44 43 42
45 44 42
45 46 44
46 45 47
46 47 48
48 47 49
48 49 50
50 49 51
50 51 52
51 53 52
53 54 52
54 53 55
53 56 55
57 55 56
56 58 57
59 57 58
60 59 58
60 61 59
60 62 61
62 63 61
62 64 63
63 64 65
63 65 66
67 66 65
68 69 70
69 71 70
72 70 71
72 71 73
74 72 73
74 73 75
75 76 74
76 75 77
77 78 76
77 79 78
77 80 79
80 81 79
80 82 81
82 80 83
84 82 83
85 84 83
85 83 86
86 87 85
87 86 88
89 88 86
89 90 88
91 90 89
92 91 89
91 93 90
91 92 94
92 95 94
91 94 96
93 91 96
97 96 94
97 94 98
98 94 95
98 95 99
97 98 100
98 101 100
98 99 101
99 102 101
103 100 101
104 103 101
104 101 102
104 102 105
106 103 104
104 107 106
107 104 105
108 107 105
106 107 109
107 110 109
107 108 110
110 111 109
111 112 109
111 113 112
114 115 116
115 117 116
117 68 116
117 69 68
115 114 118
114 119 118
120 118 119
120 121 118
122 121 120
122 123 121
124 123 122
125 126 127
126 125 128
129 128 125
128 129 130
130 129 131
132 127 126
127 132 133
134 133 132
133 134 135
136 135 134
135 136 137
138 137 136
129 139 131
140 141 142
141 143 142
141 144 143
144 145 143
144 146 145
143 145 147
148 143 147
143 148 149
140 142 150
150 151 140
151 150 152
152 153 151
153 152 154
154 155 153
155 154 156
157 155 156
155 157 158
158 157 159
149 160 161
149 162 160
162 163 160
162 164 163
164 165 163
164 166 165
167 165 166
165 167 168
169 168 167
168 169 170
171 170 169
170 171 172
173 172 171
172 173 174
175 174 173
174 175 176
177 176 175
176 177 178
179 178 177
180 181 182
181 180 183
184 183 180
183 184 185
186 185 184
185 186 187
188 187 186
187 188 189
190 189 188
189 190 191
192 182 181
182 192 193
194 193 192
193 194 195
196 195 194
190 197 191
198 199 200
199 201 200
201 199 202
203 201 202
199 204 202
198 200 205
206 198 205
205 200 207
205 207 208
206 205 208
206 208 209
209 208 210
207 211 208
211 212 208
208 212 213
208 213 210
212 214 213
210 213 215
213 214 215
215 216 210
217 216 215
214 218 215
218 219 215
219 217 215
219 220 217
221 220 219
222 221 219
222 219 223
224 223 219
224 225 223
226 225 224
224 227 226
228 226 227
228 227 229
230 229 227
230 227 224
230 231 229
230 232 231
232 233 231
233 232 234
232 235 234
235 232 230
235 230 224
235 224 236
224 219 236
237 236 219
237 219 218
234 238 233
234 239 238
239 234 240
234 241 240
242 243 244
242 245 243
246 247 248
247 246 249
249 250 247
250 249 251
251 252 250
252 251 253
246 248 254
255 246 254
256 257 258
256 259 257
260 259 256
260 256 261
261 256 262
256 258 262
263 260 261
264 263 261
264 261 265
261 262 265
264 266 263
267 257 259
268 257 267
257 268 269
258 257 269
268 267 270
271 264 265
272 264 271
264 272 266
273 266 272
273 272 274
274 272 271
266 273 275
276 275 273
275 276 277
278 277 276
277 278 279
280 279 278
279 280 281
282 281 280
281 282 283
284 283 282
283 284 285
286 285 284
285 286 287
288 287 286
287 288 289
290 289 288
289 290 291
292 291 290
291 292 293
294 293 292
293 294 295
296 294 292
290 296 292
294 296 297
297 298 294
298 295 294
298 297 299
299 300 298
300 301 298
295 298 301
301 300 302
303 302 300
302 303 304
305 303 300
300 299 305
303 305 306
307 303 306
307 304 303
296 290 308
288 308 290
308 288 309
286 309 288
309 286 310
284 310 286
310 284 311
282 311 284
311 282 312
280 312 282
312 280 313
278 313 280
313 278 314
276 314 278
314 276 315
273 315 276
315 273 316
316 273 274
317 318 319
319 318 320
319 320 321
321 320 322
323 321 322
322 324 323
324 322 325
325 326 324
326 325 327
327 328 326
328 327 329
329 330 328
330 329 331
331 332 330
332 331 333
333 334 332
334 333 335
335 336 334
336 335 337
338 336 337
336 338 339
340 339 338
339 340 341
342 341 340
341 342 343
344 343 342
343 344 345
346 345 344
345 346 347
348 347 346
347 348 349
350 349 348
351 352 353
354 353 352
355 354 352
354 355 356
354 356 28
28 356 26
357 358 359
358 357 360
359 361 357
360 362 358
362 360 363
363 364 362
364 363 365
365 366 364
366 365 367
366 367 368
366 368 369
370 369 368
371 369 370
370 372 371
372 373 371
374 370 368
374 368 375
376 375 368
376 377 375
377 376 378
370 374 379
370 379 372
372 379 380
372 380 381
373 372 381
379 374 382
382 383 379
383 382 384
382 385 384
386 384 385
382 374 387
382 387 385
387 388 385
389 383 384
390 389 384
391 390 384
386 391 384
392 390 391
393 392 391
393 394 392
394 393 395
395 396 394
396 395 397
398 397 395
397 399 396
399 397 400
401 400 397
398 401 397
402 400 401
400 402 403
404 403 402
400 405 399
405 400 403
405 403 404
393 406 395
398 395 406
406 393 407
391 407 393
407 391 386
408 398 409
408 409 410
409 411 410
411 409 412
412 388 411
388 412 413
388 413 385
414 415 416
415 414 417
417 418 415
418 417 419
419 420 418
420 419 421
421 422 420
422 421 423
416 424 414
424 416 425
423 426 422
426 423 427
427 428 426
428 427 429
429 430 428
430 429 431
432 430 431
424 425 433
425 434 433
434 435 433
435 434 436
437 438 439
438 440 439
440 438 441
441 442 440
442 441 443
443 444 442
444 443 445
445 446 444
446 445 447
447 448 446
448 447 449
449 450 448
450 449 451
451 378 450
378 451 452
377 378 452
453 454 455
453 456 454
457 456 453
457 458 456
455 454 459
459 460 455
458 457 461
458 461 462
463 462 461
463 461 464
463 464 465
461 466 464
467 466 461
457 467 461
466 468 464
457 453 469
467 457 469
460 470 455
471 470 460
472 460 459
472 471 460
472 473 471
473 474 471
474 475 471
474 476 475
474 477 476
477 478 476
479 478 477
477 480 479
479 481 478
478 482 476
479 480 483
484 479 483
485 479 484
479 485 486
485 487 486
488 484 483
202 489 490
203 490 491
203 492 490
493 494 495
493 495 496
493 496 497
494 493 498
499 498 493
499 493 497
497 500 499
500 501 499
501 502 499
499 502 498
503 504 505
506 505 504
506 507 505
508 509 510
508 510 511
509 508 512
513 512 508
514 513 508
509 515 510
509 512 516
509 516 517
517 518 509
518 515 509
517 519 518
516 520 517
520 519 521
520 521 517
517 521 519
511 522 508
508 522 514
514 522 523
523 522 511
523 511 524
524 525 523
525 526 523
523 526 527
523 527 514
528 529 530
531 529 528
529 532 530
530 532 533
533 528 530
531 534 529
529 534 535
529 535 532
536 537 538
536 539 537
540 541 542
540 542 543
544 545 546
547 544 546
547 546 548
549 547 548
549 550 547
551 550 549
551 549 552
553 554 555
556 553 555
557 558 559
557 559 560
561 557 560
560 562 561
562 560 563
563 564 562
564 563 565
566 564 565
564 566 567
568 569 570
569 568 571
572 573 574
575 573 572
573 575 576
577 576 575
576 577 578
579 578 577
578 579 580
581 580 579
573 582 574
583 584 585
586 583 585
583 587 584
588 589 590
589 588 591
592 589 591
592 591 593
594 595 596
595 594 597
597 594 598
598 599 597
599 598 600
598 601 600
599 602 597
603 604 605
606 604 603
607 606 603
608 606 607
607 603 609
608 610 606
608 611 610
611 608 612
612 613 611
613 612 614
615 613 614
616 617 618
617 619 618
620 617 616
620 616 621
622 620 621
620 622 623
624 623 622
623 624 625
626 625 624
625 626 627
628 627 626
627 628 629
630 629 628
629 630 631
632 631 630
631 632 633
634 633 632
633 634 635
634 636 635
453 455 637
470 637 455
469 453 637
638 373 381
161 143 149
639 640 641
640 642 641
640 643 642
644 643 640
644 645 643
645 644 646
647 644 640
639 647 640
641 648 639
641 649 648
650 649 641
650 641 642
649 650 651
652 648 649
653 652 649
651 653 649
654 652 653
654 653 655
651 655 653
656 655 651
657 655 656
657 654 655
651 658 656
647 659 644
660 644 659
644 660 646
660 659 661
662 660 661
662 663 660
662 661 664
665 657 656
665 656 666
666 656 658
658 667 666
665 666 668
667 669 666
668 666 669
668 669 670
667 671 669
669 672 670
672 669 671
672 671 673
674 672 673
674 673 675
676 674 675
677 674 676
674 677 678
676 675 679
674 678 680
672 674 680
672 680 670
676 679 681
677 676 681
679 682 681
681 682 683
684 677 681
684 681 685
681 683 685
685 683 686
687 684 685
685 688 687
688 685 686
689 688 686
689 690 688
691 688 690
688 691 692
688 692 687
690 693 691
693 690 694
695 693 694
695 694 696
696 690 689
690 696 694
697 698 699
698 697 700
700 701 698
701 700 702
702 703 701
703 702 704
704 705 703
705 704 706
706 707 705
707 706 708
709 699 698
699 709 710
710 711 699
711 697 699
698 712 709
712 698 701
713 701 703
701 713 712
714 703 705
703 714 713
715 705 707
705 715 714
715 707 716
707 717 716
707 708 717
715 716 718
719 720 721
722 719 721
722 721 723
724 719 722
720 719 725
726 720 725
727 722 723
723 728 727
727 729 722
729 724 722
728 730 727
731 727 730
727 731 729
731 732 729
729 732 733
729 733 724
734 724 733
734 735 724
736 735 734
737 736 734
737 734 738
734 733 738
736 737 739
738 740 737
741 740 738
733 741 738
742 741 733
742 733 732
732 743 742
740 744 737
745 740 741
745 741 746
741 742 746
747 739 737
747 737 744
744 748 747
745 749 740
749 744 740
748 744 749
750 748 749
745 751 749
751 750 749
750 752 748
750 753 752
753 750 754
750 751 754
754 755 753
756 753 755
752 753 757
753 758 757
758 753 756
757 758 759
760 759 758
757 759 761
759 762 761
763 761 762
763 762 764
765 764 762
766 761 763
761 766 767
757 761 767
757 767 752
752 767 768
763 769 766
770 766 769
767 766 770
768 767 770
771 769 763
769 771 772
770 769 772
770 772 773
770 773 768
772 774 773
775 771 763
763 764 775
776 771 775
774 772 776
771 776 772
777 774 776
777 776 778
778 776 775
779 774 777
780 774 779
780 773 774
781 780 779
782 779 777
779 782 783
783 781 779
784 781 783
783 782 785
786 783 785
786 784 783
785 787 786
786 787 788
788 787 789
790 782 777
791 782 790
785 791 787
789 787 791
791 785 782
791 792 789
791 790 792
789 792 793
792 794 793
790 794 792
790 795 794
795 790 796
794 797 793
795 797 794
793 797 798
795 799 797
800 793 798
801 800 798
800 801 802
803 797 799
803 798 797
804 798 803
801 798 804
800 805 793
800 806 805
800 802 806
806 807 805
795 808 799
808 809 799
799 809 810
799 810 803
811 803 810
803 811 804
810 812 811
813 812 810
810 814 813
814 810 809
814 809 815
814 815 816
813 814 816
813 816 817
817 816 818
811 812 819
819 812 813
820 804 811
804 820 821
822 821 820
823 821 822
823 824 821
824 823 825
820 826 822
826 820 827
827 828 826
829 826 828
826 829 830
822 826 830
831 822 830
831 823 822
823 831 832
833 832 831
830 834 831
831 834 833
834 835 833
829 836 830
830 836 834
837 834 836
834 837 835
838 829 828
838 839 829
829 839 836
839 840 836
837 836 840
828 827 841
828 841 842
842 838 828
842 843 838
844 838 843
838 844 839
844 845 839
839 845 840
845 846 840
840 846 847
840 847 837
837 847 848
837 848 835
847 849 848
846 850 847
847 850 849
842 851 843
851 842 841
843 852 844
853 852 843
851 853 843
852 854 844
844 854 845
855 845 854
845 855 846
855 854 856
857 855 856
855 857 858
855 858 846
846 858 850
859 858 857
860 859 857
860 857 856
861 850 858
862 860 856
859 863 858
863 861 858
864 861 863
865 863 859
865 864 863
859 866 865
866 867 865
867 868 865
869 868 867
870 856 854
870 862 856
869 871 868
869 872 871
868 871 873
874 873 871
874 871 872
875 873 874
874 876 875
877 874 872
878 877 872
869 878 872
874 877 879
874 879 876
880 876 879
876 880 881
882 881 880
881 882 883
884 883 882
883 884 885
882 886 884
886 882 887
880 887 882
888 886 887
889 888 887
887 880 889
889 879 877
879 889 880
877 890 889
878 890 877
888 889 891
890 891 889
892 884 886
886 893 892
894 892 893
892 894 895
896 895 894
895 896 897
898 897 896
897 899 895
899 897 900
900 897 898
900 901 899
901 900 902
898 902 900
903 899 901
899 903 904
904 895 899
895 904 892
884 892 904
904 885 884
885 904 903
893 886 905
888 905 886
906 907 908
909 906 908
906 909 910
910 911 906
911 910 912
913 911 912
914 912 910
912 914 915
915 916 912
916 913 912
916 917 913
918 913 917
913 918 919
913 919 911
918 920 919
919 921 911
919 920 921
911 921 922
917 923 918
923 917 924
924 925 923
925 926 923
925 924 927
928 918 923
926 928 923
918 928 920
927 929 925
929 927 930
930 931 929
931 930 932
933 929 931
934 933 931
934 931 932
935 934 932
929 933 936
929 937 925
925 937 926
929 936 937
932 938 935
938 932 930
939 930 927
930 939 938
927 940 939
940 927 924
924 941 940
941 924 917
917 916 941
908 942 943
942 944 943
944 945 943
946 943 945
943 946 947
947 946 948
944 942 949
949 950 944
950 951 944
951 945 944
950 949 952
949 953 952
942 954 949
954 955 949
949 955 953
942 956 954
956 942 907
907 922 956
922 957 956
958 956 957
956 958 959
956 959 960
954 960 955
956 960 954
922 961 957
958 957 962
961 962 957
963 962 961
964 958 962
965 964 962
963 965 962
963 966 965
967 965 966
965 967 968
965 968 964
966 963 969
966 970 967
970 966 971
969 971 966
971 972 970
972 971 973
974 973 971
971 969 974
973 974 975
973 976 972
976 973 977
975 977 973
977 978 976
978 977 979
979 980 978
980 979 981
982 981 979
981 982 983
979 984 982
984 979 977
977 975 984
981 985 980
985 981 986
983 986 981
986 987 985
987 986 988
988 989 987
989 988 990
990 991 989
991 990 992
993 992 990
990 988 993
992 993 994
988 995 993
995 988 986
995 986 996
986 983 996
992 997 991
997 992 998
994 998 992
998 999 997
999 998 1000
1001 1000 998
998 994 1001
1000 1001 1002
1000 1003 999
1003 1000 1004
1005 1003 1004
1006 1005 1004
1006 1000 1002
1000 1006 1004
1007 1008 1009
1007 1010 1008
1008 1010 1011
1008 1011 1012
1012 1011 1013
1011 1014 1013
1015 1010 1007
1016 1011 1010
1016 1010 1015
1011 1016 1014
1016 1015 1017
1017 1015 948
948 1015 1007
1017 951 1016
951 1018 1016
1019 1018 951
945 951 1017
1017 946 945
946 1017 948
1018 1019 1020
1016 1018 1020
1014 1016 1020
950 1019 951
1019 950 1021
1022 1019 1021
1021 1023 1022
1023 1024 1022
1023 1025 1024
1026 1023 1021
1027 1025 1023
1027 1023 1026
1025 1028 1024
1025 1029 1028
1029 1030 1028
1030 1029 1031
1029 1032 1031
1032 1029 1025
1033 1032 1025
1034 1033 1025
1027 1034 1025
1033 1035 1032
1033 1036 1035
1033 1034 1036
1037 1035 1036
1037 1038 1035
1035 1038 743
743 1039 1035
1035 1039 1032
1039 1040 1032
1040 1039 1041
1039 743 1041
1041 743 732
1038 1037 1042
1043 1040 1041
1031 1032 1044
1032 1040 1044
1031 1044 1045
1046 1045 1044
1045 1046 1047
731 1041 732
1043 1041 731
1043 731 730
1042 746 1038
1048 746 1042
1048 745 746
751 745 1048
1047 1046 1049
1050 1047 1049
1050 1049 1051
1052 1050 1051
1052 1051 1053
746 742 1038
742 743 1038
725 1054 1055
1056 1054 725
735 1056 725
735 725 719
719 724 735
736 1056 735
1056 736 1057
1057 1058 1056
1058 1054 1056
1055 1054 1058
1058 1059 1055
1059 1060 1055
1060 1059 1061
1062 1059 1058
1058 784 1062
1063 1062 784
1063 1064 1062
1065 1062 1064
1062 1065 1066
1059 1062 1066
1059 1066 1061
1065 1061 1066
1064 1063 1067
1068 1067 1063
1068 1069 1067
1069 1065 1064
1067 1069 1064
1063 1070 1068
1063 1071 1070
784 1071 1063
1072 1068 1070
1070 1073 1072
1072 1073 1074
1073 1075 1074
1070 1075 1073
1074 1075 1076
1074 1076 1077
1076 1075 1078
1076 1078 1079
1079 1077 1076
1078 1075 1080
1075 1070 1080
1080 1070 1071
1081 1080 1071
1080 1081 1082
1078 1080 1082
1078 1082 1083
1078 1083 1079
1081 1071 1084
1081 1084 788
1081 788 1085
1081 1085 1082
784 1084 1071
786 1084 784
1084 786 788
788 789 1085
1086 1085 789
1082 1085 1086
1083 1082 1086
1087 1083 1086
1083 1087 1088
1079 1083 1088
1088 1089 1079
1089 1077 1079
1074 1077 1089
1086 789 793
805 1086 793
1087 1086 805
1087 1090 1088
1090 1087 805
1090 1091 1088
1091 1090 805
1091 1092 1088
1093 1092 1091
1092 1094 1088
1092 1093 1095
1094 1092 1095
1093 1096 1095
1096 1094 1095
1093 1097 1096
1097 1098 1096
1097 1099 1098
1097 1093 1100
1099 1097 1100
807 1093 1091
807 1091 805
1093 807 1101
1100 1093 1101
806 1101 807
1101 806 802
1099 1102 1098
1102 1099 1100
1103 1100 1101
1100 1103 1102
1104 1102 1103
1105 1104 1103
825 1105 1103
824 825 1103
1103 1106 824
1106 1101 802
1101 1106 1103
825 1107 1105
825 823 1107
832 1107 823
824 1106 1108
802 1108 1106
824 1108 821
1108 1109 821
802 1109 1108
804 821 1109
802 801 1109
1109 801 804
1110 1111 1112
1110 1112 860
1111 1113 1112
1113 1111 1114
1112 1113 1115
859 1112 1115
860 1112 859
1113 1116 1115
1113 1117 1116
1113 1114 1117
1117 664 1116
1117 662 664
663 662 1117
1114 663 1117
862 1110 860
663 646 660
1118 1119 1120
1119 1118 1121
1122 1121 1118
1121 1122 1123
1124 1119 1121
1123 1124 1121
1119 1124 1125
1119 1125 1126
1120 1119 1126
1126 1125 1127
1128 1125 1124
1125 1128 1127
1124 1129 1128
1129 1124 1130
1124 1123 1130
1130 1131 1129
1130 1132 1131
1123 1132 1130
1123 1133 1132
1133 1123 1122
1134 1133 1122
1135 1133 1134
1133 1135 1136
1137 1132 1133
1136 1137 1133
1132 1137 1138
1132 1138 1131
1138 1137 1139
1140 1137 1136
1137 1140 1139
1140 1136 1141
1136 1135 1141
1135 1142 1141
1141 1143 1140
1143 1141 1144
1141 1142 1144
1142 1145 1144
861 1143 1144
861 1144 1146
1147 1146 1144
1145 1147 1144
850 1146 1147
850 861 1146
1147 849 850
1140 1143 1148
861 1148 1143
1139 1140 1148
1148 1149 1139
1149 1150 1139
1150 1149 873
868 873 1149
868 1149 865
864 865 1149
1149 1148 864
861 864 1148
875 1150 873
1151 1152 1153
1152 1154 1153
1152 1155 1154
1154 1155 870
1156 1154 870
1156 870 1157
870 1158 1157
1159 1157 1158
1159 1158 852
854 852 1158
1158 870 854
853 1159 852
1160 1151 1153
1161 1151 1160
1161 1162 1151
1163 1162 1161
1164 1163 1161
1165 1164 1161
1165 1161 1160
1166 1163 1164
1167 1166 1164
1168 1166 1167
1166 1168 1169
1163 1166 1169
1163 1169 1170
1162 1163 1170
1162 1170 1171
1171 1151 1162
1171 1172 1151
1173 1151 1172
1168 1167 1174
1175 1168 1174
1176 1175 1174
1177 1175 1176
1168 1175 1178
1175 1177 1178
1177 1179 1178
1177 1180 1179
1168 1178 1181
1168 1181 1169
1177 1182 1180
1183 1180 1182
1180 1183 1184
1185 1182 1177
1177 1176 1185
1182 1185 1186
1186 1183 1182
1183 1186 1187
1187 1188 1183
1188 1184 1183
1188 1187 1189
1188 1189 1190
1188 1190 1191
1184 1188 1191
811 827 820
827 811 819
827 819 841
1192 841 819
841 1192 851
1192 819 1193
813 1193 819
1194 809 808
815 809 1194
808 775 1194
765 815 1194
816 815 765
765 1194 764
1194 775 764
808 778 775
808 795 778
795 796 778
777 778 796
777 796 790
816 765 762
818 816 762
762 1195 818
817 818 1195
909 943 947
1196 909 947
1196 910 909
910 1196 914
1196 947 1197
909 908 943
1197 947 948
1197 948 1198
908 907 942
906 922 907
911 922 906
1199 1200 1201
1201 1200 1022
1022 1024 1201
1202 1030 1203
1202 1028 1030
1202 1203 1204
1204 1205 1202
1205 1204 1206
1207 1205 1206
1207 1206 1208
1208 1209 1207
781 1058 1057
1057 780 781
780 1057 739
773 780 739
784 1058 781
1057 736 739
747 773 739
773 747 768
747 748 768
768 748 752
950 952 1021
952 953 1021
953 1210 1021
1026 1021 1210
1211 760 758
1211 758 756
1212 1213 1214
1215 1214 1213
1214 1215 1216
1217 1216 1215
1212 1214 1218
1212 1218 1219
1218 1220 1219
1221 1219 1220
1221 1220 1222
1223 1221 1222
1223 1222 1164
1165 1223 1164
726 725 1055
726 1055 1060
1224 1225 1226
1225 1227 1226
1226 1227 1228
1226 1228 1229
1230 1226 1229
1224 1226 1230
1231 1224 1230
1227 1232 1228
1227 1233 1232
1234 1232 1233
1234 1235 1232
1234 1236 1235
1236 1234 1237
1238 1237 1234
1234 1233 1238
1225 1238 1227
1238 1233 1227
1225 1239 1238
1232 1235 1240
1235 1236 1241
1236 1242 1241
1242 1236 1243
1236 1237 1243
1235 1241 1244
1240 1235 1244
1240 1244 1245
1242 1243 1246
1247 1240 1245
1247 1245 1248
1249 1240 1247
1249 1232 1240
1250 1249 1247
1251 1250 1247
1251 1247 1248
1251 1248 1252
1250 1251 1253
1253 1254 1250
1254 1253 1255
1254 1255 1256
1257 1256 1255
1256 1257 1258
1259 1258 1257
1258 1259 1260
1261 1260 1259
1261 1259 1262
1257 1263 1259
1259 1263 1262
1263 1257 1264
1264 1255 1253
1255 1264 1257
1250 1254 1265
1254 1266 1265
1254 1256 1266
1267 1253 1251
1253 1267 1264
1268 1264 1267
1264 1268 1263
1262 1263 1268
1268 1267 1269
1268 1269 1270
1270 1262 1268
1271 1262 1270
1266 1272 1265
1228 1265 1272
1228 1249 1265
1229 1228 1272
1261 1262 1273
1271 1273 1262
1273 1271 1274
1273 1274 1275
1276 1273 1275
1251 1252 1267
1267 1252 1269
1228 1232 1249
1276 1261 1273
1277 1276 1275
1278 1277 1275
1277 1278 1279
1280 1278 1275
1280 1275 1274
1281 1278 1280
1281 1282 1278
1279 1278 1282
1283 1279 1282
1284 1282 1281
1284 1285 1282
1285 1283 1282
1285 1286 1283
1287 1286 1285
1288 1285 1284
1288 1289 1285
1287 1285 1289
1290 1287 1289
1291 1289 1288
1291 1292 1289
1292 1290 1289
1292 1291 1293
1292 1293 1294
1292 1294 1295
1290 1292 1295
1294 1296 1295
1296 1294 1297
1298 1296 1297
1297 1299 1298
1299 1297 1300
1297 1294 1300
1294 1293 1300
1301 1298 1299
1298 1301 1302
1296 1298 1302
1303 1304 1305
1224 1303 1305
1231 1303 1224
1224 1305 1225
1231 1306 1303
1306 1307 1303
1304 1303 1307
1306 1308 1307
1308 1309 1307
1304 1307 1310
1310 1307 1309
1308 1311 1309
1311 1312 1309
1312 1311 1313
1313 1314 1312
1314 1313 1315
1316 1314 1315
1317 1316 1315
1312 1314 1318
1318 1314 1316
1316 1317 1319
1316 1319 1320
1318 1316 1320
1320 1319 1321
1321 1322 1320
1318 1320 1322
1322 1321 1323
1324 1322 1323
1323 1325 1324
1325 1326 1324
1327 1324 1326
1327 1326 1328
1243 1328 1326
1243 1326 1246
1246 1326 1325
1237 1328 1243
1329 1328 1237
1329 1237 1238
1328 1330 1327
1328 1329 1330
1329 1331 1330
1331 1329 1239
1239 1329 1238
1239 1332 1331
1331 1332 1333
1331 1333 1334
1330 1331 1334
1327 1330 1334
1324 1327 1334
1310 1333 1332
1334 1333 1310
1334 1310 1335
1318 1334 1335
1310 1309 1335
1309 1312 1335
1318 1335 1312
1332 1304 1310
1239 1305 1332
1305 1304 1332
1225 1305 1239
1322 1334 1318
1334 1322 1324
1336 1337 1338
1337 1336 1339
1337 1339 1340
1338 1341 1336
1341 1338 1342
1343 1341 1342
1341 1343 1344
1345 1344 1343
1344 1345 1346
1347 1346 1345
1346 1347 1348
1349 1348 1347
1348 1349 1350
1351 1350 1349
1350 1351 1352
1353 1352 1351
1352 1353 1354
1354 1353 1355
1354 1355 1356
1355 1357 1356
1357 1358 1356
1357 1359 1358
1359 1360 1358
1361 1360 1359
1362 1361 1359
1362 1363 1361
1362 1364 1363
1364 1365 1363
1364 1366 1365
1366 1367 1365
1366 1368 1367
1368 1369 1367
1368 1370 1369
1370 1371 1369
1370 1372 1371
1373 1371 1372
1374 1373 1372
1374 1375 1373
1375 1376 1373
1375 1377 1376
1377 1378 1376
1379 1378 1377
1379 1380 1378
1379 1381 1380
1382 1380 1381
1383 1382 1381
1383 1384 1382
1249 1250 1265
1385 1386 1387
1386 1385 1388
1387 1389 1385
1389 1387 1390
1391 1389 1390
1389 1391 1392
1388 1393 1386
1393 1388 1394
1395 1392 1391
1392 1395 1396
1395 1397 1396
1397 1395 1398
1398 1399 1397
1399 1398 1400
1400 1401 1399
1401 1400 1402
1403 1401 1402
1401 1403 1404
1405 1404 1403
1404 1405 1406
1407 1406 1405
1406 1407 1408
1409 1408 1407
1408 1409 1410
1411 1410 1409
1410 1411 1412
1411 1413 1412
1413 1411 1414
1414 1415 1413
1415 1414 1416
1416 1417 1415
1417 1416 1418
1419 1417 1418
1417 1419 1420
1421 1420 1419
1420 1421 1422
1423 1422 1421
1422 1423 1424
1425 1424 1423
1424 1425 1426
1425 1427 1426
1427 1425 1428
1428 1429 1427
1429 1428 1430
1431 1432 1433
1432 1431 1434
1432 1435 1433
1435 1432 1436
1436 1437 1435
1437 1436 1438
1438 1439 1437
1439 1438 1440
1440 1441 1439
1441 1440 1442
1442 1443 1441
1444 1434 1431
1434 1444 1445
1446 1445 1444
1445 1446 1447
1448 1447 1446
1447 1448 1449
1450 1449 1448
1449 1450 1451
1450 1452 1451
1453 1454 1455
1454 1453 1456
1457 1455 1454
1455 1457 1458
1459 1456 1453
1456 1459 1460
1461 1458 1457
1458 1461 1462
1463 1462 1461
1462 1463 1464
1464 1463 1465
1459 1466 1460
1466 1459 1467
1467 1468 1466
1468 1467 1469
1469 1470 1468
1470 1469 1471
1471 1472 1470
1472 1471 1473
1473 1474 1472
1475 1476 1477
1476 1475 1478
1479 1478 1475
1478 1479 1480
1481 1480 1479
1480 1481 1482
1483 1482 1481
1482 1483 1484
1485 1484 1483
1484 1485 1486
1487 1486 1485
1486 1487 1488
1489 1488 1487
1488 1489 1490
1491 1477 1476
1477 1491 1492
1491 1493 1492
1493 1491 1494
1494 1495 1493
1495 1494 1496
1496 1497 1495
1497 1496 1498
1498 1499 1497
1499 1498 1500
1500 1501 1499
1501 1500 1502
1502 1503 1501
1503 1502 1504
1504 1505 1503
1505 1504 1506
1506 1507 1505
1507 1506 1508
1508 1509 1507
1509 1508 1510
1510 1511 1509
1511 1510 1512
1513 1500 1498
1498 1514 1513
1500 1513 1515
1515 1502 1500
1502 1515 1516
1516 1504 1502
1504 1516 1517
1517 1506 1504
1506 1517 1518
1518 1508 1506
1508 1518 1519
1519 1510 1508
1510 1519 1520
1520 1512 1510
1512 1520 1521
1521 1522 1512
1511 1512 1522
1496 1523 1514
1523 1496 1494
1494 1524 1523
1524 1494 1491
1491 1525 1524
1525 1491 1476
1478 1525 1476
1525 1478 1526
1480 1526 1478
1526 1480 1527
1482 1527 1480
1527 1482 1528
1484 1528 1482
1528 1484 1529
1486 1529 1484
1529 1486 1530
1488 1530 1486
1530 1488 1531
1490 1531 1488
1531 1490 1532
1533 1532 1490
1490 1534 1533
1534 1490 1489
1532 1533 1535
1535 1533 1536
1536 1533 1534
1537 1538 1539
1538 1537 1540
1539 1541 1537
1541 1539 1542
1542 1543 1541
1543 1542 1544
1544 1545 1543
1545 1544 1546
1546 1547 1545
1547 1546 1548
1548 1549 1547
1549 1548 1550
1550 1551 1549
1551 1550 1552
1540 1553 1538
1553 1540 1554
1555 1553 1554
1553 1555 1556
1557 1556 1555
1556 1557 1558
1559 1558 1557
1558 1559 1560
1561 1560 1559
1560 1561 1562
1563 1562 1561
1562 1563 1564
1565 1564 1563
1564 1565 1566
1567 1566 1565
1566 1567 1568
1569 1568 1567
1568 1569 1570
1571 1570 1569
1570 1571 1572
1573 1572 1571
1572 1573 1574
1574 1575 1572
1575 1574 1576
1572 1577 1570
1577 1572 1575
1578 1570 1577
1570 1578 1568
1579 1568 1578
1568 1579 1566
1566 1580 1564
1580 1566 1579
1581 1564 1580
1564 1581 1562
1582 1562 1581
1562 1582 1560
1583 1560 1582
1560 1583 1558
1584 1558 1583
1558 1584 1556
1585 1556 1584
1556 1585 1553
1586 1553 1585
1553 1586 1538
1586 1539 1538
1539 1586 1587
1587 1542 1539
1542 1587 1588
1588 1544 1542
1544 1588 1589
1589 1546 1544
1546 1589 1590
1590 1548 1546
1548 1590 1591
1591 1550 1548
1550 1591 1592
1592 1552 1550
1552 1592 1593
1593 1594 1552
1595 1552 1594
1552 1595 1551
1594 1593 1596
1594 1596 1597
1597 1595 1594
1514 1498 1496
1574 1598 1576
1573 1598 1574
1599 1600 1601
1600 1602 1601
1603 1601 1602
1603 1604 1601
1605 1606 1607
1605 1607 1608
1609 1610 1611
1609 1611 1612
1613 1614 1615
1613 1616 1614
