byte offset: 0
first index: 73413
index count: 8094
topology: trianglelist
format: DXGI_FORMAT_R16_UINT

19892 19893 19894
19894 19895 19892
19894 19893 19896
19896 19897 19894
19897 19896 19898
19892 19899 19893
19893 19899 19900
19901 19893 19900
19896 19893 19901
19902 19901 19900
19901 19902 19903
19904 19901 19903
19903 19905 19904
19904 19905 19906
19906 19907 19904
19908 19901 19904
19908 19904 19907
19909 19908 19907
19909 19910 19908
19908 19911 19901
19911 19896 19901
19908 19910 19912
19911 19908 19912
19910 19909 19913
19914 19910 19913
19909 19907 19915
19909 19915 19916
19913 19909 19916
19907 19917 19915
19917 19918 19915
19915 19918 19919
19915 19919 19916
19919 19920 19916
19920 19921 19916
19921 19922 19916
19913 19916 19922
19913 19922 19923
19921 19924 19922
19922 19924 19925
19923 19922 19925
19926 19923 19925
19923 19926 19927
19928 19923 19927
19929 19928 19927
19928 19929 19930
19931 19928 19930
19932 19928 19931
19923 19928 19932
19931 19933 19932
19933 19934 19932
19930 19935 19931
19932 19934 19914
19914 19936 19932
19923 19932 19936
19913 19923 19936
19914 19913 19936
19907 19937 19917
19906 19937 19907
19898 19896 19912
19896 19911 19912
19938 19939 19940
19939 19938 19941
19939 19942 19940
19942 19939 19943
19939 19944 19943
19944 19939 19945
19941 19945 19939
19943 19944 19946
19944 19947 19946
19948 19942 19943
19943 19946 19948
19942 19948 19949
19944 19950 19947
19945 19950 19944
19945 19951 19950
19950 19951 19952
19953 19950 19952
19952 19954 19953
19947 19950 19955
19953 19955 19950
19956 19954 19952
19957 19956 19952
19951 19957 19952
19956 19957 19958
19957 19959 19958
19960 19958 19959
19958 19960 19961
19961 19956 19958
19959 19957 19962
19956 19961 19963
19964 19956 19963
19956 19964 19965
19965 19954 19956
19966 19957 19951
19957 19966 19962
19951 19967 19966
19966 19967 19968
19967 19969 19968
19969 19967 19941
19941 19970 19969
19970 19941 19938
19971 19970 19938
19938 19972 19971
19972 19938 19940
19973 19971 19972
19971 19973 19974
19942 19972 19940
19972 19942 19975
19976 19972 19975
19972 19976 19973
19975 19977 19976
19976 19977 19978
19942 19979 19975
19975 19979 19977
19979 19942 19949
19979 19980 19977
19980 19979 19981
19949 19981 19979
19977 19982 19978
19982 19977 19980
19981 19949 19983
19949 19984 19983
19984 19949 19985
19985 19986 19984
19986 19985 19987
19987 19988 19986
19988 19987 19989
19990 19984 19986
19984 19990 19991
19991 19983 19984
19986 19992 19990
19992 19986 19988
19988 19993 19992
19993 19988 19994
19989 19994 19988
19983 19991 19995
19994 19996 19993
19996 19994 19997
19998 19997 19994
19994 19989 19998
19997 19998 19999
20000 19997 19999
19997 20000 20001
20001 19996 19997
19996 20001 20002
20003 19995 19991
19995 20003 20004
20005 20004 20003
20003 20006 20005
20006 20003 20007
20004 20005 20008
19991 20007 20003
20007 19991 19990
19990 20009 20007
20009 19990 19992
19992 20010 20009
20011 20001 20000
20001 20011 20012
20013 20012 20011
20012 20013 20014
20014 20015 20012
20012 20015 20016
20017 20016 20015
20016 20017 20018
20019 20018 20017
20018 20019 20020
20012 20016 20001
20018 20002 20016
20001 20016 20002
20002 20018 20021
20002 20021 20022
20023 20018 20020
20023 20021 20018
20024 20021 20023
20022 20021 20024
20015 20025 20017
20025 20015 20026
20014 20026 20015
20027 20017 20025
20017 20027 20019
20028 20022 20024
20028 20029 20022
20030 20029 20028
20031 20029 20030
20032 20029 20031
20033 20029 20032
19993 20029 20033
20033 20032 20034
20035 20033 20034
19996 20022 20029
19996 20029 19993
20036 20033 20035
20036 20010 20033
19993 20033 20010
20037 20010 20036
20038 20010 20037
20039 20010 20038
20009 20010 20039
20009 20039 20040
20009 20040 20041
20042 20009 20041
20007 20009 20042
20007 20042 20006
19993 20010 19992
20002 20022 19996
20043 20044 20045
20043 20046 20044
20047 20044 20046
20048 20046 20043
20043 20049 20048
20049 20043 20050
20051 20050 20043
20051 20043 20045
20052 20049 20050
20052 20050 20051
20049 20052 20053
20045 20054 20051
20052 20055 20053
20053 20055 20056
20057 20056 20055
20056 20057 20058
20059 20058 20057
20058 20059 20060
20061 20057 20055
20052 20061 20055
20062 20061 20052
20051 20062 20052
20051 20063 20062
20051 20054 20063
20064 20063 20054
20063 20065 20062
20063 20066 20065
20063 20067 20066
20066 20068 20065
20066 20069 20068
20066 20070 20069
20066 20071 20070
20067 20071 20066
20065 20068 20072
20065 20072 20073
20062 20065 20074
20062 20074 20061
20074 20075 20061
20067 20076 20071
20067 20077 20076
20067 20078 20077
20079 20078 20067
20079 20080 20078
20079 20081 20080
20081 20079 20082
20079 20083 20082
20083 20079 20084
20085 20083 20084
20084 20086 20085
20085 20086 20087
20086 20084 20088
20088 20084 20079
20079 20067 20088
20088 20067 20063
20085 20089 20083
20087 20089 20085
20086 20088 20064
20064 20088 20063
20089 20087 20090
20090 20087 20091
20092 20087 20086
20086 20093 20092
20064 20093 20086
20090 20091 20094
20091 20095 20094
20090 20096 20089
20096 20090 20094
20097 20096 20094
20097 20098 20096
20098 20097 20099
20100 20099 20097
20097 20101 20100
20101 20097 20102
20094 20095 20102
20102 20097 20094
20103 20101 20102
20095 20103 20102
20101 20103 20104
20099 20100 20105
20096 20098 20083
20106 20083 20098
20106 20098 20099
20099 20107 20106
20099 20105 20107
20105 20108 20107
20083 20106 20082
20106 20107 20109
20106 20081 20082
20081 20106 20110
20106 20109 20110
20111 20100 20101
20104 20111 20101
20100 20111 20112
20112 20105 20100
20113 20112 20111
20111 20114 20113
20114 20111 20115
20111 20104 20115
20112 20113 20116
20112 20117 20105
20118 20117 20112
20112 20116 20118
20119 20118 20116
20113 20119 20116
20118 20119 20120
20117 20118 20121
20114 20122 20113
20119 20113 20122
20122 20114 20123
20124 20123 20114
20123 20124 20125
20118 20120 20126
20118 20126 20121
20120 20127 20126
20127 20128 20126
20128 20121 20126
20128 20127 20129
20129 20130 20128
20130 20129 20131
20121 20128 20132
20133 20121 20132
20134 20133 20132
20133 20134 20135
20133 20135 20136
20136 20137 20133
20137 20138 20133
20117 20133 20138
20105 20117 20138
20105 20138 20108
20108 20138 20139
20108 20139 20140
20108 20140 20141
20108 20141 20142
20138 20143 20139
20138 20144 20143
20137 20144 20138
20107 20108 20142
20107 20142 20145
20107 20145 20146
20107 20146 20109
20117 20121 20133
20147 20148 20149
20147 20150 20148
20151 20148 20150
20148 20151 20152
20149 20153 20147
20147 20153 20154
20154 20153 20155
20156 20154 20155
20152 20157 20148
20149 20148 20157
20157 20152 20158
20157 20158 20159
20158 20160 20159
20159 20160 20161
20074 20162 20163
20162 20074 20164
20074 20163 20165
20164 20074 20065
20164 20065 20073
20165 20075 20074
20165 20166 20075
20166 20057 20075
20057 20061 20075
20057 20166 20059
20167 20168 20169
20170 20171 20172
20171 20170 20173
20172 20174 20170
20174 20172 20175
20176 20170 20174
20170 20176 20177
20177 20173 20170
20173 20177 20178
20177 20179 20178
20179 20177 20180
20181 20179 20180
20179 20181 20182
20183 20174 20175
20174 20183 20184
20176 20174 20184
19974 20184 20183
20184 19974 19973
20177 20176 20185
20180 20177 20185
20176 20186 20185
20187 20185 20186
20185 20187 20188
20188 20180 20185
20180 20188 20181
20189 20187 20186
20187 20189 20190
20191 20188 20187
20190 20191 20187
20188 20191 20192
20191 20190 20193
19982 20193 20190
20193 19982 20194
19980 20194 19982
20194 19980 20195
19981 20195 19980
20195 19981 20196
19983 20196 19981
20196 19983 19995
19978 20190 20189
20190 19978 19982
19978 20189 20197
19995 20198 20196
20198 19995 20004
20004 20199 20198
20200 20198 20199
20198 20200 20201
20201 20196 20198
20196 20201 20195
20199 20004 20008
20202 20195 20201
20195 20202 20194
20194 20202 20203
20201 20200 20204
20201 20204 20202
20204 20205 20202
20202 20205 20206
20202 20207 20203
20202 20206 20207
20207 20208 20203
20208 20209 20203
20209 20210 20203
20210 20211 20203
20210 20212 20211
20212 20213 20211
20211 20213 20214
20211 20214 20215
20214 20216 20215
20193 20211 20215
20193 20203 20211
20216 20217 20215
20217 20218 20215
20218 20219 20215
20218 20220 20219
20219 20220 20221
20220 20222 20221
20192 20219 20221
20223 20192 20221
20222 20223 20221
20192 20223 20224
20225 20224 20223
20223 20226 20225
20226 20223 20227
20222 20227 20223
20224 20225 20228
20181 20224 20228
20181 20188 20224
20188 20192 20224
20182 20181 20228
20229 20228 20225
20228 20229 20230
20182 20228 20230
20225 20231 20229
20231 20225 20226
20192 20191 20219
20191 20215 20219
20191 20193 20215
20193 20194 20203
20186 20176 20197
20186 20197 20189
20197 20176 20184
19973 20197 20184
19973 19976 20197
19976 19978 20197
20232 20233 20234
20232 20235 20233
20232 20234 20236
20237 20232 20236
20232 20237 20238
20238 20239 20232
20239 20238 20240
20241 20238 20237
20238 20241 20242
20242 20240 20238
20240 20242 20243
20240 20243 20244
20240 20244 20245
20244 20246 20245
20246 20244 20247
20246 20247 20248
20249 20242 20241
20250 20247 20244
20243 20250 20244
20243 20251 20250
20247 20250 20252
20247 20252 20253
20247 20253 20248
20253 20254 20248
20255 20248 20254
20253 20256 20254
20253 20257 20256
20258 20257 20253
20252 20259 20253
20259 20258 20253
20260 20252 20250
20252 20260 20261
20260 20262 20261
20256 20263 20254
20263 20264 20254
20254 20264 20265
20265 20266 20254
20255 20254 20266
20267 20255 20266
20266 20265 20268
20266 20268 20269
20266 20269 20270
20266 20270 20267
20269 20271 20270
20270 20271 20272
20270 20272 20273
20270 20273 20274
20270 20274 20267
20275 20274 20273
20275 20273 20276
20275 20276 20277
20278 20275 20277
20279 20275 20278
20280 20275 20279
20275 20280 20274
20272 20281 20273
20281 20282 20273
20273 20282 20283
20276 20273 20283
20279 20278 20284
20279 20284 20285
20285 20286 20279
20286 20285 20287
20288 20279 20286
20279 20288 20280
20286 20287 20289
20290 20286 20289
20291 20286 20290
20291 20290 20292
20293 20286 20291
20288 20286 20293
20293 20291 20294
20294 20291 20295
20296 20294 20295
20295 20297 20296
20297 20295 20298
20294 20296 20299
20299 20300 20294
20300 20293 20294
20300 20299 20301
20302 20299 20296
20302 20296 20303
20303 20304 20302
20295 20291 20305
20305 20291 20306
20291 20292 20306
20304 20307 20302
20302 20307 20308
20302 20308 20309
20309 20310 20302
20310 20299 20302
20310 20301 20299
20310 20309 20311
20311 20312 20310
20312 20311 20313
20310 20312 20314
20309 20308 20315
20309 20315 20316
20317 20309 20316
20317 20318 20309
20319 20309 20318
20319 20311 20309
20319 20318 20320
20311 20319 20321
20321 20313 20311
20322 20321 20319
20322 20319 20320
20321 20322 20323
20323 20324 20321
20313 20321 20324
20313 20324 20325
20324 20323 20326
20322 20237 20323
20237 20322 20241
20322 20327 20241
20323 20236 20326
20236 20323 20237
20236 20328 20326
20328 20324 20326
20324 20328 20325
20328 20236 20234
20327 20249 20241
20329 20242 20249
20329 20330 20242
20330 20331 20242
20331 20332 20242
20242 20332 20243
20243 20332 20333
20243 20333 20334
20251 20243 20334
20298 20335 20297
20336 20337 20313
20336 20313 20325
20240 20338 20239
20339 20340 20341
20341 20342 20339
20342 20341 20343
20344 20342 20343
20342 20344 20345
20344 20346 20345
20134 20132 20347
20128 20347 20132
20347 20128 20130
20348 20114 20115
20114 20348 20124
20115 20349 20348
20349 20115 20104
20104 20350 20349
20350 20104 20103
20095 20350 20103
20096 20083 20089
20351 20352 20353
20352 20351 20354
20355 20351 20353
20356 20355 20353
20353 20357 20356
20357 20353 20352
20355 20358 20351
20355 20359 20358
20358 20359 20360
20359 20361 20360
20362 20363 20364
20365 20364 20363
20364 20365 20366
20366 20367 20364
20367 20366 20368
20369 20368 20366
20367 20368 20370
20370 20368 20371
20369 20371 20368
20371 20369 20372
20369 20373 20372
20373 20369 20374
20366 20374 20369
20374 20366 20365
20363 20375 20365
20375 20363 20376
20377 20376 20363
20377 20363 20362
20376 20377 20378
20379 20365 20375
20365 20379 20374
20374 20379 20373
20371 20372 20380
20381 20380 20372
20373 20381 20372
20373 20382 20381
20381 20382 20383
20383 20382 20384
20385 20384 20382
20373 20385 20382
20379 20385 20373
20381 20383 20386
20383 20387 20386
20386 20387 20388
20387 20383 20389
20383 20384 20389
20387 20389 20390
20387 20391 20388
20391 20387 20390
20391 20392 20388
20393 20391 20390
20391 20393 20394
20391 20394 20395
20391 20395 20392
20396 20395 20394
20397 20396 20394
20397 20398 20396
20399 20398 20397
20399 20400 20398
20401 20400 20399
20401 20399 20402
20403 20401 20402
20404 20397 20394
20404 20394 20393
20405 20399 20397
20405 20397 20404
20406 20399 20405
20406 20402 20399
20403 20402 20407
20407 20402 20408
20406 20408 20402
20407 20408 20409
20408 20410 20409
20408 20411 20410
20411 20412 20410
20411 20413 20412
20412 20413 20414
20415 20414 20413
20413 20416 20415
20416 20413 20417
20418 20417 20413
20418 20413 20411
20419 20418 20411
20406 20419 20408
20419 20411 20408
20415 20416 20420
20420 20421 20415
20422 20421 20420
20415 20421 20423
20415 20423 20414
20420 20424 20422
20424 20425 20422
20424 20426 20425
20426 20427 20425
20425 20427 20428
20427 20426 20429
20429 20430 20427
20431 20427 20430
20431 20428 20427
20430 20432 20431
20433 20431 20432
20430 20434 20432
20434 20435 20432
20435 20433 20432
20435 20434 20436
20437 20438 20439
20440 20438 20437
20438 20440 20441
20438 20441 20442
20443 20438 20442
20439 20438 20443
20443 20444 20439
20439 20444 20445
20443 20446 20444
20446 20443 20442
20446 20442 20447
20446 20447 20448
20446 20448 20449
20448 20450 20449
20449 20451 20446
20451 20444 20446
20449 20450 20452
20453 20451 20449
20453 20449 20452
20453 20452 20454
20451 20453 20455
20456 20455 20453
20456 20453 20454
20455 20456 20457
20444 20451 20458
20455 20458 20451
20445 20444 20458
20457 20459 20455
20458 20455 20459
20459 20457 20460
20458 20461 20445
20462 20445 20461
20445 20462 20463
20461 20458 20464
20459 20464 20458
20465 20457 20456
20457 20465 20466
20466 20460 20457
20467 20466 20465
20466 20467 20468
20460 20466 20469
20468 20469 20466
20469 20468 20470
20465 20456 20471
20465 20471 20472
20472 20467 20465
20472 20473 20467
20467 20473 20474
20469 20470 20475
20464 20476 20461
20476 20464 20477
20478 20476 20477
20477 20479 20478
20480 20478 20479
20479 20481 20480
20481 20479 20482
20478 20480 20483
20483 20484 20478
20476 20478 20484
20484 20483 20485
20485 20486 20484
20486 20476 20484
20486 20485 20487
20488 20480 20481
20488 20483 20480
20483 20488 20489
20485 20483 20489
20490 20485 20489
20487 20485 20490
20487 20490 20491
20481 20482 20492
20493 20492 20482
20492 20493 20494
20495 20482 20479
20482 20495 20493
20479 20477 20495
20496 20494 20493
20494 20496 20497
20496 20469 20497
20469 20496 20460
20498 20460 20496
20493 20498 20496
20498 20493 20495
20460 20498 20459
20464 20459 20498
20495 20464 20498
20464 20495 20477
20475 20497 20469
20499 20497 20475
20497 20499 20494
20475 20500 20499
20501 20499 20500
20501 20500 20502
20499 20501 20503
20504 20503 20501
20504 20501 20505
20501 20502 20505
20506 20505 20502
20505 20506 20507
20507 20508 20505
20508 20504 20505
20508 20507 20509
20509 20510 20508
20510 20509 20511
20512 20504 20508
20512 20508 20510
20512 20513 20504
20503 20504 20514
20513 20514 20504
20502 20515 20506
20515 20502 20516
20517 20515 20516
20500 20516 20502
20518 20517 20516
20519 20518 20516
20500 20519 20516
20500 20475 20519
20470 20518 20519
20470 20519 20475
20470 20520 20518
20517 20518 20520
20520 20470 20468
20521 20520 20468
20520 20521 20522
20517 20520 20522
20523 20522 20521
20467 20521 20468
20521 20467 20474
20474 20524 20521
20523 20521 20524
20437 20525 20526
20527 20525 20437
20525 20528 20526
20528 20529 20526
20528 20530 20529
20437 20526 20440
20439 20527 20437
20463 20527 20439
20463 20439 20445
20528 20531 20530
20527 20532 20525
20532 20533 20525
20525 20533 20528
20528 20533 20531
20532 20534 20533
20534 20532 20535
20532 20536 20535
20536 20532 20527
20463 20536 20527
20535 20537 20534
20535 20538 20537
20539 20538 20535
20536 20539 20535
20539 20536 20540
20536 20541 20540
20463 20541 20536
20462 20541 20463
20541 20462 20542
20542 20543 20541
20541 20543 20540
20540 20543 20544
20543 20545 20544
20546 20544 20545
20545 20547 20546
20547 20545 20548
20544 20546 20549
20549 20550 20544
20539 20540 20550
20550 20538 20539
20544 20550 20540
20551 20548 20545
20545 20543 20551
20548 20551 20552
20543 20542 20553
20553 20551 20543
20548 20554 20547
20554 20548 20555
20552 20555 20548
20555 20556 20554
20556 20555 20557
20555 20552 20558
20558 20557 20555
20557 20558 20559
20554 20560 20547
20547 20560 20561
20554 20562 20560
20562 20554 20556
20562 20556 20563
20556 20564 20563
20550 20549 20565
20558 20566 20559
20567 20558 20552
20558 20567 20568
20566 20558 20568
20567 20569 20568
20569 20567 20570
20570 20571 20569
20571 20570 20572
20573 20572 20570
20572 20573 20574
20574 20575 20572
20575 20571 20572
20575 20574 20576
20577 20576 20574
20576 20577 20578
20579 20578 20577
20578 20579 20580
20486 20580 20579
20580 20486 20487
20578 20581 20576
20581 20575 20576
20581 20582 20575
20581 20578 20583
20583 20578 20580
20575 20584 20571
20582 20584 20575
20582 20585 20584
20586 20574 20573
20574 20586 20577
20577 20587 20579
20587 20577 20586
20587 20486 20579
20486 20587 20588
20476 20486 20588
20588 20461 20476
20461 20588 20462
20553 20587 20586
20573 20553 20586
20553 20573 20589
20551 20553 20589
20589 20552 20551
20552 20589 20567
20570 20589 20573
20589 20570 20567
20587 20553 20542
20542 20588 20587
20588 20542 20462
20590 20584 20585
20584 20590 20571
20591 20590 20585
20592 20590 20591
20593 20592 20591
20593 20594 20592
20592 20595 20590
20590 20595 20571
20595 20592 20596
20592 20597 20596
20594 20597 20592
20594 20598 20597
20599 20597 20598
20597 20599 20600
20596 20597 20600
20598 20594 20601
20602 20601 20594
20593 20602 20594
20601 20602 20603
20596 20600 20604
20596 20605 20595
20605 20596 20604
20604 20566 20605
20566 20604 20606
20607 20600 20599
20600 20607 20608
20604 20600 20608
20604 20608 20606
20609 20608 20607
20606 20608 20610
20610 20608 20609
20559 20606 20610
20559 20566 20606
20611 20559 20610
20609 20611 20610
20559 20611 20557
20612 20557 20611
20611 20613 20612
20609 20613 20611
20614 20612 20613
20568 20605 20566
20605 20568 20569
20569 20595 20605
20595 20569 20571
20556 20557 20612
20612 20564 20556
20564 20612 20615
20614 20615 20612
20456 20616 20471
20456 20454 20616
20617 20481 20618
20488 20481 20617
20617 20618 20619
20619 20618 20514
20513 20619 20514
20618 20492 20514
20481 20492 20618
20492 20503 20514
20494 20503 20492
20503 20494 20499
20620 20621 20622
20622 20623 20620
20623 20622 20624
20621 20625 20622
20624 20622 20625
20625 20621 20626
20620 20623 20627
20623 20628 20627
20628 20623 20629
20630 20623 20624
20623 20630 20629
20626 20621 20631
20621 20632 20631
20633 20631 20632
20633 20634 20631
20635 20634 20633
20635 20636 20634
20635 20637 20636
20637 20638 20636
20633 20639 20635
20633 20632 20640
20633 20640 20639
20629 20630 20641
20640 20632 20642
20632 20621 20642
20620 20642 20621
20565 20549 20643
20549 20644 20643
20546 20644 20549
20546 20645 20644
20547 20645 20546
20547 20561 20645
20550 20565 20646
20550 20646 20538
20487 20491 20647
20487 20647 20580
20647 20583 20580
20648 20649 20650
20649 20648 20651
20651 20652 20649
20653 20649 20652
20651 20648 20654
20652 20655 20653
20656 20655 20652
20657 20655 20656
20657 20656 20658
20658 20659 20657
20658 20660 20659
20661 20660 20658
20660 20661 20662
20656 20663 20658
20663 20661 20658
20663 20656 20664
20652 20664 20656
20652 20665 20664
20666 20663 20664
20666 20664 20667
20664 20665 20667
20668 20666 20667
20662 20669 20660
20670 20660 20669
20667 20671 20668
20660 20672 20659
20660 20670 20672
20659 20673 20657
20673 20674 20657
20674 20673 20675
20674 20676 20657
20657 20676 20677
20678 20676 20674
20674 20675 20678
20676 20678 20679
20676 20679 20680
20676 20680 20677
20677 20655 20657
20673 20681 20675
20673 20682 20681
20659 20682 20673
20672 20682 20659
20683 20681 20682
20672 20683 20682
20684 20683 20672
20685 20683 20684
20684 20686 20685
20683 20685 20687
20683 20687 20681
20684 20688 20686
20684 20670 20688
20689 20688 20670
20689 20670 20690
20691 20688 20689
20688 20691 20686
20689 20692 20691
20692 20689 20693
20693 20689 20690
20693 20694 20692
20684 20672 20670
20690 20670 20669
20653 20695 20696
20695 20697 20696
20696 20698 20653
20655 20695 20653
20677 20695 20655
20695 20677 20699
20695 20699 20700
20695 20701 20697
20701 20695 20700
20677 20702 20699
20677 20680 20702
20698 20703 20653
20653 20703 20649
20703 20650 20649
20704 20705 20706
20707 20704 20706
20704 20707 20708
20707 20709 20708
20709 20710 20708
20710 20709 20711
20708 20710 20712
20710 20713 20712
20713 20710 20711
20711 20714 20713
20714 20715 20713
20713 20715 20716
20713 20716 20712
20712 20716 20671
20714 20717 20715
20708 20712 20718
20708 20718 20704
20718 20712 20667
20712 20671 20667
20665 20718 20667
20718 20665 20719
20665 20720 20719
20665 20652 20720
20720 20705 20719
20720 20654 20705
20720 20651 20654
20652 20651 20720
20718 20719 20704
20704 20719 20705
20721 20722 20723
20723 20724 20721
20725 20721 20724
20721 20725 20726
20726 20727 20721
20727 20722 20721
20727 20728 20722
20729 20728 20727
20727 20730 20729
20726 20730 20727
20730 20726 20731
20729 20732 20728
20732 20729 20733
20729 20734 20733
20735 20734 20729
20728 20732 20736
20737 20728 20736
20722 20728 20737
20732 20733 20738
20738 20733 20739
20740 20736 20732
20738 20740 20732
20738 20741 20740
20741 20738 20742
20736 20740 20743
20735 20744 20734
20745 20744 20735
20744 20745 20746
20747 20746 20745
20738 20739 20748
20739 20749 20748
20749 20750 20748
20750 20749 20751
20738 20748 20752
20752 20748 20750
20742 20738 20752
20750 20753 20752
20753 20742 20752
20754 20753 20750
20755 20741 20742
20753 20755 20742
20755 20753 20756
20757 20747 20745
20758 20757 20745
20750 20751 20759
20750 20759 20760
20750 20760 20754
20761 20755 20756
20761 20762 20755
20762 20761 20763
20762 20763 20764
20764 20765 20762
20741 20762 20765
20755 20762 20741
20765 20764 20766
20743 20765 20766
20765 20743 20740
20741 20765 20740
20766 20767 20743
20768 20743 20767
20743 20768 20736
20768 20769 20736
20770 20769 20768
20770 20768 20767
20771 20769 20770
20772 20769 20771
20736 20769 20773
20772 20773 20769
20736 20773 20737
20774 20737 20773
20772 20774 20773
20737 20774 20775
20775 20722 20737
20775 20723 20722
20730 20776 20729
20776 20730 20731
20776 20731 20745
20776 20735 20729
20745 20735 20776
20745 20731 20758
20777 20758 20731
20778 20777 20731
20778 20731 20726
20725 20778 20726
20779 20780 20781
20780 20779 20782
20782 20783 20780
20784 20780 20783
20780 20784 20785
20786 20780 20785
20787 20785 20784
20785 20787 20788
20789 20785 20788
20783 20782 20790
20791 20788 20787
20788 20791 20792
20791 20793 20792
20793 20791 20794
20792 20795 20788
20795 20792 20796
20797 20788 20795
20797 20789 20788
20798 20793 20794
20798 20794 20799
20800 20793 20798
20801 20798 20799
20802 20798 20801
20798 20802 20803
20801 20799 20804
20801 20805 20802
20805 20806 20802
20806 20805 20807
20807 20805 20808
20801 20808 20805
20809 20802 20806
20801 20804 20810
20811 20801 20810
20801 20811 20808
20811 20812 20808
20810 20813 20811
20810 20814 20813
20813 20814 20815
20816 20813 20815
20817 20813 20816
20813 20817 20818
20816 20819 20817
20819 20820 20817
20820 20819 20821
20819 20822 20821
20816 20822 20819
20823 20817 20820
20816 20815 20824
20825 20816 20824
20822 20816 20825
20826 20822 20825
20827 20825 20824
20825 20827 20828
20822 20826 20829
20822 20829 20821
20830 20828 20827
20828 20830 20831
20832 20828 20831
20828 20832 20833
20834 20831 20830
20831 20834 20835
20834 20836 20835
20836 20834 20837
20828 20833 20838
20839 20838 20833
20838 20839 20840
20840 20841 20838
20841 20828 20838
20841 20840 20842
20843 20841 20842
20844 20839 20833
20845 20833 20832
20833 20845 20844
20845 20832 20846
20832 20847 20846
20832 20848 20847
20835 20836 20849
20835 20849 20850
20851 20850 20849
20852 20850 20851
20853 20850 20852
20854 20850 20853
20848 20855 20854
20835 20850 20854
20831 20854 20855
20831 20835 20854
20856 20854 20853
20848 20854 20856
20851 20849 20857
20857 20849 20858
20849 20859 20858
20859 20860 20858
20860 20859 20861
20859 20836 20861
20836 20859 20849
20855 20832 20831
20832 20855 20848
20862 20863 20781
20863 20862 20864
20865 20781 20863
20864 20862 20786
20865 20866 20781
20779 20781 20866
20779 20866 20867
20867 20868 20779
20869 20864 20786
20870 20869 20786
20871 20870 20786
20870 20871 20872
20871 20873 20872
20873 20871 20789
20873 20789 20874
20871 20786 20785
20789 20871 20785
20789 20797 20874
20875 20874 20797
20876 20875 20797
20876 20797 20795
20877 20876 20795
20795 20878 20877
20878 20795 20796
20879 20878 20796
20879 20796 20880
20881 20880 20796
20880 20881 20882
20883 20882 20881
20882 20883 20884
20881 20796 20792
20883 20881 20792
20883 20792 20793
20885 20883 20793
20886 20883 20885
20886 20884 20883
20800 20885 20793
20887 20885 20800
20885 20887 20888
20888 20886 20885
20889 20887 20800
20889 20800 20890
20891 20889 20890
20890 20892 20891
20892 20890 20803
20893 20892 20803
20803 20894 20893
20894 20803 20802
20803 20890 20798
20890 20800 20798
20809 20894 20802
20895 20826 20896
20826 20843 20896
20826 20895 20829
20826 20841 20843
20825 20841 20826
20825 20828 20841
20897 20898 20818
20898 20897 20899
20900 20897 20818
20818 20898 20813
20813 20898 20901
20899 20901 20898
20901 20811 20813
20901 20812 20811
20812 20901 20902
20902 20903 20812
20904 20902 20901
20899 20904 20901
20812 20903 20905
20808 20812 20905
20905 20906 20808
20906 20807 20808
20818 20907 20900
20818 20817 20907
20823 20907 20817
20908 20909 20910
20909 20908 20911
20911 20912 20909
20912 20911 20913
20910 20914 20908
20914 20910 20915
20913 20916 20912
20916 20913 20917
20918 20917 20913
20917 20918 20919
20920 20916 20917
20916 20920 20921
20922 20921 20920
20923 20908 20914
20908 20923 20924
20925 20917 20919
20926 20925 20919
20927 20926 20919
20925 20926 20928
20928 20929 20925
20929 20917 20925
20929 20920 20917
20929 20928 20930
20931 20929 20930
20920 20929 20932
20932 20929 20931
20933 20920 20932
20922 20920 20933
20934 20932 20931
20932 20935 20933
20935 20932 20934
20922 20936 20921
20937 20936 20922
20937 20938 20936
20939 20938 20937
20940 20939 20937
20939 20940 20941
20939 20941 20942
20943 20942 20941
20944 20943 20941
20945 20943 20944
20946 20945 20944
20946 20947 20945
20947 20946 20948
20948 20949 20947
20949 20948 20950
20950 20951 20949
20951 20950 20952
20953 20951 20952
20951 20953 20954
20955 20952 20950
20956 20953 20952
20941 20957 20944
20957 20958 20944
20959 20958 20957
20960 20959 20957
20958 20959 20961
20957 20962 20960
20962 20957 20963
20957 20941 20963
20963 20941 20964
20964 20965 20963
20965 20964 20966
20967 20963 20965
20967 20962 20963
20964 20968 20966
20968 20964 20941
20941 20940 20968
20940 20969 20968
20970 20968 20969
20968 20970 20971
20968 20971 20966
20969 20972 20970
20973 20972 20969
20974 20969 20940
20973 20969 20974
20973 20974 20975
20974 20976 20975
20974 20940 20937
20977 20974 20937
20977 20976 20974
20978 20977 20937
20979 20977 20978
20977 20979 20976
20980 20979 20978
20978 20981 20980
20922 20978 20937
20978 20922 20982
20978 20982 20981
20982 20922 20983
20983 20984 20982
20985 20982 20984
20985 20981 20982
20984 20983 20986
20983 20987 20986
20987 20983 20933
20922 20933 20983
20987 20933 20935
20988 20918 20989
20918 20990 20989
20990 20918 20913
20913 20991 20990
20913 20911 20991
20911 20992 20991
20992 20993 20991
20993 20992 20994
20992 20995 20994
20995 20992 20996
20911 20996 20992
20995 20996 20997
20997 20996 20998
20996 20999 20998
20999 21000 20998
21000 20999 20924
21001 21000 20924
20999 20908 20924
20908 20999 20996
20911 20908 20996
20924 21002 21001
21002 20924 20923
21003 21002 20923
21003 20923 21004
20991 20993 21005
20991 21005 20990
21006 20990 21005
20990 21006 20989
21007 21008 20956
21008 21009 20956
20956 21009 21010
21011 21010 21009
21010 21011 21012
20956 21010 20953
21010 21012 20953
21007 20956 21013
21013 20956 20952
20955 21013 20952
21014 21013 20955
21014 21015 21013
21013 21015 21007
21016 21014 20955
21017 21016 20955
21017 20955 21018
21017 21018 21019
21018 20950 21019
21018 20955 20950
20948 21019 20950
21019 20948 21020
21021 21020 20948
21021 21022 21020
21023 21020 21022
21022 21021 21024
21025 21024 21021
21025 21021 20948
21024 21025 21026
21025 20948 20946
21027 21025 20946
21027 21028 21025
21028 21026 21025
21027 20946 21029
20946 20944 21029
20958 21029 20944
20961 21029 20958
20961 21030 21029
21030 21027 21029
21030 21031 21027
21031 21032 21027
21027 21032 21028
21023 21033 21020
21019 21020 21033
21033 21034 21019
21019 21034 21035
21035 21017 21019
21036 21037 21038
21037 21036 21039
21040 21038 21037
21038 21040 21041
21042 21038 21041
21038 21042 21043
21038 21043 21044
21044 21036 21038
21039 21045 21037
21045 21039 21046
21047 21037 21045
21037 21047 21040
21048 21045 21046
21045 21049 21047
21049 21045 21048
21049 21048 21050
21049 21050 21051
21050 21048 21052
21052 21048 21046
21053 21051 21050
21052 21054 21050
21054 21053 21050
21053 21054 21055
21056 21053 21055
21055 21054 21057
21058 21055 21057
21056 21055 21058
21052 21059 21054
21060 21056 21058
21061 21057 21054
21059 21061 21054
21059 21062 21061
21062 21059 21063
21059 21064 21063
21063 21064 21065
21064 21059 21066
21052 21066 21059
21067 21064 21066
21064 21067 21068
21064 21068 21065
21068 21067 21069
21068 21069 21070
21071 21070 21069
21070 21071 21072
21065 21068 21073
21068 21070 21073
21065 21073 21074
21072 21075 21070
21070 21075 21073
21075 21072 21076
21071 21069 21077
21077 21069 21078
21067 21078 21069
21046 21067 21066
21066 21052 21046
21067 21046 21039
21039 21078 21067
21078 21039 21036
21079 21078 21036
21079 21080 21078
21080 21077 21078
21079 21036 21081
21081 21036 21044
21082 21083 21084
21082 21085 21083
21085 21086 21083
21086 21087 21083
21085 21088 21086
21086 21088 21089
21090 21089 21088
21089 21090 21091
21090 21092 21091
21093 21083 21087
21094 21083 21093
21084 21083 21094
21094 21095 21084
21095 21096 21084
21096 21082 21084
21096 21095 21097
21095 21098 21097
21098 21095 21099
21095 21094 21100
21093 21100 21094
21099 21095 21100
21100 21093 21101
21086 21102 21087
21103 21102 21089
21104 21102 21103
21103 21105 21104
21103 21106 21105
21106 21107 21105
21107 21106 21108
21105 21107 21109
21104 21105 21109
21110 21104 21109
21106 21103 21111
21103 21112 21111
21108 21113 21107
21113 21108 21114
21104 21115 21102
21110 21115 21104
21116 21115 21110
21102 21115 21087
21116 21087 21115
21093 21087 21116
21116 21101 21093
21101 21116 21117
21110 21117 21116
21117 21110 21118
21109 21118 21110
21118 21119 21117
21101 21117 21119
21119 21118 21120
21121 21120 21118
21118 21109 21121
21120 21121 21122
21121 21107 21113
21107 21121 21109
21120 21122 21123
21124 21101 21119
21101 21124 21125
21100 21101 21125
21100 21125 21126
21100 21126 21127
21100 21127 21099
21128 21124 21119
21119 21129 21128
21129 21119 21130
21130 21120 21123
21119 21120 21130
21122 21131 21123
21132 21131 21122
21121 21132 21122
21121 21113 21132
21113 21133 21132
21131 21132 21134
21132 21135 21134
21132 21133 21135
21135 21133 21136
21133 21113 21114
21133 21114 21137
21133 21138 21136
21138 21133 21137
21139 21112 21089
21139 21089 21091
21139 21091 21140
21091 21092 21140
21092 21141 21140
21089 21112 21103
21102 21086 21089
21142 21143 21144
21143 21142 21145
21146 21144 21143
21144 21146 21147
21148 21147 21146
21147 21148 21149
21150 21149 21148
21149 21150 21151
21151 21152 21149
21152 21153 21149
21153 21147 21149
21154 21151 21150
21154 21155 21151
21156 21155 21154
21155 21156 21157
21156 21158 21157
21158 21159 21157
21159 21158 21160
21159 21160 21161
21161 21160 21162
21163 21161 21162
21161 21163 21164
21165 21161 21164
21161 21165 21166
21166 21159 21161
21157 21159 21167
21155 21157 21167
21168 21152 21167
21168 21167 21159
21159 21166 21168
21152 21168 21169
21166 21165 21169
21168 21166 21169
21158 21156 21170
21171 21170 21156
21156 21172 21171
21173 21171 21172
21171 21173 21174
21172 21156 21175
21176 21174 21173
21154 21175 21156
21151 21167 21152
21155 21167 21151
21153 21152 21169
21177 21153 21169
21177 21178 21153
21153 21178 21147
21179 21178 21177
21178 21179 21180
21144 21178 21180
21178 21144 21147
21144 21180 21142
21179 21177 21181
21181 21177 21182
21182 21177 21169
21165 21182 21169
21182 21165 21183
21164 21183 21165
21183 21164 21184
21184 21185 21183
21185 21184 21186
21186 21187 21185
21185 21187 21188
21187 21186 21189
21183 21190 21182
21190 21183 21185
21181 21182 21190
21190 21185 21188
21181 21190 21191
21190 21192 21191
21192 21190 21188
21193 21189 21186
21189 21193 21194
21195 21194 21193
21196 21195 21193
21196 21186 21184
21186 21196 21193
21196 21184 21164
21195 21196 21197
21194 21195 21198
21163 21197 21196
21163 21196 21164
21199 21200 21201
21202 21200 21199
21199 21203 21202
21204 21202 21203
21202 21204 21205
21206 21205 21204
21205 21206 21207
21203 21199 21208
21209 21208 21199
21209 21199 21201
21208 21209 21210
21209 21211 21210
21211 21209 21212
21213 21212 21209
21213 21209 21201
21212 21213 21214
21204 21215 21206
21216 21206 21215
21206 21216 21217
21217 21207 21206
21218 21217 21216
21217 21218 21219
21218 21220 21219
21220 21218 21221
21216 21222 21218
21222 21216 21223
21215 21223 21216
21215 21224 21223
21224 21225 21223
21222 21223 21225
21226 21222 21225
21226 21227 21222
21227 21218 21222
21218 21227 21221
21225 21228 21226
21224 21215 21229
21230 21224 21229
21224 21230 21231
21231 21230 21232
21233 21231 21232
21233 21234 21231
21234 21233 21235
21224 21231 21236
21224 21236 21225
21236 21231 21234
21237 21236 21234
21237 21225 21236
21225 21237 21228
21235 21238 21234
21238 21237 21234
21238 21235 21239
21228 21237 21240
21238 21240 21237
21241 21240 21238
21238 21239 21242
21241 21238 21242
21242 21243 21241
21243 21242 21244
21245 21243 21244
21233 21232 21246
21246 21232 21247
21248 21246 21247
21210 21248 21247
21247 21208 21210
21208 21247 21249
21247 21232 21249
21232 21230 21249
21230 21250 21249
21250 21208 21249
21230 21229 21250
21229 21203 21250
21208 21250 21203
21203 21229 21204
21215 21204 21229
21248 21210 21211
21251 21252 21253
21253 21254 21251
21252 21251 21255
21256 21251 21254
21251 21256 21257
21256 21258 21257
21251 21257 21259
21251 21259 21255
21260 21259 21257
21261 21260 21257
21257 21258 21261
21262 21260 21261
21262 21263 21260
21259 21260 21264
21263 21264 21260
21265 21264 21263
21259 21266 21255
21266 21267 21255
21252 21255 21267
21267 21266 21268
21219 21268 21266
21269 21219 21266
21266 21259 21269
21264 21269 21259
21219 21269 21217
21207 21217 21269
21269 21264 21207
21268 21219 21220
21270 21207 21264
21265 21270 21264
21271 21270 21265
21207 21270 21205
21272 21205 21270
21273 21272 21270
21271 21273 21270
21205 21272 21202
21202 21272 21200
21274 21275 21276
21277 21276 21275
21276 21277 21278
21279 21278 21277
21277 21280 21279
21280 21277 21281
21277 21275 21281
21278 21279 21282
21283 21278 21282
21278 21283 21284
21274 21276 21285
21278 21284 21285
21278 21285 21276
21279 21286 21282
21286 21279 21287
21280 21287 21279
21287 21288 21286
21288 21287 21289
21289 21290 21288
21290 21289 21291
21292 21291 21289
21291 21292 21293
21294 21289 21287
21289 21294 21292
21287 21280 21294
21295 21288 21290
21295 21296 21288
21296 21286 21288
21297 21296 21295
21286 21296 21298
21297 21299 21296
21299 21298 21296
21300 21285 21284
21284 21301 21300
21302 21301 21299
21301 21302 21303
21301 21304 21300
21304 21301 21303
21303 21305 21304
21305 21303 21306
21307 21304 21305
21300 21304 21308
21304 21307 21308
21309 21308 21307
21310 21309 21307
21310 21307 21311
21311 21307 21312
21307 21305 21312
21306 21312 21305
21313 21308 21309
21309 21314 21313
21315 21313 21314
21313 21315 21274
21314 21309 21316
21317 21316 21309
21310 21317 21309
21318 21316 21317
21314 21316 21318
21318 21317 21319
21320 21315 21314
21320 21314 21318
21321 21320 21318
21320 21321 21322
21323 21318 21319
21318 21323 21321
21321 21323 21324
21324 21325 21321
21325 21322 21321
21326 21325 21324
21325 21326 21327
21328 21327 21326
21327 21328 21329
21330 21329 21328
21274 21285 21313
21313 21285 21308
21285 21300 21308
21331 21332 21306
21333 21332 21331
21333 21334 21332
21332 21334 21335
21335 21306 21332
21334 21336 21335
21336 21337 21335
21336 21338 21337
21339 21333 21331
21339 21331 21302
21340 21339 21302
21299 21340 21302
21299 21341 21340
21299 21297 21341
21335 21342 21306
21335 21337 21342
21312 21306 21342
21283 21299 21301
21301 21284 21283
21299 21283 21298
21282 21298 21283
21298 21282 21286
21331 21303 21302
21331 21306 21303
21343 21344 21345
21344 21343 21346
21346 21347 21344
21347 21346 21348
21349 21345 21344
21349 21344 21347
21347 21350 21349
21345 21349 21351
21351 21352 21345
21352 21351 21353
21345 21354 21343
21354 21345 21352
21355 21352 21353
21352 21355 21356
21352 21357 21354
21357 21352 21356
21358 21357 21356
21357 21358 21359
21360 21359 21358
21360 21361 21359
21361 21360 21362
21362 21363 21361
21363 21362 21364
21365 21363 21364
21363 21365 21366
21367 21366 21365
21366 21367 21368
21369 21367 21365
21367 21369 21370
21371 21370 21369
21372 21371 21369
21372 21369 21373
21365 21373 21369
21373 21365 21364
21374 21371 21372
21371 21374 21375
21374 21376 21375
21377 21376 21374
21376 21377 21378
21378 21379 21376
21379 21378 21380
21380 21381 21379
21381 21380 21382
21383 21381 21382
21384 21377 21374
21372 21384 21374
21377 21384 21385
21386 21385 21384
21384 21372 21387
21387 21386 21384
21372 21373 21387
21386 21388 21385
21364 21387 21373
21387 21364 21362
21362 21386 21387
21386 21362 21360
21360 21388 21386
21388 21360 21389
21389 21360 21358
21389 21358 21390
21356 21390 21358
21390 21356 21355
21391 21392 21393
21391 21394 21392
21394 21391 21395
21395 21396 21394
21396 21395 21397
21397 21398 21396
21398 21397 21399
21399 21368 21398
21368 21399 21366
21400 21366 21399
21366 21400 21363
21401 21363 21400
21363 21401 21361
21401 21359 21361
21359 21401 21357
21401 21354 21357
21354 21401 21402
21400 21402 21401
21402 21400 21403
21403 21399 21397
21399 21403 21400
21402 21343 21354
21343 21402 21404
21403 21404 21402
21404 21403 21405
21397 21405 21403
21405 21397 21395
21404 21346 21343
21346 21404 21406
21405 21406 21404
21406 21405 21407
21395 21407 21405
21407 21395 21391
21406 21348 21346
21406 21408 21348
21406 21409 21408
21410 21409 21406
21407 21410 21406
21407 21411 21410
21412 21411 21407
21412 21407 21391
21393 21412 21391
21393 21413 21412
21392 21414 21393
21392 21415 21414
21415 21416 21414
21417 21418 21419
21418 21417 21420
21419 21421 21417
21422 21417 21421
21419 21423 21421
21420 21424 21418
21424 21420 21425
21425 21426 21424
21426 21425 21427
21427 21428 21426
21428 21427 21429
21429 21430 21428
21430 21429 21431
21432 21430 21431
21430 21432 21433
21434 21433 21432
21435 21422 21421
21423 21435 21421
21423 21436 21435
21435 21437 21422
21435 21438 21437
21438 21439 21437
21440 21439 21438
21440 21441 21439
21442 21441 21440
21442 21443 21441
21444 21443 21442
21444 21445 21443
21444 21446 21445
21446 21447 21445
21446 21448 21447
21448 21449 21447
21449 21450 21447
21449 21451 21450
21451 21452 21450
21452 21451 21453
21453 21454 21452
21455 21456 21457
21457 21458 21455
21458 21457 21459
21458 21459 21460
21461 21458 21460
21461 21460 21462
21463 21461 21462
21463 21462 21464
21436 21463 21464
21436 21464 21435
21465 21466 21467
21468 21467 21466
21467 21468 21469
21470 21469 21468
21469 21470 21471
21472 21471 21470
21471 21472 21473
21474 21473 21472
21473 21474 21475
21476 21475 21474
21475 21476 21477
21476 21478 21477
21478 21476 21479
21478 21479 21480
21480 21479 21481
21478 21480 21482
21483 21482 21480
21482 21483 21484
21480 21481 21485
21481 21486 21485
21485 21486 21487
21486 21488 21487
21489 21487 21488
21490 21489 21488
21490 21488 21491
21491 21492 21490
21493 21484 21483
21484 21493 21494
21495 21494 21493
21494 21495 21496
21496 21495 21497
21498 21492 21491
21498 21491 21499
21499 21500 21498
21499 21501 21500
21501 21499 21502
21501 21502 21503
21502 21504 21503
21504 21505 21503
21504 21506 21505
21507 21508 21509
21508 21507 21510
21510 21511 21508
21511 21510 21512
21507 21509 21513
21507 21513 21514
21513 21515 21514
21515 21513 21516
21516 21517 21515
21517 21516 21518
21519 21516 21513
21509 21519 21513
21516 21519 21520
21516 21521 21518
21520 21521 21516
21518 21521 21522
21518 21522 21523
21522 21524 21523
21524 21522 21525
21524 21525 21526
21521 21520 21527
21527 21528 21521
21521 21528 21529
21521 21529 21530
21521 21530 21531
21521 21531 21522
21532 21518 21523
21518 21532 21517
21532 21523 21524
21532 21524 21533
21533 21524 21526
21526 21534 21533
21534 21526 21535
21534 21535 21536
21534 21536 21537
21537 21536 21538
21537 21538 21539
21537 21539 21540
21540 21539 21541
21540 21541 21542
21543 21544 21545
21544 21546 21545
21544 21547 21546
21547 21548 21546
21549 21548 21547
21549 21550 21548
21551 21550 21549
21550 21551 21552
21549 21553 21551
21554 21551 21553
21551 21554 21555
21552 21551 21555
21556 21554 21553
21553 21557 21556
21557 21553 21558
21558 21553 21559
21553 21549 21559
21549 21547 21559
21560 21557 21558
21561 21557 21560
21557 21561 21562
21563 21562 21561
21564 21563 21561
21564 21565 21563
21564 21566 21565
21566 21564 21567
21567 21568 21566
21567 21569 21568
21569 21570 21568
21569 21571 21570
21569 21572 21571
21572 21573 21571
21572 21574 21573
21575 21564 21561
21575 21561 21560
21558 21575 21560
21575 21558 21576
21559 21576 21558
21576 21559 21577
21578 21577 21559
21578 21559 21547
21544 21578 21547
21579 21552 21555
21543 21545 21580
21581 21582 21583
21584 21581 21583
21584 21585 21581
21585 21584 21586
21587 21586 21584
21587 21588 21586
21588 21589 21586
21590 21588 21587
21589 21591 21586
21591 21585 21586
21585 21591 21581
21591 21592 21581
21581 21592 21582
21583 21582 21593
21583 21593 21594
21595 21583 21594
21595 21584 21583
21596 21595 21594
21597 21596 21594
21593 21597 21594
21590 21587 21598
21599 21590 21598
21587 21600 21598
21600 21601 21598
21601 21599 21598
21600 21587 21584
21602 21603 21604
21603 21602 21605
21603 21605 21606
21602 21607 21605
21607 21608 21605
21607 21602 21609
21602 21604 21609
21610 21605 21608
21605 21610 21606
21606 21610 21611
21612 21606 21611
21612 21611 21613
21610 21613 21611
21610 21608 21614
21610 21614 21613
21615 21612 21613
21612 21615 21616
21617 21612 21616
21606 21612 21617
21618 21606 21617
21619 21618 21617
21618 21619 21620
21619 21621 21620
21622 21619 21617
21622 21617 21616
21619 21622 21621
21623 21624 21625
21626 21624 21623
21627 21626 21623
21628 21625 21624
21629 21625 21628
21629 21630 21625
21624 21631 21628
21631 21632 21628
21632 21633 21628
21628 21634 21629
21634 21628 21635
21628 21633 21635
21633 21636 21635
21637 21634 21635
21636 21637 21635
21637 21636 21638
21637 21638 21639
21639 21640 21637
21638 21641 21639
21642 21639 21641
21639 21642 21643
21639 21643 21640
21641 21644 21642
21645 21644 21641
21641 21638 21645
21644 21645 21646
21647 21646 21645
21646 21647 21648
21646 21649 21644
21649 21650 21644
21650 21649 21651
21652 21651 21649
21653 21652 21649
21649 21646 21653
21648 21653 21646
21652 21653 21654
21655 21654 21653
21653 21648 21655
21654 21655 21656
21645 21657 21647
21657 21645 21638
21658 21656 21655
21656 21658 21659
21660 21659 21658
21659 21660 21661
21658 21662 21660
21662 21658 21663
21655 21663 21658
21663 21655 21648
21648 21664 21663
21664 21648 21647
21665 21661 21660
21660 21666 21665
21666 21660 21667
21662 21667 21660
21668 21666 21667
21666 21668 21669
21666 21669 21670
21666 21670 21671
21671 21665 21666
21661 21665 21672
21673 21672 21665
21665 21671 21673
21672 21673 21674
21675 21663 21664
21663 21675 21676
21677 21676 21675
21677 21678 21676
21678 21679 21676
21679 21680 21676
21680 21681 21676
21662 21676 21681
21667 21662 21681
21682 21677 21675
21683 21682 21675
21684 21683 21675
21675 21664 21684
21664 21685 21684
21686 21684 21685
21687 21686 21685
21688 21687 21685
21689 21688 21685
21685 21647 21689
21664 21647 21685
21689 21690 21688
21689 21691 21690
21689 21692 21691
21657 21689 21647
21657 21692 21689
21693 21692 21657
21694 21692 21693
21695 21694 21693
21696 21695 21693
21696 21693 21697
21638 21697 21693
21693 21657 21638
21698 21696 21697
21699 21698 21697
21633 21699 21697
21636 21697 21638
21633 21697 21636
21643 21700 21640
21643 21642 21701
21702 21703 21704
21704 21703 21705
21706 21704 21705
21706 21702 21704
21706 21707 21702
21706 21708 21707
21708 21709 21707
21709 21708 21710
21710 21711 21709
21711 21710 21712
21712 21713 21711
21713 21712 21714
21708 21706 21715
21716 21715 21706
21716 21706 21705
21715 21716 21717
21718 21717 21716
21712 21674 21714
21674 21712 21672
21710 21672 21712
21672 21710 21661
21708 21661 21710
21661 21708 21659
21715 21659 21708
21659 21715 21656
21717 21656 21715
21656 21717 21654
21718 21654 21717
21654 21718 21652
21711 21713 21719
21711 21719 21720
21720 21719 21721
21720 21721 21722
21722 21721 21723
21722 21723 21703
21702 21722 21703
21720 21722 21724
21702 21724 21722
21709 21720 21724
21720 21709 21711
21724 21707 21709
21707 21724 21702
21667 21725 21726
21667 21726 21668
21667 21681 21725
21662 21663 21676
21727 21674 21728
21674 21727 21714
21714 21727 21713
21729 21728 21674
21673 21729 21674
21729 21730 21728
21731 21732 21733
21733 21734 21731
21731 21735 21732
21734 21733 21736
21736 21737 21734
21738 21736 21733
21739 21738 21733
21739 21733 21732
21732 21740 21739
21740 21741 21739
21740 21742 21741
21742 21740 21743
21744 21743 21740
21732 21735 21744
21740 21732 21744
21735 21745 21744
21745 21746 21744
21746 21747 21744
21743 21744 21747
21747 21748 21743
21743 21749 21742
21749 21743 21748
21750 21749 21748
21750 21748 21751
21747 21751 21748
21746 21751 21747
21749 21750 21752
21753 21754 21755
21754 21756 21755
21757 21756 21754
21758 21755 21756
21755 21758 21759
21759 21758 21760
21761 21760 21762
21760 21761 21763
21763 21764 21760
21763 21765 21764
21762 21766 21761
21766 21762 21767
21767 21768 21766
21757 21768 21767
21769 21770 21771
21772 21769 21771
21769 21772 21773
21771 21770 21774
21771 21774 21775
21772 21776 21773
21777 21776 21772
21777 21778 21776
21779 21780 21781
21780 21782 21781
21783 21781 21782
21781 21783 21784
21784 21785 21781
21785 21779 21781
21785 21784 21786
21782 21780 21787
21788 21786 21784
21783 21788 21784
21786 21788 21789
21790 21789 21788
21788 21783 21791
21792 21788 21791
21792 21790 21788
21793 21790 21792
21792 21794 21793
21794 21795 21793
21794 21796 21795
21794 21797 21796
21797 21794 21798
21798 21799 21797
21799 21798 21800
21799 21800 21801
21802 21803 21804
21802 21804 21805
21803 21806 21804
21807 21802 21805
21808 21807 21805
21807 21808 21809
21810 21809 21808
21809 21810 21811
21812 21811 21810
21811 21812 21813
21814 21813 21812
21813 21814 21815
21816 21815 21814
21816 21814 21817
21817 21818 21816
21818 21817 21819
21818 21819 21820
21821 21818 21820
21822 21821 21820
21823 21822 21820
21823 21824 21822
21824 21823 21825
21825 21826 21824
21826 21825 21827
21827 21828 21826
21828 21827 21829
21830 21828 21829
21829 21831 21830
21830 21831 21832
21832 21831 21833
21834 21824 21826
21834 21826 21828
21828 21835 21834
21835 21828 21830
21830 21836 21835
21830 21832 21836
21837 21836 21832
21836 21837 21838
21839 21837 21832
21832 21833 21839
21839 21840 21837
21839 21841 21840
21841 21839 21842
21843 21840 21841
21841 21844 21843
21844 21841 21842
21842 21845 21844
21846 21840 21843
21847 21840 21846
21847 21848 21840
21848 21837 21840
21848 21838 21837
21839 21849 21842
21849 21845 21842
21839 21850 21849
21849 21851 21845
21851 21849 21850
21850 21852 21851
21850 21853 21852
21850 21854 21853
21855 21854 21850
21850 21856 21855
21824 21834 21857
21857 21822 21824
21822 21857 21858
21822 21858 21821
21838 21859 21836
21860 21836 21859
20862 20781 20780
20786 20862 20780
20919 20918 21861
20919 21861 20927
20988 21861 20918
20364 21862 20362
21862 20364 21863
20364 20367 21863
20753 21864 20756
20753 20754 21864
19970 19971 21865
19974 21865 19971
21865 19974 21866
20183 21866 19974
21866 20183 21867
20175 21867 20183
19945 19941 19967
19967 19951 19945
20406 21868 21869
21868 20406 20405
20404 21868 20405
20419 20406 21869
21870 20419 21869
20418 20419 21870
20418 21870 21871
21871 20417 20418
20404 21872 21868
21872 20404 20393
21873 21872 20393
20390 21873 20393
