byte offset: 0
first index: 0
index count: 16257
topology: trianglelist
format: DXGI_FORMAT_R16_UINT

0 1 2
0 2 3
0 3 4
0 4 5
0 5 6
0 6 7
0 7 8
0 8 9
0 9 10
0 10 11
0 11 12
0 12 13
0 13 14
0 14 15
0 15 16
0 16 17
0 17 18
0 18 19
0 19 20
0 20 1
21 22 23
23 22 24
22 25 24
24 25 26
25 27 26
26 27 28
27 29 28
28 29 30
29 31 30
30 31 32
31 33 32
32 33 34
33 35 34
34 35 36
36 35 37
37 35 38
37 38 39
39 38 40
39 40 41
41 40 42
41 42 43
43 42 44
43 44 45
45 44 46
45 46 47
47 46 48
47 48 49
49 48 50
49 50 51
51 50 52
51 52 53
53 52 54
53 54 55
55 54 56
55 56 57
57 56 58
58 59 57
57 59 60
59 21 60
60 21 23
61 62 63
64 62 61
65 62 64
66 62 65
67 62 66
68 62 67
69 62 68
70 62 69
71 62 70
72 62 71
73 62 72
74 62 73
75 62 74
76 62 75
77 62 76
78 62 77
79 62 78
80 62 79
81 62 80
63 62 81
82 83 84
82 85 83
82 86 85
82 87 86
82 88 87
82 89 88
82 90 89
82 91 90
82 92 91
82 93 92
82 94 93
82 95 94
82 96 95
82 97 96
82 98 97
82 99 98
82 100 99
82 101 100
82 102 101
82 84 102
103 104 105
104 106 105
105 106 107
106 108 107
107 108 109
108 110 109
109 110 111
110 112 111
111 112 113
112 114 113
113 114 115
114 116 115
115 116 117
116 118 117
118 119 117
119 120 117
119 121 120
121 122 120
121 123 122
123 124 122
123 125 124
125 126 124
125 127 126
127 128 126
127 129 128
129 130 128
129 131 130
131 132 130
131 133 132
133 134 132
133 135 134
135 136 134
135 137 136
137 138 136
137 139 138
139 140 138
140 139 141
139 142 141
141 142 103
142 104 103
143 144 145
146 143 145
147 146 145
148 147 145
149 148 145
150 149 145
151 150 145
152 151 145
153 152 145
154 153 145
155 154 145
156 155 145
157 156 145
158 157 145
159 158 145
160 159 145
161 160 145
162 161 145
163 162 145
144 163 145
164 165 166
165 167 166
165 168 167
165 169 168
165 170 169
165 171 170
165 172 171
165 173 172
165 174 173
165 175 174
165 176 175
165 177 176
165 178 177
165 179 178
165 180 179
165 181 180
165 182 181
165 164 182
183 184 185
184 186 185
184 187 186
184 188 187
184 189 188
184 190 189
184 191 190
184 192 191
184 193 192
184 194 193
184 195 194
184 196 195
184 197 196
184 198 197
184 199 198
184 200 199
184 201 200
184 183 201
202 203 204
203 202 205
206 202 204
202 206 207
208 207 206
207 208 209
210 209 208
209 210 211
212 211 210
211 212 213
205 214 203
214 205 215
215 216 214
216 215 217
217 218 216
218 217 219
209 220 207
221 207 220
220 222 221
222 223 221
223 222 224
222 220 225
220 226 225
226 220 227
228 226 227
226 228 229
230 229 228
229 230 231
232 223 224
223 232 233
232 234 233
234 232 235
235 236 234
236 235 237
227 211 228
211 227 209
220 209 227
228 213 230
213 228 211
219 234 236
234 219 217
217 233 234
233 217 215
215 223 233
223 215 205
205 221 223
221 205 202
207 221 202
238 239 240
241 239 238
240 242 238
243 240 239
243 244 240
245 241 238
246 241 245
247 248 249
248 250 249
250 251 249
247 252 248
253 254 255
255 254 256
256 257 255
257 256 258
259 255 257
255 259 260
260 253 255
261 260 259
262 253 260
258 256 263
263 256 264
256 254 264
258 263 265
265 263 266
267 265 266
263 268 266
265 267 269
265 270 258
265 271 270
271 265 269
272 271 269
273 258 270
258 273 274
270 275 273
275 270 276
272 276 271
276 270 271
272 277 276
277 272 278
276 279 275
279 276 277
280 279 277
280 277 278
280 278 281
281 278 282
283 280 281
284 282 278
272 284 278
284 272 269
283 285 280
285 286 280
280 286 279
287 286 285
288 286 287
288 289 286
286 289 279
289 275 279
287 290 288
291 285 283
292 285 291
292 287 285
293 287 292
293 290 287
294 290 293
295 290 294
290 296 288
295 296 290
296 295 297
296 297 298
299 297 295
299 300 297
297 300 298
300 301 298
301 300 302
303 302 300
300 299 303
302 303 304
305 304 303
305 306 304
306 302 304
306 307 302
307 301 302
307 308 301
296 298 309
310 309 298
301 310 298
311 310 301
308 311 301
311 312 310
311 313 312
313 311 314
314 311 308
308 315 314
316 315 308
316 308 307
307 317 316
307 306 317
318 317 306
314 315 319
320 319 315
316 320 315
316 321 320
316 317 321
320 321 322
323 321 317
323 317 318
324 323 318
325 324 318
321 323 326
322 321 326
327 326 323
327 328 326
327 329 328
330 329 327
330 327 323
324 330 323
331 322 326
331 326 332
328 332 326
333 331 332
329 334 328
335 334 329
334 335 336
335 337 336
336 337 338
337 339 338
340 338 339
340 339 341
342 340 341
328 334 343
344 333 332
344 345 333
346 344 332
347 344 346
347 348 344
349 348 347
350 349 347
351 347 346
351 350 347
343 351 346
346 328 343
328 346 332
352 345 344
344 348 352
352 353 345
354 345 353
355 353 352
352 348 356
349 356 348
356 355 352
345 354 357
357 354 358
333 345 357
333 357 358
358 359 333
359 358 360
359 360 361
358 362 360
362 358 363
359 331 333
331 359 364
364 359 361
319 364 361
331 364 322
319 320 364
364 320 322
358 365 363
365 366 363
365 367 366
367 368 366
368 367 369
369 370 368
370 369 371
372 373 319
372 374 373
374 372 375
374 375 376
374 376 377
378 377 376
377 378 379
378 380 379
380 378 381
381 382 380
382 381 383
384 382 383
385 384 383
373 386 319
386 314 319
314 386 313
313 387 388
389 388 387
389 390 388
390 389 391
392 390 391
389 393 391
391 393 394
392 391 394
394 393 395
396 394 395
396 395 397
396 397 398
397 399 398
399 400 398
399 401 400
402 313 388
388 403 402
313 402 312
394 396 404
396 405 404
406 404 405
404 406 407
407 394 404
405 408 406
406 408 409
408 410 409
408 411 410
412 411 408
408 405 412
413 412 405
409 414 406
406 414 415
415 407 406
416 415 414
416 414 417
417 414 418
409 418 414
410 418 409
415 416 260
407 415 261
260 261 415
261 392 407
392 261 419
259 419 261
419 259 420
419 421 392
421 419 422
420 422 419
422 420 423
274 423 420
274 424 423
425 423 424
423 425 426
423 426 422
424 427 425
427 424 428
428 309 427
309 428 289
288 309 289
424 274 273
273 428 424
428 273 275
275 289 428
288 296 309
403 422 426
422 403 421
421 403 388
402 426 425
426 402 403
310 425 427
309 310 427
425 310 312
312 402 425
421 388 390
392 421 390
394 407 392
429 430 431
431 432 429
433 434 435
436 433 435
435 434 437
434 438 437
437 438 439
438 440 439
439 440 441
440 442 441
441 442 443
254 441 443
264 254 443
444 445 446
445 447 446
446 447 448
447 449 448
448 449 450
451 449 447
452 451 447
452 447 445
448 450 453
450 449 454
449 455 454
451 455 449
454 455 456
455 457 456
456 457 458
457 268 458
263 458 268
455 451 459
457 455 459
459 451 460
451 452 460
457 459 461
268 457 461
461 459 462
459 460 462
461 462 463
268 461 464
464 461 463
465 464 463
266 268 464
466 266 464
465 466 464
467 466 465
466 267 266
468 267 466
467 468 466
468 269 267
284 269 468
284 468 469
468 467 469
284 469 282
396 470 405
405 470 413
420 257 274
258 274 257
257 420 259
416 262 260
417 262 416
318 306 325
305 325 306
471 472 473
472 474 473
471 473 475
474 476 473
474 477 476
474 478 477
479 480 481
480 479 482
483 482 479
481 480 484
485 481 484
486 485 484
483 479 487
487 488 483
483 488 489
487 490 488
491 483 489
489 492 491
492 489 493
494 491 492
491 494 495
495 496 491
491 496 483
496 495 497
498 497 495
498 499 497
500 495 494
495 500 498
490 501 488
501 489 488
502 501 490
502 503 501
489 501 503
489 503 493
503 502 504
504 505 503
505 504 506
506 507 505
508 505 507
505 508 509
509 503 505
507 506 510
509 508 511
511 508 512
511 512 513
511 513 514
509 511 515
515 511 514
515 514 516
514 517 516
517 518 516
510 519 507
519 510 520
520 521 519
521 520 522
523 507 519
521 523 519
521 524 523
525 524 521
526 525 521
522 526 521
527 525 526
522 528 526
529 526 528
526 529 527
530 529 528
527 531 525
531 532 525
532 533 525
533 524 525
524 533 534
534 535 524
524 535 536
536 523 524
536 535 537
533 532 538
533 538 539
540 539 538
537 541 536
541 537 542
542 543 541
543 542 544
543 544 545
546 543 545
547 543 546
547 546 548
549 541 543
543 547 549
541 549 512
512 536 541
523 536 512
512 508 523
507 523 508
540 538 550
550 551 540
550 552 551
552 553 551
552 554 553
555 514 556
514 555 557
558 557 555
557 558 559
513 556 514
560 561 562
563 560 562
562 564 563
564 565 563
565 564 566
567 565 566
568 569 570
569 568 571
569 572 570
572 573 570
568 574 571
568 575 574
576 577 578
576 578 579
580 581 582
580 583 581
580 584 583
585 586 587
588 585 587
585 588 589
590 589 588
588 591 590
592 593 594
595 596 597
494 518 500
518 494 516
492 516 494
516 492 515
493 515 492
515 493 509
503 509 493
598 599 600
599 601 600
602 601 599
601 602 603
604 603 602
603 604 605
606 607 608
607 609 608
609 607 610
610 611 609
611 610 612
611 612 613
613 612 614
606 608 615
616 617 618
619 618 617
620 621 622
623 622 621
621 624 623
624 621 625
626 625 621
626 621 620
625 627 624
627 625 628
629 627 628
629 628 630
627 629 631
632 628 625
632 625 626
628 632 630
631 629 633
633 634 631
626 620 635
632 626 635
629 630 636
629 636 633
637 630 632
637 632 638
632 635 638
639 638 635
633 636 640
633 640 641
641 640 642
642 643 641
644 643 642
645 643 644
646 645 644
641 647 633
634 633 647
647 641 648
643 648 641
649 634 647
649 647 650
648 650 647
651 649 650
652 651 650
651 652 653
648 654 650
650 654 652
655 652 654
656 655 654
643 656 648
656 654 648
643 645 656
652 657 653
658 652 655
652 658 657
658 659 657
658 655 660
660 659 658
661 660 655
661 655 656
657 659 662
659 663 662
664 663 659
664 659 660
665 664 660
665 660 661
664 665 666
662 663 667
663 668 667
669 668 663
669 663 664
664 666 669
665 646 666
646 665 661
645 661 656
645 646 661
666 646 670
671 670 646
671 646 644
671 644 672
644 673 672
673 674 672
674 673 675
675 673 676
676 677 675
677 676 636
675 678 674
636 630 677
637 677 630
679 677 637
679 675 677
680 675 679
680 678 675
642 676 673
644 642 673
640 636 676
640 676 642
681 679 637
681 637 638
682 679 681
682 680 679
639 681 638
683 681 639
683 682 681
639 684 683
684 639 685
622 684 685
685 620 622
685 635 620
685 639 635
686 687 688
686 689 687
689 686 690
662 689 690
662 690 657
691 657 690
686 691 690
653 657 691
686 688 692
693 686 692
686 693 691
689 662 667
689 667 694
695 694 667
668 695 667
694 695 696
697 689 694
698 697 694
696 698 694
698 696 699
699 700 698
668 701 695
702 701 668
703 704 705
706 703 705
707 703 706
708 707 706
709 707 708
710 709 708
711 709 710
712 711 710
713 711 712
714 713 712
715 713 714
716 715 714
717 715 716
717 716 718
718 719 717
718 720 719
721 719 720
719 721 722
723 722 721
722 723 724
723 725 724
725 723 726
726 727 725
727 726 728
729 730 731
732 731 730
731 732 733
732 734 733
734 732 735
736 731 733
731 736 737
729 731 737
737 738 729
739 733 734
733 739 736
740 729 738
740 738 741
741 742 740
741 743 742
744 742 743
735 745 734
745 735 746
745 746 747
748 745 747
748 734 745
734 748 739
749 750 751
752 751 750
751 752 753
754 753 752
755 754 752
755 756 754
757 756 755
757 758 756
758 757 759
760 759 757
760 761 759
761 760 762
762 763 761
763 762 764
762 765 764
765 766 764
765 767 766
767 768 766
769 770 771
772 773 774
774 773 775
775 776 774
777 776 775
776 777 778
779 778 777
778 779 780
781 773 772
782 781 772
772 783 782
783 784 782
784 783 785
784 785 786
784 786 787
788 787 786
784 787 789
784 789 782
790 788 786
790 786 785
790 791 788
792 780 779
780 792 793
794 793 792
791 795 788
791 796 795
796 797 795
796 798 797
798 799 797
800 801 802
800 803 801
804 800 802
802 805 804
802 801 806
801 807 806
806 807 808
804 805 809
805 810 809
810 811 809
805 812 810
813 812 805
813 805 802
806 813 802
812 814 810
815 804 809
816 810 814
816 811 810
816 817 811
818 812 813
813 806 818
812 818 819
818 820 819
821 818 806
818 821 820
821 806 822
822 823 821
823 822 824
812 819 825
812 825 814
826 814 825
827 819 820
828 819 827
819 828 825
825 828 829
829 828 827
829 826 825
827 830 829
823 824 831
827 832 830
832 827 833
820 833 827
833 820 834
834 821 823
821 834 820
833 835 832
835 833 836
834 836 833
837 835 836
836 834 838
823 838 834
838 823 839
840 837 836
838 840 836
837 840 841
840 842 841
842 840 843
840 838 843
842 844 841
842 845 844
845 846 844
844 846 847
841 844 847
848 845 842
843 848 842
843 849 848
838 849 843
849 838 839
848 850 845
848 851 850
849 851 848
850 852 845
852 850 853
854 852 853
852 854 855
855 854 856
849 857 851
857 849 839
857 839 831
823 831 839
858 859 804
804 859 800
800 859 860
860 859 861
861 859 858
803 800 860
803 860 862
863 862 860
860 864 863
860 861 864
863 865 862
862 865 866
867 866 865
858 804 815
863 864 868
863 868 869
863 869 865
865 869 867
867 869 870
864 871 868
869 868 872
869 872 870
873 867 870
873 870 874
866 875 862
803 862 875
875 876 803
801 803 876
876 877 801
801 877 807
878 879 817
879 878 826
878 814 826
879 826 880
814 878 816
878 817 816
829 880 826
829 881 880
830 881 829
882 883 884
883 885 884
883 886 885
883 887 886
885 886 888
888 889 885
889 888 890
891 889 890
892 891 890
892 893 891
891 893 894
893 892 895
896 892 890
888 896 890
894 893 897
894 897 898
897 899 898
892 900 895
895 900 901
901 900 902
895 901 903
904 895 903
897 893 904
904 893 895
903 901 905
901 906 905
901 902 906
907 900 892
896 907 892
908 904 903
904 908 897
903 909 908
908 909 910
911 897 908
908 910 911
911 912 897
913 912 911
912 913 914
915 909 903
903 905 915
915 916 909
916 917 909
917 910 909
917 916 918
918 916 915
905 906 919
920 910 917
917 921 920
921 917 922
918 922 917
918 923 922
910 920 924
924 911 910
911 924 913
925 920 921
920 925 926
926 924 920
927 926 925
924 926 928
928 913 924
913 928 929
930 926 927
930 928 926
927 931 930
932 930 931
930 932 933
928 930 933
932 931 934
932 934 935
935 934 936
934 937 936
931 937 934
938 932 935
933 932 938
938 935 939
940 939 935
939 940 941
940 942 941
942 940 943
943 944 942
933 938 945
945 938 946
938 939 946
945 928 933
928 945 929
947 929 945
945 946 947
947 948 929
913 929 948
913 948 914
949 950 918
915 949 918
950 923 918
951 950 949
951 949 919
949 905 919
949 915 905
952 951 919
906 952 919
902 952 906
953 954 883
954 887 883
882 953 883
955 882 884
955 884 956
957 956 884
885 957 884
885 958 957
885 889 958
959 958 889
959 889 891
894 959 891
955 956 960
956 961 960
956 957 961
957 962 961
957 958 962
958 963 962
963 958 959
964 963 959
959 894 964
894 965 964
894 898 965
966 955 960
967 968 969
970 971 972
971 970 973
974 971 973
974 973 975
976 971 974
976 977 971
978 977 976
979 977 978
980 977 979
981 976 974
982 978 976
982 976 981
975 983 974
983 981 974
983 975 984
985 982 981
981 983 986
985 981 986
984 987 983
987 986 983
987 984 988
987 989 986
990 985 986
990 986 989
988 991 987
991 989 987
991 988 992
991 993 989
989 993 990
994 992 988
988 984 994
994 984 995
992 994 996
994 997 996
995 997 994
995 998 997
995 999 998
995 1000 999
995 975 1000
1000 1001 999
1002 1001 1000
1000 973 1002
975 973 1000
973 1003 1002
1003 1004 1002
1002 1004 1001
1004 1003 1005
1004 1005 1006
1007 1004 1006
1001 1004 1007
1008 1001 1007
999 1001 1008
999 1008 1009
999 1009 998
998 1010 997
998 1009 1010
997 1010 1011
973 970 1003
996 997 1011
996 1011 1012
992 996 1012
1012 991 992
1012 993 991
1013 1014 972
980 1014 1013
977 980 1013
977 1013 971
1013 972 971
1015 1016 1017
984 975 995
1018 1019 1020
1019 1018 1021
1022 1020 1019
1022 1023 1020
1024 1022 1019
1024 1019 1025
1025 1019 1026
1019 1021 1026
1025 1026 1027
1027 1028 1025
1028 1029 1025
1029 1024 1025
1030 1022 1024
1031 1024 1029
1031 1030 1024
1032 1023 1022
1032 1022 1030
1023 1032 1033
1034 1030 1031
1030 1035 1032
1034 1035 1030
1036 1033 1032
1036 1032 1035
1033 1036 1037
1036 1035 1038
1039 1035 1034
1039 1038 1035
1040 1037 1036
1040 1036 1038
1037 1040 1041
1040 1038 1042
1038 1039 1042
1041 1043 1037
1037 1043 1033
1043 1044 1033
1043 1041 1045
1043 1045 1046
1044 1043 1046
1044 1046 1047
1044 1047 1048
1044 1048 1049
1044 1049 1023
1049 1048 1050
1051 1049 1050
1049 1051 1020
1023 1049 1020
1020 1051 1052
1052 1051 1053
1051 1050 1053
1053 1054 1052
1053 1055 1054
1056 1055 1053
1050 1056 1053
1057 1056 1050
1048 1057 1050
1048 1058 1057
1048 1047 1058
1047 1046 1059
1047 1059 1058
1046 1060 1059
1020 1052 1018
1045 1060 1046
1045 1061 1060
1041 1061 1045
1061 1041 1040
1061 1040 1042
1062 1063 1064
1033 1044 1023
1065 1066 1067
1068 1065 1067
1066 1065 1069
1065 1070 1069
1069 1070 1071
1070 1072 1071
1070 1073 1072
1073 1074 1072
1072 1074 1075
1075 1074 1076
1076 1077 1075
1077 1076 1078
1078 1079 1077
1079 1078 1080
1080 1081 1079
1081 1080 1082
1082 1083 1081
1083 1082 1084
1085 1080 1078
1085 1078 1086
1078 1076 1086
1087 1086 1076
1074 1087 1076
1080 1085 1088
1089 1075 1077
1079 1089 1077
1089 1079 1090
1091 1089 1090
1091 1090 1092
1090 1093 1092
1093 1090 1094
1079 1094 1090
1094 1079 1081
1094 1095 1093
1095 1094 1096
1081 1096 1094
1096 1081 1083
1091 1097 1089
1083 1098 1096
1096 1098 1099
1096 1099 1095
1100 1097 1091
1097 1100 1101
1102 1101 1100
1103 1101 1102
1099 1098 1104
1099 1104 1105
1106 1105 1104
1106 1107 1105
1107 1106 1108
1109 1107 1108
1110 1109 1108
1108 1111 1110
1112 1110 1111
1111 1113 1112
1113 1111 1114
1108 1114 1111
1113 1114 1115
1106 1116 1108
1117 1108 1116
1108 1117 1114
1116 1118 1117
1119 1118 1116
1116 1120 1119
1120 1116 1106
1121 1119 1120
1118 1119 1122
1122 1123 1118
1124 1118 1123
1125 1117 1118
1124 1125 1118
1125 1115 1114
1117 1125 1114
1119 1126 1122
1119 1121 1126
1122 1126 1127
1126 1128 1127
1128 1126 1084
1126 1121 1084
1128 1084 1129
1125 1124 1130
1115 1125 1130
1131 1115 1130
1113 1115 1131
1132 1131 1130
1131 1133 1113
1133 1134 1113
1131 1135 1133
1131 1132 1135
1112 1113 1134
1136 1135 1132
1137 1132 1130
1136 1132 1137
1084 1082 1129
1129 1082 1138
1138 1082 1080
1138 1080 1088
1139 1137 1130
1124 1139 1130
1102 1140 1141
1103 1102 1141
1103 1141 1142
1143 1103 1142
1144 1072 1075
1089 1144 1075
1144 1071 1072
1098 1083 1121
1121 1083 1084
1098 1121 1120
1098 1120 1104
1106 1104 1120
1145 1146 1147
1146 1145 1148
1145 1149 1148
1149 1150 1148
1150 1151 1148
1151 1152 1148
1152 1146 1148
1145 1147 1153
1149 1145 1154
1154 1145 1153
1155 1149 1154
1156 1149 1155
1149 1156 1150
1154 1157 1155
1158 1157 1154
1154 1153 1158
1159 1157 1158
1160 1156 1155
1157 1159 1161
1155 1157 1161
1161 1160 1155
1152 1162 1146
1146 1162 1163
1163 1164 1146
1165 1164 1163
1153 1164 1165
1166 1165 1163
1165 1166 1167
1166 1168 1167
1169 1167 1168
1170 1169 1168
1171 1169 1170
1169 1171 1172
1169 1173 1167
1170 1174 1171
1174 1170 1175
1175 1170 1168
1175 1176 1174
1176 1175 1177
1168 1178 1175
1175 1178 1177
1168 1179 1178
1179 1168 1166
1172 1180 1169
1169 1180 1173
1172 1181 1180
1182 1176 1177
1182 1177 1178
1176 1182 1183
1182 1178 1184
1184 1178 1179
1184 1185 1182
1183 1182 1185
1186 1183 1185
1187 1183 1186
1183 1187 1188
1179 1189 1184
1189 1190 1184
1191 1190 1189
1190 1192 1184
1185 1184 1192
1192 1190 1193
1190 1194 1193
1191 1194 1190
1193 1194 1195
1194 1196 1195
1196 1194 1197
1197 1194 1191
1195 1198 1193
1198 1195 1199
1198 1199 1200
1199 1201 1200
1200 1202 1198
1193 1198 1203
1202 1203 1198
1193 1203 1192
1204 1199 1195
1204 1195 1196
1191 1189 1205
1206 1191 1205
1206 1205 1207
1205 1208 1207
1202 1186 1203
1186 1185 1203
1192 1203 1185
1202 1187 1186
1202 1209 1187
1209 1202 1210
1200 1210 1202
1200 1211 1210
1211 1200 1201
1211 1201 1212
1213 1209 1210
1214 1209 1213
1209 1214 1215
1214 1216 1215
1216 1214 1217
1217 1218 1216
1218 1217 1219
1219 1220 1218
1220 1219 1221
1221 1222 1220
1222 1221 1223
1224 1218 1220
1218 1224 1225
1225 1216 1218
1226 1219 1217
1214 1226 1217
1219 1226 1227
1227 1221 1219
1228 1227 1226
1227 1228 1229
1230 1229 1228
1229 1230 1231
1231 1232 1229
1233 1231 1230
1229 1234 1227
1234 1229 1232
1221 1227 1234
1234 1223 1221
1232 1235 1234
1223 1234 1235
1222 1223 1236
1223 1237 1236
1235 1237 1223
1235 1238 1237
1239 1236 1237
1240 1237 1238
1241 1237 1240
1237 1241 1239
1242 1236 1239
1243 1240 1238
1235 1243 1238
1244 1243 1235
1232 1244 1235
1245 1244 1232
1231 1245 1232
1245 1246 1244
1246 1247 1244
1244 1247 1243
1248 1246 1245
1245 1249 1248
1231 1249 1245
1248 1249 1250
1248 1250 1251
1251 1252 1248
1248 1252 1246
1251 1253 1252
1251 1254 1253
1255 1253 1254
1253 1255 1256
1253 1256 1257
1253 1257 1252
1258 1257 1256
1259 1257 1258
1252 1259 1246
1246 1259 1247
1252 1257 1259
1259 1258 1260
1260 1258 1261
1258 1256 1262
1262 1261 1258
1262 1263 1261
1251 1264 1254
1251 1265 1264
1265 1251 1250
1255 1254 1266
1254 1264 1267
1254 1267 1266
1267 1264 1268
1264 1265 1269
1268 1264 1269
1265 1270 1269
1270 1265 1271
1250 1271 1265
1250 1272 1271
1272 1250 1233
1273 1269 1270
1269 1273 1274
1268 1269 1274
1275 1268 1274
1267 1268 1275
1276 1267 1275
1276 1266 1267
1276 1277 1266
1278 1273 1270
1278 1270 1271
1250 1249 1233
1272 1279 1271
1271 1280 1278
1280 1271 1279
1281 1278 1280
1278 1281 1282
1278 1282 1273
1279 1272 1283
1283 1272 1233
1283 1233 1284
1285 1284 1233
1285 1286 1284
1287 1286 1285
1286 1288 1284
1284 1289 1283
1288 1289 1284
1290 1288 1286
1291 1290 1286
1291 1286 1287
1289 1292 1283
1283 1292 1279
1292 1289 1293
1288 1294 1289
1294 1293 1289
1290 1295 1288
1288 1295 1294
1293 1294 1296
1293 1297 1292
1297 1279 1292
1279 1297 1280
1297 1293 1298
1296 1298 1293
1295 1299 1294
1299 1296 1294
1298 1296 1300
1295 1301 1299
1302 1301 1295
1303 1302 1295
1291 1303 1290
1290 1303 1295
1291 1304 1303
1304 1302 1303
1304 1305 1302
1305 1306 1302
1302 1306 1301
1299 1307 1296
1307 1300 1296
1308 1297 1298
1297 1308 1309
1280 1297 1309
1281 1280 1309
1310 1298 1300
1298 1310 1308
1310 1300 1307
1311 1310 1307
1311 1312 1310
1312 1311 1313
1313 1314 1312
1314 1313 1315
1315 1313 1316
1317 1314 1315
1314 1317 1318
1314 1318 1319
1314 1319 1312
1312 1319 1320
1315 1321 1317
1321 1315 1322
1322 1323 1321
1323 1322 1324
1322 1325 1324
1325 1326 1324
1327 1324 1326
1327 1328 1324
1327 1329 1328
1330 1329 1327
1306 1330 1327
1325 1322 1331
1332 1331 1322
1315 1332 1322
1315 1333 1332
1334 1333 1315
1315 1316 1334
1316 1335 1334
1336 1329 1330
1329 1336 1337
1337 1328 1329
1330 1338 1336
1338 1339 1336
1339 1338 1340
1340 1338 1341
1342 1339 1340
1340 1343 1342
1340 1341 1343
1338 1344 1341
1345 1341 1344
1341 1345 1346
1346 1343 1341
1347 1346 1345
1346 1347 1348
1342 1349 1339
1339 1349 1350
1351 1339 1350
1336 1351 1337
1336 1339 1351
1351 1350 1352
1344 1338 1330
1348 1353 1346
1343 1346 1353
1212 1343 1353
1342 1343 1212
1342 1212 1354
1353 1348 1355
1211 1353 1355
1212 1353 1211
1356 1355 1348
1348 1347 1356
1201 1354 1212
1201 1357 1354
1210 1211 1355
1213 1210 1355
1356 1213 1355
1358 1213 1356
1356 1359 1358
1228 1358 1359
1359 1230 1228
1230 1359 1285
1358 1228 1226
1359 1356 1287
1287 1285 1359
1226 1214 1358
1213 1358 1214
1285 1233 1230
1347 1287 1356
1347 1291 1287
1345 1291 1347
1291 1345 1304
1344 1304 1345
1304 1344 1305
1330 1305 1344
1306 1305 1330
1233 1249 1231
1360 1361 1362
1363 1361 1360
1364 1363 1360
1365 1363 1364
1365 1366 1363
1363 1366 1361
1366 1365 1367
1368 1366 1367
1366 1368 1369
1361 1366 1369
1362 1361 1370
1361 1369 1370
1369 1371 1370
1369 1372 1371
1369 1368 1372
1372 1373 1371
1368 1374 1372
1374 1368 1375
1375 1368 1367
1373 1372 1376
1374 1376 1372
1374 1377 1376
1377 1374 1378
1374 1375 1378
1379 1373 1376
1376 1380 1379
1376 1377 1380
1380 1381 1379
1381 1380 1382
1380 1377 1382
1377 1383 1382
1377 1378 1383
1384 1381 1382
1382 1385 1384
1385 1386 1384
1381 1384 1387
1381 1387 1388
1386 1389 1384
1387 1384 1389
1389 1390 1387
1391 1386 1385
1386 1391 1392
1391 1393 1392
1393 1391 1394
1395 1389 1386
1395 1386 1392
1396 1395 1392
1393 1396 1392
1397 1395 1396
1395 1397 1398
1389 1398 1390
1389 1395 1398
1399 1390 1398
1400 1399 1398
1400 1398 1401
1399 1402 1390
1390 1402 1403
1402 1404 1403
1405 1404 1402
1404 1388 1403
1406 1402 1399
1405 1402 1406
1405 1406 1407
1408 1406 1399
1408 1399 1400
1406 1408 1407
1388 1387 1403
1387 1390 1403
1400 1409 1408
1410 1409 1400
1409 1410 1411
1410 1412 1411
1409 1411 1413
1413 1414 1409
1414 1413 1415
1414 1415 1416
1417 1414 1416
1414 1417 1418
1414 1418 1409
1417 1416 1419
1420 1419 1416
1421 1416 1415
1420 1416 1421
1422 1420 1421
1423 1422 1421
1422 1424 1420
1419 1420 1424
1425 1419 1424
1421 1426 1423
1421 1415 1426
1426 1427 1423
1415 1427 1426
1419 1428 1417
1425 1428 1419
1429 1428 1425
1428 1430 1417
1417 1430 1418
1430 1431 1418
1428 1405 1430
1429 1405 1428
1430 1405 1432
1431 1430 1432
1431 1409 1418
1429 1425 1433
1429 1433 1434
1433 1435 1434
1435 1436 1434
1434 1436 1437
1436 1435 1438
1434 1437 1439
1429 1434 1439
1435 1433 1440
1440 1441 1435
1435 1441 1442
1438 1435 1442
1441 1443 1442
1425 1440 1433
1425 1444 1440
1444 1445 1440
1445 1441 1440
1445 1444 1422
1422 1446 1445
1446 1422 1160
1447 1160 1422
1160 1447 1448
1449 1160 1448
1448 1450 1449
1449 1450 1451
1450 1452 1451
1151 1451 1452
1151 1452 1453
1453 1452 1454
1448 1454 1450
1452 1450 1454
1151 1453 1455
1456 1455 1453
1453 1457 1456
1453 1454 1457
1458 1456 1457
1457 1459 1458
1460 1458 1459
1461 1459 1457
1454 1448 1461
1454 1461 1457
1447 1461 1448
1460 1462 1458
1460 1463 1462
1463 1460 1464
1464 1460 1459
1464 1459 1461
1447 1464 1461
1464 1447 1422
1463 1464 1422
1465 1466 1467
1465 1468 1466
1466 1469 1467
1469 1466 1470
1466 1468 1471
1466 1471 1470
1472 1469 1470
1473 1470 1471
1471 1474 1473
1475 1470 1473
1475 1472 1470
1474 1476 1473
1477 1473 1476
1475 1473 1477
1478 1476 1474
1478 1479 1476
1479 1480 1476
1476 1480 1481
1476 1481 1477
1479 1482 1480
1475 1477 1483
1477 1481 1483
1484 1475 1483
1484 1472 1475
1485 1472 1484
1486 1482 1479
1486 1479 1478
1486 1478 1487
1487 1488 1486
1486 1488 1489
1486 1489 1482
1489 1488 1490
1482 1489 1490
1490 1491 1482
1480 1482 1491
1491 1492 1480
1481 1480 1492
1492 1493 1481
1481 1493 1483
1493 1494 1483
1494 1495 1483
1484 1483 1495
1493 1496 1494
1496 1497 1494
1494 1497 1495
1497 1496 1498
1497 1498 1499
1497 1499 1500
1497 1500 1495
1500 1499 1501
1484 1495 1500
1502 1484 1500
1500 1501 1502
1501 1503 1502
1504 1502 1503
1502 1504 1485
1502 1485 1484
1485 1504 1505
1504 1506 1505
1506 1507 1505
1508 1507 1506
1509 1507 1508
1510 1509 1508
1510 1511 1509
1467 1509 1511
1509 1467 1507
1511 1465 1467
1507 1467 1469
1507 1469 1505
1472 1505 1469
1472 1485 1505
1512 1506 1504
1508 1506 1513
1506 1512 1513
1504 1503 1514
1512 1504 1514
1511 1510 1515
1515 1510 1516
1517 1516 1510
1516 1517 1518
1518 1519 1516
1519 1518 1520
1517 1521 1518
1517 1510 1522
1517 1522 1523
1517 1523 1521
1523 1522 1524
1520 1525 1519
1520 1382 1525
1382 1520 1526
1527 1526 1520
1518 1521 1527
1520 1518 1527
1527 1521 1528
1529 1528 1521
1523 1529 1521
1529 1523 1524
1528 1529 1530
1524 1530 1529
1382 1526 1531
1526 1532 1531
1527 1532 1526
1528 1532 1527
1532 1528 1533
1533 1528 1530
1532 1534 1531
1532 1533 1534
1534 1535 1531
1394 1535 1534
1394 1534 1533
1530 1394 1533
1413 1536 1415
1415 1536 1427
1537 1413 1538
1537 1538 1539
1538 1540 1539
1538 1413 1411
1541 1537 1539
1542 1541 1539
1543 1542 1539
1543 1544 1542
1541 1542 1545
1542 1544 1546
1544 1547 1546
1547 1548 1546
1547 1549 1548
1548 1549 1550
1550 1551 1548
1546 1552 1542
1552 1545 1542
1551 1553 1548
1553 1551 1554
1554 1555 1553
1556 1554 1551
1550 1556 1551
1550 1557 1556
1554 1556 1558
1559 1554 1558
1559 1560 1554
1555 1554 1560
1560 1559 1561
1560 1562 1555
1562 1560 1561
1563 1564 1443
1564 1563 1446
1446 1563 1445
1445 1563 1441
1563 1443 1441
1446 1160 1564
1565 1566 1443
1565 1567 1566
1443 1568 1565
1565 1568 1153
1565 1569 1567
1569 1436 1567
1565 1570 1569
1571 1569 1570
1569 1571 1572
1572 1436 1569
1572 1573 1436
1573 1437 1436
1573 1574 1437
1574 1573 1575
1575 1573 1576
1576 1573 1572
1575 1576 1577
1578 1577 1576
1577 1579 1575
1575 1579 1580
1575 1580 1574
1581 1574 1580
1405 1581 1580
1580 1582 1405
1582 1580 1579
1579 1583 1582
1381 1583 1579
1579 1584 1381
1577 1584 1579
1577 1585 1584
1577 1578 1585
1584 1585 1586
1585 1371 1586
1585 1578 1371
1381 1584 1587
1586 1587 1584
1405 1429 1581
1429 1439 1581
1439 1574 1581
1439 1437 1574
1370 1371 1578
1370 1578 1588
1576 1588 1578
1576 1572 1588
1589 1370 1588
1589 1362 1370
1590 1589 1588
1591 1590 1588
1572 1591 1588
1572 1571 1591
1590 1592 1589
1571 1593 1591
1591 1593 1594
1590 1591 1594
1595 1590 1594
1595 1592 1590
1596 1592 1595
1596 1597 1592
1598 1592 1597
1598 1589 1592
1589 1598 1362
1599 1597 1596
1596 1600 1599
1600 1596 1241
1241 1596 1595
1597 1599 1601
1601 1602 1597
1602 1598 1597
1602 1360 1598
1364 1360 1602
1602 1601 1603
1364 1602 1604
1603 1604 1602
1364 1604 1605
1606 1605 1604
1604 1607 1606
1604 1603 1607
1603 1608 1607
1603 1601 1608
1599 1608 1601
1607 1608 1261
1605 1606 1609
1610 1609 1606
1611 1610 1606
1606 1607 1611
1607 1263 1611
1263 1607 1261
1610 1612 1609
1613 1612 1610
1614 1612 1613
1610 1611 1615
1610 1615 1616
1613 1610 1616
1612 1617 1609
1617 1612 1618
1614 1618 1612
1609 1617 1619
1618 1614 1620
1621 1618 1620
1622 1618 1621
1622 1621 1623
1624 1622 1623
1622 1624 1625
1622 1625 1626
1468 1626 1625
1620 1627 1621
1627 1623 1621
1628 1627 1620
1614 1629 1620
1629 1628 1620
1627 1630 1623
1624 1623 1630
1630 1631 1624
1632 1624 1631
1468 1625 1632
1624 1632 1625
1632 1471 1468
1471 1632 1633
1631 1633 1632
1634 1633 1631
1631 1635 1634
1636 1634 1635
1635 1637 1636
1638 1637 1635
1639 1633 1634
1471 1633 1639
1640 1631 1630
1640 1638 1635
1631 1640 1635
1641 1638 1640
1641 1640 1630
1627 1641 1630
1642 1638 1641
1637 1638 1643
1642 1643 1638
1637 1644 1636
1637 1645 1644
1637 1643 1645
1645 1646 1644
1645 1643 1647
1648 1643 1642
1648 1647 1643
1649 1645 1647
1647 1650 1649
1651 1648 1642
1652 1647 1648
1652 1650 1647
1650 1652 1653
1650 1653 1654
1655 1653 1652
1653 1655 1656
1656 1655 1657
1658 1652 1648
1655 1652 1658
1658 1648 1651
1658 1651 1659
1655 1658 1660
1660 1657 1655
1658 1659 1660
1651 1661 1659
1628 1661 1651
1651 1662 1628
1627 1628 1662
1628 1663 1661
1628 1629 1663
1641 1627 1662
1642 1641 1662
1663 1664 1661
1664 1659 1661
1651 1642 1662
1663 1665 1664
1657 1666 1656
1667 1664 1665
1667 1665 1668
1668 1665 1669
1669 1670 1668
1670 1669 1671
1672 1670 1671
1670 1672 1673
1673 1672 1674
1675 1670 1673
1670 1675 1668
1676 1675 1673
1677 1671 1669
1677 1678 1671
1679 1677 1669
1679 1669 1680
1676 1681 1675
1676 1682 1681
1683 1681 1682
1684 1680 1669
1684 1685 1680
1686 1685 1684
1686 1684 1687
1687 1613 1686
1613 1687 1614
1629 1614 1687
1687 1684 1688
1688 1629 1687
1613 1689 1686
1685 1686 1689
1689 1690 1685
1690 1689 1691
1691 1689 1616
1689 1613 1616
1615 1691 1616
1665 1688 1684
1684 1669 1665
1688 1663 1629
1665 1663 1688
1262 1615 1611
1611 1263 1262
1692 1693 1694
1694 1695 1692
1696 1692 1695
1696 1697 1692
1696 1698 1697
1698 1696 1699
1700 1698 1699
1697 1701 1692
1692 1701 1702
1693 1692 1702
1702 1703 1693
1702 1701 1704
1702 1704 1705
1703 1702 1705
1701 1706 1704
1701 1707 1706
1707 1701 1697
1698 1707 1697
1708 1706 1707
1708 1707 1709
1709 1707 1698
1700 1710 1698
1710 1709 1698
1711 1710 1700
1712 1709 1710
1712 1708 1709
1711 1712 1710
1711 1713 1712
1713 1711 1714
1715 1713 1714
1712 1716 1708
1716 1712 1713
1715 1716 1713
1717 1716 1715
1320 1717 1715
1715 1718 1320
1718 1715 1714
1719 1717 1320
1720 1320 1718
1312 1320 1720
1310 1312 1720
1720 1308 1310
1309 1720 1718
1720 1309 1308
1281 1718 1714
1281 1309 1718
1282 1714 1711
1714 1282 1281
1319 1719 1320
1318 1719 1319
1282 1711 1700
1282 1700 1273
1700 1274 1273
1274 1700 1699
1699 1275 1274
1275 1699 1696
1696 1276 1275
1276 1696 1695
1276 1695 1277
1695 1694 1277
1721 1722 1181
1722 1723 1181
1723 1724 1181
1724 1723 1725
1725 1726 1724
1726 1725 1727
1727 1167 1726
1167 1727 1728
1727 1725 1728
1725 1723 1729
1725 1729 1728
1729 1730 1728
1730 1729 1570
1731 1570 1729
1723 1731 1729
1570 1731 1571
1593 1571 1731
1723 1242 1731
1242 1593 1731
1722 1242 1723
1242 1594 1593
1165 1728 1730
1165 1167 1728
1153 1165 1730
1570 1565 1730
1153 1730 1565
1242 1239 1594
1594 1239 1595
1241 1595 1239
1241 1240 1600
1732 1600 1240
1600 1732 1733
1734 1733 1732
1732 1247 1734
1259 1734 1247
1259 1260 1734
1733 1734 1260
1247 1732 1243
1240 1243 1732
1733 1599 1600
1599 1733 1735
1733 1260 1735
1260 1261 1735
1608 1599 1735
1261 1608 1735
1736 1737 1738
1736 1739 1737
1740 1737 1739
1741 1736 1738
1617 1741 1738
1617 1738 1619
1742 1619 1738
1738 1737 1742
1743 1742 1737
1743 1737 1740
1617 1618 1741
1743 1740 1511
1511 1515 1743
1744 1619 1742
1744 1605 1619
1744 1742 1745
1743 1745 1742
1745 1743 1515
1744 1745 1746
1747 1746 1745
1745 1515 1747
1515 1516 1747
1746 1364 1744
1605 1744 1364
1605 1609 1619
1636 1748 1749
1636 1749 1634
1634 1749 1639
1636 1644 1748
1644 1750 1748
1646 1750 1644
1646 1751 1750
1752 1751 1646
1752 1753 1751
1754 1753 1752
1754 1752 1755
1645 1755 1752
1645 1752 1646
1756 1757 1650
1650 1757 1649
1650 1654 1756
1758 1759 1760
1758 1660 1759
1761 1758 1760
1760 1681 1761
1761 1657 1758
1758 1657 1660
1761 1666 1657
1761 1762 1666
1762 1761 1681
1760 1759 1667
1762 1681 1683
1760 1675 1681
1760 1667 1668
1675 1760 1668
1667 1759 1664
1659 1664 1759
1660 1659 1759
1682 1763 1683
1222 1236 1722
1242 1722 1236
1222 1722 1721
1721 1220 1222
1220 1721 1224
1172 1224 1721
1224 1172 1171
1171 1225 1224
1225 1171 1174
1174 1764 1225
1764 1174 1176
1183 1764 1176
1764 1183 1188
1215 1764 1188
1764 1215 1216
1216 1225 1764
1188 1209 1215
1209 1188 1187
1721 1181 1172
1765 1323 1766
1766 1767 1765
1767 1766 1768
1328 1768 1766
1324 1766 1323
1766 1324 1328
1768 1769 1767
1769 1768 1770
1769 1770 1771
1768 1337 1770
1328 1337 1768
1337 1351 1770
1351 1352 1770
1770 1352 1771
1772 1771 1352
1773 1771 1772
1773 1772 1774
1775 1774 1772
1772 1776 1775
1776 1772 1777
1772 1352 1777
1777 1352 1350
1350 1778 1777
1778 1350 1349
1778 1349 1779
1780 1778 1779
1779 1349 1342
1342 1354 1779
1354 1781 1779
1781 1780 1779
1781 1782 1780
1354 1357 1781
1357 1783 1781
1781 1783 1782
1778 1784 1777
1778 1780 1784
1776 1777 1784
1775 1785 1774
1782 1783 1786
1357 1787 1783
1783 1787 1786
1788 1786 1787
1788 1787 1789
1789 1787 1790
1357 1790 1787
1789 1790 1791
1792 1788 1789
1789 1793 1792
1791 1793 1789
1793 1791 1794
1792 1793 1795
1793 1794 1795
1795 1794 1796
1797 1796 1794
1794 1791 1797
1798 1792 1795
1788 1792 1799
1798 1799 1792
1800 1788 1799
1786 1788 1800
1800 1799 1801
1800 1801 1802
1803 1802 1801
1802 1803 1804
1796 1805 1795
1806 1798 1795
1805 1806 1795
1797 1206 1796
1797 1191 1206
1206 1207 1796
1805 1796 1207
1805 1207 1807
1208 1807 1207
1807 1208 1808
1805 1807 1809
1809 1806 1805
1807 1810 1809
1810 1807 1811
1807 1808 1811
1812 1809 1810
1809 1812 1813
1809 1813 1806
1812 1814 1813
1814 1812 1815
1798 1813 1814
1798 1806 1813
1815 1801 1814
1799 1814 1801
1799 1798 1814
1801 1815 1803
1816 1804 1817
1817 1818 1816
1816 1818 1819
1818 1784 1819
1784 1780 1819
1819 1780 1782
1818 1776 1784
1820 1776 1818
1818 1817 1820
1776 1820 1775
1782 1821 1819
1816 1819 1821
1782 1786 1821
1821 1786 1800
1802 1821 1800
1802 1816 1821
1816 1802 1804
1199 1204 1357
1201 1199 1357
1360 1362 1598
1822 1823 1824
1824 1823 1825
1823 1826 1825
1826 1823 1827
1826 1827 1828
1829 1825 1826
1825 1829 1830
1829 1826 1831
1828 1831 1826
1830 1832 1825
1825 1832 1824
1833 1824 1832
1831 1828 1834
1834 1828 1835
1835 1828 1836
1835 1836 1837
1837 1836 1838
1837 1838 1839
1839 1840 1837
1841 1840 1839
1840 1841 1842
1843 1842 1841
1842 1843 1844
1845 1844 1843
1844 1845 1846
1844 1846 1847
1848 1847 1846
1847 1848 1849
1849 1850 1847
1850 1849 1851
1851 1852 1850
1846 1853 1848
1853 1846 1845
1839 1838 1854
1855 1841 1839
1843 1841 1855
1839 1854 1855
1856 1845 1843
1856 1843 1855
1845 1857 1853
1857 1845 1856
1855 1857 1856
1847 1850 1858
1844 1847 1858
1859 1850 1852
1858 1850 1859
1859 1852 1860
1861 1860 1852
1860 1861 1862
1863 1861 1852
1863 1852 1864
1852 1851 1864
1844 1858 1865
1866 1844 1865
1844 1866 1842
1867 1842 1866
1840 1842 1867
1868 1840 1867
1837 1840 1868
1869 1837 1868
1835 1837 1869
1870 1871 1872
1872 1871 1873
1874 1872 1873
1875 1874 1873
1874 1875 1876
1877 1874 1876
1878 1877 1876
1878 1876 1875
1874 1877 1879
1879 1872 1874
1880 1872 1879
1881 1882 1883
1884 1882 1881
1885 1884 1881
1886 1887 1888
1886 1889 1887
1886 1890 1889
1886 1891 1890
1892 1891 1886
1891 1893 1890
1893 1891 1894
1891 1892 1894
1892 1895 1894
1896 1895 1892
1897 1895 1896
1898 1895 1897
1895 1898 1899
1899 1898 1900
1901 1898 1897
1899 1900 1902
1902 1900 1903
1904 1901 1897
1902 1903 1905
1904 1897 1906
1906 1897 1907
1907 1908 1906
1904 1906 1909
1910 1906 1908
1909 1906 1910
1909 1910 1911
1910 1908 1912
1910 1913 1911
1913 1910 1912
1907 1914 1908
1915 1914 1907
1916 1917 1918
1919 1918 1920
1921 1922 1923
1924 1921 1923
1921 1924 1925
1926 1927 1928
1929 1928 1927
1930 1931 1932
1932 1931 1933
1934 1935 1936
1934 1937 1935
1938 1935 1937
1935 1938 1939
1939 1940 1935
1940 1936 1935
1937 1941 1938
1937 1942 1941
1943 1939 1938
1943 1938 1941
1944 1943 1941
1945 1939 1943
1946 1939 1945
1946 1947 1939
1948 1945 1943
1948 1943 1949
1949 1943 1950
1944 1950 1943
1946 1945 1951
1948 1949 1952
1946 1951 1953
1946 1954 1947
1946 1953 1954
1948 1952 1955
1948 1956 1945
1945 1956 1951
1955 1952 1957
1958 1948 1955
1958 1956 1948
1951 1956 1958
1951 1958 1959
1953 1951 1960
1960 1951 1959
1961 1955 1957
1955 1961 1958
1959 1958 1962
1958 1961 1962
1963 1954 1953
1963 1953 1964
1965 1954 1963
1966 1954 1965
1967 1966 1965
1965 1968 1967
1969 1967 1968
1967 1969 1970
1971 1967 1970
1971 1970 1972
1973 1970 1969
1973 1969 1974
1968 1975 1969
1968 1965 1975
1975 1976 1969
1974 1969 1976
1974 1976 1977
1975 1978 1976
1977 1976 1978
1975 1979 1978
1979 1975 1980
1975 1981 1980
1975 1982 1981
1983 1980 1981
1981 1984 1983
1984 1981 1985
1982 1975 1965
1986 1977 1978
1963 1982 1965
1978 1987 1986
1978 1979 1987
1988 1981 1982
1981 1988 1985
1982 1963 1989
1982 1989 1988
1990 1989 1963
1990 1963 1964
1989 1990 1991
1990 1992 1991
1990 1993 1992
1993 1990 1994
1990 1964 1994
1995 1993 1994
1991 1992 1996
1997 1984 1985
1997 1985 1988
1996 1998 1991
1991 1998 1989
1988 1989 1998
1988 1998 1997
1999 1998 1996
2000 1998 1999
2000 1997 1998
1964 1953 1994
2001 2002 2003
2002 1973 2003
2001 2004 2002
2002 2004 1970
1970 1973 2002
1960 2005 2006
1960 1959 2005
2006 2005 2007
2006 2007 2008
2009 2008 2007
1967 2010 1966
2010 1967 1971
1971 2011 2010
2011 1971 1972
1947 1954 1966
1942 2012 1941
1941 2012 1944
2013 2014 2015
2014 2016 2015
2015 2016 2017
2017 2018 2015
2017 2019 2018
2020 2017 2016
2016 2021 2020
2020 2022 2017
2019 2017 2022
2021 2016 2023
2016 2014 2023
2024 2023 2014
2022 2025 2019
2025 2026 2019
2026 2027 2019
2026 2028 2027
2028 2029 2027
2028 2030 2029
2030 2028 2031
2031 2032 2030
2032 2031 2033
2033 2034 2032
2034 2033 2035
2035 2036 2034
2036 2035 2037
2035 2038 2037
2038 2039 2037
2039 2038 2040
2041 2040 2038
2040 2041 2042
2042 2041 2043
2037 2044 2036
2044 2037 2039
2030 2045 2029
2034 2046 2032
2046 2030 2032
2030 2046 2045
2047 2034 2036
2047 2046 2034
2036 2048 2047
2046 2047 2048
2048 2036 2044
2038 2049 2041
2050 2043 2041
2049 2050 2041
2050 2051 2043
2052 2043 2051
2051 2053 2052
2054 2043 2052
2054 2055 2043
2043 2055 2042
2035 2056 2049
2035 2057 2056
2057 2035 2033
2058 2057 2033
2031 2058 2033
2059 2058 2031
2028 2059 2031
2060 2059 2028
2026 2060 2028
2035 2049 2038
2061 2062 2063
2062 2064 2063
2065 2064 2062
2065 2066 2064
2066 2065 2067
2065 2068 2067
2069 2067 2068
2069 2066 2067
2068 2065 2070
2070 2065 2062
2071 2070 2062
2072 2073 2074
2075 2072 2074
2076 2072 2075
2077 2078 2079
2077 2079 2080
2077 2080 2081
2077 2081 2082
2083 2077 2082
2082 2081 2084
2084 2085 2082
2082 2085 2083
2083 2085 2086
2087 2083 2086
2088 2087 2086
2089 2088 2086
2086 2090 2089
2090 2091 2089
2092 2088 2089
2090 2093 2091
2093 2094 2091
2095 2088 2092
2093 2096 2094
2095 2097 2088
2097 2098 2088
2098 2097 2099
2095 2100 2097
2101 2099 2097
2100 2101 2097
2100 2102 2101
2101 2103 2099
2101 2102 2104
2104 2103 2101
2098 2099 2105
2106 2098 2105
2107 2108 2109
2110 2111 2108
2112 2113 2114
2112 2115 2113
2115 2112 2116
2117 2118 2119
2120 2119 2118
2121 2122 2123
2122 2124 2123
2125 2126 2127
2125 2127 2128
2129 2128 2127
2127 2130 2129
2130 2127 2131
2131 2127 2126
2128 2129 2132
2128 2132 2133
2134 2129 2130
2134 2132 2129
2135 2132 2134
2136 2134 2130
2137 2136 2130
2137 2130 2138
2139 2134 2136
2139 2140 2134
2140 2141 2134
2135 2134 2141
2137 2142 2136
2139 2143 2140
2137 2144 2142
2137 2138 2145
2137 2145 2144
2139 2146 2143
2139 2136 2147
2136 2142 2147
2146 2148 2143
2149 2146 2139
2149 2139 2147
2142 2149 2147
2142 2150 2149
2144 2151 2142
2151 2150 2142
2152 2148 2146
2146 2149 2152
2150 2153 2149
2149 2153 2152
2154 2144 2145
2154 2155 2144
2156 2154 2145
2157 2156 2145
2158 2156 2157
2156 2158 2159
2160 2159 2158
2158 2161 2160
2162 2161 2158
2162 2163 2161
2164 2160 2161
2164 2165 2160
2159 2160 2166
2159 2166 2156
2166 2160 2167
2165 2167 2160
2165 2168 2167
2166 2167 2169
2168 2169 2167
2166 2169 2170
2170 2171 2166
2166 2171 2172
2166 2172 2173
2174 2172 2171
2175 2172 2174
2172 2175 2176
2173 2156 2166
2177 2169 2168
2154 2156 2173
2169 2177 2178
2169 2178 2170
2179 2173 2172
2172 2176 2179
2173 2180 2154
2173 2179 2180
2181 2154 2180
2181 2155 2154
2180 2182 2181
2181 2182 2183
2181 2183 2184
2184 2185 2181
2181 2185 2155
2186 2185 2184
2182 2187 2183
2188 2176 2175
2187 2182 2189
2182 2180 2189
2179 2189 2180
2179 2188 2189
2188 2179 2176
2190 2187 2189
2191 2190 2189
2191 2189 2188
2155 2185 2144
2192 2193 2194
2194 2193 2164
2192 2194 2195
2194 2161 2195
2161 2194 2164
2151 2196 2197
2151 2197 2150
2196 2198 2197
2196 2199 2198
2200 2198 2199
2158 2157 2201
2201 2162 2158
2162 2201 2202
2202 2163 2162
2138 2157 2145
2133 2132 2203
2132 2135 2203
2204 2205 2206
2205 2207 2206
2204 2208 2205
2209 2205 2208
2205 2209 2210
2211 2210 2209
2210 2211 2212
2210 2212 2213
2212 2214 2213
2210 2213 2215
2205 2215 2207
2205 2210 2215
2211 2216 2212
2216 2217 2212
2216 2218 2217
2218 2219 2217
2217 2219 2220
2218 2221 2219
2217 2222 2212
2217 2220 2222
2222 2214 2212
2220 2223 2222
2222 2223 2214
2223 2220 2224
2224 2220 2225
2221 2226 2219
2226 2225 2220
2219 2226 2220
2221 2227 2226
2226 2227 2225
2221 2228 2227
2227 2228 2229
2230 2227 2229
2227 2230 2225
2229 2231 2230
2231 2229 2232
2225 2230 2233
2233 2234 2225
2225 2234 2224
2230 2235 2233
2229 2236 2232
2228 2236 2229
2237 2236 2228
2230 2231 2238
2238 2235 2230
2239 2237 2228
2240 2237 2239
2228 2241 2239
2241 2228 2242
2241 2243 2239
2239 2244 2240
2245 2244 2239
2239 2243 2245
2244 2246 2240
2246 2244 2247
2247 2244 2248
2248 2244 2245
2249 2246 2247
2249 2250 2246
2251 2250 2249
2249 2252 2251
2251 2252 2253
2254 2249 2247
2254 2252 2249
2247 2255 2254
2255 2247 2256
2247 2248 2256
2257 2252 2254
2254 2258 2257
2258 2254 2255
2258 2259 2257
2259 2260 2257
2257 2260 2252
2260 2259 2261
2259 2258 2262
2263 2259 2262
2261 2259 2263
2264 2204 2206
2265 2266 2267
2268 2266 2265
2268 2269 2266
2270 2269 2268
2266 2271 2267
2267 2271 2272
2272 2271 2273
2272 2273 2274
2274 2273 2275
2273 2276 2275
2274 2275 2277
2273 2271 2278
2273 2278 2276
2276 2278 2279
2278 2280 2279
2278 2271 2280
2271 2281 2280
2279 2282 2276
2282 2283 2276
2284 2281 2271
2277 2275 2285
2285 2276 2283
2275 2276 2285
2277 2285 2286
2285 2283 2286
2277 2286 2287
2286 2288 2287
2289 2288 2286
2286 2283 2289
2288 2289 2290
2290 2291 2288
2283 2292 2289
2292 2283 2293
2283 2282 2293
2289 2292 2294
2288 2291 2295
2287 2288 2295
2289 2296 2290
2296 2289 2294
2287 2295 2297
2298 2287 2297
2299 2298 2297
2287 2298 2300
2300 2301 2287
2300 2298 2302
2298 2299 2303
2304 2298 2303
2298 2304 2302
2303 2299 2305
2305 2306 2303
2306 2307 2303
2307 2304 2303
2308 2306 2305
2308 2305 2309
2310 2308 2309
2308 2310 2311
2310 2312 2311
2313 2306 2308
2313 2308 2311
2314 2306 2313
2306 2314 2315
2306 2315 2307
2316 2313 2311
2317 2313 2316
2313 2317 2314
2318 2317 2316
2319 2318 2316
2316 2311 2319
2318 2319 2320
2317 2318 2321
2322 2321 2318
2320 2322 2318
2271 2266 2284
2323 2324 2325
2324 2323 2326
2325 2327 2323
2327 2325 2328
2328 2329 2327
2329 2328 2330
2331 2329 2330
2329 2331 2332
2331 2333 2332
2324 2326 2334
2335 2336 2337
2336 2338 2337
2339 2337 2338
2337 2339 2340
2341 2340 2339
2340 2341 2342
2343 2342 2341
2342 2343 2344
2344 2343 2345
2346 2347 2348
2347 2349 2348
2349 2347 2350
2351 2349 2350
2349 2351 2352
2351 2353 2352
2351 2354 2353
2352 2353 2355
2355 2353 2356
2357 2358 2359
2358 2360 2359
2360 2361 2359
2361 2360 2362
2363 2361 2362
2360 2364 2362
2358 2365 2360
2365 2364 2360
2365 2366 2364
2364 2366 2367
2366 2368 2367
2368 2369 2367
2367 2369 2370
2371 2370 2369
2372 2370 2371
2373 2372 2371
2371 2374 2373
2374 2371 2375
2372 2376 2370
2377 2370 2376
2370 2377 2378
2378 2379 2370
2377 2376 2380
2380 2376 2381
2381 2376 2382
2382 2376 2372
2379 2383 2370
2384 2370 2383
2383 2385 2384
2381 2382 2386
2374 2387 2373
2382 2372 2388
2387 2388 2373
2372 2373 2388
2363 2384 2385
2385 2389 2363
2384 2363 2362
2384 2362 2364
2364 2367 2384
2370 2384 2367
2390 2391 2392
2391 2393 2392
2391 2394 2393
2394 2395 2393
2394 2357 2395
2357 2359 2395
1410 1400 2396
2396 1400 1401
2397 2396 1401
1397 1396 2397
2398 2375 2371
2398 2371 2369
2368 2398 2369
2399 2374 2375
2400 2401 2402
2403 2404 2405
2404 2403 2406
2404 2407 2405
2407 2404 2408
2408 2409 2407
2409 2408 2410
2410 2411 2409
2411 2410 2412
2412 2413 2411
2413 2412 2414
2415 2413 2414
2413 2415 2416
2417 2416 2415
2416 2417 2418
2419 2418 2417
2406 2420 2421
2422 2421 2420
2421 2422 2423
2424 2423 2422
2423 2424 2425
2420 2406 2403
2426 2427 2428
2427 2426 2429
2430 2426 2428
2426 2430 2431
2432 2431 2430
2431 2432 2433
2434 2431 2433
2431 2434 2435
2435 2426 2431
2426 2435 2429
2433 2436 2434
2436 2433 2437
2437 2438 2436
2438 2437 2439
2437 2440 2439
2440 2437 2441
2441 2433 2432
2433 2441 2437
2442 2439 2440
2439 2442 2443
2444 2439 2443
2439 2444 2438
2445 2443 2442
2443 2445 2446
2446 2444 2443
2444 2446 2447
2448 2447 2446
2447 2448 2449
2450 2446 2445
2446 2450 2448
2451 2449 2448
2450 2451 2448
2449 2451 2452
2451 2450 2453
2453 2454 2451
2454 2452 2451
2454 2453 2455
2454 2455 2456
2452 2454 2457
2454 2458 2457
2458 2454 2456
2459 2458 2456
2458 2460 2457
2461 2462 2463
2464 2462 2461
2465 2461 2463
2465 2466 2461
2465 2467 2466
2466 2468 2461
2469 2468 2466
2466 2467 2469
2468 2470 2461
2461 2470 2464
2471 2464 2470
2472 2471 2470
2470 2473 2472
2468 2473 2470
2468 2474 2473
2468 2469 2474
2465 2463 2475
2475 2476 2465
2462 2477 2463
2477 2462 2478
2477 2478 2479
2479 2478 2480
2481 2479 2480
2469 2467 2482
2483 2474 2469
2469 2484 2483
2482 2484 2469
2482 2485 2484
2486 2485 2482
2484 2485 2487
2487 2483 2484
2487 2485 2488
2489 2485 2486
2490 2485 2489
2490 2488 2485
2490 2491 2488
2486 2492 2489
2490 2493 2491
2493 2494 2491
2493 2495 2494
2496 2486 2482
2492 2486 2496
2476 2492 2496
2476 2496 2465
2465 2496 2467
2482 2467 2496
2480 2497 2498
2498 2497 2464
2478 2497 2480
2497 2478 2462
2464 2497 2462
2498 2499 2480
2471 2498 2464
2500 2501 2502
2500 2502 2503
2500 2504 2501
2505 2504 2500
2503 2506 2500
2500 2506 2505
2505 2506 2507
2507 2508 2505
2509 2508 2507
2506 2503 2510
2511 2506 2510
2512 2506 2511
2506 2512 2507
2507 2513 2509
2512 2513 2507
2512 2514 2513
2515 2514 2512
2511 2515 2512
2514 2515 2516
2516 2515 2517
2511 2517 2515
2518 2517 2511
2511 2519 2518
2511 2510 2519
2520 2519 2510
2503 2520 2510
2520 2503 2502
2502 2521 2520
2509 2513 2522
2522 2523 2509
2524 2522 2513
2516 2524 2514
2514 2524 2513
2523 2522 2525
2522 2526 2525
2526 2522 2524
2516 2526 2524
2527 2525 2526
2525 2527 2528
2527 2526 2529
2528 2527 2530
2531 2530 2527
2531 2527 2529
2531 2529 2532
2532 2533 2531
2531 2533 2534
2531 2534 2530
2525 2528 2535
2530 2534 2536
2526 2516 2529
2537 2532 2529
2537 2529 2516
2535 2538 2525
2530 2539 2528
2539 2535 2528
2530 2540 2539
2530 2536 2540
2540 2536 2541
2542 2540 2541
2517 2537 2516
2525 2538 2523
2543 2544 2545
2544 2543 2546
2544 2546 2547
2548 2543 2545
2548 2549 2543
2550 2551 2552
2551 2553 2552
2554 2551 2550
2555 2554 2550
2551 2556 2553
2557 2558 2559
2560 2558 2557
2558 2560 2561
2562 2561 2560
2561 2562 2563
2562 2564 2563
2564 2562 2565
2565 2566 2564
2566 2565 2567
2568 2566 2567
2566 2568 2569
2570 2569 2568
2569 2570 2571
2572 2571 2570
2571 2572 2573
2572 2574 2573
2574 2572 2575
2574 2575 2576
2577 2578 2579
2578 2580 2579
2580 2578 2581
2582 2580 2581
2580 2582 2583
2584 2583 2582
2583 2584 2585
2586 2585 2584
2585 2586 2587
2588 2587 2586
2587 2588 2589
2588 2590 2589
2590 2588 2591
2591 2592 2590
2592 2591 2593
2594 2592 2593
2592 2594 2595
2596 2595 2594
2597 2598 2599
2600 2598 2597
2598 2600 2601
2602 2601 2600
2601 2602 2603
2604 2603 2602
2603 2604 2605
2604 2606 2605
2606 2604 2607
2608 2606 2607
2606 2608 2609
2608 2610 2609
2610 2608 2611
2611 2612 2610
2612 2611 2613
2613 2614 2612
2614 2613 2615
2614 2615 2616
2617 2618 2619
2620 2619 2618
2619 2620 2621
2622 2621 2620
2621 2622 2623
2624 2623 2622
2623 2624 2625
2624 2626 2625
2626 2624 2627
2627 2628 2626
2628 2627 2629
2629 2630 2628
2630 2629 2631
2631 2632 2630
2632 2631 2633
2633 2634 2632
2634 2633 2635
2636 2634 2635
2637 2638 2639
2639 2638 2640
2637 2641 2638
2642 2638 2641
2640 2638 2643
2644 2643 2638
2642 2644 2638
2644 2645 2643
2646 2644 2642
2644 2646 2647
2645 2644 2648
2648 2644 2649
2649 2644 2647
2650 2651 2652
2652 2651 2653
2653 2651 2654
2651 2655 2654
2651 2656 2655
2650 2657 2651
2657 2656 2651
2653 2654 2658
2658 2654 2659
2654 2660 2659
2654 2661 2660
2654 2662 2661
2662 2654 2655
2663 2664 2665
2663 2665 2666
2667 2663 2666
2668 2663 2667
2668 2669 2663
2663 2669 2670
2663 2670 2664
2670 2669 2671
2671 2669 2672
2669 2668 2673
2669 2673 2674
2669 2675 2672
2669 2674 2675
2676 2677 2678
2679 2676 2678
2680 2676 2679
2681 2676 2680
2682 2681 2680
2683 2681 2682
2684 2681 2683
2685 2681 2684
2686 2681 2685
2681 2686 2687
2681 2687 2676
2676 2687 2688
2676 2688 2677
2689 2690 2691
2690 2689 2692
2691 2693 2689
2693 2691 2694
2694 2695 2693
2695 2694 2696
2695 2696 2697
2697 2698 2695
2699 2700 2701
2702 2699 2701
2703 2702 2701
2703 2704 2702
2705 2706 2707
2708 2706 2705
2706 2709 2707
2707 2709 2710
2709 2711 2710
2711 2712 2710
2711 2713 2712
2713 2714 2712
2713 2715 2714
2715 2716 2714
2715 2717 2716
2717 2718 2716
2717 2719 2718
2719 2720 2718
2720 2719 2721
2721 2722 2720
2722 2721 2723
2724 2722 2723
2725 2726 2727
2726 2708 2727
2727 2708 2705
2728 2726 2725
2729 2728 2725
2729 2730 2728
2729 2731 2730
2731 2732 2730
2731 2733 2732
2733 2734 2732
2733 2735 2734
2735 2736 2734
2735 2737 2736
2737 2738 2736
2737 2739 2738
2739 2740 2738
2739 2741 2740
2742 2743 2744
2743 2742 2745
2742 2746 2745
2745 2746 2747
2747 2748 2745
2748 2747 2749
2749 2750 2748
2751 2750 2749
2750 2751 2752
2752 2753 2750
2754 2753 2752
2755 2756 2757
2758 2756 2755
2758 2759 2756
2759 2760 2756
2761 2756 2760
2756 2761 2757
2762 2758 2755
2762 2755 2763
2764 2763 2755
2764 2755 2757
2763 2764 2765
2758 2766 2759
2767 2759 2766
2767 2768 2759
2768 2760 2759
2768 2769 2760
2770 2769 2768
2767 2770 2768
2769 2770 2771
2772 2771 2770
2773 2772 2770
2770 2767 2773
2772 2773 2774
2775 2772 2774
2772 2775 2776
2776 2777 2772
2772 2777 2771
2775 2778 2776
2778 2775 2779
2778 2780 2776
2780 2781 2776
2776 2781 2777
2779 2782 2778
2782 2780 2778
2782 2779 2783
2780 2782 2784
2784 2785 2780
2780 2785 2781
2785 2784 2786
2786 2787 2785
2785 2787 2788
2785 2788 2781
2781 2788 2789
2781 2789 2777
2777 2789 2790
2783 2791 2782
2791 2784 2782
2791 2783 2792
2793 2786 2784
2784 2791 2793
2786 2793 2794
2794 2795 2786
2786 2795 2787
2792 2796 2791
2796 2793 2791
2796 2792 2797
2798 2794 2793
2793 2796 2798
2794 2798 2799
2799 2800 2794
2794 2800 2795
2801 2796 2797
2796 2801 2802
2802 2798 2796
2798 2802 2803
2803 2799 2798
2799 2803 2804
2804 2805 2799
2799 2805 2800
2806 2805 2804
2807 2802 2801
2807 2803 2802
2803 2807 2808
2808 2804 2803
2809 2808 2807
2808 2809 2810
2810 2811 2808
2806 2804 2811
2804 2808 2811
2811 2810 2812
2811 2812 2813
2813 2806 2811
2814 2810 2809
2810 2814 2815
2815 2812 2810
2816 2815 2814
2815 2816 2817
2812 2815 2818
2817 2818 2815
2818 2817 2819
2818 2819 2820
2818 2820 2821
2812 2821 2813
2812 2818 2821
2822 2819 2817
2816 2822 2817
2819 2822 2823
2819 2823 2824
2819 2824 2820
2825 2823 2822
2823 2825 2826
2827 2826 2825
2826 2827 2828
2829 2828 2827
2828 2829 2830
2831 2830 2829
2830 2831 2832
2832 2833 2830
2826 2828 2834
2826 2835 2823
2834 2835 2826
2823 2835 2824
2836 2828 2830
2828 2836 2834
2833 2836 2830
2837 2838 2839
2838 2837 2840
2841 2838 2840
2842 2840 2837
2843 2841 2840
2844 2843 2840
2842 2844 2840
2843 2845 2841
2846 2845 2843
2847 2846 2843
2847 2843 2844
2848 2846 2847
2846 2849 2845
2850 2849 2846
2848 2850 2846
2850 2851 2849
2848 2852 2850
2850 2853 2851
2852 2853 2850
2852 2854 2853
2853 2855 2851
2853 2856 2855
2842 2837 2765
2837 2763 2765
2837 2839 2763
2839 2762 2763
2769 2857 2858
2769 2771 2857
2771 2790 2857
2771 2777 2790
2769 2858 2760
2761 2760 2858
2859 2860 2861
2859 2862 2860
2862 2859 2863
2862 2864 2860
2865 2864 2862
2865 2862 2866
2866 2862 2863
2866 2863 2867
2866 2867 2868
2869 2866 2868
2869 2865 2866
2867 2870 2868
2868 2870 2869
2864 2871 2860
2871 2872 2860
2873 2872 2871
2873 2874 2872
2874 2873 2875
2875 2876 2874
2874 2876 2877
2875 2878 2876
2879 2876 2878
2879 2880 2876
2876 2880 2877
2881 2879 2878
2882 2878 2875
2878 2882 2881
2882 2875 2883
2881 2882 2884
2884 2882 2883
2885 2881 2884
2884 2883 2886
2885 2884 2887
2887 2884 2886
2885 2887 2888
2888 2887 2889
2890 2887 2886
2890 2889 2887
2889 2891 2888
2891 2889 2892
2891 2892 2893
2894 2889 2890
2894 2892 2889
2894 2890 2895
2893 2892 2896
2893 2896 2897
2898 2894 2895
2894 2898 2899
2899 2896 2892
2899 2892 2894
2899 2898 2900
2897 2896 2901
2902 2897 2901
2903 2902 2901
2904 2872 2905
2904 2860 2872
2874 2905 2872
2874 2877 2905
2860 2904 2861
2906 2907 2908
2907 2909 2908
2910 2907 2906
2906 2911 2910
2912 2910 2911
2912 2913 2910
2914 2913 2912
2915 2913 2914
2916 2915 2914
2917 2915 2916
2918 2915 2917
2918 2917 2919
2920 2918 2919
2921 2920 2919
2909 2922 2908
2909 2923 2922
2923 2909 2924
2923 2924 2925
2924 2926 2925
2926 2927 2925
2926 2928 2927
2929 2930 2931
2930 2932 2931
2932 2930 2933
2932 2933 2934
2933 2935 2934
2935 2936 2934
2937 2936 2935
2937 2938 2936
2939 2938 2937
2937 2940 2939
2929 2931 2941
2942 2929 2941
2942 2941 2943
2944 2942 2943
2945 2944 2943
2945 2946 2944
2947 2946 2945
2947 2948 2946
2947 2949 2948
2950 2951 2952
2950 2952 2953
2953 2952 2954
2954 2955 2953
2954 2956 2955
2956 2957 2955
2956 2958 2957
2958 2959 2957
2958 2960 2959
2959 2960 2961
2961 2962 2959
2961 2963 2962
2963 2964 2962
2965 2962 2964
2964 2966 2965
2967 2965 2966
2967 2966 2968
2969 2967 2968
2970 2971 2972
2970 2972 2973
2974 2970 2973
2974 2973 2975
2974 2975 2976
2977 2974 2976
2977 2976 2978
2979 2977 2978
2979 2978 2980
2981 2979 2980
2982 2981 2980
2983 2981 2982
2984 2981 2983
2983 2985 2984
2986 2985 2983
2985 2986 2987
2986 2988 2987
2989 2987 2988
2988 2990 2989
2988 2986 2991
2983 2991 2986
2987 2989 2992
2987 2992 2985
2992 2989 2993
2994 2992 2993
2995 2994 2993
2996 2995 2993
2997 2995 2996
2998 2997 2996
2999 2997 2998
2999 2998 3000
2999 3000 3001
3000 3002 3001
3003 3001 3002
3003 3002 3004
3005 3003 3004
3006 3005 3004
3007 3005 3006
3007 3006 3008
3009 3007 3008
3010 3011 3012
2971 3010 3012
2972 2971 3012
3013 3014 3015
3016 3014 3013
3017 3016 3013
3018 3016 3017
3018 3019 3016
3020 3019 3018
3020 3018 3021
3022 3020 3021
3022 3021 3023
3022 3023 3024
3023 3025 3024
3026 3022 3024
3027 3026 3024
3028 3027 3024
3027 3028 3029
3028 3030 3029
3030 3031 3029
3030 3032 3031
3033 3031 3032
3033 3032 3034
3034 3032 3035
3035 3032 3036
3032 3030 3036
3037 3036 3030
3028 3037 3030
3028 3038 3037
3038 3028 3024
3024 3025 3038
3036 3037 3039
3035 3036 3039
3040 3035 3039
3035 3041 3034
3040 3041 3035
3040 3042 3041
3043 3034 3041
3034 3043 3044
3034 3044 3033
3043 3045 3044
3045 3043 3046
3042 3046 3041
3041 3046 3043
3042 3047 3046
3048 3046 3047
3046 3048 3045
3049 3048 3047
3049 3047 3050
3050 3047 3051
3047 3042 3051
3051 3042 3052
3042 3040 3052
3053 3052 3040
3053 3040 3039
3054 3045 3048
3045 3054 3055
3045 3055 3044
3056 3044 3055
3057 3056 3055
3054 3057 3055
3058 3057 3054
3057 3058 3059
3060 3059 3058
3059 3060 3061
3060 3058 3062
3058 3054 3063
3063 3048 3049
3048 3063 3054
3063 3062 3058
3062 3063 3064
3063 3049 3064
3065 3064 3049
3064 3065 3066
3056 3057 3067
3059 3067 3057
3067 3059 3068
3061 3068 3059
3068 3061 3069
3068 3069 3070
3070 3069 3071
3069 3072 3071
3073 3064 3066
3064 3073 3062
3066 3074 3073
3074 3075 3073
3073 3075 3062
3076 3075 3074
3074 3077 3076
3077 3074 3066
3066 3078 3077
3078 3066 3065
3079 3077 3078
3078 3080 3079
3080 3078 3081
3080 3081 3082
3082 3081 3083
3082 3083 3084
3084 3083 3085
3086 3076 3077
3077 3079 3086
3078 3065 3081
3081 3050 3083
3083 3050 3085
3081 3065 3050
3050 3051 3085
3085 3051 3087
3088 3085 3087
3088 3084 3085
3051 3052 3087
3089 3087 3052
3089 3052 3053
3090 3087 3089
3087 3090 3088
3053 3091 3089
3053 3092 3091
3039 3092 3053
3039 3037 3092
3093 3089 3091
3093 3090 3089
3093 3091 3094
3065 3049 3050
3092 3037 3095
3092 3095 3096
3096 3091 3092
3094 3091 3096
3094 3096 3097
3097 3096 3098
3097 3098 3099
3099 3098 3100
3098 3096 3100
3097 3099 3101
3101 3099 3102
3102 3103 3101
3102 3104 3103
3105 3103 3104
3103 3105 3106
3106 3105 3107
3108 3106 3107
3109 3108 3107
3109 3110 3108
3110 3109 3111
3112 3110 3111
3112 3111 3113
3114 3112 3113
3115 3114 3113
3116 3115 3113
3117 3115 3116
3118 3117 3116
3119 3117 3118
3119 3118 3120
3121 3119 3120
3122 3121 3120
3123 3121 3122
3121 3123 3124
3125 3124 3123
3124 3125 3126
3125 3127 3126
3124 3128 3121
3128 3124 3129
3126 3129 3124
3130 3119 3121
3130 3117 3119
3130 3121 3128
3127 3131 3126
3129 3126 3131
3117 3130 3132
3115 3117 3132
3132 3133 3115
3133 3114 3115
3133 3134 3114
3134 3112 3114
3134 3110 3112
3135 3110 3134
3135 3136 3110
3136 3108 3110
3108 3136 3137
3137 3136 3135
3137 3106 3108
3138 3106 3137
3103 3106 3138
3139 3103 3138
3139 3101 3103
3139 3140 3101
3097 3101 3140
3097 3140 3141
3097 3141 3094
3093 3094 3141
3142 3093 3141
3142 3090 3093
3142 3143 3090
3143 3088 3090
3143 3144 3088
3088 3144 3084
3144 3145 3084
3082 3084 3145
3146 3082 3145
3080 3082 3146
3147 3080 3146
3079 3080 3147
3148 3079 3147
3086 3079 3148
3149 3086 3148
3150 3086 3149
3086 3150 3076
3150 3151 3076
3075 3076 3151
3151 3150 3152
3151 3152 3153
3154 3151 3153
3154 3075 3151
3155 3075 3154
3152 3156 3153
3156 3157 3153
3153 3157 3158
3158 3154 3153
3156 3159 3157
3154 3158 3160
3160 3155 3154
3160 3060 3155
3060 3160 3161
3161 3061 3060
3061 3161 3162
3162 3069 3061
3069 3162 3072
3163 3072 3162
3072 3163 3164
3164 3071 3072
3071 3164 3165
3164 3166 3165
3164 3167 3166
3168 3166 3167
3071 3165 3169
3165 3170 3169
3170 3165 3166
3171 3170 3166
3168 3171 3166
3172 3171 3168
3171 3172 3173
3174 3173 3172
3172 3175 3174
3175 3172 3176
3168 3176 3172
3173 3174 3177
3177 3178 3173
3178 3177 3179
3179 3180 3178
3180 3179 3181
3176 3182 3175
3182 3176 3183
3184 3178 3180
3178 3184 3185
3185 3173 3178
3173 3185 3171
3171 3185 3170
3186 3185 3184
3185 3186 3170
3187 3183 3176
3183 3187 3188
3183 3188 3189
3182 3183 3189
3182 3189 3190
3190 3189 3191
3192 3188 3187
3188 3192 3193
3190 3194 3182
3187 3167 3192
3167 3187 3168
3176 3168 3187
3195 3190 3191
3194 3190 3195
3195 3191 3196
3196 3191 3197
3198 3197 3191
3198 3188 3193
3189 3198 3191
3188 3198 3189
3197 3198 3199
3199 3198 3193
3193 3200 3199
3164 3192 3167
3192 3164 3163
3193 3163 3200
3163 3193 3192
3162 3200 3163
3200 3162 3161
3201 3195 3196
3195 3201 3202
3203 3201 3196
3203 3196 3204
3204 3196 3197
3195 3202 3205
3206 3205 3202
3159 3203 3204
3159 3204 3157
3157 3204 3207
3157 3207 3158
3208 3158 3207
3200 3161 3208
3161 3160 3208
3158 3208 3160
3199 3208 3207
3204 3197 3207
3197 3199 3207
3200 3208 3199
3209 3205 3206
3194 3205 3209
3210 3194 3209
3194 3210 3211
3210 3212 3211
3212 3210 3213
3213 3214 3212
3214 3213 3215
3215 3216 3214
3216 3215 3217
3217 3218 3216
3218 3217 3219
3218 3219 3220
3219 3217 3221
3222 3217 3215
3217 3222 3221
3223 3215 3213
3215 3223 3222
3210 3223 3213
3223 3210 3224
3221 3222 3225
3226 3222 3223
3226 3225 3222
3227 3226 3223
3227 3223 3224
3227 3224 3228
3224 3229 3228
3230 3228 3229
3230 3229 3231
3220 3181 3218
3218 3181 3179
3179 3216 3218
3216 3179 3177
3177 3214 3216
3214 3177 3174
3174 3212 3214
3212 3174 3175
3175 3211 3212
3211 3175 3182
3211 3182 3194
3229 3209 3231
3209 3206 3231
3209 3224 3210
3224 3209 3229
3194 3195 3205
3232 3219 3233
3219 3232 3220
3219 3221 3233
3234 3233 3221
3221 3225 3234
3234 3235 3233
3233 3235 3236
3232 3233 3236
3235 3237 3236
3238 3070 3071
3169 3238 3071
3186 3169 3170
3062 3155 3060
3075 3155 3062
3096 3239 3100
3096 3095 3239
3240 3241 3156
3156 3241 3159
3240 3156 3152
3152 3242 3240
3152 3150 3242
3150 3149 3242
3241 3243 3159
3243 3203 3159
3243 3244 3203
3244 3245 3203
1026 3246 1027
1021 3246 1026
3247 3248 3249
3247 3249 3250
3247 3250 3251
3252 3248 3247
3251 3252 3247
3248 3252 3253
3252 3251 3254
3255 3250 3249
3250 3255 3256
3255 3257 3256
3257 3255 3258
3259 3257 3258
3260 3259 3258
3261 3259 3260
3262 3261 3260
3263 3250 3256
3257 3263 3256
3250 3263 3264
3265 3250 3264
3250 3265 3251
3265 3264 3266
3266 3267 3265
3267 3266 3268
3263 3257 3269
3269 3257 3270
3269 3270 3271
3271 3270 3272
3257 3273 3270
3273 3272 3270
3273 3274 3272
3272 3274 3275
3274 3276 3275
3277 3275 3276
3277 3276 3278
3277 3278 3279
3277 3279 3280
3279 3281 3280
3280 3281 3282
3283 3282 3281
3282 3283 3284
3285 3284 3283
3284 3285 3286
3287 3286 3285
3286 3287 3288
3289 3290 3291
3291 3290 3292
3292 3290 3293
3293 3294 3292
3289 3291 3295
3295 3296 3289
3295 3297 3296
3297 3295 3298
3299 3297 3298
3300 3299 3298
3300 3301 3299
3302 3301 3300
3301 3302 3303
3304 3303 3302
3302 3305 3304
3305 3306 3304
3306 3305 3307
3307 3308 3306
3308 3307 3309
3310 3308 3309
3308 3310 3311
3312 3311 3310
3311 3312 3313
3314 3313 3312
3313 3314 3315
3316 3315 3314
3315 3316 3317
3318 3317 3316
3317 3318 3319
3320 3319 3318
3319 3320 3321
3321 3320 3322
3323 3324 3325
3325 3326 3323
3326 3327 3323
3327 3326 3328
3329 3327 3328
3327 3329 3330
3331 3330 3329
3330 3331 3332
3331 3333 3332
3333 3334 3332
3333 3335 3334
3335 3333 3336
3336 3337 3335
3337 3338 3335
3337 3339 3338
3340 3341 3342
3340 3343 3341
3343 3340 3344
3344 3345 3343
3345 3344 3346
3347 3345 3346
3345 3347 3348
3349 3348 3347
3348 3349 3350
3351 3350 3349
3352 3350 3351
3353 3352 3351
3352 3353 3354
3355 3354 3353
3356 3354 3355
3355 3357 3356
3357 3355 3358
3358 3359 3357
3359 3358 3360
3361 3359 3360
3359 3361 3362
3363 3362 3361
3364 3365 3366
3367 3366 3365
3364 3368 3365
3369 3368 3364
3367 3370 3366
3370 3367 3371
3370 3371 3372
3372 3373 3370
3374 3373 3372
3373 3374 3375
3374 3376 3375
3376 3377 3375
3377 3376 3378
3378 3379 3377
3379 3378 3380
3381 3379 3380
3382 3381 3380
3382 3383 3381
3383 3382 3384
3384 3385 3383
3385 3384 3386
3386 3387 3385
3387 3386 3388
3389 3387 3388
3389 3390 3387
3391 3390 3389
3390 3391 3392
3393 3392 3391
3392 3393 3394
3395 3394 3393
3394 3395 3396
3397 3396 3395
3396 3397 3398
3397 3399 3398
3399 3397 3400
3401 3399 3400
3402 3401 3400
3403 3404 3405
3404 3403 3406
3407 3406 3403
3406 3407 3408
3407 3409 3408
3409 3407 3410
3410 3411 3409
3411 3410 3412
3412 3413 3411
3412 3414 3413
3415 3413 3414
3414 3416 3415
3416 3414 3417
3418 3416 3417
3417 3419 3418
3418 3419 3420
3420 3419 3421
3421 3419 3422
3421 3422 3423
3423 3422 3424
3425 3426 3427
3425 3428 3426
3429 3425 3427
3425 3429 3430
3431 3430 3429
3430 3431 3432
3431 3433 3432
3433 3431 3434
3434 3435 3433
3435 3434 3436
3435 3436 3437
3437 3438 3435
3439 3438 3437
3439 3440 3438
3441 3440 3439
3442 3440 3441
3443 3442 3441
3442 3443 3444
3445 3444 3443
3444 3445 3446
3447 3446 3445
3446 3447 3448
3449 3448 3447
3450 3451 3452
3451 3450 3453
3454 3452 3451
3452 3454 3455
3456 3455 3454
3455 3456 3457
3458 3457 3456
3457 3458 3459
3460 3457 3459
3459 3461 3460
3459 3462 3461
3459 3458 3462
3461 3462 3463
3463 3462 3464
3463 3464 3465
3465 3464 3466
3465 3466 3467
3467 3466 3468
3467 3468 3469
3458 3470 3462
3470 3471 3462
3462 3471 3472
3472 3473 3462
3473 3472 3474
3474 3475 3473
3475 3474 3476
3476 3477 3475
3477 3476 3478
3477 3478 3479
3480 3481 3482
3481 3480 3483
3483 3484 3481
3484 3483 3485
3485 3486 3484
3486 3485 3487
3488 3486 3487
3486 3488 3489
3489 3488 3490
3489 3490 3491
3492 3493 3494
3493 3492 3495
3493 3496 3494
3496 3493 3497
3497 3498 3496
3498 3497 3499
3499 3500 3498
3501 3500 3499
3500 3501 3502
3503 3504 3505
3506 3507 3508
3507 3509 3508
3510 3511 3512
3511 3510 3513
3514 3510 3512
3510 3514 3515
3516 3515 3514
3515 3516 3517
3518 3517 3516
3517 3518 3519
3520 3519 3518
3519 3520 3521
3520 3522 3521
3522 3520 3523
3522 3523 3524
3522 3524 3525
3525 3526 3522
3526 3525 3527
3525 3528 3527
3528 3529 3527
3529 3528 3530
3530 3531 3529
3531 3530 3532
3532 3533 3531
3533 3532 3534
3535 3525 3524
3525 3535 3536
3535 3537 3536
3537 3535 3538
3538 3539 3537
3539 3538 3540
3541 3539 3540
3539 3541 3542
3542 3541 3543
3544 3545 3546
3547 3548 3549
3549 3548 3550
3551 3552 3553
3551 3554 3552
3551 3555 3554
3555 3556 3554
3555 3557 3556
3557 3558 3556
3559 3551 3553
3553 3560 3559
3557 3561 3558
3561 3562 3558
3561 3563 3562
3563 3564 3562
3553 3552 3565
3566 3553 3565
3553 3566 3560
3560 3567 3559
3568 3569 3570
3571 3570 3569
3571 3569 3572
3573 3571 3572
3573 3572 3574
3575 3573 3574
3575 3574 3576
3577 3575 3576
3578 3577 3576
3578 3579 3577
3578 3580 3579
3580 3578 3581
3582 3581 3578
3582 3578 3576
3581 3582 3583
3568 3570 3584
3585 3586 3587
3586 3585 3588
3585 3589 3588
3589 3585 3590
3587 3586 3591
3592 3587 3591
3591 3593 3592
3593 3594 3592
3593 3595 3594
3585 3587 3596
3596 3590 3585
3596 3597 3590
3598 3594 3595
3598 3595 3599
3599 3600 3598
3599 3601 3600
3602 3603 3604
3602 3605 3603
3605 3606 3603
3606 3605 3607
3608 3606 3607
3608 3607 3609
3609 3610 3608
3609 3611 3610
3612 3610 3611
3612 3613 3610
3614 3613 3612
3613 3614 3615
3616 3602 3604
3617 3612 3611
3612 3618 3614
3618 3612 3617
3619 3620 3621
3619 3622 3620
3620 3622 3623
3620 3623 3624
3620 3624 3625
3620 3625 3626
3620 3626 3627
3620 3627 3628
3620 3628 3629
3620 3629 3630
3620 3630 3631
3632 3620 3631
3632 3633 3620
3634 3635 3636
3634 3636 3637
3636 3638 3637
3636 3639 3638
3636 3640 3639
3636 3641 3640
3636 3642 3641
3636 3643 3642
3636 3644 3643
3636 3645 3644
3636 3646 3645
3647 3646 3636
3647 3636 3648
3526 3649 3650
3651 3649 3526
3649 3651 3652
3651 3653 3652
3653 3651 3654
3655 3526 3650
3526 3655 3522
3650 3656 3655
3656 3650 3657
3654 3658 3653
3658 3654 3659
3660 3661 3662
3660 3663 3661
3661 3663 3664
3663 3261 3664
3661 3665 3662
3665 3666 3662
3666 3665 3667
3668 3666 3667
3666 3668 3669
3670 3669 3668
3669 3670 3671
3664 3261 3262
3672 3673 3674
3675 3672 3674
3672 3675 3676
3676 3675 3677
3678 3673 3672
3679 3673 3678
3676 3680 3672
3678 3672 3680
3680 3676 3681
3676 3682 3681
3683 3679 3678
3272 3679 3683
3683 3678 3684
3678 3680 3684
3272 3683 3685
3683 3686 3685
3684 3686 3683
3686 3687 3685
3271 3685 3687
3272 3685 3271
3677 3688 3676
3676 3688 3682
3689 3688 3677
3688 3689 3690
3691 3688 3690
3688 3691 3682
3690 3692 3691
3690 3693 3692
3690 3694 3693
3690 3689 3694
3695 3696 3697
3696 3695 3698
3697 3699 3695
3699 3697 3700
3700 3701 3699
3701 3700 3702
3703 3701 3702
3701 3703 3704
3705 3704 3703
3704 3705 3706
3705 3707 3706
3707 3705 3708
3708 3709 3707
3709 3708 3710
3711 3709 3710
3709 3711 3712
3713 3712 3711
3712 3713 3714
3715 3696 3698
3716 3717 3718
3716 3718 3719
3716 3719 3720
3716 3720 3721
3719 3718 3722
3722 3718 3723
3723 3718 3717
3723 3717 3724
3725 3720 3719
3726 3720 3725
3721 3720 3726
3727 3722 3723
3722 3727 3728
3729 3722 3728
3725 3719 3729
3729 3719 3722
3730 3729 3728
3731 3729 3730
3732 3725 3729
3725 3732 3733
3726 3725 3733
3734 3726 3733
3726 3734 3735
3736 3726 3735
3736 3721 3726
3737 3736 3735
3738 3723 3724
3724 3739 3738
3740 3739 3724
3737 3741 3736
3736 3741 3742
3742 3741 3743
3743 3744 3742
3740 3724 3745
3745 3724 3717
3746 3740 3745
3736 3742 3721
3742 3747 3721
3716 3721 3747
3716 3748 3717
3745 3717 3748
3716 3749 3748
3716 3747 3749
3750 3745 3748
3750 3748 3749
3751 3750 3749
3752 3751 3749
3742 3752 3747
3752 3749 3747
3744 3752 3742
3753 3745 3750
3753 3746 3745
3750 3754 3753
3751 3754 3750
3755 3754 3751
3756 3755 3751
3752 3744 3756
3756 3751 3752
3757 3723 3738
3727 3723 3757
3758 3759 3760
3758 3761 3759
3758 3762 3761
3758 3763 3762
3761 3764 3759
3764 3765 3759
3765 3760 3759
3765 3766 3760
3767 3761 3762
3768 3767 3762
3763 3768 3762
3769 3765 3764
3764 3770 3769
3771 3770 3764
3767 3771 3761
3771 3764 3761
3772 3770 3771
3773 3772 3771
3773 3771 3767
3767 3774 3773
3768 3774 3767
3775 3774 3768
3768 3776 3775
3777 3776 3768
3777 3768 3763
3778 3776 3777
3779 3766 3765
3766 3779 3780
3781 3779 3765
3769 3781 3765
3782 3766 3780
3782 3783 3766
3783 3760 3766
3784 3783 3782
3783 3785 3760
3758 3760 3785
3758 3785 3786
3758 3786 3787
3758 3787 3763
3788 3785 3783
3788 3786 3785
3789 3786 3788
3790 3786 3789
3790 3787 3786
3791 3787 3790
3791 3763 3787
3792 3788 3783
3792 3783 3784
3788 3792 3793
3789 3788 3793
3794 3789 3793
3795 3789 3794
3795 3790 3789
3790 3795 3796
3796 3791 3790
3797 3791 3796
3777 3763 3791
3777 3791 3798
3799 3777 3798
3791 3800 3801
3802 3803 3804
3804 3805 3802
3804 3806 3805
3805 3806 3807
3807 3806 3808
3807 3808 3809
3809 3808 3810
3809 3810 3811
3811 3810 3812
3811 3812 3813
3803 3814 3804
3804 3814 3806
3814 3803 3815
3816 3815 3803
3815 3816 3817
3818 3817 3816
3817 3818 3819
3814 3820 3806
3820 3821 3806
3806 3821 3822
3823 3819 3818
3819 3823 3824
3825 3822 3826
3826 3827 3825
3827 3826 3828
3828 3829 3827
3829 3828 3830
3829 3830 3831
3822 3825 3806
3832 3833 3834
3833 3832 3835
3836 3832 3834
3832 3836 3837
3837 3838 3832
3838 3835 3832
3838 3837 3839
3838 3839 3840
3840 3841 3838
3835 3838 3842
3843 3842 3838
3844 3841 3840
3844 3845 3841
3846 3845 3844
3847 3845 3846
3848 3847 3846
3847 3848 3849
3850 3849 3848
3849 3850 3851
3852 3851 3850
3851 3852 3853
3854 3853 3852
3855 3842 3843
3856 3855 3843
3855 3856 3857
3858 3857 3856
3859 3857 3858
3858 3860 3859
3860 3858 3861
3861 3862 3860
3862 3861 3863
3864 3862 3863
3862 3864 3865
3866 3865 3864
3867 3868 3869
3869 3868 3870
3869 3870 3871
3871 3870 3872
3873 3868 3867
3874 3868 3873
3873 3875 3874
3875 3876 3874
3876 3875 3877
3877 3878 3876
3879 3876 3878
3879 3878 3880
3880 3881 3879
3881 3880 3882
3882 3883 3881
3883 3882 3884
3885 3883 3884
3883 3885 3886
3887 3886 3885
3886 3887 3888
3889 3890 3891
3890 3892 3891
3891 3893 3889
3890 3894 3892
3893 3891 3895
3893 3895 3896
3897 3893 3896
3898 3897 3896
3897 3898 3899
3900 3899 3898
3899 3900 3901
3900 3902 3901
3902 3900 3903
3904 3902 3903
3903 3905 3904
3906 3907 3908
3909 3907 3906
3907 3909 3910
3909 3911 3910
3911 3909 3912
3912 3913 3911
3913 3914 3911
3915 3914 3913
3914 3915 3916
3915 3917 3916
3917 3915 3918
3913 3912 3919
3920 3913 3919
3913 3920 3921
3920 3922 3921
3922 3923 3921
3923 3922 3924
3924 3925 3923
3925 3924 3926
3926 3927 3925
3927 3926 3928
3929 3920 3919
3929 3919 3930
3920 3929 3931
3929 3932 3931
3932 3929 3933
3919 3934 3930
3919 3935 3934
3933 3936 3932
3936 3933 3937
3938 3936 3937
3936 3938 3939
3939 3938 3940
3935 3919 3941
3942 3935 3941
3935 3942 3943
3944 3943 3942
3943 3944 3945
3946 3945 3944
3945 3946 3947
3948 3947 3946
3947 3948 3949
3948 3950 3949
3950 3948 3951
3952 3918 3953
3918 3952 3917
3954 3955 3956
3955 3957 3956
3954 3958 3955
3957 3959 3956
3959 3957 3960
3959 3960 3961
3961 3962 3959
3963 3958 3954
3958 3963 3964
3965 3964 3963
3963 3966 3965
3966 3967 3965
3967 3966 3968
3968 3969 3967
3969 3968 3970
3971 3969 3970
3969 3971 3972
3973 3972 3971
3972 3973 3974
3975 3974 3973
3974 3975 3976
3977 3976 3975
3976 3977 3978
3979 3978 3977
3978 3979 3980
3981 3980 3979
3980 3981 3982
3982 3981 3983
3984 3985 3986
3984 3987 3985
3985 3987 3988
3987 3989 3988
3985 3990 3986
3990 3991 3986
3991 3990 3992
3993 3991 3992
3991 3993 3994
3995 3994 3993
3994 3995 3996
3988 3989 3997
3997 3989 3998
3989 3999 3998
3998 3999 4000
3999 4001 4000
4001 4002 4000
4002 4001 4003
4004 4002 4003
4002 4004 4005
4006 4004 4003
4001 4006 4003
4004 4006 4007
4006 4001 4008
4009 4004 4007
4010 4005 4004
4010 4011 4005
4009 4007 4012
4010 4004 4013
4004 4009 4013
4014 4011 4010
4013 4014 4010
4011 4014 4015
4012 4016 4009
4016 4013 4009
4016 4012 4017
4014 4013 4018
4013 4016 4018
4019 4020 4021
4021 4020 4022
4023 4022 4020
4022 4023 4024
4025 4024 4023
4024 4025 4026
4027 4026 4025
4026 4027 4028
4029 4019 4021
4029 4030 4019
4029 4031 4030
4029 4032 4031
4033 4031 4032
4034 4033 4032
4035 4033 4034
4035 4034 4036
4037 4036 4034
4038 4036 4037
4039 4035 4036
4038 4039 4036
4034 4040 4037
4034 4041 4040
4034 4042 4041
4037 4040 4043
4041 4044 4040
4044 4043 4040
4041 4042 4045
4042 4046 4045
4045 4046 4047
4047 4046 4048
4049 4047 4048
4047 4049 4050
4050 4049 4051
4050 4052 4047
4045 4047 4052
4052 4050 4053
4041 4045 4054
4054 4044 4041
4045 4052 4054
4050 4055 4053
4051 4056 4050
4050 4056 4055
4057 4056 4051
4056 4057 4058
4059 4056 4058
4056 4059 4055
4058 4060 4059
4058 4061 4060
4058 4062 4061
4058 4057 4062
4063 4064 4065
4064 4063 4066
4065 4067 4063
4067 4065 4068
4068 4069 4067
4069 4068 4070
4071 4069 4070
4069 4071 4072
4073 4072 4071
4072 4073 4074
4073 4075 4074
4075 4073 4076
4076 4077 4075
4077 4076 4078
4079 4077 4078
4077 4079 4080
4081 4080 4079
4080 4081 4082
4083 4084 4085
4084 4083 4086
4087 4083 4085
4083 4087 4088
4089 4088 4087
4088 4089 4090
4091 4090 4089
4090 4091 4092
4093 4092 4091
4092 4093 4094
4094 4093 4095
4094 4095 4096
4095 4097 4096
4097 4095 4098
4098 4099 4097
4099 4098 4100
4100 4101 4099
4101 4100 4102
4101 4102 4103
4102 4104 4103
4104 4105 4103
4105 4104 4106
4106 4107 4105
4107 4106 4108
4109 4107 4108
4110 4109 4108
4109 4110 4111
4111 4110 4112
4112 4113 4111
4112 4114 4113
4114 4112 4115
4114 4115 4116
4117 4116 4115
4117 4118 4116
4119 4118 4117
4120 4121 4086
4121 4084 4086
4122 4064 4066
4123 4124 4125
4124 4123 4126
4126 3833 4124
3833 4126 3834
4123 4127 4126
4127 4123 4128
3836 4126 4127
4126 3836 3834
4123 4125 4129
4123 4130 4128
4123 4131 4130
4123 4129 4131
4132 4133 4134
4133 4132 4135
4135 4136 4133
4136 4135 4137
4138 4136 4137
4136 4138 4139
4139 4138 4140
4139 4140 4141
4134 4142 4132
4142 4134 4143
4144 3908 4145
3908 4144 3906
4145 4146 4144
4146 4145 4147
4148 4146 4147
4146 4148 4149
4150 4151 4152
4153 4154 4155
4154 4156 4155
4157 4158 4159
4160 4161 4162
4162 4161 4163
4164 4165 4166
4165 4164 4167
4168 4167 4164
4167 4168 4169
4170 4169 4168
4169 4170 4171
4170 4172 4171
4172 4170 4173
4174 4172 4173
4172 4174 4175
4176 4175 4174
4175 4176 4177
4178 4177 4176
4177 4178 4179
4180 4179 4178
4179 4180 4181
4182 4181 4180
4181 4182 4183
4184 4185 4186
4185 4184 4187
4188 4187 4184
4187 4188 4189
4190 4189 4188
4189 4190 4191
4192 4191 4190
4191 4192 4193
4194 4193 4192
4193 4194 4195
4185 4196 4186
4196 4185 4197
4198 4196 4197
4196 4198 4199
4200 4199 4198
4199 4200 4201
4202 4201 4200
4201 4202 4203
4204 4203 4202
4203 4204 4205
4206 4207 4208
4209 4206 4208
4166 4210 4211
4210 4166 4212
4213 4214 4215
4214 4213 4216
4217 4218 4219
4220 4221 4222
4221 4220 4223
4224 4225 4226
4225 4224 4227
4228 4227 4224
4229 4230 4231
4230 4229 4232
4233 4234 4235
4234 4233 4236
4237 4236 4233
4236 4237 4238
4239 4238 4237
4238 4239 4240
4241 4240 4239
4240 4241 4242
4243 4235 4234
4235 4243 4244
4241 4245 4242
4245 4241 4246
4247 4245 4246
4245 4247 4248
4249 4248 4247
4248 4249 4250
4251 4250 4249
4250 4251 4252
4253 4252 4251
4252 4253 4254
4255 4256 4257
4256 4255 4258
4259 4256 4258
4256 4259 4260
4261 4260 4259
4260 4261 4262
4263 4262 4261
4262 4263 4264
4265 4264 4263
4264 4265 4266
4267 4255 4257
4255 4267 4268
4269 4268 4267
4268 4269 4270
4271 4270 4269
4270 4271 4272
4273 4272 4271
4272 4273 4274
4275 4274 4273
4274 4275 4276
4277 4278 4279
4280 4281 4282
4283 4280 4282
4284 4285 4286
4285 4284 4287
4288 4286 4285
4286 4288 4289
4290 4287 4284
4291 4292 4293
4294 4295 4296
4295 4294 4297
4298 4296 4295
4296 4298 4299
4300 4297 4294
3961 4301 3962
3962 4301 4302
4302 4301 4303
4303 4304 4302
4305 4306 4307
4305 4308 4306
4305 4309 4308
4309 4310 4308
4309 4311 4310
4311 4312 4310
4313 4305 4307
4314 4313 4307
4313 4314 4315
4311 4316 4312
4316 4317 4312
4316 4318 4317
4318 4319 4317
4307 4306 4320
4321 4307 4320
4307 4321 4314
4322 4323 4324
4325 4324 4323
4325 4323 4326
4327 4325 4326
4327 4326 4328
4329 4327 4328
4329 4328 4330
4331 4329 4330
4332 4331 4330
4332 4333 4331
4332 4334 4333
4334 4332 4335
4336 4335 4332
4336 4332 4330
4335 4336 4337
4322 4324 4338
4339 4340 4341
4340 4339 4342
4339 4343 4342
4343 4339 4344
4345 4344 4339
4339 4341 4345
4344 4345 4346
4341 4340 4347
4348 4341 4347
4347 4349 4348
4349 4350 4348
4349 4351 4350
4352 4350 4351
4352 4351 4353
4353 4354 4352
4353 4355 4354
4356 4357 4358
4356 4359 4357
4359 4360 4357
4360 4359 4361
4362 4360 4361
4362 4361 4363
4363 4364 4362
4363 4365 4364
4366 4364 4365
4366 4367 4364
4368 4367 4366
4367 4368 4369
4370 4356 4358
4371 4366 4365
4366 4372 4368
4372 4366 4371
4373 4374 4375
4373 4376 4374
4374 4376 4377
4374 4377 4378
4374 4378 4379
4374 4379 4380
4374 4380 4381
4374 4381 4382
4374 4382 4383
4374 4383 4384
4374 4384 4385
4386 4374 4385
4386 4387 4374
4388 4389 4390
4388 4390 4391
4390 4392 4391
4390 4393 4392
4390 4394 4393
4390 4395 4394
4390 4396 4395
4390 4397 4396
4390 4398 4397
4390 4399 4398
4390 4400 4399
4401 4400 4390
4401 4390 4402
3340 3342 4403
3267 3251 3265
3251 3267 3254
