byte offset: 0
first index: 0
index count: 8700
topology: trianglelist
format: DXGI_FORMAT_R16_UINT

0 1 2
0 2 3
2 4 3
5 6 7
5 7 8
5 8 9
5 9 10
10 9 11
10 11 12
13 6 5
13 5 14
5 10 15
5 15 14
10 12 16
10 16 15
12 17 18
12 18 19
12 19 20
12 20 21
22 23 24
22 24 25
24 26 25
24 27 26
27 28 26
27 29 28
29 27 30
28 31 26
31 32 26
31 33 32
31 34 33
34 35 33
34 36 35
37 35 36
37 36 38
37 38 39
37 39 40
40 39 41
40 41 42
42 41 43
42 43 44
45 46 47
45 47 48
48 49 45
47 46 50
50 46 51
50 51 52
50 52 53
54 53 52
54 55 53
56 55 54
56 57 55
56 58 57
56 59 58
60 58 59
60 59 61
62 60 61
62 61 63
64 65 66
64 66 67
66 65 68
66 68 69
70 64 67
70 67 71
72 70 71
72 71 73
74 72 73
74 73 75
74 75 76
74 76 77
69 68 78
69 78 79
80 77 76
80 76 81
82 67 66
82 66 83
84 83 66
84 66 69
85 76 75
73 85 75
85 86 76
73 87 85
69 79 88
69 88 84
76 86 89
76 89 81
67 82 90
67 90 71
71 90 87
71 87 73
91 92 93
91 93 94
93 92 95
93 95 96
97 94 93
97 93 98
93 96 99
93 99 98
100 101 102
103 102 101
102 103 104
103 101 105
106 107 108
107 109 108
108 110 106
111 112 113
112 111 114
115 116 117
115 117 118
115 118 119
120 121 122
120 122 123
124 125 126
124 126 127
127 126 128
127 128 129
129 128 130
129 130 131
131 130 132
131 132 133
134 135 136
134 136 137
135 134 138
139 135 138
139 138 140
141 23 142
141 143 27
144 145 146
144 146 147
147 148 149
147 149 150
151 152 153
154 155 156
157 155 154
157 154 158
159 160 161
159 161 162
163 164 165
166 165 164
167 168 163
168 169 163
169 170 171
169 171 172
173 174 165
173 165 175
175 165 176
177 178 174
179 180 181
179 181 182
183 184 185
185 184 186
187 184 183
188 184 187
188 189 184
186 190 185
186 191 190
190 191 192
190 192 193
194 193 192
194 195 193
194 196 195
194 197 196
197 198 196
197 199 198
200 198 199
200 199 201
202 200 201
202 201 203
204 205 206
207 205 204
207 204 208
209 207 208
209 210 207
209 211 210
209 212 211
213 211 212
213 212 214
215 213 214
215 216 213
217 216 215
218 217 215
219 220 221
184 221 220
184 220 222
223 220 219
222 186 184
224 225 226
224 226 227
227 226 228
227 228 229
230 225 224
230 224 231
232 230 231
232 231 233
234 232 233
234 233 235
236 234 235
236 237 234
238 237 236
238 239 237
240 241 242
240 242 243
244 240 243
244 243 245
246 244 245
246 245 247
248 246 247
248 247 249
250 248 249
250 249 251
252 250 251
252 251 253
253 254 252
253 255 254
255 256 254
255 257 256
258 242 241
258 241 259
259 260 258
259 261 260
262 263 264
262 264 265
266 267 268
266 268 269
270 271 272
270 273 271
270 274 273
275 276 277
276 275 278
275 279 278
280 281 282
280 282 283
284 285 286
286 285 287
287 285 288
289 288 285
289 285 290
288 289 291
291 289 292
292 293 294
295 296 290
295 297 296
298 297 295
299 298 295
300 299 295
297 301 296
296 301 302
302 303 304
305 306 307
305 307 308
309 310 311
312 313 314
312 314 315
316 317 318
316 318 319
319 318 320
319 320 321
321 320 322
321 322 323
324 325 326
324 326 327
328 329 330
328 330 331
332 333 334
332 335 333
332 334 336
337 334 333
338 337 333
337 339 334
336 334 340
341 336 340
340 342 341
343 342 340
343 344 342
345 344 343
345 346 344
345 347 346
348 346 347
348 347 349
349 347 350
349 350 351
349 351 352
352 351 353
352 353 354
354 353 355
354 355 356
356 355 357
358 357 355
359 358 355
359 355 353
360 359 353
360 353 361
362 360 361
362 361 363
364 362 363
365 362 364
365 364 366
366 364 367
366 367 368
367 369 368
368 369 370
369 371 370
370 371 372
372 371 373
374 373 371
375 373 374
375 374 376
375 376 377
378 376 374
379 376 378
378 374 380
381 382 383
381 383 384
385 383 382
385 382 386
387 385 386
388 385 387
387 389 388
387 390 389
391 392 393
391 393 394
391 395 392
395 396 392
395 397 396
398 396 397
399 400 401
399 402 400
400 403 401
404 405 406
407 405 404
408 405 407
408 409 405
405 410 406
410 411 406
411 410 412
413 412 410
410 414 413
415 414 410
416 414 415
417 416 415
418 417 415
418 415 419
408 420 409
408 421 420
421 422 420
422 423 420
420 423 424
424 423 425
425 426 424
418 419 427
418 427 428
428 427 429
429 427 430
427 424 430
431 424 426
424 431 430
432 433 434
432 434 435
433 432 436
433 436 437
434 438 435
437 436 439
437 439 440
441 437 440
441 440 442
442 440 443
442 443 444
440 445 443
440 446 445
444 443 447
444 447 448
448 447 449
447 450 449
447 451 450
443 445 451
443 451 447
448 449 452
453 437 441
453 454 437
455 442 444
455 456 442
457 456 455
457 458 456
459 455 444
459 444 448
448 460 459
459 460 461
459 461 462
462 457 455
462 455 459
454 433 437
463 464 450
463 450 465
466 464 463
466 467 464
463 468 466
463 469 468
465 469 463
469 470 468
469 471 470
472 471 469
465 472 469
472 439 471
471 473 470
471 474 473
446 474 471
446 475 474
476 474 475
476 475 477
478 476 477
478 477 479
478 479 480
481 473 474
481 474 482
474 476 482
473 483 470
470 483 484
483 485 484
483 486 485
484 485 487
484 487 488
488 487 461
488 461 489
466 488 489
466 489 467
468 484 488
468 488 466
470 484 468
486 490 491
492 491 490
492 490 493
494 492 493
494 493 495
494 495 496
486 491 456
456 491 441
456 441 442
497 441 491
497 491 498
491 492 498
492 499 498
492 500 499
499 500 501
502 503 504
502 504 505
505 504 506
503 507 504
508 509 510
508 510 511
509 512 510
509 513 512
514 515 516
514 516 517
515 518 516
515 519 518
520 521 522
520 522 523
520 523 524
525 526 527
525 527 528
527 529 528
527 530 529
530 531 529
530 532 531
527 526 533
527 533 534
527 534 535
527 535 530
530 535 536
530 536 532
532 537 538
532 538 539
532 540 537
532 541 540
542 543 544
542 544 545
546 542 545
546 547 542
548 549 543
548 547 550
551 552 553
551 553 554
552 551 555
553 556 554
556 557 554
556 558 557
556 559 558
559 560 558
559 561 560
562 560 561
562 561 563
562 563 564
562 564 565
565 564 566
565 566 567
567 566 568
567 568 569
570 571 572
570 572 573
574 573 572
574 572 575
571 570 576
571 576 577
577 576 578
577 578 579
579 578 580
579 580 581
580 582 581
580 583 582
575 584 574
575 585 584
582 583 586
582 586 587
572 588 575
589 581 582
589 579 581
589 582 590
591 577 579
589 591 579
591 592 577
592 571 577
592 593 571
593 572 571
593 594 572
572 594 588
595 590 582
595 582 587
575 588 596
575 596 585
597 598 599
597 599 600
599 601 600
599 602 601
603 599 598
603 604 599
599 604 605
599 605 602
606 607 608
608 607 609
607 610 609
608 609 611
612 613 614
614 613 615
613 612 616
617 618 619
617 619 620
619 621 620
622 623 624
622 624 625
626 627 628
626 628 629
627 630 628
627 631 630
631 632 630
631 633 632
633 634 632
633 635 634
636 637 638
636 638 639
637 640 638
638 640 641
638 641 642
641 643 642
640 637 644
640 644 645
646 647 648
646 648 649
647 650 651
647 651 652
653 654 655
656 657 658
656 658 659
660 661 662
663 662 661
664 665 661
664 661 666
661 665 667
668 660 669
669 660 670
670 671 672
670 672 673
674 666 675
676 677 678
676 678 679
680 681 682
681 683 682
684 680 682
682 685 684
682 686 685
683 681 687
683 687 688
689 688 687
689 687 690
690 691 689
690 692 691
691 692 693
691 693 694
694 693 695
694 695 696
696 695 697
696 697 698
698 697 699
698 699 700
701 702 703
704 701 703
704 705 701
706 705 704
706 704 707
708 706 707
708 709 706
710 709 708
710 711 709
710 712 711
710 713 712
712 713 714
715 712 714
716 717 718
718 717 682
718 682 719
720 716 718
719 682 683
721 722 723
721 723 724
725 721 724
725 724 726
727 723 722
727 728 723
729 728 727
729 730 728
731 730 729
731 732 730
731 733 732
731 734 733
734 735 733
734 736 735
737 738 739
737 739 740
741 738 737
741 742 738
743 742 741
743 744 742
745 744 743
745 746 744
747 746 745
747 748 746
749 748 747
749 750 748
751 750 749
751 752 750
752 751 753
752 753 754
740 739 755
740 755 756
756 755 757
756 757 758
759 760 761
759 761 762
763 764 765
763 765 766
767 768 769
767 769 770
767 770 771
772 773 774
774 775 772
772 775 776
777 778 779
777 779 780
781 782 783
781 783 784
785 786 787
788 789 790
788 790 791
792 793 794
792 794 795
793 796 794
793 797 796
797 798 796
797 799 798
800 801 802
800 802 803
804 805 806
804 806 807
808 809 810
808 810 811
808 812 809
813 810 809
814 810 813
813 809 815
809 812 816
817 816 812
816 817 818
819 816 818
819 818 820
821 819 820
822 821 820
822 823 821
824 823 822
824 825 823
825 826 823
825 827 826
825 828 827
828 829 827
828 830 829
830 831 829
830 832 831
832 833 831
834 831 833
835 829 831
835 831 834
836 829 835
836 837 829
838 837 836
838 839 837
840 839 838
841 840 838
841 842 840
843 840 842
843 842 844
843 844 845
844 846 845
845 846 847
846 848 847
848 849 847
849 850 847
851 850 849
851 852 850
851 853 852
854 850 852
855 854 852
854 856 850
857 858 859
857 860 858
861 859 858
861 862 859
861 863 862
864 863 861
865 863 864
865 866 863
867 868 869
867 869 870
867 870 871
871 870 872
871 872 873
874 873 872
875 876 877
875 877 878
877 876 879
879 880 877
879 881 880
877 880 882
877 882 878
883 884 885
883 885 886
886 885 887
888 889 890
891 892 893
891 893 894
894 893 895
894 895 896
897 898 899
897 899 900
901 898 902
901 902 903
904 905 906
904 906 907
906 908 909
906 909 910
911 912 913
911 913 914
911 914 915
916 917 918
918 917 919
917 920 919
918 919 921
922 923 924
924 923 925
923 922 926
927 928 929
927 930 928
931 932 933
931 933 934
933 935 934
936 937 938
936 938 939
940 941 942
940 942 943
941 944 942
941 945 944
945 946 944
945 947 946
947 948 946
947 949 948
950 948 949
950 951 948
951 950 952
953 951 952
953 952 954
952 950 955
952 955 956
955 957 956
958 959 960
958 960 961
959 962 963
959 963 964
965 966 967
968 969 970
968 970 971
972 973 974
975 974 973
976 977 973
976 973 978
973 977 979
980 972 981
981 972 982
983 978 984
985 986 987
985 987 988
988 987 989
988 989 990
991 986 985
991 985 992
993 994 995
994 996 995
997 993 995
995 998 997
995 999 998
996 994 1000
996 1000 1001
1002 1001 1000
1002 1000 1003
1003 1004 1002
1003 1005 1004
1004 1005 1006
1004 1006 1007
1007 1006 1008
1007 1008 1009
1009 1008 1010
1009 1010 1011
1011 1010 1012
1011 1012 1013
1014 1015 1016
1017 1014 1016
1017 1018 1014
1019 1018 1017
1019 1017 1020
1021 1019 1020
1021 1022 1019
1023 1022 1021
1023 1024 1022
1023 1025 1024
1023 1026 1025
1025 1026 1027
1028 1025 1027
1029 1030 1031
1031 1030 995
1031 995 1032
1033 1029 1031
1032 995 996
1034 1035 1036
1034 1036 1037
1038 1034 1037
1038 1037 1039
1040 1036 1035
1040 1041 1036
1042 1041 1040
1042 1043 1041
1044 1043 1042
1044 1045 1043
1044 1046 1045
1044 1047 1046
1047 1048 1046
1047 1049 1048
1050 1051 1052
1050 1052 1053
1054 1051 1050
1054 1055 1051
1056 1055 1054
1056 1057 1055
1058 1057 1056
1058 1059 1057
1060 1059 1058
1060 1061 1059
1062 1061 1060
1062 1063 1061
1064 1063 1062
1064 1065 1063
1053 1052 1066
1053 1066 1067
1067 1066 1068
1067 1068 1069
1070 1071 1072
1070 1072 1073
1074 1075 1076
1074 1076 1077
1078 1079 1080
1078 1080 1081
1078 1081 1082
1083 1084 1085
1086 1087 1088
1089 1087 1086
1090 1091 1092
1090 1092 1093
1094 1095 1096
1095 1097 1096
1097 1098 1096
1096 1098 1099
1096 1099 1100
1098 1101 1099
1099 1101 1102
1102 1103 1104
1105 1106 1100
1105 1107 1106
1108 1106 1107
1109 1106 1108
1110 1106 1109
1111 1106 1110
1111 1110 1112
1107 1105 1113
1105 1114 1115
1114 1116 1113
1117 1118 1119
1117 1119 1120
1121 1122 1123
1124 1125 1126
1124 1126 1127
1128 1129 1130
1128 1130 1131
1129 1132 1130
1129 1133 1132
1133 1134 1132
1133 1135 1134
1136 1137 1138
1136 1138 1139
1140 1141 1142
1140 1142 1143
1144 1142 1141
1144 1145 1142
1146 1147 1148
1146 1149 1147
1150 1148 1147
1150 1151 1148
1150 1152 1151
1153 1152 1150
1154 1152 1153
1154 1155 1152
1156 1157 1158
1156 1158 1159
1156 1159 1160
1160 1159 1161
1160 1161 1162
1163 1162 1161
448 1164 460
1165 1166 1167
1165 1167 1168
1166 1169 1167
1168 1167 1170
1171 1172 1173
1171 1173 1174
1175 1176 1177
1175 1177 1178
1179 1180 1181
1179 1181 1182
1182 1181 1183
1182 1183 1184
1185 1186 1187
1185 1187 1188
1187 1189 1188
1190 1191 1192
1190 1192 1193
1193 1194 1190
1192 1191 1195
1195 1191 1196
1195 1196 1197
1195 1197 1198
1199 1198 1197
1199 1200 1198
1201 1200 1199
1201 1202 1200
1201 1203 1202
1201 1204 1203
1205 1203 1204
1205 1204 1206
1207 1205 1206
1207 1206 1208
1209 1210 1211
1212 1211 1210
1211 1212 1213
1212 1210 1214
1215 1216 1217
1216 1218 1217
1217 1219 1215
1220 1221 1222
1220 1222 1223
1220 1223 1224
1225 1226 1227
1225 1227 1228
1229 1230 1231
1229 1231 1232
1232 1231 1233
1232 1233 1234
1234 1233 1235
1234 1235 1236
1236 1235 1237
1236 1237 1238
1237 1239 1238
1237 1240 1239
1240 1241 1239
1241 1240 1242
1241 1242 1243
1241 1244 1239
1241 1245 1244
1244 1245 1246
1247 1248 1249
1247 1249 1250
1250 1251 1252
1250 1252 1253
1254 1255 1256
1257 1258 1259
1257 1259 1260
1261 1262 1263
1264 1263 1262
1265 1266 1261
1266 1267 1261
1268 1269 1263
1268 1263 1270
1270 1263 1271
1272 1273 1269
1274 1275 1276
1274 1276 1277
1278 1276 1275
1278 1275 1279
1280 1274 1277
1280 1281 1274
1282 1283 1284
1284 1283 1285
1286 1283 1282
1287 1283 1286
1287 1288 1283
1285 1289 1284
1285 1290 1289
1289 1290 1291
1289 1291 1292
1293 1292 1291
1293 1294 1292
1293 1295 1294
1293 1296 1295
1296 1297 1295
1296 1298 1297
1299 1297 1298
1299 1298 1300
1301 1299 1300
1301 1300 1302
1303 1304 1305
1306 1304 1303
1306 1303 1307
1308 1306 1307
1308 1309 1306
1308 1310 1309
1308 1311 1310
1312 1310 1311
1312 1311 1313
1314 1312 1313
1314 1315 1312
1316 1315 1314
1317 1316 1314
1318 1319 1320
1283 1320 1319
1283 1319 1321
1322 1319 1318
1321 1285 1283
1323 1324 1325
1323 1325 1326
1326 1325 1327
1326 1327 1328
1329 1324 1323
1329 1323 1330
1331 1329 1330
1331 1330 1332
1333 1331 1332
1333 1332 1334
1335 1333 1334
1335 1336 1333
1337 1336 1335
1337 1338 1336
1339 1340 1341
1339 1341 1342
1343 1339 1342
1343 1342 1344
1345 1343 1344
1345 1344 1346
1347 1345 1346
1347 1346 1348
1349 1347 1348
1349 1348 1350
1351 1349 1350
1351 1350 1352
1352 1353 1351
1352 1354 1353
1354 1355 1353
1354 1356 1355
1357 1341 1340
1357 1340 1358
1358 1359 1357
1358 1360 1359
1361 1362 1363
1361 1363 1364
1365 1366 1367
1365 1368 1366
1365 1369 1368
1370 1371 1372
1371 1370 1373
1370 1374 1373
1375 1376 1377
1375 1377 1378
1379 1380 1381
1382 1383 1384
1382 1384 1385
1386 1387 1388
1386 1388 1389
1389 1388 1390
1389 1390 1391
1391 1390 1392
1391 1392 1393
1394 1395 1396
1394 1396 1397
1398 1399 1400
1398 1400 1401
1402 1400 1399
1402 1399 1403
1404 1402 1403
1405 1402 1404
1404 1406 1405
1404 1407 1406
1408 1409 1410
1408 1410 1411
1408 1412 1409
1412 1413 1409
1412 1414 1413
1415 1413 1414
1416 1417 1418
1416 1419 1417
1419 1416 1420
1416 1421 1420
1416 1422 1421
1422 1416 1423
1422 1423 1424
1423 1425 1424
1420 1421 458
1420 458 483
473 1420 483
1417 1426 1418
1427 1419 1420
1427 1420 473
1428 1429 1430
1428 1430 1431
1429 1432 1430
1433 1434 1435
1436 1437 1438
1436 1438 1439
1437 1440 1438
1437 1441 1440
1442 1443 1444
1442 1444 1445
1443 1446 1444
1443 1447 1446
1448 1449 1450
1448 1450 1451
1452 1451 1450
1452 1450 1453
1451 1454 1448
1451 1455 1454
1455 1456 1454
1455 1457 1456
1457 1458 1456
1457 1459 1458
1457 1460 1459
1460 1461 1459
1460 1462 1461
1460 1463 1462
1463 1464 1462
1463 1465 1464
1463 1466 1465
1466 1467 1465
1468 1467 1466
1468 1469 1467
1470 1469 1468
1470 1471 1469
1470 1472 1471
1473 1471 1472
1473 1474 1471
1475 1476 1477
1475 1477 1478
1477 1479 1478
1477 1480 1479
1480 1481 1479
1480 1482 1481
1482 1483 1481
1482 1484 1483
1484 1485 1483
1484 1486 1485
1475 1478 1487
1487 1478 1479
1475 1487 1488
1487 1479 1489
1489 1479 1481
1489 1481 1490
1490 1481 1483
1490 1483 1491
1491 1483 1485
1491 1485 1492
1493 1494 1495
1493 1495 1496
1497 1498 1495
1497 1499 1498
1499 1500 1498
1499 1501 1500
1501 1502 1500
1501 1503 1502
1503 1504 1502
1503 1505 1504
1506 1504 1505
1506 1505 1507
1508 1509 1510
1508 1510 1511
1512 1513 1514
1512 1514 1515
1516 1517 1518
1517 1516 1519
1517 1519 1520
1521 1517 1520
1521 1522 1517
1523 1522 1521
1523 1524 1522
1525 1522 1524
1525 1526 1522
1525 1524 1527
1528 1524 1523
1516 1529 1519
1522 1526 1530
1522 1530 1517
1518 1517 1530
1531 1516 1518
1531 1532 1516
1516 1532 1529
1533 1532 1531
1533 1531 1534
1535 1536 1537
1535 1537 1538
1536 1535 1539
1536 1539 1540
1541 1540 1539
1541 1542 1540
1537 1543 1538
1537 1544 1543
1541 1545 1542
1541 1546 1547
1548 1541 1547
1548 1547 1549
1550 1538 1551
1550 1551 1552
1544 1553 1551
1552 1551 1553
1554 1552 1553
1555 1556 1557
1555 1558 1556
1559 1557 1556
1559 1560 1557
1559 1561 1560
1562 1561 1559
1563 1561 1562
1563 1562 1564
1565 1563 1564
1565 1564 1566
1567 1565 1566
1567 1566 1568
1569 1567 1568
1569 1568 1570
1571 1569 1570
1571 1572 1569
1573 1572 1571
1573 1571 1574
1575 1573 1574
1575 1574 1576
1577 1575 1576
1577 1576 1578
1578 1579 1577
1578 1580 1579
1581 1579 1580
1581 1580 1582
1583 1581 1582
1583 1582 1584
1585 1583 1584
1585 1584 1586
1587 1585 1586
1587 1586 1588
1589 1587 1588
1590 1591 1592
1590 1592 1593
1594 1593 1592
1594 1592 1595
1596 1594 1595
1596 1597 1594
1598 1597 1596
1598 1599 1597
1600 1599 1598
1601 1591 1590
1601 1602 1591
1601 1603 1602
1601 1604 1603
1605 1603 1604
1605 1604 1606
1607 1605 1606
1607 1608 1605
1607 1609 1608
1610 1609 1607
1609 1610 1611
1610 1607 1612
1613 1610 1612
1613 1614 1610
1613 1615 1614
1614 1615 1616
1617 1616 1615
1617 1615 1618
1617 1618 1619
1617 1619 1620
1619 1621 1620
1619 1622 1621
1621 1622 1623
1623 1622 1624
1623 1624 1625
1624 1626 1625
1611 1610 1627
1627 1610 1628
1627 1628 1629
1628 1630 1629
1628 1631 1630
1632 1630 1631
1632 1631 1633
1633 1634 1632
1633 1635 1634
1636 1637 1638
1636 1639 1637
1640 1637 1639
1640 1641 1637
1638 1642 1636
1638 1643 1642
1638 1644 1643
1645 1643 1644
1645 1644 1646
1646 1647 1645
1646 1648 1647
1647 1648 1649
1647 1649 1650
1650 1649 1651
1650 1651 1652
1653 1652 1651
1653 1654 1652
1653 1655 1654
1653 1656 1655
1657 1655 1656
1657 1656 1658
1659 1657 1658
1659 1660 1657
1659 1661 1660
1660 1661 1662
1661 1663 1662
1664 1665 1666
1667 1664 1666
1667 1668 1664
1669 1668 1667
1670 1668 1669
1670 1671 1668
1672 1671 1670
1672 1673 1671
1672 1674 1673
1675 1673 1674
1675 1676 1673
1677 1676 1675
1677 1675 1678
1679 1677 1678
1679 1678 1680
1680 1681 1679
1680 1682 1681
1683 1681 1682
1683 1684 1681
1685 1684 1683
1685 1683 1686
1685 1686 1687
1685 1687 1688
1688 1687 1689
1690 1688 1689
1690 1689 1691
1690 1691 1692
1690 1692 1693
1692 1694 1693
1695 1696 1697
1695 1697 1698
1698 1699 1695
1698 1700 1699
1701 1699 1700
1701 1700 1702
1703 1701 1702
1703 1702 1704
1705 1703 1704
1705 1704 1706
1707 1705 1706
1707 1706 1708
1707 1708 1709
1696 1710 1697
1711 1712 1713
1713 1712 1714
1714 1712 1715
1716 1717 1715
1716 1718 1717
1716 1719 1718
1716 1641 1719
1720 1721 1722
1720 1722 1723
1724 1720 1723
1724 1725 1720
1724 1726 1725
1724 1727 1726
1727 1728 1726
1727 1729 1728
1730 1728 1729
1731 1728 1730
1732 1733 1734
1735 1733 1732
1735 1736 1733
1735 1737 1736
1733 1738 1734
1734 1738 1739
1734 1739 1740
1740 1739 1741
1740 1741 1742
1742 1741 1743
1742 1743 1744
1745 1744 1743
1745 1743 1746
1747 1745 1746
1740 1748 1749
1750 1751 1752
1750 1752 1753
1751 1754 1752
1750 1753 1755
1750 1755 1756
1756 1755 1757
1756 1757 1758
1758 1757 1759
1758 1759 1760
1760 1759 1761
1762 1753 1752
1762 1755 1753
1762 1752 1763
1763 1752 1754
1762 1764 1755
1764 1757 1755
1764 1765 1757
1759 1757 1765
1759 1765 1766
1766 1761 1759
1767 1768 1769
1767 1769 1770
1771 1769 1768
1767 1770 1772
1767 1772 1773
1774 1773 1772
1774 1775 1773
1776 1775 1774
1777 1778 1779
1777 1779 1780
1779 1781 1780
1777 1782 1778
1783 1782 1777
1783 1784 1782
1783 1785 1784
1783 1786 1785
1785 1786 1787
1788 1789 1790
1791 1792 1793
1793 1792 1794
1793 1794 1795
1795 1794 1796
1795 1796 1797
1798 1797 1796
1798 1799 1797
1799 1800 1797
1797 1800 1801
1801 1800 1802
1801 1802 1803
1803 1802 1804
1805 1806 1807
1806 1808 1807
1807 1808 1809
1810 1811 1812
1810 1812 1813
1811 1814 1812
1811 1815 1814
1814 1815 1816
1813 1817 1810
1813 1818 1817
1819 1817 1818
1819 1818 1820
1819 1820 1821
1820 1822 1821
1821 1822 1823
1823 1822 1824
1823 1824 1825
1824 1826 1825
1827 1828 1829
1827 1829 1830
1829 1828 1831
1827 1830 1832
1833 1834 1835
1836 1837 1838
1839 1840 1841
1839 1841 1842
1843 1841 1840
1843 1844 1841
1845 1841 1846
1845 1846 1847
1848 1846 1841
1848 1849 1846
1850 1851 1852
1850 1852 1853
1853 1852 1854
1855 1851 1850
1855 1856 1851
1857 1852 1851
1857 1858 1852
1858 1859 1852
1860 1857 1851
1860 1851 1856
1861 1852 1862
1863 1861 1862
1863 1862 1864
1863 1864 1865
1863 1865 1866
1866 1867 1868
1866 1868 1869
1870 1868 1871
1870 1871 1872
1873 1874 1875
1873 1875 1876
1875 1877 1876
1878 1879 1873
1878 1880 1879
1881 1882 1878
1881 1883 1882
1884 1883 1881
1884 1885 1883
1886 1885 1884
1886 1887 1885
1888 1887 1886
1888 1889 1887
1890 1889 1888
1890 1891 1889
1892 1893 1890
1892 1894 1893
1895 1896 1897
1898 1899 1900
1900 1899 1901
1902 1903 1904
1905 1906 1907
1908 1906 1905
1909 1910 1877
1911 1877 1912
1913 1914 1877
1915 1914 1913
1915 1913 1916
1917 1915 1918
1917 1918 1919
1920 1917 1921
1920 1921 1922
1923 1920 1922
1923 1922 1924
1925 1923 1924
1925 1924 1926
1927 1925 1926
1927 1926 1928
1929 1927 1928
1929 1928 1930
1931 1929 1932
1931 1932 1933
1934 1935 1936
1934 1936 1937
1936 1935 1938
1936 1938 1939
1935 1934 1940
1935 1940 1941
1941 1940 1942
1941 1942 1943
1943 1942 1944
1943 1944 1945
1943 1945 1946
1946 1945 1947
1946 1947 1948
1946 1948 1949
1949 1948 1950
1949 1950 1951
1949 1951 1952
1952 1951 1953
1954 1952 1953
1954 1953 1955
1956 1954 1955
1957 1956 1955
1957 1958 1956
1959 1958 1957
1959 1957 1960
1961 1962 1963
1961 1963 1964
1965 1963 1966
1965 1966 1967
1967 1966 1968
1967 1968 1969
1969 1968 1970
1969 1970 1971
1971 1970 1972
1971 1972 1973
1973 1972 1974
1973 1974 1975
1975 1974 1976
1975 1976 1977
1978 1979 1980
1978 1980 1981
1982 1983 1984
1985 1983 1982
1986 1985 1982
1984 1987 1982
1984 1988 1987
1989 1988 1984
1989 1984 1990
1991 1989 1990
1991 1990 1992
1990 1993 1992
1990 1994 1993
1993 1995 1992
1996 1991 1992
1982 1987 1997
1986 1982 1997
1990 1984 1998
1990 1998 1994
1983 1998 1984
1985 1986 1999
1985 1999 2000
2001 2002 2003
2001 2003 2004
2005 2003 2002
2005 2002 2006
2006 2007 2005
2006 2008 2007
2001 2004 2009
2001 2009 2010
2011 2007 2008
2012 2013 2007
2014 2012 2007
2014 2015 2012
2016 2017 2004
2016 2018 2017
2010 2017 2019
2017 2018 2019
2020 2019 2018
2021 2022 2023
2021 2023 2024
2025 2023 2022
2025 2022 2026
2025 2026 2027
2028 2025 2027
2029 2028 2027
2029 2030 2028
2030 2029 2031
2030 2031 2032
2032 2031 2033
2032 2033 2034
2034 2033 2035
2034 2035 2036
2037 2036 2035
2037 2035 2038
2039 2037 2038
2039 2040 2037
2041 2040 2039
2041 2042 2040
2043 2042 2041
2043 2044 2042
2045 2044 2043
2045 2046 2044
2047 2046 2045
2047 2048 2046
2049 2048 2047
2049 2050 2048
2051 2050 2049
2051 2052 2050
2053 2052 2051
2053 2054 2052
2055 2054 2053
2056 2057 2058
2056 2058 2059
2060 2056 2059
2060 2061 2056
2062 2061 2060
2062 2060 2063
2064 2062 2063
2064 2063 2065
2066 2064 2065
2067 2058 2057
2067 2057 2068
2069 2067 2068
2069 2070 2067
2070 2069 2071
2070 2071 2072
2073 2072 2071
2073 2071 2074
2073 2074 2075
2076 2073 2075
2075 2077 2076
2076 2078 2073
2077 2079 2076
2079 2080 2076
2079 2081 2080
2080 2081 2082
2080 2082 2083
2083 2082 2084
2083 2084 2085
2085 2084 2086
2085 2086 2087
2088 2078 2076
2088 2076 2080
2088 2080 2089
2080 2090 2089
2089 2090 2091
2089 2091 2092
2091 2093 2092
2091 2094 2093
2093 2094 2095
2093 2095 2096
2095 2097 2096
2098 2096 2097
2098 2097 2099
2098 2099 2100
2101 2102 2103
2101 2103 2104
2105 2104 2103
2105 2103 2106
2102 2101 2107
2102 2107 2108
2102 2108 2109
2110 2109 2108
2110 2111 2109
2111 2110 2112
2111 2112 2113
2112 2114 2113
2112 2115 2114
2115 2116 2114
2115 2117 2116
2117 2118 2116
2117 2119 2118
2120 2118 2119
2120 2121 2118
2121 2120 2122
2121 2122 2123
2124 2123 2122
2124 2122 2125
2124 2125 2126
2125 2127 2126
2126 2127 2128
2129 2130 2131
2132 2130 2129
2132 2129 2133
2134 2132 2133
2135 2134 2133
2135 2133 2136
2137 2135 2136
2137 2136 2138
2137 2138 2139
2140 2139 2138
2140 2138 2141
2140 2141 2142
2140 2142 2143
2143 2142 2144
2143 2144 2145
2145 2144 2146
2145 2146 2147
2148 2147 2146
2148 2146 2149
2148 2149 2150
2148 2150 2151
2150 2152 2151
2150 2153 2152
2153 2154 2152
2154 2153 2155
2154 2155 2156
2155 2157 2156
2155 2158 2157
2157 2158 2159
2160 2161 2162
2163 2161 2160
2163 2164 2161
2165 2164 2163
2165 2166 2164
2167 2166 2165
2167 2168 2166
2169 2168 2167
2169 2170 2168
2171 2170 2169
2171 2172 2170
2173 2172 2171
2173 2174 2172
2173 2175 2174
2176 2177 2178
2177 2179 2178
2179 2180 2178
2181 2180 2182
2181 2182 2183
2184 2181 2183
2184 2106 2181
2185 2186 2187
2185 2187 2188
2189 2186 2185
2189 2185 2190
2191 2189 2190
2191 2192 2189
2193 2192 2191
2193 2194 2192
2195 2194 2193
2196 2195 2193
2197 2198 2199
2200 2197 2199
2200 2199 2201
2200 2201 2202
2199 2198 2203
2198 2204 2203
2198 2205 2204
2206 2204 2205
2206 2205 2207
2207 2208 2206
2207 2209 2208
2210 2208 2209
2210 2211 2208
2212 2211 2210
2213 2214 2215
2213 2215 2216
2217 2214 2213
2215 2218 2216
2215 2219 2218
2220 2218 2219
2220 2219 2221
2222 2220 2221
2223 2224 2225
2223 2225 2226
2225 2224 2227
2223 2226 2228
2229 2223 2228
2229 2228 2230
2229 2230 2231
2229 2231 2232
2231 2233 2232
2234 2235 2236
2237 2238 2239
2240 2241 2242
2243 2242 2241
2243 2241 2244
2244 2245 2243
2244 2246 2245
2247 2245 2246
2247 2246 2248
2248 2246 2249
2246 2250 2249
2251 2249 2250
2251 2250 2252
2252 2253 2251
2254 2255 2256
2256 2255 2257
2257 2255 2258
2259 2260 2261
2259 2261 2262
2260 2259 2263
2262 2261 2264
2262 2264 2265
2264 2266 2265
2260 2263 2267
2267 2263 2268
2267 2268 2269
2268 2270 2269
2269 2270 2271
2270 2272 2271
2272 2273 2271
2272 2274 2273
2273 2274 2275
2276 2277 2278
2276 2278 2279
2278 2280 2279
2276 2281 2277
2282 2283 2284
2285 2286 2287
2288 2289 2290
2291 2292 2293
2291 2293 2294
2295 2296 2293
2295 2297 2296
2298 2291 2299
2298 2299 2300
2298 2300 2301
2298 2301 2302
2302 2301 1852
2303 2304 2305
2304 2306 2305
2307 2308 2309
2310 2311 2312
2313 2310 2312
2314 2315 2316
2314 2316 2317
2316 2315 2318
2316 2318 2319
2315 2314 2320
2315 2320 2321
2321 2320 2322
2321 2322 2323
2323 2322 2324
2323 2324 2325
2323 2325 2326
2326 2325 2327
2326 2327 2328
2326 2328 2329
2329 2328 2330
2329 2330 2331
2329 2331 2332
2332 2331 2333
2334 2332 2333
2334 2333 2335
2336 2334 2335
2337 2336 2335
2337 2338 2336
2339 2338 2337
2339 2337 2340
2341 2342 2343
2341 2343 2344
2343 2342 2345
2343 2345 2346
2346 2345 2347
2346 2347 2348
2348 2347 2349
2348 2349 2350
2350 2349 2351
2350 2351 2352
2353 2354 2355
2353 2355 2356
2357 2355 2358
2357 2358 2359
2359 2358 2360
2359 2360 2361
2361 2360 2362
2361 2362 2363
2363 2362 2364
2363 2364 2365
2365 2364 2366
2365 2366 2367
2367 2366 2368
2367 2368 2369
2370 2371 2372
2370 2372 2373
2374 2375 2376
2377 2375 2374
2378 2377 2374
2376 2379 2374
2376 2380 2379
2381 2380 2376
2381 2376 2382
2383 2381 2382
2383 2382 2384
2382 2385 2384
2382 2386 2385
2385 2387 2384
2388 2383 2384
2374 2379 2389
2378 2374 2389
2382 2376 2390
2382 2390 2386
2375 2390 2376
2377 2378 2391
2377 2391 2392
2393 2394 2395
2393 2395 2396
2397 2395 2394
2397 2394 2398
2398 2399 2397
2398 2400 2399
2393 2396 2401
2402 2401 2396
2402 2403 2401
2393 2401 2404
2404 2401 2405
2403 2405 2401
2406 2405 2403
2399 2407 2408
2407 2409 2408
2410 2399 2408
2399 2411 2412
2413 2414 2415
2413 2415 2416
2417 2415 2414
2417 2414 2418
2417 2418 2419
2420 2417 2419
2421 2420 2419
2421 2422 2420
2422 2421 2423
2422 2423 2424
2424 2423 2425
2424 2425 2426
2426 2425 2427
2426 2427 2428
2429 2428 2427
2429 2427 2430
2431 2429 2430
2431 2432 2429
2433 2432 2431
2433 2434 2432
2435 2434 2433
2435 2436 2434
2437 2436 2435
2437 2438 2436
2439 2438 2437
2439 2440 2438
2441 2440 2439
2441 2442 2440
2443 2442 2441
2443 2444 2442
2445 2444 2443
2445 2446 2444
2447 2446 2445
2448 2449 2450
2448 2450 2451
2452 2448 2451
2452 2453 2448
2454 2453 2452
2454 2452 2455
2456 2454 2455
2456 2455 2457
2458 2456 2457
2459 2450 2449
2459 2449 2460
2461 2459 2460
2461 2462 2459
2462 2461 2463
2462 2463 2464
2465 2464 2463
2465 2463 2466
2465 2466 2467
2468 2465 2467
2467 2469 2468
2468 2470 2465
2469 2471 2468
2471 2472 2468
2471 2473 2472
2472 2473 2474
2472 2474 2475
2475 2474 2476
2475 2476 2477
2477 2476 2478
2477 2478 2479
2480 2470 2468
2480 2468 2472
2480 2472 2481
2472 2482 2481
2481 2482 2483
2481 2483 2484
2483 2485 2484
2483 2486 2485
2485 2486 2487
2485 2487 2488
2487 2489 2488
2490 2488 2489
2490 2489 2491
2490 2491 2492
2493 2494 2495
2493 2495 2496
2497 2496 2495
2497 2495 2498
2494 2493 2499
2494 2499 2500
2494 2500 2501
2502 2501 2500
2502 2503 2501
2503 2502 2504
2503 2504 2505
2504 2506 2505
2504 2507 2506
2507 2508 2506
2507 2509 2508
2509 2510 2508
2509 2511 2510
2512 2510 2511
2512 2513 2510
2513 2512 2514
2513 2514 2515
2516 2515 2514
2516 2514 2517
2516 2517 2518
2517 2519 2518
2518 2519 2520
2521 2522 2523
2524 2522 2521
2524 2521 2525
2526 2524 2525
2527 2526 2525
2527 2525 2528
2529 2527 2528
2529 2528 2530
2529 2530 2531
2532 2531 2530
2532 2530 2533
2532 2533 2534
2532 2534 2535
2535 2534 2536
2535 2536 2537
2537 2536 2538
2537 2538 2539
2540 2539 2538
2540 2538 2541
2540 2541 2542
2540 2542 2543
2542 2544 2543
2542 2545 2544
2545 2546 2544
2546 2545 2547
2546 2547 2548
2547 2549 2548
2547 2550 2549
2549 2550 2551
2552 2553 2554
2555 2553 2552
2555 2556 2553
2557 2556 2555
2557 2558 2556
2559 2558 2557
2559 2560 2558
2561 2560 2559
2561 2562 2560
2563 2562 2561
2563 2564 2562
2565 2564 2563
2565 2566 2564
2565 2567 2566
2568 2569 2570
2569 2571 2570
2571 2572 2570
2573 2572 2574
2573 2574 2575
2576 2573 2575
2576 2498 2573
2577 2578 2579
2577 2579 2580
2581 2578 2577
2581 2577 2582
2583 2581 2582
2583 2584 2581
2585 2584 2583
2585 2586 2584
2587 2586 2585
2588 2587 2585
2589 2590 2591
2592 2589 2591
2592 2591 2593
2592 2593 2594
2591 2590 2595
2590 2596 2595
2590 2597 2596
2598 2596 2597
2598 2597 2599
2599 2600 2598
2599 2601 2600
2602 2600 2601
2602 2603 2600
2604 2603 2602
2605 2606 2607
2605 2607 2608
2608 2607 2609
2605 2610 2606
2605 2611 2610
2611 2612 2610
2611 2613 2612
2614 2612 2613
2614 2613 2615
2615 2616 2614
2617 2607 2606
2617 2606 2610
2617 2618 2607
2618 2609 2607
2617 2610 2619
2619 2610 2612
2619 2612 2620
2620 2612 2614
2620 2614 2621
2621 2614 2616
2622 2623 2624
2622 2624 2625
2626 2623 2622
2624 2627 2625
2624 2628 2627
2629 2627 2628
2629 2628 2630
2631 2629 2630
2632 2633 2634
2632 2634 2635
2634 2633 2636
2632 2635 2637
2638 2632 2637
2638 2637 2639
2638 2639 2640
2638 2640 2641
2640 2642 2641
2643 2644 2645
2646 2647 2648
2649 2650 2651
2652 2651 2650
2652 2650 2653
2653 2654 2652
2653 2655 2654
2656 2654 2655
2656 2655 2657
2657 2655 2658
2655 2659 2658
2660 2658 2659
2660 2659 2661
2661 2662 2660
2663 2664 2665
2665 2664 2666
2664 2667 2666
2668 2669 2670
2668 2670 2671
2669 2668 2672
2671 2670 2673
2671 2673 2674
2673 2675 2674
2672 2668 2676
2676 2677 2672
2676 2678 2677
2678 2679 2677
2677 2679 2680
2679 2681 2680
2681 2682 2680
2681 2683 2682
2682 2683 2684
2685 2686 2687
2685 2687 2688
2687 2689 2688
2685 2690 2686
2691 2692 2693
2694 2695 2696
2697 2698 2699
2697 2699 2700
2701 2702 2699
2701 2703 2702
2704 2705 2706
2704 2706 2707
2705 2708 2706
2709 2704 2707
2709 2707 2710
2711 2707 2706
2711 2706 2712
2712 2706 2713
2714 2710 2707
2714 2707 2711
2715 2716 2706
2717 2716 2715
2717 2718 2716
2717 2719 2718
2717 2720 2719
2720 2721 2722
2720 2722 2723
2724 2725 2722
2724 2726 2725
2727 2728 2729
2727 2729 2730
2729 2728 2731
2732 2727 2733
2732 2733 2734
2735 2732 2736
2735 2736 2737
2738 2735 2737
2738 2737 2739
2740 2738 2739
2740 2739 2741
2742 2740 2741
2742 2741 2743
2744 2742 2743
2744 2743 2745
2746 2744 2747
2746 2747 2748
2749 2750 2751
2752 2753 2754
2753 2755 2754
2756 2757 2758
2759 2760 2761
2762 2759 2761
2763 2731 2764
2765 2766 2731
2767 2731 2768
2769 2767 2768
2769 2770 2767
2771 2772 2769
2771 2773 2772
2774 2775 2771
2774 2776 2775
2777 2776 2774
2777 2778 2776
2779 2778 2777
2779 2780 2778
2781 2780 2779
2781 2782 2780
2783 2782 2781
2783 2784 2782
2785 2786 2783
2785 2787 2786
2788 2789 2790
2788 2790 2791
2792 2791 2790
2792 2790 2793
2791 2794 2788
2791 2795 2794
2795 2796 2794
2795 2797 2796
2797 2798 2796
2797 2799 2798
2797 2800 2799
2800 2801 2799
2800 2802 2801
2800 2803 2802
2803 2804 2802
2803 2805 2804
2803 2806 2805
2806 2807 2805
2808 2807 2806
2808 2809 2807
2810 2809 2808
2810 2811 2809
2810 2812 2811
2813 2811 2812
2813 2814 2811
2815 2816 2817
2815 2817 2818
2817 2819 2818
2817 2820 2819
2820 2821 2819
2820 2822 2821
2822 2823 2821
2822 2824 2823
2824 2825 2823
2824 2826 2825
2827 2828 2829
2827 2829 2830
2831 2832 2829
2831 2833 2832
2833 2834 2832
2833 2835 2834
2835 2836 2834
2835 2837 2836
2837 2838 2836
2837 2839 2838
2840 2838 2839
2840 2839 2841
2841 2842 2840
2841 2843 2842
2844 2845 2846
2844 2846 2847
2848 2849 2850
2849 2848 2851
2849 2851 2852
2853 2849 2852
2853 2854 2849
2855 2854 2853
2855 2856 2854
2857 2854 2856
2857 2858 2854
2857 2856 2859
2860 2856 2855
2848 2861 2851
2854 2858 2862
2854 2862 2849
2850 2863 2862
2864 2848 2850
2864 2865 2848
2848 2865 2861
2866 2865 2864
2866 2864 2867
2868 2869 2870
2868 2870 2871
2869 2868 2872
2869 2872 2873
2874 2873 2872
2874 2875 2873
2870 2876 2871
2877 2871 2876
2877 2876 2878
2870 2879 2876
2879 2880 2876
2876 2880 2878
2881 2878 2880
2882 2883 2874
2883 2884 2874
2884 2883 2885
2886 2887 2874
2888 2889 2890
2888 2891 2889
2892 2890 2889
2892 2893 2890
2892 2894 2893
2895 2894 2892
2896 2894 2895
2896 2895 2897
2898 2896 2897
2898 2897 2899
2900 2898 2899
2900 2899 2901
2902 2900 2901
2902 2901 2903
2904 2902 2903
2904 2905 2902
2906 2905 2904
2906 2904 2907
2908 2906 2907
2908 2907 2909
2910 2908 2909
2910 2909 2911
2911 2912 2910
2911 2913 2912
2914 2912 2913
2914 2913 2915
2916 2914 2915
2916 2915 2917
2918 2916 2917
2918 2917 2919
2920 2918 2919
2920 2919 2921
2922 2920 2921
2923 2924 2925
2923 2925 2926
2927 2926 2925
2927 2925 2928
2929 2927 2928
2929 2930 2927
2931 2930 2929
2931 2932 2930
2933 2932 2931
2934 2924 2923
2934 2935 2924
2934 2936 2935
2934 2937 2936
2938 2936 2937
2938 2937 2939
2940 2938 2939
2940 2941 2938
2940 2942 2941
2943 2942 2940
2942 2943 2944
2943 2940 2945
2946 2943 2945
2946 2947 2943
2948 2943 2947
2944 2943 2948
2946 2949 2947
2947 2949 2950
2951 2950 2949
2951 2949 2952
2951 2952 2953
2951 2953 2954
2953 2955 2954
2953 2956 2955
2955 2956 2957
2957 2956 2958
2957 2958 2959
2958 2960 2959
2948 2947 2961
2947 2962 2961
2947 2963 2962
2964 2962 2963
2964 2963 2965
2965 2966 2964
2965 2967 2966
2968 2969 2970
2968 2971 2969
2972 2969 2971
2972 2973 2969
2970 2974 2968
2970 2975 2974
2970 2976 2975
2977 2975 2976
2977 2976 2978
2978 2979 2977
2978 2980 2979
2979 2980 2981
2979 2981 2982
2982 2981 2983
2982 2983 2984
2985 2984 2983
2985 2986 2984
2985 2987 2986
2985 2988 2987
2989 2987 2988
2989 2988 2990
2991 2989 2990
2991 2992 2989
2991 2993 2992
2992 2993 2994
2993 2995 2994
2996 2997 2998
2999 2996 2998
2999 3000 2996
3001 3000 2999
3002 3000 3001
3002 3003 3000
3004 3003 3002
3004 3005 3003
3004 3006 3005
3007 3005 3006
3007 3008 3005
3009 3008 3007
3009 3007 3010
3011 3009 3010
3011 3010 3012
3012 3013 3011
3012 3014 3013
3015 3013 3014
3015 3016 3013
3017 3016 3015
3017 3015 3018
3017 3018 3019
3017 3019 3020
3020 3019 3021
3022 3020 3021
3022 3021 3023
3022 3023 3024
3022 3024 3025
3024 3026 3025
3027 3028 3029
3027 3029 3030
3030 3031 3027
3030 3032 3031
3033 3031 3032
3033 3032 3034
3035 3033 3034
3035 3034 3036
3037 3035 3036
3037 3036 3038
3039 3037 3038
3039 3038 3040
3039 3040 3041
3028 3042 3029
3043 3044 3045
3045 3044 3046
3046 3044 3047
3048 3049 3047
3048 3050 3049
3048 3051 3050
3048 2973 3051
3052 3053 3054
3052 3054 3055
3056 3052 3055
3056 3057 3052
3056 3058 3057
3056 3059 3058
3059 3060 3058
3059 3061 3060
3062 3060 3061
3063 3060 3062
3064 3065 3066
3067 3065 3064
3067 3068 3065
3067 3069 3068
3065 3070 3066
3066 3070 3071
3066 3071 3072
3072 3071 3073
3072 3073 3074
3074 3073 3075
3074 3075 3076
3077 3076 3075
3077 3075 3078
3079 3077 3078
3080 3081 3082
3080 3082 3083
3084 3082 3081
3080 3083 3085
3080 3085 3086
3087 3086 3085
3087 3088 3086
3089 3088 3087
3090 3091 3092
3090 3092 3093
3092 3094 3093
3090 3095 3091
3096 3095 3090
3096 3097 3095
3096 3098 3097
3096 3099 3098
3098 3099 3100
3101 3102 3103
3104 3105 3106
3107 3108 3109
3109 3108 3110
3109 3110 3111
3111 3110 3112
3111 3112 3113
3114 3113 3112
3114 3115 3113
3115 3116 3113
3113 3116 3117
3117 3116 3118
3117 3118 3119
3119 3118 3120
3121 3122 3123
3122 3124 3123
3124 3125 3123
3126 3127 3128
3126 3128 3129
3129 3130 3126
3127 3131 3128
3127 3132 3131
3131 3132 3133
3126 3130 3134
3134 3130 3135
3134 3135 3136
3136 3135 3137
3135 3138 3137
3137 3138 3139
3139 3138 3140
3139 3140 3141
3140 3142 3141
3143 3144 3145
3143 3145 3146
3145 3144 3147
3143 3146 3148
3149 3150 3151
3152 3153 3154
3155 3156 3157
3155 3157 3158
3159 3157 3160
3159 3160 3161
3162 3163 3164
3165 3166 3167
3165 3167 3168
3169 3167 3170
3169 3170 3171
3172 3173 3165
3172 3174 3173
3172 3175 3174
3172 3176 3175
3176 2706 3175
3177 3178 3179
3179 3178 3180
3181 3182 3183
3184 3185 3186
3187 3185 3184
3188 3189 3190
3191 3192 3193
3194 3195 3196
3197 3198 3199
3200 3201 3202
3203 3204 3205
3206 3207 3208
3209 3210 3211
3212 3213 3214
3212 3214 3215
3216 3214 3213
3216 3213 3217
3216 3217 3218
3219 3220 3221
3219 3221 3222
3222 3221 3223
3222 3223 3224
3224 3223 3225
3219 3226 3220
3227 3225 3223
3227 3228 3225
3229 3228 3227
3230 3231 3232
3230 3232 3233
3234 3230 3233
3234 3233 3235
3235 3236 3234
3235 3237 3236
3231 3238 3232
3231 3239 3238
3238 3239 3240
3238 3240 3241
3242 3243 3244
3242 3244 3245
3246 3247 3248
3246 3248 3249
3246 3250 3247
3246 3251 3250
3252 3249 3248
3252 3248 3253
3252 3253 3254
3255 3256 3257
3255 3257 3258
3258 3257 3259
3258 3259 3260
3259 3261 3260
3262 3263 3264
3262 3264 3265
3265 3266 3262
3265 3267 3266
3267 3268 3266
3264 3263 3269
3268 3270 3266
3271 3270 3268
3272 3270 3271
3273 3274 3275
3273 3275 3276
3277 3274 3273
3277 3278 3274
3279 3278 3277
3279 3280 3278
3276 3275 3281
3276 3281 3282
3281 3283 3282
3281 3284 3283
3285 3286 3287
3285 3287 3288
3289 3290 3291
3289 3291 3292
3293 3290 3289
3293 3289 3294
3295 3293 3294
3295 3296 3293
3295 3297 3296
3298 3299 3300
3298 3300 3301
3301 3300 3302
3301 3302 3303
3302 3304 3303
3305 3306 3307
3305 3307 3308
3308 3309 3305
3308 3310 3309
3310 3311 3309
3307 3306 3312
3311 3313 3309
3314 3313 3311
3315 3313 3314
3316 3317 3318
3316 3318 3319
3320 3317 3316
3320 3321 3317
3322 3321 3320
3322 3323 3321
3319 3318 3324
3319 3324 3325
3324 3326 3325
3324 3327 3326
3328 3329 3330
3328 3330 3331
3332 3333 3334
3332 3334 3335
3336 3333 3332
3336 3332 3337
3338 3336 3337
3338 3339 3336
3338 3340 3339
3341 3342 3343
3341 3343 3344
3345 3343 3342
3345 3342 3346
3345 3346 3347
3348 3349 3350
3348 3350 3351
3351 3350 3352
3351 3352 3353
3353 3352 3354
3348 3355 3349
3356 3354 3352
3356 3357 3354
3358 3357 3356
3359 3360 3361
3359 3361 3362
3363 3359 3362
3363 3362 3364
3364 3365 3363
3364 3366 3365
3360 3367 3361
3360 3368 3367
3367 3368 3369
3367 3369 3370
3371 3372 3373
3371 3373 3374
3375 3376 3377
3375 3377 3378
3375 3379 3376
3375 3380 3379
3381 3378 3377
3381 3377 3382
3381 3382 3383
3384 3385 3386
3386 3385 3387
3384 3388 3389
3388 3390 3389
3391 3392 3389
3392 3393 3389
3391 3385 3394
3394 3385 3395
3396 3397 3398
3398 3397 3399
3399 3397 3400
3400 3397 3401
3400 3401 3402
3402 3401 3403
3402 3403 3404
3404 3403 3405
3404 3405 3406
3406 3405 3407
3406 3407 3408
3407 3405 3409
3407 3409 3410
3411 3410 3409
3411 3409 3412
3411 3412 3413
3414 3413 3412
3415 3414 3412
3416 3414 3415
3415 3412 3417
3417 3412 3418
3413 3414 3419
3413 3419 3420
3419 3414 3421
3421 3414 3422
3423 3424 3425
3424 3426 3425
3426 3427 3425
3427 3428 3425
3427 3429 3428
3429 3430 3428
3429 3431 3430
3431 3432 3430
3431 3433 3432
3433 3434 3432
3433 3435 3434
3434 3436 3432
3434 3437 3436
3438 3436 3437
3438 3439 3436
3438 3440 3439
3441 3439 3440
3442 3439 3441
3443 3442 3441
3442 3444 3439
3444 3445 3439
3446 3441 3440
3446 3440 3447
3446 3448 3441
3448 3449 3441
3450 3451 3452
3451 3453 3452
3453 3454 3452
3454 3455 3452
3454 3456 3455
3456 3457 3455
3456 3458 3457
3458 3459 3457
3458 3460 3459
3460 3461 3459
3460 3462 3461
3461 3463 3459
3461 3464 3463
3465 3463 3464
3465 3466 3463
3465 3467 3466
3468 3466 3467
3469 3466 3468
3470 3469 3468
3469 3471 3466
3471 3472 3466
3473 3468 3467
3473 3467 3474
3473 3475 3468
3475 3476 3468
3477 3478 3479
3479 3478 3480
3480 3478 3481
3481 3478 3482
3481 3482 3483
3483 3482 3484
3483 3484 3485
3485 3484 3486
3485 3486 3487
3487 3486 3488
3487 3488 3489
3488 3486 3490
3488 3490 3491
3492 3491 3490
3492 3490 3493
3492 3493 3494
3495 3494 3493
3496 3495 3493
3497 3495 3496
3496 3493 3498
3498 3493 3499
3494 3495 3500
3494 3500 3501
3500 3495 3502
3502 3495 3503
