byte offset: 0
first index: 0
index count: 8712
topology: trianglelist
format: DXGI_FORMAT_R16_UINT

0 1 2
0 2 3
3 2 4
3 4 5
5 4 6
5 6 7
7 6 8
7 8 9
10 9 8
10 8 11
0 12 1
0 13 12
1 12 14
1 14 15
1 15 16
1 16 17
17 16 18
17 18 19
19 18 20
19 20 21
21 20 22
21 22 8
23 8 22
23 22 24
10 11 25
23 24 26
23 26 27
26 24 28
29 26 28
29 30 26
29 31 30
31 32 30
32 31 33
31 34 33
34 35 33
34 36 35
33 35 37
33 37 32
38 27 26
38 26 30
32 39 30
30 39 38
39 32 40
39 40 41
32 42 40
32 43 42
40 42 44
40 44 41
10 25 45
46 45 25
46 25 47
48 47 25
48 25 49
25 11 49
48 50 47
50 51 47
51 50 52
50 53 52
53 54 52
53 55 54
52 54 56
52 56 51
51 57 47
47 57 46
57 51 58
57 58 59
51 60 58
51 61 60
58 60 62
58 62 59
63 64 65
63 65 66
64 67 65
64 68 67
68 69 67
68 70 69
70 71 69
70 72 71
73 71 72
73 74 71
69 71 75
74 75 71
69 75 76
77 69 76
77 76 78
79 77 78
66 79 80
79 78 80
66 80 81
74 82 75
73 83 74
74 84 82
74 85 84
84 86 82
73 87 83
83 88 74
89 86 84
89 84 90
89 90 91
91 90 92
92 93 91
91 93 94
94 93 95
94 95 96
93 92 97
93 97 95
83 98 88
99 90 84
99 84 85
92 90 100
90 99 100
100 101 92
100 102 101
92 101 103
92 103 104
101 102 105
101 105 103
106 98 107
108 98 106
107 109 106
106 109 110
110 109 111
110 111 112
109 107 113
109 113 111
107 98 114
114 115 107
114 116 115
107 115 117
107 117 118
115 116 119
115 119 117
98 120 114
120 98 83
120 83 87
120 87 121
73 121 87
73 122 121
73 123 122
73 72 123
70 123 72
70 124 123
68 124 70
68 125 124
64 125 68
64 126 125
63 126 64
63 127 126
124 128 123
122 123 128
124 129 128
130 128 129
131 130 129
131 129 132
133 131 132
133 132 134
135 133 134
135 134 136
127 136 134
130 137 128
138 137 130
139 138 130
139 130 140
141 139 140
141 140 142
143 141 142
143 142 135
138 144 137
145 137 144
145 146 137
146 128 137
146 147 128
143 135 148
143 148 149
135 136 150
135 150 148
145 151 146
146 152 147
146 153 152
152 154 147
145 155 151
151 156 146
157 154 152
157 152 158
157 158 159
159 158 160
160 161 159
159 161 162
162 161 163
162 163 164
161 160 165
161 165 163
166 156 151
166 151 167
168 158 152
168 152 153
166 167 169
169 167 170
160 158 171
158 168 171
170 172 169
169 172 173
171 174 160
171 175 174
173 172 176
173 176 177
172 170 178
172 178 176
160 174 179
160 179 180
174 175 181
174 181 179
170 167 182
167 183 182
183 167 151
183 151 155
182 184 185
182 185 170
170 185 186
170 186 187
185 184 188
185 188 186
63 66 189
63 189 190
66 191 189
66 81 191
63 190 192
63 192 127
127 192 150
127 150 136
127 134 193
193 134 132
193 132 194
194 132 129
194 129 124
122 128 147
122 147 195
122 195 196
195 147 154
157 195 154
157 197 195
157 198 197
198 199 197
199 198 200
198 201 200
201 202 200
201 203 202
200 202 204
200 204 199
205 196 195
205 195 197
199 206 197
197 206 205
206 199 207
206 207 208
199 209 207
199 210 209
207 209 211
207 211 208
121 122 212
213 121 212
213 214 121
213 215 214
215 216 214
216 215 217
215 218 217
218 219 217
218 220 219
217 219 221
217 221 216
120 121 214
216 222 214
214 222 120
222 216 223
222 223 224
216 225 223
216 226 225
223 225 227
223 227 224
88 98 108
228 229 230
228 230 231
232 229 228
232 233 229
234 233 232
234 235 233
236 235 234
236 237 235
238 237 236
238 239 237
232 228 240
241 234 232
241 232 242
232 240 242
243 236 234
243 234 241
244 238 236
244 236 243
245 238 244
245 246 238
246 239 238
247 246 245
247 248 246
248 249 246
246 249 239
249 250 239
250 237 239
250 251 237
251 235 237
251 252 235
252 233 235
252 253 233
253 229 233
253 254 229
254 230 229
254 255 230
256 248 247
256 247 257
258 259 260
258 261 259
262 258 260
263 264 265
265 266 263
265 267 266
266 268 263
266 269 268
269 270 268
269 271 270
271 272 270
271 273 272
273 274 272
273 275 274
275 276 274
275 277 276
277 278 276
277 279 278
279 280 278
279 281 280
282 283 284
282 284 285
286 283 282
286 287 283
288 287 286
288 289 287
290 289 288
290 291 289
292 293 294
292 294 295
296 293 292
296 292 297
298 296 297
298 297 299
300 298 299
300 301 298
302 303 304
302 304 305
303 306 304
303 307 306
307 308 306
307 309 308
309 310 308
309 311 310
311 312 310
311 313 312
313 314 312
313 315 314
315 316 314
315 317 316
317 318 316
317 319 318
320 315 313
321 315 320
322 321 320
323 321 322
323 322 324
325 323 324
325 324 326
327 325 326
327 326 328
329 327 328
329 328 330
331 329 330
331 330 332
333 334 335
334 336 335
333 335 337
338 337 335
336 338 335
336 339 338
334 340 336
334 341 340
342 341 334
333 342 334
341 343 340
343 344 340
343 345 344
344 345 346
345 347 346
344 346 348
340 344 348
340 348 349
336 349 339
336 340 349
348 346 350
346 351 350
348 350 352
349 348 352
349 352 353
339 349 353
353 352 354
346 355 351
347 355 346
347 356 355
355 357 351
355 356 357
356 358 357
352 350 359
350 360 359
350 351 360
351 361 360
351 357 361
357 362 361
357 358 362
358 363 362
352 359 364
352 364 354
360 361 365
361 366 365
361 362 366
362 367 366
362 363 367
363 368 367
365 366 369
360 365 370
370 365 369
360 370 371
364 359 371
360 371 359
356 372 358
372 373 358
358 373 363
373 374 363
363 374 368
374 375 368
372 376 373
376 377 373
373 377 374
377 378 374
374 378 375
378 379 375
376 380 377
380 381 377
366 367 382
367 383 382
368 384 383
375 385 384
375 379 385
379 386 385
384 385 387
383 384 387
383 387 388
382 383 388
388 387 389
387 390 389
387 391 390
385 391 387
385 392 391
385 386 392
386 393 392
386 394 393
394 395 393
394 396 395
396 397 395
395 397 398
397 399 398
395 398 400
393 395 400
400 398 401
398 402 401
398 399 402
399 403 402
399 404 403
405 404 399
397 405 399
404 406 403
407 405 397
396 407 397
400 401 408
407 409 405
409 410 405
411 410 409
400 408 412
413 410 411
410 413 414
410 414 415
405 415 404
410 415 405
415 416 404
415 414 416
404 416 406
414 417 416
416 418 406
416 417 418
417 419 418
419 420 418
419 421 420
420 421 422
420 422 423
423 422 424
425 419 417
414 425 417
414 413 425
426 423 424
427 423 426
420 427 418
427 420 423
426 424 428
429 426 428
430 426 429
430 427 426
406 427 430
406 418 427
429 428 431
432 430 429
403 430 432
403 406 430
403 432 433
432 429 434
434 429 431
433 432 434
402 403 433
401 402 433
401 433 435
436 401 435
339 437 438
339 353 437
339 438 338
438 439 338
439 440 338
437 353 354
338 440 337
441 442 443
444 441 443
444 443 445
446 444 445
446 445 378
377 446 378
378 445 379
445 447 379
445 443 447
443 448 447
447 448 394
448 396 394
448 449 396
449 450 396
442 449 451
450 407 396
447 394 386
379 447 386
443 452 448
450 409 453
393 400 454
392 393 454
392 454 455
391 392 455
391 455 390
455 456 390
455 457 456
455 458 457
454 400 412
382 388 459
366 382 460
382 461 460
366 460 369
462 372 356
347 462 356
367 368 383
368 375 384
463 464 465
463 465 466
467 464 463
467 468 464
469 468 467
469 470 468
471 470 469
471 472 470
473 474 475
473 475 476
477 473 476
477 476 478
479 477 478
479 478 480
481 479 480
481 480 482
483 484 485
483 485 486
487 483 486
487 486 488
489 487 488
489 488 490
489 491 487
487 491 492
487 492 493
487 493 483
493 484 483
493 492 494
492 491 495
492 495 494
494 495 496
494 496 497
498 494 497
493 494 498
497 496 499
497 499 500
498 497 501
501 502 498
498 503 493
493 503 484
498 504 503
498 502 504
501 505 502
500 506 497
506 500 507
507 500 508
506 507 509
506 509 510
506 510 497
511 510 509
511 512 510
505 512 511
512 505 501
510 512 497
497 512 501
500 513 508
500 514 513
511 509 515
511 515 516
505 511 516
517 515 509
517 509 507
517 507 518
507 519 518
518 520 517
517 520 515
515 520 516
520 518 521
520 521 522
523 520 522
524 520 523
523 522 525
526 523 525
527 523 526
527 524 523
528 527 526
526 525 529
528 526 529
530 528 529
530 531 528
528 531 532
528 532 533
528 533 527
533 532 485
533 485 484
527 533 484
530 534 531
527 484 503
524 527 503
524 503 504
524 504 502
535 524 502
524 535 520
535 502 505
516 535 505
520 535 516
530 529 536
530 536 537
529 538 536
529 525 538
525 539 538
525 522 539
522 540 539
522 541 540
541 518 540
518 542 540
518 519 542
530 537 543
534 530 543
544 534 543
544 545 534
544 546 545
547 545 546
547 490 545
547 548 490
490 548 489
489 548 549
489 549 550
489 550 491
491 550 551
491 551 495
495 551 552
495 552 496
496 552 514
496 514 553
553 514 500
554 547 546
554 555 547
555 549 548
555 548 547
556 555 554
556 557 555
557 549 555
556 558 557
558 549 557
556 559 558
559 560 558
559 561 560
560 562 558
558 562 549
563 562 560
561 563 560
564 562 563
565 563 561
566 564 563
566 567 564
566 563 568
568 563 565
565 561 569
570 565 569
571 570 569
571 569 572
572 569 573
571 572 574
569 575 573
561 575 569
576 575 561
576 577 575
575 577 573
556 577 576
556 578 577
556 579 578
556 554 579
578 579 537
577 578 537
577 537 573
554 544 579
554 546 544
579 543 537
579 544 543
580 581 582
580 582 583
584 585 586
584 587 585
588 589 590
588 590 591
591 590 592
591 592 593
593 592 594
593 594 595
595 594 596
595 596 597
598 590 589
598 589 599
598 599 600
598 600 601
602 598 601
602 592 590
602 590 598
602 601 603
604 602 603
604 605 602
605 594 592
605 592 602
606 605 604
606 607 605
607 596 594
607 594 605
601 600 608
603 601 609
604 603 609
606 604 610
610 604 611
604 609 611
609 612 611
613 612 609
614 613 609
613 615 612
614 609 616
601 608 616
609 601 616
612 615 617
606 610 618
610 619 618
606 620 607
606 621 620
621 622 620
621 623 622
622 623 624
622 624 625
625 624 626
625 626 627
624 628 626
623 629 624
621 629 623
625 627 630
625 630 631
622 625 631
632 631 630
632 633 631
633 634 631
622 631 634
620 622 634
633 635 634
635 636 634
635 637 636
637 596 636
637 597 596
620 634 636
607 620 636
607 636 596
633 632 638
633 638 639
633 639 640
633 640 635
635 640 641
635 641 637
637 641 642
637 642 597
595 597 642
595 642 643
593 595 643
593 643 644
591 593 644
591 644 645
591 645 646
591 646 588
647 646 645
647 645 648
645 644 649
645 649 648
650 648 649
650 649 651
651 649 652
644 643 652
644 652 649
651 652 653
653 652 654
643 654 652
653 654 655
643 642 654
656 651 653
656 653 657
657 653 655
657 655 658
659 655 654
659 654 660
661 659 660
661 660 662
663 661 662
663 662 664
665 663 664
665 664 666
666 664 639
639 664 662
666 639 638
639 662 640
640 662 660
667 661 663
668 667 663
668 663 669
667 670 661
670 659 661
670 671 659
671 655 659
671 658 655
668 672 667
667 673 670
670 673 671
667 672 673
671 673 674
671 674 658
658 674 657
657 674 675
657 675 656
656 675 676
676 677 656
676 650 677
678 650 676
678 679 650
679 680 650
679 647 680
676 675 681
676 681 678
606 682 621
682 683 621
606 618 682
682 618 619
621 683 629
629 683 684
685 629 684
686 629 685
685 684 687
686 688 629
684 689 687
629 688 624
624 688 628
641 660 654
641 654 642
640 660 641
690 691 692
690 692 693
694 695 696
694 696 697
697 696 698
697 698 699
699 698 700
699 700 701
701 700 702
701 702 703
703 702 704
703 704 705
705 704 706
705 706 707
707 706 708
707 708 709
709 708 710
709 710 711
711 710 712
711 712 713
714 715 716
714 716 717
718 715 714
718 719 715
720 719 718
720 721 719
717 716 722
717 722 723
724 721 720
724 725 721
724 726 725
724 727 726
728 726 727
729 730 731
732 730 729
733 730 732
733 732 734
733 734 735
734 736 735
735 736 737
737 736 738
736 739 738
736 740 739
740 741 739
740 742 741
731 730 743
743 744 731
743 745 744
743 746 745
747 745 746
747 748 745
747 749 748
747 750 749
751 750 747
752 751 747
752 753 751
754 753 752
754 755 753
755 754 756
755 756 757
758 757 756
759 744 760
761 762 763
761 763 764
762 765 763
762 766 765
766 767 765
766 768 767
768 769 767
768 770 769
770 771 769
770 772 771
772 773 771
772 774 773
774 775 773
774 776 775
776 777 775
776 778 777
778 779 777
778 780 779
781 782 783
781 783 784
785 781 784
785 784 786
787 785 786
787 786 788
782 789 783
782 790 789
791 787 788
791 788 792
791 792 793
791 793 794
795 794 793
796 797 798
799 796 798
800 799 798
800 801 799
800 802 801
801 802 803
802 804 803
804 805 803
803 805 806
803 806 807
807 806 808
807 808 809
797 810 798
810 797 811
810 811 812
810 812 813
814 813 812
814 812 815
815 816 814
814 816 817
814 817 818
819 814 818
819 818 820
821 819 820
821 820 822
822 823 821
822 824 823
825 823 824
826 827 811
828 829 830
828 830 831
829 832 830
829 833 832
833 834 832
833 835 834
835 836 834
835 837 836
837 838 836
837 839 838
839 840 838
839 841 840
841 842 840
841 843 842
843 844 842
843 845 844
845 846 844
845 847 846
848 849 850
848 850 851
852 848 851
852 851 853
854 852 853
854 853 855
849 856 850
849 857 856
858 854 855
858 855 859
858 859 860
858 860 861
862 861 860
863 864 865
866 863 865
867 866 865
867 868 866
867 869 868
868 869 870
869 871 870
871 872 870
870 872 873
870 873 874
874 873 875
874 875 876
864 877 865
877 864 878
877 878 879
877 879 880
881 880 879
881 879 882
881 882 883
881 883 884
885 881 884
886 881 885
886 885 887
888 886 887
888 887 889
889 890 888
889 891 890
892 890 891
893 894 878
895 896 897
895 897 898
898 897 899
898 899 900
900 899 901
900 901 902
902 901 903
902 903 904
904 903 905
904 905 906
906 905 907
906 907 908
908 907 909
908 909 910
910 909 911
910 911 912
912 911 913
912 913 914
915 916 917
915 917 918
919 916 915
919 920 916
921 920 919
921 922 920
918 917 923
918 923 924
925 922 921
925 926 922
925 927 926
925 928 927
929 927 928
930 931 932
933 931 930
934 931 933
934 933 935
934 935 936
935 937 936
936 937 938
938 937 939
937 940 939
937 941 940
941 942 940
941 943 942
932 931 944
944 945 932
944 946 945
944 947 946
948 946 947
948 949 946
949 948 950
948 951 950
948 952 951
953 952 948
953 954 952
955 954 953
955 956 954
956 955 957
956 957 958
959 958 957
960 945 961
962 963 964
962 964 965
963 966 964
963 967 966
967 968 966
967 969 968
969 970 968
969 971 970
971 972 970
971 973 972
973 974 972
973 975 974
975 976 974
975 977 976
977 978 976
977 979 978
979 980 978
979 981 980
982 983 984
982 984 985
986 982 985
986 985 987
988 986 987
988 987 989
983 990 984
983 991 990
992 988 989
992 989 993
992 993 994
992 994 995
996 995 994
997 998 999
1000 997 999
1001 1000 999
1001 1002 1000
1001 1003 1002
1002 1003 1004
1003 1005 1004
1005 1006 1004
1004 1006 1007
1004 1007 1008
1008 1007 1009
1008 1009 1010
998 1011 999
1011 998 1012
1011 1012 1013
1011 1013 1014
1015 1014 1013
1015 1013 1016
1015 1016 1017
1015 1017 1018
1019 1015 1018
1020 1015 1019
1020 1019 1021
1022 1020 1021
1022 1021 1023
1023 1024 1022
1023 1025 1024
1026 1024 1025
998 1027 1012
1028 1029 1030
1028 1030 1031
1031 1030 1032
1031 1032 1033
1033 1032 1034
1033 1034 1035
1035 1034 1036
1035 1036 1037
1037 1036 1038
1037 1038 1039
1039 1038 1040
1039 1040 1041
1041 1040 1042
1041 1042 1043
1043 1042 1044
1043 1044 1045
1045 1044 1046
1045 1046 1047
1048 1049 1050
1048 1050 1051
1052 1049 1048
1052 1053 1049
1054 1053 1052
1054 1055 1053
1051 1050 1056
1051 1056 1057
1058 1055 1054
1058 1059 1055
1058 1060 1059
1058 1061 1060
1062 1060 1061
1056 1063 1057
1064 1063 1056
1056 1065 1064
1066 1065 1056
1067 1065 1066
1068 1065 1067
1068 1067 1069
1068 1069 1070
1069 1071 1070
1070 1071 1072
1072 1071 1073
1071 1074 1073
1071 1075 1074
1075 1076 1074
1075 1077 1076
1064 1078 1063
1064 1079 1078
1080 1078 1079
1080 1081 1078
1081 1080 1082
1080 1083 1082
1080 1084 1083
1085 1084 1080
1085 1086 1084
1087 1086 1085
1087 1088 1086
1088 1087 1089
1088 1089 1090
1091 1090 1089
1092 1093 1094
1092 1094 1095
1095 1094 1096
1095 1096 1097
1097 1096 1098
1097 1098 1099
1099 1098 1100
1099 1100 1101
1101 1100 1102
1101 1102 1103
1103 1102 1104
1103 1104 1105
1105 1104 1106
1105 1106 1107
1107 1106 1108
1107 1108 1109
1109 1108 1110
1109 1110 1111
1112 1113 1114
1112 1114 1115
1116 1113 1112
1116 1117 1113
1118 1117 1116
1118 1119 1117
1115 1114 1120
1115 1120 1121
1122 1119 1118
1122 1123 1119
1122 1124 1123
1122 1125 1124
1126 1124 1125
1127 1128 1129
1130 1128 1127
1131 1128 1130
1131 1130 1132
1131 1132 1133
1132 1134 1133
1133 1134 1135
1135 1134 1136
1134 1137 1136
1134 1138 1137
1138 1139 1137
1138 1140 1139
1129 1128 1141
1141 1142 1129
1141 1143 1142
1141 1144 1143
1145 1143 1144
1145 1146 1143
1145 1147 1146
1145 1148 1147
1149 1148 1145
1150 1149 1145
1150 1151 1149
1152 1151 1150
1152 1153 1151
1153 1152 1154
1153 1154 1155
1156 1155 1154
1129 1142 1157
1158 1159 1160
1158 1160 1161
1159 1162 1160
1159 1163 1162
1163 1164 1162
1163 1165 1164
1165 1166 1164
1165 1167 1166
1167 1168 1166
1167 1169 1168
1169 1170 1168
1169 1171 1170
1171 1172 1170
1171 1173 1172
1173 1174 1172
1173 1175 1174
1175 1176 1174
1175 1177 1176
1178 1179 1180
1178 1180 1181
1182 1178 1181
1182 1181 1183
1184 1182 1183
1184 1183 1185
1179 1186 1180
1179 1187 1186
1188 1184 1185
1188 1185 1189
1188 1189 1190
1188 1190 1191
1192 1191 1190
1186 1187 1193
1194 1186 1193
1186 1194 1195
1196 1186 1195
1197 1196 1195
1198 1197 1195
1198 1199 1197
1198 1200 1199
1199 1200 1201
1200 1202 1201
1202 1203 1201
1201 1203 1204
1201 1204 1205
1205 1204 1206
1205 1206 1207
1194 1193 1208
1194 1208 1209
1210 1209 1208
1210 1208 1211
1211 1212 1210
1210 1212 1213
1210 1213 1214
1215 1210 1214
1215 1214 1216
1217 1215 1216
1217 1216 1218
1218 1219 1217
1218 1220 1219
1221 1219 1220
1222 1223 1224
1225 1226 1227
1228 1229 1230
1231 1232 1233
1234 1235 1236
1237 1238 1239
1240 1241 1242
1243 1244 1245
1246 1247 1248
1247 1246 1249
1248 1247 1250
1250 1247 1251
1250 1251 1252
1252 1251 1253
1252 1253 1254
1254 1253 1255
1254 1255 1256
1256 1255 1257
1256 1257 1258
1258 1257 1259
1258 1259 1260
1260 1259 1261
1260 1261 1262
1263 1262 1261
1263 1264 1262
1265 1264 1263
1265 1266 1264
1265 1267 1266
1252 1254 1268
1254 1256 1269
1256 1258 1270
1256 1270 1269
1258 1260 1271
1258 1271 1270
1260 1262 1272
1262 1264 1272
1260 1272 1271
1264 1266 1273
1264 1273 1272
1274 1266 1267
1274 1275 1266
1266 1275 1273
1276 1275 1274
1276 1277 1275
1278 1277 1276
1278 1279 1277
1275 1277 1280
1277 1279 1280
1275 1280 1273
1281 1279 1278
1282 1279 1281
1280 1279 1282
1269 1270 1283
1270 1271 1284
1271 1272 1285
1272 1273 1286
1272 1286 1285
1273 1280 1287
1273 1287 1286
1280 1282 1287
1288 1282 1281
1271 1285 1289
1271 1289 1284
1270 1284 1290
1270 1290 1283
1269 1283 1291
1254 1269 1291
1268 1254 1291
1268 1291 1292
1293 1268 1292
1293 1292 1294
1293 1294 1295
1296 1293 1295
1296 1295 1297
1298 1296 1297
1299 1298 1297
1292 1300 1294
1292 1301 1300
1301 1302 1300
1301 1303 1302
1303 1304 1302
1303 1305 1304
1305 1306 1304
1305 1307 1306
1299 1308 1298
1309 1306 1307
1309 1307 1310
1311 1309 1310
1311 1310 1312
1311 1312 1313
1308 1314 1298
1298 1314 1315
1298 1315 1316
1248 1316 1315
1303 1317 1305
1305 1318 1307
1307 1318 1310
1305 1317 1318
1310 1319 1312
1310 1318 1319
1320 1313 1312
1320 1312 1321
1312 1319 1321
1322 1320 1321
1322 1321 1323
1324 1322 1323
1324 1323 1325
1321 1326 1323
1323 1326 1325
1321 1319 1326
1327 1324 1325
1317 1328 1318
1318 1329 1319
1318 1328 1329
1319 1329 1330
1319 1330 1326
1326 1330 1331
1326 1331 1325
1327 1325 1331
1332 1327 1331
1317 1333 1328
1317 1334 1333
1335 1334 1317
1335 1336 1334
1303 1335 1317
1301 1335 1303
1301 1337 1335
1292 1337 1301
1292 1291 1337
1337 1338 1335
1337 1291 1338
1335 1338 1336
1339 1340 1341
1340 1342 1341
1342 1343 1341
1340 1344 1342
1342 1344 1345
1342 1345 1346
1343 1342 1346
1249 1343 1346
1346 1345 1347
1346 1347 1247
1346 1247 1249
1340 1348 1344
1349 1350 1348
1349 1348 1351
1246 1248 1352
1353 1352 1248
1315 1353 1248
1354 1353 1315
1353 1355 1352
1354 1315 1356
1357 1354 1356
1357 1358 1354
1357 1359 1358
1360 1359 1357
1361 1360 1357
1356 1361 1357
1362 1360 1361
1362 1361 1363
1362 1363 1364
1363 1361 1365
1365 1361 1356
1366 1365 1356
1366 1356 1315
1314 1366 1315
1363 1365 1367
1363 1367 1368
1362 1369 1360
1360 1369 1359
1364 1363 1370
1363 1368 1370
1364 1370 1371
1370 1368 1371
1248 1250 1372
1250 1252 1372
1372 1252 1268
1372 1268 1293
1296 1372 1293
1298 1372 1296
1298 1316 1372
1316 1248 1372
1373 1374 1375
1375 1374 1376
1374 1377 1376
1378 1376 1377
1378 1379 1376
1379 1378 1297
1378 1299 1297
1380 1381 1382
1380 1382 1383
1384 1380 1383
1384 1383 1385
1386 1384 1385
1386 1385 1387
1388 1389 1387
1388 1387 1390
1391 1392 1393
1393 1392 1394
1392 1395 1394
1394 1395 1355
1396 1397 1398
1399 1396 1398
1397 1400 1398
1400 1401 1398
1400 1402 1401
1402 1403 1401
1402 1404 1403
1404 1405 1403
1404 1406 1405
1406 1407 1405
1406 1408 1407
1408 1409 1407
1408 1410 1409
1410 1411 1409
1410 1412 1411
1413 1411 1412
1413 1412 1414
1415 1413 1414
1415 1414 1416
1415 1416 1417
1402 1418 1404
1404 1419 1406
1406 1420 1408
1406 1419 1420
1408 1421 1410
1408 1420 1421
1410 1422 1412
1412 1422 1414
1410 1421 1422
1414 1423 1416
1414 1422 1423
1424 1417 1416
1424 1416 1425
1416 1423 1425
1426 1424 1425
1426 1425 1427
1425 1428 1427
1425 1423 1428
1427 1428 1429
1419 1430 1420
1420 1431 1421
1421 1432 1422
1422 1433 1423
1422 1432 1433
1423 1433 1434
1423 1434 1428
1428 1434 1435
1428 1435 1429
1436 1429 1435
1421 1437 1432
1421 1431 1437
1438 1436 1435
1420 1439 1431
1420 1430 1439
1419 1440 1430
1404 1440 1419
1418 1440 1404
1418 1441 1440
1442 1441 1418
1442 1443 1441
1442 1444 1443
1445 1444 1442
1445 1446 1444
1447 1446 1445
1448 1446 1447
1446 1448 1449
1441 1443 1450
1441 1450 1451
1451 1450 1452
1451 1452 1453
1453 1452 1454
1453 1454 1455
1455 1454 1456
1455 1456 1457
1448 1447 1458
1459 1457 1456
1459 1460 1457
1461 1460 1459
1461 1462 1460
1461 1463 1462
1451 1453 1464
1453 1455 1465
1453 1465 1464
1455 1457 1466
1457 1460 1466
1455 1466 1465
1460 1462 1467
1460 1467 1466
1468 1462 1463
1468 1469 1462
1462 1469 1467
1470 1469 1468
1470 1471 1469
1469 1471 1472
1469 1472 1467
1471 1473 1472
1464 1465 1474
1465 1466 1475
1466 1467 1476
1466 1476 1475
1467 1472 1477
1467 1477 1476
1472 1478 1477
1472 1473 1478
1478 1473 1479
1465 1475 1480
1465 1480 1474
1481 1478 1479
1482 1483 1470
1482 1484 1483
1479 1484 1482
1464 1474 1485
1464 1485 1486
1487 1464 1486
1487 1486 1440
1441 1487 1440
1441 1451 1487
1451 1464 1487
1488 1489 1490
1490 1489 1491
1489 1492 1491
1490 1491 1493
1491 1494 1493
1491 1495 1494
1495 1491 1492
1399 1495 1492
1495 1496 1494
1495 1398 1496
1495 1399 1398
1490 1493 1497
1498 1499 1497
1498 1497 1500
1501 1502 1503
1501 1503 1504
1505 1501 1504
1397 1506 1507
1447 1507 1506
1447 1506 1508
1458 1447 1508
1447 1509 1507
1507 1509 1397
1397 1509 1400
1400 1509 1402
1509 1418 1402
1447 1445 1509
1445 1442 1509
1509 1442 1418
1506 1397 1510
1511 1506 1510
1512 1506 1511
1506 1512 1513
1508 1506 1513
1510 1397 1514
1510 1514 1515
1516 1512 1511
1512 1516 1517
1512 1517 1518
1513 1512 1518
1519 1518 1517
1520 1519 1517
1520 1521 1519
1520 1517 1522
1516 1522 1517
1519 1523 1518
1519 1524 1523
1520 1522 1525
1522 1516 1526
1522 1526 1525
1516 1511 1527
1516 1527 1526
1521 1528 1519
1519 1528 1524
1521 1529 1528
1528 1529 1524
1530 1518 1523
1530 1523 1531
1530 1532 1518
1518 1532 1533
1534 1532 1530
1534 1530 1535
1534 1536 1532
1533 1532 1537
1532 1536 1537
1537 1538 1533
1534 1539 1536
1536 1539 1540
1536 1540 1537
1537 1540 1541
1537 1541 1538
1535 1530 1542
1530 1531 1542
1535 1542 1543
1542 1531 1543
1538 1544 1533
1513 1533 1544
1538 1545 1544
1544 1545 1546
1546 1547 1544
1548 1544 1547
1548 1508 1544
1508 1513 1544
1549 1508 1548
1550 1549 1548
1550 1548 1551
1552 1550 1551
1548 1553 1551
1553 1554 1551
1553 1555 1554
1555 1556 1554
1555 1557 1556
1557 1558 1556
1557 1559 1558
1559 1560 1558
1559 1561 1560
1561 1562 1560
1561 1563 1562
1563 1564 1562
1563 1565 1564
1566 1564 1565
1566 1565 1567
1568 1566 1567
1568 1567 1569
1568 1569 1570
1555 1571 1557
1557 1572 1559
1559 1573 1561
1559 1572 1573
1561 1574 1563
1561 1573 1574
1563 1575 1565
1565 1575 1567
1563 1574 1575
1567 1576 1569
1567 1575 1576
1577 1570 1569
1577 1569 1578
1569 1576 1578
1579 1577 1578
1579 1578 1580
1581 1579 1580
1581 1580 1582
1578 1583 1580
1580 1583 1582
1578 1576 1583
1584 1581 1582
1584 1582 1585
1583 1585 1582
1572 1586 1573
1573 1587 1574
1574 1588 1575
1575 1589 1576
1575 1588 1589
1576 1589 1590
1576 1590 1583
1583 1590 1585
1591 1584 1585
1574 1592 1588
1574 1587 1592
1573 1593 1587
1573 1586 1593
1572 1594 1586
1557 1594 1572
1571 1594 1557
1571 1595 1594
1596 1595 1571
1596 1597 1595
1596 1598 1597
1599 1598 1596
1599 1600 1598
1546 1600 1599
1601 1600 1546
1595 1597 1602
1595 1602 1603
1603 1602 1604
1603 1604 1605
1605 1604 1606
1605 1606 1607
1607 1606 1608
1607 1608 1609
1601 1546 1610
1611 1609 1608
1611 1612 1609
1613 1612 1611
1613 1614 1612
1613 1615 1614
1603 1605 1616
1605 1607 1617
1605 1617 1616
1607 1609 1618
1609 1612 1618
1607 1618 1617
1612 1614 1619
1612 1619 1618
1620 1614 1615
1620 1621 1614
1614 1621 1619
1622 1621 1620
1622 1623 1621
1621 1623 1624
1621 1624 1619
1623 1625 1624
1616 1617 1626
1617 1618 1627
1618 1619 1628
1618 1628 1627
1619 1624 1629
1619 1629 1628
1624 1630 1629
1624 1625 1630
1617 1627 1631
1617 1631 1626
1616 1626 1632
1630 1625 1633
1634 1630 1633
1616 1632 1635
1636 1616 1635
1636 1635 1594
1595 1636 1594
1595 1603 1636
1603 1616 1636
1396 1514 1397
1637 1638 1639
1638 1640 1639
1640 1641 1639
1641 1640 1642
1449 1641 1642
1642 1446 1449
1643 1644 1645
1643 1645 1646
1647 1644 1643
1647 1648 1644
1649 1648 1647
1649 1650 1648
1651 1652 1650
1651 1650 1653
1654 1655 1656
1655 1657 1656
1656 1657 1658
1657 1659 1658
1660 1661 1662
1661 1663 1662
1663 1664 1662
1663 1665 1664
1665 1666 1664
1665 1667 1666
1667 1668 1666
1667 1669 1668
1669 1670 1668
1669 1671 1670
1671 1672 1670
1671 1673 1672
1673 1674 1672
1673 1675 1674
1660 1676 1661
1677 1674 1675
1677 1675 1678
1679 1677 1678
1679 1678 1680
1679 1680 1681
1667 1682 1669
1669 1683 1671
1669 1682 1683
1671 1684 1673
1671 1683 1684
1673 1685 1675
1675 1685 1678
1673 1684 1685
1678 1686 1680
1678 1685 1686
1687 1681 1680
1687 1680 1688
1680 1686 1688
1689 1687 1688
1689 1688 1690
1691 1689 1690
1691 1690 1692
1688 1693 1690
1690 1693 1692
1688 1686 1693
1694 1691 1692
1682 1695 1683
1683 1696 1684
1684 1697 1685
1685 1698 1686
1685 1697 1698
1686 1698 1699
1686 1699 1693
1693 1699 1700
1693 1700 1692
1694 1692 1700
1701 1694 1700
1684 1702 1697
1684 1696 1702
1683 1703 1696
1683 1695 1703
1682 1704 1695
1667 1704 1682
1705 1704 1667
1665 1705 1667
1706 1705 1665
1663 1706 1665
1661 1706 1663
1705 1707 1704
1708 1707 1705
1706 1708 1705
1708 1709 1707
1708 1710 1709
1711 1710 1708
1711 1708 1706
1711 1712 1710
1713 1712 1711
1713 1711 1706
1714 1712 1713
1712 1714 1715
1707 1709 1716
1707 1716 1717
1717 1716 1718
1717 1718 1719
1719 1718 1720
1719 1720 1721
1721 1720 1722
1721 1722 1723
1714 1713 1724
1725 1723 1722
1725 1726 1723
1727 1726 1725
1727 1728 1726
1727 1729 1728
1717 1719 1730
1719 1721 1731
1719 1731 1730
1721 1723 1732
1723 1726 1732
1721 1732 1731
1726 1728 1733
1726 1733 1732
1734 1728 1729
1734 1735 1728
1728 1735 1733
1736 1735 1734
1736 1737 1735
1738 1737 1736
1738 1739 1737
1735 1737 1740
1737 1739 1740
1735 1740 1733
1741 1739 1738
1730 1731 1742
1731 1732 1743
1732 1733 1744
1732 1744 1743
1733 1740 1745
1733 1745 1744
1740 1746 1745
1740 1739 1746
1746 1739 1741
1747 1746 1741
1731 1743 1748
1731 1748 1742
1730 1742 1749
1730 1749 1750
1751 1730 1750
1751 1750 1704
1707 1751 1704
1707 1717 1751
1717 1730 1751
1752 1753 1754
1754 1753 1755
1754 1755 1756
1755 1757 1756
1755 1758 1757
1758 1759 1757
1758 1662 1759
1758 1760 1662
1761 1760 1758
1758 1755 1761
1753 1761 1755
1754 1756 1762
1760 1660 1662
1763 1764 1762
1763 1762 1765
1763 1766 1767
1766 1768 1767
1766 1769 1768
1768 1769 1770
1768 1770 1771
1772 1768 1771
1768 1772 1767
1771 1770 1773
1771 1773 1600
1771 1600 1774
1774 1772 1771
1766 1775 1769
1600 1601 1774
1752 1776 1775
1752 1775 1777
1661 1778 1779
1713 1779 1778
1713 1778 1780
1724 1713 1780
1713 1706 1779
1779 1706 1661
1778 1661 1781
1782 1778 1781
1783 1778 1782
1778 1783 1784
1780 1778 1784
1784 1783 1785
1781 1661 1676
1781 1676 1786
1783 1787 1785
1788 1785 1787
1789 1788 1787
1789 1790 1788
1789 1787 1791
1788 1792 1785
1788 1793 1792
1783 1794 1787
1794 1783 1782
1794 1791 1787
1789 1791 1795
1791 1794 1796
1791 1796 1795
1794 1782 1797
1794 1797 1796
1790 1798 1788
1788 1798 1793
1790 1799 1798
1798 1799 1793
1800 1801 1786
1802 1801 1800
1803 1802 1800
1804 1802 1803
1805 1806 1807
1806 1808 1807
1808 1809 1807
1809 1808 1810
1715 1809 1810
1810 1712 1715
1811 1812 1813
1811 1813 1814
1815 1812 1811
1815 1816 1812
1817 1816 1815
1817 1818 1816
1819 1820 1818
1819 1818 1821
1822 1823 1824
1823 1825 1824
1824 1825 1826
1825 1827 1826
1828 1829 1830
1828 1830 1831
1832 1829 1828
1546 1599 1833
1599 1596 1833
1833 1596 1571
1833 1571 1555
1553 1833 1555
1548 1833 1553
1548 1547 1833
1547 1546 1833
1545 1610 1546
1545 1786 1610
1834 1835 1836
1836 1835 1837
1835 1838 1837
1839 1837 1838
1552 1839 1838
1839 1552 1551
1840 1841 1842
1840 1842 1843
1844 1840 1843
1844 1843 1845
1846 1844 1845
1846 1845 1847
1848 1849 1847
1848 1847 1850
1513 1518 1533
1851 1852 1853
1854 1852 1851
1854 1855 1852
1854 1856 1855
1856 1857 1855
1856 1858 1857
1858 1856 1859
1854 1860 1856
1860 1861 1856
1856 1861 1859
1854 1851 1862
1863 1862 1851
1858 1859 1864
1864 1865 1858
1866 1864 1859
1866 1867 1864
1858 1868 1857
1858 1865 1868
1869 1870 1871
1871 1872 1869
1869 1872 1873
1873 1872 1874
1875 1871 1876
1875 1876 1877
1878 1879 1874
1878 1880 1872
1881 1882 1883
1884 1881 1883
1882 1881 1885
1882 1885 1886
1882 1886 1887
1885 1881 1888
1888 1881 1889
1889 1881 1890
1891 1892 1893
1894 1891 1893
1895 1891 1894
1896 1895 1894
1896 1894 1897
1898 1896 1897
1898 1897 1899
1900 1898 1899
1900 1899 1901
1902 1900 1901
1903 1904 1905
1903 1906 1904
1903 1907 1906
1907 1908 1906
1907 1909 1908
1908 1909 1910
1903 1905 1911
1911 1905 1912
1913 1911 1914
1914 1915 1913
1914 1916 1915
1914 1911 1917
1918 1919 1920
1920 1919 1921
1920 1921 1922
1918 1920 1923
1924 1918 1923
1925 1918 1924
1925 1926 1918
1927 1926 1925
1927 1928 1926
1929 1928 1927
1927 1930 1929
1929 1930 1931
1932 1929 1931
1933 1934 1935
1933 1935 1936
1937 1938 1939
1937 1939 1940
1941 1942 1943
1941 1943 1944
1943 1945 1944
1943 1946 1945
1946 1947 1945
1942 1941 1948
1942 1948 1949
1949 1948 1950
1949 1950 1951
1949 1951 1952
1953 1949 1952
1953 1952 1954
1955 1956 1957
1955 1957 1958
1956 1959 1957
1960 1959 1956
1961 1960 1956
1962 1963 1964
1962 1964 1965
1966 1964 1963
1966 1963 1967
1968 1969 1970
1969 1971 1970
1971 1972 1970
1973 1974 1975
1973 1975 1976
1977 1978 1979
1977 1979 1980
1981 1980 1979
1982 1983 1984
1985 1982 1984
1985 1984 1986
1985 1986 1987
1987 1986 1988
1987 1988 1989
1989 1990 1987
1985 1987 1991
1991 1987 1992
1987 1990 1992
1985 1993 1982
1994 1982 1993
1989 1995 1990
1995 1989 1996
1997 1990 1995
1997 1995 1998
1989 1988 1999
1989 1999 1996
2000 2001 2002
2001 2000 2003
2000 2004 2003
2004 2005 2003
2006 2005 2007
2006 2003 2008
2009 2010 2001
2009 2011 2010
2012 2013 2014
2015 2013 2012
2014 2016 2012
2014 2017 2016
2014 2018 2017
2016 2019 2012
2019 2020 2012
2020 2021 2012
2022 2023 2024
2025 2023 2022
2026 2025 2022
2027 2025 2026
2027 2028 2025
2029 2028 2027
2029 2030 2028
2031 2030 2029
2031 2032 2030
2033 2032 2031
2034 2035 2036
2034 2036 2037
2034 2037 2038
2038 2037 2039
2038 2039 2040
2039 2041 2040
2034 2042 2035
2042 2043 2035
2044 2045 2042
2045 2044 2046
2045 2046 2047
2045 2048 2042
2049 2050 2051
2050 2052 2051
2050 2053 2052
2049 2054 2050
2055 2054 2049
2056 2055 2049
2056 2049 2057
2058 2056 2057
2058 2057 2059
2060 2058 2059
2058 2060 2061
2060 2062 2061
2063 2062 2060
2064 2065 2066
2064 2066 2067
2068 2069 2070
2068 2070 2071
2072 2073 2074
2072 2074 2075
2074 2073 2076
2074 2076 2077
2077 2076 2078
2075 2079 2072
2075 2080 2079
2080 2081 2079
2080 2082 2081
2080 2083 2082
2084 2083 2080
2084 2085 2083
2086 2087 2088
2086 2088 2089
2089 2088 2090
2091 2089 2090
2092 2089 2091
2093 2094 2095
2093 2095 2096
2097 2096 2095
2097 2098 2096
2099 2100 2101
2101 2100 2102
2100 2103 2102
2104 2105 2106
2104 2106 2107
2108 2109 2110
2108 2110 2111
2112 2110 2109
2113 2114 2115
2116 2113 2115
2116 2115 2117
2116 2117 2118
2118 2117 2119
2118 2119 2120
2120 2121 2118
2116 2118 2122
2122 2118 2123
2118 2121 2123
2116 2124 2113
2125 2113 2124
2120 2126 2121
2126 2120 2127
2128 2121 2126
2128 2126 2129
2120 2119 2130
2120 2130 2127
2131 2132 2133
2132 2131 2134
2131 2135 2134
2135 2136 2134
2137 2136 2138
2137 2134 2139
2140 2141 2139
2140 2136 2142
2143 2142 2139
2144 2142 2143
2145 2142 2144
2144 2146 2145
2147 2145 2148
2147 2148 2149
2150 2151 2152
2153 2151 2150
2152 2154 2150
2152 2155 2154
2152 2156 2155
2154 2157 2150
2157 2158 2150
2158 2159 2150
2160 2161 2162
2163 2161 2160
2164 2163 2160
2165 2163 2164
2165 2166 2163
2167 2166 2165
2167 2168 2166
2169 2168 2167
2169 2170 2168
2171 2170 2169
2172 2173 2174
2172 2174 2175
2172 2175 2176
2176 2175 2177
2176 2177 2178
2177 2179 2178
2172 2180 2173
2180 2181 2173
2182 2183 2184
2183 2185 2184
2183 2186 2185
2182 2187 2183
2188 2187 2182
2189 2188 2182
2189 2182 2190
2191 2189 2190
2191 2190 2192
2193 2191 2192
2191 2193 2194
2193 2195 2194
2196 2195 2193
2197 2198 2199
2197 2199 2200
2201 2202 2203
2201 2203 2204
2205 2206 2207
2205 2207 2208
2207 2206 2209
2207 2209 2210
2210 2209 2211
2208 2212 2205
2208 2213 2212
2213 2214 2212
2213 2215 2214
2213 2216 2215
2217 2216 2213
2217 2218 2216
2219 2220 2221
2219 2221 2222
2222 2221 2223
2224 2222 2223
2225 2222 2224
2226 2227 2228
2226 2228 2229
2230 2229 2228
2230 2231 2229
2232 2233 2234
2232 2234 2132
2235 2236 2237
2237 2236 2238
2236 2239 2238
2240 2241 2242
2240 2242 2243
2244 2245 2246
2244 2246 2247
2245 2244 2248
2244 2249 2248
2250 2251 2252
2250 2252 2253
2254 2252 2251
2255 2256 2257
2258 2256 2255
2258 2259 2256
2258 2260 2259
2260 2261 2259
2260 2262 2261
2262 2260 2263
2258 2264 2260
2264 2265 2260
2260 2265 2263
2258 2255 2266
2267 2266 2255
2262 2263 2268
2268 2269 2262
2270 2268 2263
2270 2271 2268
2262 2272 2261
2262 2269 2272
2273 2274 2275
2276 2273 2275
2274 2273 2277
2274 2277 2278
2274 2278 2279
2277 2273 2280
2280 2273 2281
2281 2273 2282
2283 2284 2285
2286 2283 2285
2287 2283 2286
2288 2287 2286
2288 2286 2289
2290 2288 2289
2290 2289 2291
2292 2290 2291
2292 2291 2293
2294 2292 2293
2295 2296 2297
2295 2298 2296
2295 2299 2298
2299 2300 2298
2299 2301 2300
2300 2301 2302
2295 2297 2303
2303 2297 2304
2305 2306 2307
2307 2306 2308
2307 2308 2309
2305 2307 2310
2311 2305 2310
2312 2305 2311
2312 2313 2305
2314 2313 2312
2314 2315 2313
2316 2315 2314
2314 2317 2316
2316 2317 2318
2319 2316 2318
2320 2321 2322
2320 2322 2323
2324 2325 2326
2324 2326 2327
2328 2329 2330
2328 2330 2331
2330 2332 2331
2330 2333 2332
2333 2334 2332
2329 2328 2335
2329 2335 2336
2336 2335 2337
2336 2337 2338
2336 2338 2339
2340 2336 2339
2340 2339 2341
2342 2343 2344
2342 2344 2345
2343 2346 2344
2347 2346 2343
2348 2347 2343
2349 2350 2351
2349 2351 2352
2353 2351 2350
2353 2350 2354
2355 2356 2357
2356 2358 2357
2358 2359 2357
2360 2361 2362
2360 2362 2363
2364 2365 2366
2364 2366 2367
2367 2368 2364
2364 2368 2369
2370 2371 2372
2370 2372 2373
2374 2373 2372
2375 2376 2377
2377 2376 2378
2378 2376 2379
2380 2379 2381
2382 2379 2380
2383 2384 2385
2385 2384 2386
2387 2384 2388
2387 2388 2389
2389 2388 2390
2391 2392 2393
2393 2392 2394
2395 2392 2396
2395 2396 2397
2397 2396 2398
2399 2400 2401
2401 2400 2402
2403 2400 2404
2403 2404 2405
2405 2404 2406
2407 2408 2409
2409 2408 2410
2411 2408 2412
2411 2412 2413
2413 2412 2414
2415 2416 2417
2417 2416 2418
2418 2416 2419
2420 2419 2421
2422 2419 2420
2423 2424 2425
2425 2424 2426
2426 2424 2427
2428 2427 2429
2430 2427 2428
2431 2432 2433
2433 2432 2434
2434 2432 2435
2436 2435 2437
2438 2435 2436
2439 2440 2441
2439 2441 2442
2442 2441 2443
2442 2443 2444
2444 2443 2445
2444 2445 2446
2447 2440 2439
2447 2448 2440
2440 2449 2441
2440 2450 2449
2448 2450 2440
2441 2449 2451
2441 2451 2443
2443 2451 2452
2443 2452 2445
2445 2452 2453
2445 2453 2454
2455 2445 2454
2455 2454 2456
2456 2454 2457
2456 2457 2458
2458 2457 2459
2458 2459 2460
2460 2459 2448
2460 2448 2461
2454 2453 2462
2454 2462 2457
2457 2462 2463
2457 2463 2459
2459 2463 2464
2459 2464 2448
2448 2464 2450
2451 2465 2452
2451 2466 2465
2452 2465 2467
2452 2467 2453
2453 2467 2468
2453 2468 2462
2462 2468 2469
2462 2469 2463
2463 2469 2470
2463 2470 2464
2464 2470 2471
2464 2471 2450
2450 2471 2472
2450 2472 2449
2449 2472 2466
2449 2466 2451
2471 2473 2472
2471 2474 2473
2470 2474 2471
2472 2473 2475
2472 2475 2466
2466 2475 2476
2466 2476 2465
2465 2476 2477
2465 2477 2467
2467 2477 2478
2467 2478 2468
2468 2478 2479
2468 2479 2469
2469 2479 2480
2469 2480 2470
2470 2480 2474
2474 2481 2473
2474 2482 2481
2480 2482 2474
2473 2481 2483
2473 2483 2475
2475 2483 2484
2475 2484 2476
2476 2484 2485
2476 2485 2477
2477 2485 2486
2477 2486 2478
2478 2486 2487
2478 2487 2479
2479 2487 2488
2479 2488 2480
2480 2488 2482
2482 2489 2481
2482 2490 2489
2488 2490 2482
2481 2489 2491
2481 2491 2483
2483 2491 2492
2483 2492 2484
2484 2492 2493
2484 2493 2485
2485 2493 2494
2485 2494 2486
2486 2494 2495
2486 2495 2487
2487 2495 2496
2487 2496 2488
2488 2496 2490
2490 2497 2489
2490 2498 2497
2496 2498 2490
2489 2497 2499
2489 2499 2491
2491 2499 2500
2491 2500 2492
2492 2500 2501
2492 2501 2493
2493 2501 2502
2493 2502 2494
2494 2502 2503
2494 2503 2495
2495 2503 2504
2495 2504 2496
2496 2504 2498
2498 2505 2497
2498 2506 2505
2504 2506 2498
2497 2505 2507
2497 2507 2499
2499 2507 2508
2499 2508 2500
2500 2508 2509
2500 2509 2501
2501 2509 2510
2501 2510 2502
2502 2510 2511
2502 2511 2503
2503 2511 2512
2503 2512 2504
2504 2512 2506
2506 2513 2505
2506 2514 2513
2512 2514 2506
2505 2513 2515
2505 2515 2507
2507 2515 2516
2507 2516 2508
2508 2516 2517
2508 2517 2509
2509 2517 2518
2509 2518 2510
2510 2518 2519
2510 2519 2511
2511 2519 2520
2511 2520 2512
2512 2520 2514
2514 2521 2513
2514 2522 2521
2520 2522 2514
2513 2521 2523
2513 2523 2515
2515 2523 2524
2515 2524 2516
2516 2524 2525
2516 2525 2517
2517 2525 2526
2517 2526 2518
2518 2526 2527
2518 2527 2519
2519 2527 2528
2519 2528 2520
2520 2528 2522
2522 2529 2521
2522 2530 2529
2528 2530 2522
2521 2529 2531
2521 2531 2523
2523 2531 2532
2523 2532 2524
2524 2532 2533
2524 2533 2525
2525 2533 2534
2525 2534 2526
2526 2534 2535
2526 2535 2527
2527 2535 2536
2527 2536 2528
2528 2536 2530
2530 2537 2529
2530 2538 2537
2536 2538 2530
2529 2537 2539
2529 2539 2531
2531 2539 2540
2531 2540 2532
2532 2540 2541
2532 2541 2533
2533 2541 2542
2533 2542 2534
2534 2542 2543
2534 2543 2535
2535 2543 2544
2535 2544 2536
2536 2544 2538
2538 2545 2537
2538 2546 2545
2544 2546 2538
2537 2545 2547
2537 2547 2539
2539 2547 2548
2539 2548 2540
2540 2548 2549
2540 2549 2541
2541 2549 2550
2541 2550 2542
2542 2550 2551
2542 2551 2543
2543 2551 2552
2543 2552 2544
2544 2552 2546
2546 2553 2545
2546 2554 2553
2552 2554 2546
2545 2553 2555
2545 2555 2547
2547 2555 2556
2547 2556 2548
2548 2556 2557
2548 2557 2549
2549 2557 2558
2549 2558 2550
2550 2558 2559
2550 2559 2551
2551 2559 2560
2551 2560 2552
2552 2560 2554
2554 2561 2553
2554 2562 2561
2560 2562 2554
2553 2561 2563
2553 2563 2555
2555 2563 2564
2555 2564 2556
2556 2564 2565
2556 2565 2557
2557 2565 2566
2557 2566 2558
2558 2566 2567
2558 2567 2559
2559 2567 2568
2559 2568 2560
2560 2569 2562
2562 2570 2561
2562 2571 2570
2569 2571 2562
2561 2570 2572
2561 2572 2563
2563 2572 2573
2563 2573 2564
2564 2574 2565
2564 2575 2574
2565 2574 2576
2565 2576 2566
2566 2577 2567
2566 2576 2577
2567 2578 2568
2569 2578 2571
2567 2577 2578
2570 2571 2579
2571 2578 2579
2570 2579 2580
2572 2570 2580
2572 2580 2581
2573 2572 2581
2573 2581 2582
2574 2575 2582
2574 2582 2583
2576 2574 2583
2576 2583 2584
2577 2576 2584
2577 2584 2585
2578 2577 2585
2580 2579 2586
2581 2580 2586
2582 2581 2586
2583 2582 2587
2584 2583 2587
2585 2584 2587
2579 2588 2586
2578 2588 2579
2439 2442 2589
2442 2444 2589
2444 2446 2589
2447 2439 2589
2455 2456 2590
2456 2458 2590
2458 2460 2590
2460 2461 2590
