byte offset: 0
first index: 0
index count: 10026
topology: trianglelist
format: DXGI_FORMAT_R16_UINT

0 1 2
0 2 3
0 3 4
0 4 5
5 6 0
4 7 5
4 8 7
7 9 5
9 6 5
10 0 6
10 1 0
8 4 11
3 11 4
3 12 11
2 12 3
2 13 12
14 11 12
14 12 15
15 12 13
16 11 14
16 17 11
17 8 11
15 13 18
19 10 6
6 9 20
21 15 18
21 18 22
23 21 22
24 21 23
24 14 15
24 15 21
24 23 25
26 24 25
26 16 14
26 14 24
26 25 27
23 22 28
23 29 25
23 30 29
31 29 30
31 30 32
33 31 32
31 34 29
25 29 34
31 35 34
35 31 36
33 36 31
34 35 37
34 37 38
34 38 25
35 36 39
37 35 39
36 33 40
40 41 36
42 39 36
23 43 30
38 44 25
45 46 47
48 49 50
49 48 51
52 53 51
54 53 52
54 55 53
56 53 55
57 53 58
57 58 59
59 58 60
60 58 61
61 58 53
61 53 62
63 54 64
65 63 64
65 64 51
66 67 68
69 67 66
69 70 67
71 67 70
72 67 71
68 67 73
74 73 67
75 74 67
76 75 67
67 77 76
77 67 78
79 80 81
79 81 82
83 82 81
83 84 82
85 84 83
85 86 84
87 86 85
87 88 86
89 88 87
89 90 88
91 90 89
91 92 90
93 79 82
84 93 82
93 94 79
84 95 93
86 95 84
86 96 95
88 96 86
88 97 96
90 97 88
90 98 97
92 98 90
92 99 98
100 99 92
100 92 91
101 102 103
104 105 106
107 108 109
107 109 110
111 112 113
114 115 116
117 118 119
117 119 120
120 119 121
120 121 122
122 121 123
122 123 124
124 123 125
124 125 126
126 125 127
126 127 128
117 129 118
117 130 129
131 128 127
131 127 132
133 134 135
133 135 136
136 135 137
136 137 138
138 137 139
138 139 140
140 139 141
140 141 142
142 141 143
142 143 144
144 143 145
144 145 146
147 146 145
147 145 148
145 149 148
145 150 149
143 150 145
143 151 150
141 151 143
141 152 151
139 152 141
139 153 152
137 154 139
137 155 154
135 155 137
135 156 155
134 156 135
134 157 156
158 159 160
158 160 161
162 159 158
162 158 163
164 163 158
164 165 163
166 165 164
167 166 164
167 168 166
166 169 165
165 169 170
158 161 171
158 171 164
163 165 172
165 170 172
172 173 163
173 162 163
168 167 174
171 161 174
161 175 174
160 175 161
174 175 176
177 176 175
178 176 177
179 176 178
179 180 176
174 176 180
181 180 179
181 182 180
178 177 183
177 175 184
185 174 180
185 180 182
160 184 175
185 168 174
186 181 179
186 179 187
187 179 178
187 178 188
188 178 183
188 183 189
186 187 190
187 188 191
187 191 190
188 189 192
188 192 191
193 186 190
191 194 190
190 194 195
195 193 190
195 194 196
195 196 197
195 198 193
198 195 197
198 197 199
200 196 194
196 200 201
200 194 202
202 194 191
202 191 192
203 196 201
197 203 204
197 204 199
204 203 205
206 203 197
207 203 201
208 209 210
211 212 213
214 215 216
217 215 214
218 215 217
218 219 215
220 215 219
220 219 221
222 219 218
223 216 215
223 215 224
223 224 225
226 225 224
227 226 224
228 227 224
228 224 229
229 230 220
224 230 229
231 232 221
233 234 235
236 234 233
236 237 234
238 237 236
238 239 237
240 237 239
240 239 241
242 239 238
243 234 237
243 237 240
241 239 244
245 234 246
247 234 245
247 248 234
248 249 250
249 251 234
251 252 234
253 254 255
253 255 256
257 253 256
253 258 254
253 259 258
259 253 260
258 259 261
258 261 262
260 257 263
259 260 264
261 259 264
255 254 265
258 266 254
254 266 265
266 258 262
267 266 262
268 265 266
268 266 269
269 266 267
269 267 270
271 265 268
271 272 265
273 264 260
273 260 263
255 265 272
274 271 268
274 275 271
276 275 274
277 276 274
277 274 278
278 274 268
278 268 269
278 269 270
279 277 278
279 278 280
278 270 280
276 281 275
282 277 279
282 279 283
282 283 284
282 284 285
284 286 285
287 282 285
285 288 287
286 288 285
289 287 288
290 289 288
287 291 282
276 277 291
277 282 291
287 292 291
287 293 292
289 293 287
288 286 294
292 281 276
292 276 291
295 294 296
297 298 299
298 300 299
300 301 299
297 299 302
302 299 303
304 305 299
306 304 299
306 299 307
308 302 305
302 308 309
302 309 310
311 302 310
311 312 302
300 313 314
315 306 316
317 318 319
320 317 319
320 319 321
322 321 319
323 322 319
318 324 319
324 325 319
319 325 326
327 319 326
319 327 328
328 329 319
257 260 330
331 332 333
331 333 334
331 334 335
331 335 336
337 336 335
337 335 338
339 333 332
339 340 333
337 338 341
337 341 342
343 342 341
343 341 344
343 344 345
343 345 346
347 346 345
347 345 348
349 350 351
352 353 354
355 356 357
358 359 360
361 362 363
364 365 366
367 368 369
370 371 372
373 374 375
376 377 378
379 380 381
382 383 384
385 386 387
388 389 390
391 392 393
394 395 396
170 397 172
397 173 172
398 399 400
398 400 401
402 398 401
402 403 398
404 403 402
404 402 405
399 406 400
399 407 406
406 407 408
406 408 409
409 408 410
409 410 411
412 411 410
412 410 413
414 412 413
414 413 415
414 415 416
414 416 417
417 416 418
417 418 419
420 421 422
423 424 425
426 427 428
429 430 431
432 433 434
435 436 437
438 439 440
441 442 443
444 445 446
447 448 449
450 451 452
453 454 455
456 457 458
459 460 461
462 463 464
465 466 467
468 469 470
471 472 473
474 475 476
477 478 479
480 481 482
483 484 485
486 487 488
486 488 489
487 490 488
490 491 488
488 491 492
493 488 492
494 488 493
493 492 495
496 495 492
496 492 497
492 491 497
496 497 498
497 491 499
500 497 499
500 501 497
502 503 497
504 505 506
507 505 504
508 504 506
508 509 504
510 504 509
510 507 504
511 512 513
514 513 512
511 513 515
515 513 516
517 516 513
517 513 514
511 515 518
511 518 519
520 511 519
521 511 520
521 512 511
519 522 520
520 523 521
520 524 523
520 525 524
522 525 520
522 526 525
524 525 527
526 528 525
525 528 529
530 531 532
531 533 532
534 530 532
533 534 532
534 535 530
533 536 534
534 536 537
535 534 537
538 539 540
539 541 540
542 540 541
538 543 539
538 544 543
543 544 545
546 545 544
546 547 545
547 546 548
546 549 548
550 551 552
551 553 552
554 550 552
555 556 557
555 557 558
559 555 558
557 556 560
561 562 563
562 564 563
564 565 563
565 566 563
563 566 567
565 568 566
569 561 563
570 563 571
572 573 574
575 573 572
576 573 575
577 573 576
578 577 576
579 576 575
579 580 576
579 575 581
582 581 575
582 575 572
583 582 572
584 578 576
584 585 580
586 572 574
586 587 572
587 588 572
589 590 591
592 589 591
592 593 589
593 594 589
589 595 590
594 595 589
596 597 598
596 598 599
599 598 600
601 600 598
601 598 602
602 598 597
601 603 600
601 604 603
601 602 605
606 604 601
601 607 606
605 607 601
606 607 608
609 606 608
609 610 606
610 604 606
608 611 609
609 612 610
609 613 612
614 613 609
615 616 617
615 617 618
619 616 615
619 615 620
616 621 617
621 616 619
618 622 615
615 622 620
623 624 625
623 626 624
627 625 624
626 623 628
629 626 628
629 628 630
631 629 630
631 630 632
632 633 631
633 634 631
635 636 637
635 638 636
639 635 637
640 641 642
640 642 643
644 643 642
640 645 641
646 647 648
649 647 650
649 650 651
649 651 652
653 649 652
649 653 654
655 649 654
655 646 649
656 657 658
659 657 656
660 657 659
661 662 663
664 665 661
666 667 668
669 670 671
672 670 669
672 673 670
674 673 672
674 675 673
676 675 674
676 677 675
678 677 676
678 679 677
680 679 678
680 681 679
682 681 680
671 670 683
683 670 673
683 673 684
684 673 675
684 675 685
685 675 677
685 677 686
686 677 679
686 679 687
687 679 681
687 681 688
688 681 682
689 690 691
692 690 689
692 693 690
694 693 692
694 695 693
696 695 694
696 697 695
691 690 698
698 690 693
698 693 699
699 693 695
699 695 700
700 695 697
700 697 701
702 697 696
702 703 697
701 697 703
704 703 702
704 705 703
706 703 705
701 703 706
706 705 707
708 705 704
708 709 705
707 705 709
710 709 708
707 709 711
711 709 712
713 714 715
713 715 716
715 714 717
715 717 718
718 717 719
718 719 720
721 720 719
721 719 722
721 722 723
721 723 724
724 723 725
724 725 726
727 726 725
727 725 728
729 727 728
729 728 730
729 730 731
729 731 732
732 731 733
732 733 734
735 736 737
735 737 738
738 737 739
738 739 740
739 716 740
739 713 716
741 742 743
744 745 746
745 747 748
749 750 751
752 753 754
755 756 757
758 759 760
761 762 763
764 761 765
766 767 768
769 770 771
772 773 774
775 776 777
778 779 780
781 782 783
783 784 785
783 785 786
787 788 786
787 789 788
790 791 792
793 794 795
796 797 798
799 800 801
802 803 804
802 804 805
806 807 808
806 808 809
810 811 812
813 814 815
813 815 816
815 814 817
815 817 818
818 817 819
818 819 820
820 819 821
820 821 822
822 821 823
822 823 824
823 825 824
823 826 825
827 828 829
827 830 828
830 831 828
832 828 831
832 833 828
833 834 835
836 837 838
836 839 837
839 840 837
841 837 840
841 842 837
842 843 837
844 845 846
847 846 845
844 848 845
848 849 845
850 847 845
850 845 851
852 853 854
855 852 854
855 854 856
857 856 854
858 857 854
858 854 859
860 861 862
860 863 861
863 864 861
865 862 861
866 865 861
866 861 867
868 869 870
869 871 870
869 872 871
869 873 872
874 873 869
869 868 875
868 870 876
870 877 876
877 870 878
871 878 870
879 880 881
880 882 881
880 883 882
880 884 883
885 884 880
880 879 885
879 881 886
881 887 886
887 881 888
882 888 881
889 890 891
890 889 892
892 893 890
889 891 894
895 894 891
895 891 896
897 896 891
898 897 891
898 899 897
898 900 899
901 902 903
902 904 903
902 905 904
902 906 905
907 906 902
902 908 907
901 903 909
903 910 909
910 903 911
904 911 903
912 913 914
913 915 914
913 916 915
913 917 916
918 917 913
913 912 918
912 914 919
914 920 919
920 914 921
915 921 914
922 923 924
922 925 923
925 926 923
927 923 926
927 928 923
928 929 930
931 932 933
931 934 932
934 935 932
936 932 935
936 937 932
937 938 932
939 940 941
942 941 940
939 943 940
943 944 940
945 942 940
946 947 940
948 946 940
948 940 949
950 949 940
951 950 940
951 940 952
945 953 954
955 956 957
955 958 956
958 959 956
960 957 956
961 960 956
961 956 962
963 964 965
964 966 965
964 967 966
964 968 967
969 968 964
964 963 969
963 965 970
965 971 970
971 965 972
966 972 965
973 974 975
974 976 975
974 977 976
974 978 977
979 978 974
974 973 979
973 975 980
975 981 980
981 975 982
976 982 975
983 984 985
984 986 985
984 987 986
984 988 987
983 985 989
990 989 985
990 985 991
986 991 985
992 983 993
993 994 992
995 996 997
996 998 997
996 999 998
996 995 1000
1000 1001 996
996 1001 999
995 997 1002
997 1003 1002
1003 997 1004
998 1004 997
1005 1006 1007
1006 1008 1007
1006 1009 1008
1006 1010 1009
1011 1010 1006
1006 1005 1011
1005 1007 1012
1007 1013 1012
1013 1007 1014
1008 1014 1007
1015 1016 1017
1017 1016 1018
1017 1018 1019
1016 1020 1018
1019 1018 1021
1019 1021 1022
1018 1020 1023
1018 1023 1024
1020 1025 1023
1022 1021 1026
1022 1026 1027
1024 1028 1026
1024 1023 1028
1023 1029 1028
1023 1025 1029
1025 1020 1030
1031 1025 1030
1032 1025 1031
1025 1032 1033
1031 1030 1034
1034 1030 1035
1034 1035 1036
1030 1037 1035
1030 1020 1037
1020 1016 1037
1036 1035 1038
1036 1038 1039
1035 1040 1038
1035 1037 1040
1037 1041 1040
1037 1016 1041
1016 1015 1041
1042 1041 1015
1042 1015 1017
1043 1042 1017
1044 1042 1043
1045 1044 1043
1046 1044 1045
1047 1046 1045
1048 1046 1047
1047 1045 1049
1049 1045 1050
1045 1043 1050
1049 1050 1051
1051 1050 1022
1051 1022 1027
1050 1019 1022
1050 1043 1019
1043 1017 1019
1048 1052 1046
1046 1053 1044
1046 1054 1053
1054 1055 1053
1044 1053 1056
1044 1056 1042
1053 1057 1056
1053 1058 1057
1058 1059 1057
1042 1056 1041
1056 1040 1041
1056 1060 1040
1060 1038 1040
1060 1059 1038
1059 1039 1038
1061 1062 1063
1063 1062 1064
1063 1064 1065
1062 1066 1064
1065 1064 1067
1065 1067 1068
1064 1069 1067
1064 1066 1069
1068 1067 1070
1068 1070 1071
1067 1072 1070
1067 1069 1072
1069 1073 1072
1069 1074 1073
1075 1074 1069
1074 1076 1073
1071 1070 1077
1077 1070 1078
1070 1072 1078
1077 1078 1079
1079 1078 1080
1079 1080 1081
1078 1072 1082
1072 1073 1082
1078 1082 1083
1081 1080 1084
1081 1084 1085
1083 1086 1084
1083 1082 1086
1082 1087 1086
1082 1073 1087
1073 1076 1088
1089 1081 1085
1089 1090 1081
1090 1079 1081
1091 1090 1089
1091 1092 1090
1093 1092 1091
1093 1094 1092
1095 1094 1093
1095 1096 1094
1094 1097 1092
1094 1098 1097
1094 1099 1098
1099 1100 1098
1097 1098 1101
1097 1101 1102
1098 1103 1101
1098 1100 1103
1100 1104 1103
1102 1101 1068
1102 1068 1071
1101 1105 1068
1101 1106 1105
1106 1063 1105
1106 1104 1063
1104 1061 1063
1097 1102 1107
1092 1097 1107
1092 1107 1090
1090 1107 1079
1107 1077 1079
1107 1102 1077
1102 1071 1077
1108 1109 1110
1110 1109 1111
1110 1111 1112
1109 1113 1111
1112 1111 1114
1112 1114 1115
1111 1113 1116
1111 1116 1117
1113 1118 1116
1115 1114 1119
1115 1119 1120
1117 1121 1119
1117 1116 1121
1116 1122 1121
1116 1118 1122
1118 1113 1123
1124 1118 1123
1125 1118 1124
1118 1125 1126
1124 1123 1127
1127 1123 1128
1127 1128 1129
1123 1130 1128
1123 1113 1130
1113 1109 1130
1129 1128 1131
1129 1131 1132
1128 1133 1131
1128 1130 1133
1130 1134 1133
1130 1109 1134
1109 1108 1134
1135 1134 1108
1135 1108 1110
1136 1135 1110
1137 1135 1136
1138 1137 1136
1139 1137 1138
1140 1139 1138
1141 1139 1140
1140 1138 1142
1142 1138 1143
1138 1136 1143
1142 1143 1144
1144 1143 1115
1144 1115 1120
1143 1112 1115
1143 1136 1112
1136 1110 1112
1141 1145 1139
1139 1146 1137
1139 1147 1146
1147 1148 1146
1137 1146 1149
1137 1149 1135
1146 1150 1149
1146 1148 1150
1148 1151 1150
1135 1149 1134
1149 1133 1134
1149 1152 1133
1152 1131 1133
1152 1151 1131
1151 1132 1131
1153 1154 1155
1155 1154 1156
1155 1156 1157
1154 1158 1156
1157 1156 1159
1157 1159 1160
1156 1161 1159
1156 1158 1161
1160 1159 1162
1160 1162 1163
1159 1164 1162
1159 1161 1164
1161 1165 1164
1161 1166 1165
1167 1166 1161
1166 1168 1165
1163 1162 1169
1169 1162 1170
1162 1164 1170
1169 1170 1171
1171 1170 1172
1171 1172 1173
1170 1164 1174
1164 1165 1174
1170 1174 1175
1173 1172 1176
1173 1176 1177
1175 1178 1176
1175 1174 1178
1174 1179 1178
1174 1165 1179
1165 1168 1180
1181 1173 1177
1181 1182 1173
1182 1171 1173
1183 1182 1181
1183 1184 1182
1184 1185 1182
1182 1185 1171
1184 1186 1185
1187 1186 1184
1187 1188 1186
1187 1189 1188
1189 1190 1188
1186 1188 1191
1186 1191 1192
1186 1192 1185
1188 1193 1191
1188 1190 1193
1190 1194 1193
1192 1191 1160
1192 1160 1163
1191 1157 1160
1191 1195 1157
1195 1155 1157
1195 1194 1155
1194 1153 1155
1185 1192 1169
1192 1163 1169
1196 1197 1187
1196 1187 1198
1198 1187 1184
1198 1184 1199
1185 1169 1171
1200 1201 1202
1202 1201 1203
1202 1203 1204
1201 1205 1203
1204 1203 1206
1204 1206 1207
1203 1205 1208
1203 1208 1209
1205 1210 1208
1207 1206 1211
1207 1211 1212
1209 1213 1211
1209 1208 1213
1208 1214 1213
1208 1210 1214
1210 1205 1215
1216 1210 1215
1217 1210 1216
1210 1217 1218
1216 1215 1219
1219 1215 1220
1219 1220 1221
1215 1222 1220
1215 1205 1222
1205 1201 1222
1221 1220 1223
1221 1223 1224
1220 1225 1223
1220 1222 1225
1222 1226 1225
1222 1201 1226
1201 1200 1226
1227 1226 1200
1227 1200 1202
1228 1227 1202
1229 1227 1228
1230 1229 1228
1231 1229 1230
1232 1231 1230
1233 1231 1232
1232 1230 1234
1234 1230 1235
1230 1228 1235
1234 1235 1236
1236 1235 1207
1236 1207 1212
1235 1204 1207
1235 1228 1204
1228 1202 1204
1233 1237 1231
1231 1238 1229
1231 1239 1238
1239 1240 1238
1229 1238 1241
1229 1241 1227
1238 1242 1241
1238 1243 1242
1243 1244 1242
1227 1241 1226
1241 1225 1226
1241 1245 1225
1245 1223 1225
1245 1244 1223
1244 1246 1223
1247 1248 1249
1249 1248 1250
1249 1250 1251
1248 1252 1250
1251 1250 1253
1251 1253 1254
1250 1255 1253
1250 1252 1255
1252 1256 1255
1254 1253 1257
1254 1257 1258
1253 1259 1257
1253 1255 1259
1255 1260 1259
1255 1256 1260
1256 1261 1260
1258 1257 1262
1262 1257 1263
1257 1259 1263
1262 1263 1264
1264 1263 1265
1264 1265 1266
1263 1259 1267
1259 1260 1267
1263 1267 1268
1266 1265 1269
1266 1269 1270
1268 1271 1269
1268 1267 1271
1267 1260 1272
1267 1272 1273
1260 1261 1274
1275 1264 1266
1276 1275 1266
1277 1275 1276
1277 1278 1275
1279 1278 1277
1279 1280 1278
1281 1280 1279
1281 1282 1280
1280 1283 1278
1280 1284 1283
1280 1285 1284
1285 1286 1284
1283 1284 1287
1283 1287 1288
1284 1289 1287
1284 1286 1289
1286 1290 1289
1288 1287 1254
1288 1254 1258
1287 1251 1254
1287 1291 1251
1291 1249 1251
1291 1290 1249
1290 1247 1249
1283 1288 1292
1278 1283 1292
1278 1292 1275
1275 1292 1264
1292 1262 1264
1292 1288 1262
1288 1258 1262
1276 1266 1293
1294 1295 1296
1294 1296 1297
1298 1295 1294
1298 1299 1295
1297 1296 1300
1297 1300 1301
1301 1300 1302
1301 1302 1303
1304 1303 1302
1304 1305 1303
1297 1306 1294
1306 1298 1294
1297 1307 1306
1307 1297 1301
1306 1307 1308
1308 1309 1306
1306 1309 1298
1308 1310 1309
1311 1301 1303
1307 1301 1311
1307 1311 1312
1307 1312 1308
1311 1303 1313
1311 1313 1314
1311 1314 1312
1303 1305 1315
1303 1315 1313
1313 1315 1316
1313 1316 1314
1317 1310 1308
1318 1308 1312
1318 1317 1308
1319 1317 1318
1320 1319 1318
1321 1319 1320
1321 1320 1322
1320 1323 1322
1324 1323 1320
1325 1320 1318
1325 1324 1320
1325 1318 1312
1325 1312 1314
1325 1326 1324
1326 1325 1314
1316 1326 1314
1327 1328 1329
1327 1329 1330
1327 1330 1331
1327 1331 1332
1328 1333 1329
1328 1334 1333
1334 1335 1333
1334 1336 1335
1337 1335 1336
1337 1336 1338
1328 1327 1339
1339 1327 1332
1328 1339 1340
1340 1334 1328
1340 1339 1341
1339 1342 1341
1339 1343 1342
1339 1332 1343
1344 1336 1334
1340 1344 1334
1345 1344 1340
1340 1341 1345
1345 1346 1344
1344 1347 1336
1346 1347 1344
1346 1348 1347
1336 1347 1348
1336 1348 1338
1346 1349 1348
1350 1346 1345
1350 1345 1351
1351 1345 1341
1350 1351 1352
1352 1351 1353
1350 1352 1354
1352 1353 1355
1352 1355 1356
1356 1354 1352
1355 1357 1356
1351 1358 1353
1350 1354 1359
1359 1349 1346
1359 1346 1350
1351 1341 1358
1358 1341 1342
1360 1361 1362
1360 1362 1363
1364 1365 1366
1364 1366 1367
1368 1369 1370
1368 1370 1371
1372 1373 1374
1372 1374 1375
1376 1377 1378
1376 1378 1379
1380 1381 1382
1380 1382 1383
1384 1385 1386
1387 1384 1386
1387 1386 1388
1389 1387 1388
1389 1388 1390
1391 1389 1390
1391 1390 1392
1393 1391 1392
1393 1392 1394
1395 1393 1394
1395 1394 1396
1397 1390 1388
1398 1397 1388
1385 1398 1399
1398 1388 1399
1397 1400 1390
1400 1392 1390
1400 1401 1392
1401 1394 1392
1401 1402 1394
1402 1396 1394
1402 1403 1396
1403 1404 1396
1405 1395 1406
1407 1408 1409
1410 1407 1409
1410 1409 1411
1412 1410 1411
1412 1411 1413
1414 1412 1413
1414 1413 1415
1408 1416 1409
1416 1411 1409
1416 1417 1411
1417 1413 1411
1417 1418 1413
1418 1415 1413
1418 1419 1415
1420 1414 1415
1420 1415 1421
1419 1421 1415
1422 1420 1421
1422 1421 1423
1424 1423 1421
1419 1424 1421
1424 1425 1423
1426 1422 1423
1426 1423 1427
1428 1426 1427
1425 1429 1423
1430 1428 1429
1425 1430 1429
1431 1432 1433
1434 1435 1436
1437 1438 1439
1440 1441 1442
1443 1444 1445
1446 1447 1448
1449 1450 1451
1450 1452 1451
1450 1453 1452
1453 1454 1452
1453 1455 1454
1455 1456 1454
1455 1457 1456
1454 1456 1458
1454 1458 1459
1460 1454 1459
1451 1460 1461
1460 1459 1461
1459 1458 1462
1459 1462 1463
1464 1459 1463
1457 1465 1456
1465 1466 1456
1456 1466 1458
1465 1467 1466
1467 1468 1466
1467 1469 1468
1466 1468 1470
1466 1470 1458
1458 1470 1462
1469 1471 1468
1469 1472 1471
1468 1471 1473
1468 1473 1470
1470 1473 1474
1470 1474 1462
1462 1474 1475
1476 1462 1475
1477 1472 1469
1477 1469 1478
1478 1469 1467
1478 1467 1479
1479 1467 1465
1479 1465 1480
1481 1479 1480
1481 1480 1482
1481 1482 1483
1484 1481 1483
1484 1483 1485
1486 1484 1485
1485 1483 1487
1483 1482 1488
1483 1488 1489
1489 1488 1490
1480 1455 1482
1480 1457 1455
1482 1455 1453
1482 1453 1488
1488 1453 1450
1488 1450 1490
1490 1450 1491
1486 1492 1484
1484 1493 1481
1494 1493 1484
1494 1495 1493
1495 1496 1493
1495 1477 1496
1493 1496 1479
1493 1479 1481
1480 1465 1457
1497 1498 1499
1498 1500 1499
1498 1501 1500
1501 1502 1500
1501 1503 1502
1503 1504 1502
1503 1505 1504
1502 1504 1506
1502 1506 1507
1508 1502 1507
1499 1508 1509
1508 1507 1509
1509 1507 1510
1507 1506 1511
1507 1511 1510
1511 1506 1512
1511 1512 1513
1514 1511 1513
1515 1511 1514
1513 1512 1516
1506 1504 1517
1506 1517 1512
1512 1517 1518
1512 1518 1516
1516 1518 1519
1504 1505 1520
1504 1520 1517
1517 1520 1521
1517 1521 1518
1518 1521 1522
1518 1522 1519
1519 1522 1523
1524 1522 1521
1525 1522 1524
1525 1526 1522
1524 1521 1527
1527 1521 1520
1527 1520 1528
1529 1527 1528
1529 1528 1530
1529 1530 1531
1532 1529 1531
1532 1531 1533
1534 1532 1533
1533 1531 1535
1531 1530 1536
1531 1536 1537
1537 1536 1538
1528 1503 1530
1528 1505 1503
1530 1503 1501
1530 1501 1536
1536 1501 1498
1536 1498 1538
1538 1498 1497
1534 1539 1532
1532 1540 1529
1541 1540 1532
1541 1542 1540
1542 1543 1540
1542 1525 1543
1540 1543 1527
1540 1527 1529
1528 1520 1505
1544 1545 1546
1544 1546 1547
1548 1549 1550
1548 1550 1551
1552 1553 1554
1552 1554 1555
1556 1552 1555
1556 1557 1552
1558 1557 1556
1558 1559 1557
1560 1559 1558
1560 1561 1559
1562 1561 1560
1562 1563 1561
1564 1563 1562
1564 1565 1563
1566 1565 1564
1566 1567 1565
1567 1566 1568
1567 1568 1569
1570 1571 1572
1570 1572 1573
1574 1570 1573
1574 1575 1570
1576 1575 1574
1576 1577 1575
1578 1577 1576
1578 1579 1577
1580 1579 1578
1580 1581 1579
1582 1581 1580
1582 1583 1581
1584 1583 1582
1584 1585 1583
1585 1584 1586
1585 1586 1587
1588 1589 1590
1588 1590 1591
1592 1588 1591
1592 1593 1588
1594 1593 1592
1594 1595 1593
1596 1595 1594
1596 1597 1595
1598 1597 1596
1598 1599 1597
1600 1599 1598
1600 1601 1599
1602 1601 1600
1602 1603 1601
1603 1602 1604
1603 1604 1605
1606 1607 1608
1606 1608 1609
1606 1609 1610
1606 1610 1611
1611 1610 1612
1611 1612 1613
1613 1612 1614
1613 1614 1615
1615 1614 1616
1615 1616 1617
1617 1616 1618
1617 1618 1619
1619 1618 1620
1619 1620 1621
1621 1620 1622
1621 1622 1623
1624 1625 1626
1624 1626 1627
1625 1624 1628
1629 1625 1628
1630 1625 1629
1629 1628 1631
1632 1629 1631
1632 1633 1629
1632 1634 1633
1635 1629 1633
1633 1636 1635
1637 1636 1633
1634 1637 1633
1634 1638 1637
1638 1634 1639
1634 1640 1639
1634 1641 1640
1641 1634 1642
1642 1634 1632
1641 1642 1643
1644 1641 1643
1645 1641 1644
1641 1645 1646
1641 1646 1647
1641 1647 1640
1645 1644 1648
1635 1649 1629
1630 1629 1649
1630 1650 1625
1650 1651 1625
1651 1626 1625
1651 1652 1626
1653 1654 1655
1653 1655 1656
1654 1653 1657
1657 1658 1654
1658 1659 1654
1659 1660 1654
1659 1661 1660
1659 1662 1661
1659 1663 1662
1664 1665 1666
1664 1666 1667
1668 1665 1664
1669 1665 1668
1669 1668 1670
1669 1670 1671
1669 1671 1672
1673 1672 1671
1673 1671 1674
1667 1675 1664
1632 1676 1677
1678 1679 1680
1681 1682 1683
1684 1685 1686
1686 1685 1687
1686 1687 1688
1688 1687 1689
1688 1689 1690
1690 1689 1691
1690 1691 1692
1692 1691 1693
1692 1693 1694
1694 1693 1695
1695 1693 1696
1684 1697 1685
1697 1687 1685
1697 1698 1687
1698 1689 1687
1698 1699 1689
1699 1691 1689
1699 1700 1691
1700 1693 1691
1701 1696 1693
1702 1701 1693
1700 1702 1693
1703 1704 1705
1705 1704 1706
1705 1706 1707
1707 1706 1708
1707 1708 1709
1709 1708 1710
1709 1710 1711
1711 1710 1712
1711 1712 1713
1713 1712 1714
1714 1712 1715
1703 1716 1704
1716 1706 1704
1716 1717 1706
1717 1708 1706
1717 1718 1708
1718 1710 1708
1718 1719 1710
1719 1712 1710
1720 1715 1712
1721 1720 1712
1719 1721 1712
1722 1723 1724
1723 1725 1724
1723 1726 1725
1726 1727 1725
1726 1728 1727
1728 1729 1727
1728 1730 1729
1730 1731 1729
1730 1732 1731
1732 1733 1731
1733 1734 1731
1722 1724 1735
1735 1724 1725
1735 1725 1736
1736 1725 1727
1736 1727 1737
1737 1727 1729
1737 1729 1738
1738 1729 1731
1739 1731 1734
1740 1731 1739
1738 1731 1740
1741 1742 1743
1742 1744 1743
1742 1745 1744
1745 1746 1744
1745 1747 1746
1747 1748 1746
1747 1749 1748
1749 1750 1748
1749 1751 1750
1751 1752 1750
1752 1753 1750
1741 1743 1754
1754 1743 1744
1754 1744 1755
1755 1744 1746
1755 1746 1756
1756 1746 1748
1756 1748 1757
1757 1748 1750
1758 1750 1753
1759 1750 1758
1757 1750 1759
1760 1761 1762
1761 1763 1762
1761 1764 1763
1764 1765 1763
1764 1766 1765
1766 1767 1765
1766 1768 1767
1768 1769 1767
1768 1770 1769
1770 1771 1769
1771 1772 1769
1760 1762 1773
1773 1762 1763
1773 1763 1774
1774 1763 1765
1774 1765 1775
1775 1765 1767
1775 1767 1776
1776 1767 1769
1777 1769 1772
1778 1769 1777
1776 1769 1778
1779 1780 1781
1780 1782 1781
1780 1783 1782
1783 1784 1782
1783 1785 1784
1785 1786 1784
1785 1787 1786
1787 1788 1786
1787 1789 1788
1789 1790 1788
1790 1791 1788
1779 1781 1792
1792 1781 1782
1792 1782 1793
1793 1782 1784
1793 1784 1794
1794 1784 1786
1794 1786 1795
1795 1786 1788
1796 1788 1791
1797 1788 1796
1795 1788 1797
1798 1799 1800
1800 1799 1801
1800 1801 1802
1802 1801 1803
1802 1803 1804
1804 1803 1805
1804 1805 1806
1806 1805 1807
1806 1807 1808
1808 1807 1809
1809 1807 1810
1798 1811 1799
1811 1801 1799
1811 1812 1801
1812 1803 1801
1812 1813 1803
1813 1805 1803
1813 1814 1805
1814 1807 1805
1815 1810 1807
1816 1815 1807
1814 1816 1807
1817 1818 1819
1819 1818 1820
1819 1820 1821
1821 1820 1822
1821 1822 1823
1823 1822 1824
1823 1824 1825
1825 1824 1826
1817 1827 1818
1827 1820 1818
1827 1828 1820
1828 1822 1820
1828 1829 1822
1829 1824 1822
1829 1830 1824
1830 1826 1824
1825 1826 1831
1831 1826 1832
1832 1826 1833
1834 1833 1826
1835 1834 1826
1830 1835 1826
1836 1837 1838
1838 1837 1839
1838 1839 1840
1840 1839 1841
1840 1841 1842
1842 1841 1843
1842 1843 1844
1844 1843 1845
1836 1846 1837
1846 1839 1837
1846 1847 1839
1847 1841 1839
1847 1848 1841
1848 1843 1841
1848 1849 1843
1849 1845 1843
1844 1845 1850
1850 1845 1851
1851 1845 1852
1853 1852 1845
1854 1853 1845
1849 1854 1845
1855 1856 1857
1857 1856 1858
1857 1858 1859
1859 1858 1860
1859 1860 1861
1861 1860 1862
1861 1862 1863
1863 1862 1864
1863 1864 1865
1865 1864 1866
1866 1864 1867
1855 1868 1856
1868 1858 1856
1868 1869 1858
1869 1860 1858
1869 1870 1860
1870 1862 1860
1870 1871 1862
1871 1864 1862
1872 1867 1864
1873 1872 1864
1871 1873 1864
1874 1875 1876
1876 1875 1877
1876 1877 1878
1878 1877 1879
1878 1879 1880
1880 1879 1881
1880 1881 1882
1882 1881 1883
1882 1883 1884
1884 1883 1885
1885 1883 1886
1874 1887 1875
1887 1877 1875
1887 1888 1877
1888 1879 1877
1888 1889 1879
1889 1881 1879
1889 1890 1881
1890 1883 1881
1891 1886 1883
1892 1891 1883
1890 1892 1883
1893 1894 1895
1895 1894 1896
1895 1896 1897
1897 1896 1898
1897 1898 1899
1899 1898 1900
1899 1900 1901
1901 1900 1902
1901 1902 1903
1903 1902 1904
1904 1902 1905
1893 1906 1894
1906 1896 1894
1906 1907 1896
1907 1898 1896
1907 1908 1898
1908 1900 1898
1908 1909 1900
1909 1902 1900
1910 1905 1902
1911 1910 1902
1909 1911 1902
1912 1913 1914
1914 1913 1915
1914 1915 1916
1916 1915 1917
1916 1917 1918
1918 1917 1919
1918 1919 1920
1920 1919 1921
1920 1921 1922
1922 1921 1923
1923 1921 1924
1912 1925 1913
1925 1915 1913
1925 1926 1915
1926 1917 1915
1926 1927 1917
1927 1919 1917
1927 1928 1919
1928 1921 1919
1929 1924 1921
1930 1929 1921
1928 1930 1921
1931 1932 1933
1933 1932 1934
1933 1934 1935
1935 1934 1936
1935 1936 1937
1937 1936 1938
1937 1938 1939
1939 1938 1940
1939 1940 1941
1941 1940 1942
1942 1940 1943
1931 1944 1932
1944 1934 1932
1944 1945 1934
1945 1936 1934
1945 1946 1936
1946 1938 1936
1946 1947 1938
1947 1940 1938
1948 1943 1940
1949 1948 1940
1947 1949 1940
1950 1951 1952
1952 1951 1953
1952 1953 1954
1954 1953 1955
1954 1955 1956
1950 1957 1951
1957 1953 1951
1957 1958 1953
1958 1955 1953
1958 1959 1955
1956 1960 1961
1959 1961 1960
1956 1961 1962
1962 1961 1963
1962 1963 1964
1964 1963 1965
1965 1963 1966
1959 1967 1961
1967 1963 1961
1968 1966 1963
1969 1968 1963
1967 1969 1963
1970 1971 1972
1972 1971 1973
1972 1973 1974
1974 1973 1975
1974 1975 1976
1976 1975 1977
1976 1977 1978
1978 1977 1979
1978 1979 1980
1980 1979 1981
1981 1979 1982
1970 1983 1971
1983 1973 1971
1983 1984 1973
1984 1975 1973
1984 1985 1975
1985 1977 1975
1985 1986 1977
1986 1979 1977
1987 1982 1979
1988 1987 1979
1986 1988 1979
1989 1990 1991
1991 1990 1992
1991 1992 1993
1993 1992 1994
1993 1994 1995
1995 1994 1996
1995 1996 1997
1997 1996 1998
1997 1998 1999
1999 1998 2000
2000 1998 2001
1989 2002 1990
2002 1992 1990
2002 2003 1992
2003 1994 1992
2003 2004 1994
2004 1996 1994
2004 2005 1996
2005 1998 1996
2006 2001 1998
2007 2006 1998
2005 2007 1998
2008 2009 2010
2010 2009 2011
2010 2011 2012
2012 2011 2013
2012 2013 2014
2014 2013 2015
2014 2015 2016
2016 2015 2017
2016 2017 2018
2018 2017 2019
2019 2017 2020
2008 2021 2009
2021 2011 2009
2021 2022 2011
2022 2013 2011
2022 2023 2013
2023 2015 2013
2023 2024 2015
2024 2017 2015
2025 2020 2017
2026 2025 2017
2024 2026 2017
2027 2028 2029
2029 2028 2030
2029 2030 2031
2027 2032 2028
2032 2030 2028
2032 2033 2030
2031 2030 2034
2033 2034 2030
2031 2034 2035
2033 2036 2034
2034 2037 2035
2034 2038 2037
2036 2038 2034
2037 2038 2039
2037 2039 2040
2038 2041 2039
2038 2042 2041
2036 2042 2038
2039 2043 2040
2043 2039 2044
2045 2044 2039
2041 2045 2039
2046 2047 2048
2048 2047 2049
2047 2050 2049
2047 2051 2050
2047 2046 2052
2047 2052 2053
2047 2053 2051
2053 2052 2054
2054 2052 2055
2052 2046 2056
2057 2052 2056
2052 2057 2058
2059 2052 2058
2060 2052 2059
2055 2052 2060
2060 2059 2061
2061 2059 2062
2062 2059 2063
2059 2058 2063
2064 2065 2066
2065 2067 2066
2067 2068 2066
2068 2069 2066
2069 2070 2066
2070 2071 2066
2071 2072 2066
2072 2073 2066
2073 2074 2066
2074 2075 2066
2075 2076 2066
2076 2077 2066
2077 2078 2066
2078 2079 2066
2079 2064 2066
2080 2081 2082
2083 2084 2085
2086 2087 2088
2089 2090 2091
2092 2093 2094
2092 2094 2095
2096 2097 2098
2099 2100 2101
2102 2103 2104
2105 2106 2107
2107 2106 2108
2109 2110 2111
2112 2113 2114
2115 2116 2117
2118 2119 2120
2121 2122 2123
2124 2125 2126
2127 2128 2129
2128 2130 2129
2130 2131 2129
2132 2127 2129
2133 2132 2129
2134 2133 2129
2135 2134 2129
2136 2135 2129
2131 2137 2138
2137 2139 2138
2139 2140 2138
2141 2136 2138
2142 2141 2138
2143 2142 2138
2140 2143 2138
2144 2145 2146
2147 2148 2149
2150 2151 2152
2153 2152 2151
2154 2153 2151
2153 2154 2155
2155 2156 2153
2156 2152 2153
2150 2157 2151
2158 2151 2157
2151 2158 2154
2158 2159 2154
2160 2154 2159
2161 2160 2159
2162 2161 2159
2162 2163 2161
2159 2158 2164
2164 2158 2157
2165 2154 2160
2166 2154 2165
2167 2162 2159
2167 2159 2164
2167 2168 2162
2168 2163 2162
2167 2169 2168
2170 2161 2163
2161 2170 2171
2171 2160 2161
2171 2165 2160
2168 2172 2163
2172 2170 2163
2173 2169 2167
2173 2167 2164
2174 2173 2164
2174 2164 2157
2171 2175 2165
2173 2176 2169
2176 2177 2169
2176 2178 2177
2176 2179 2178
2178 2179 2180
2178 2180 2181
2177 2178 2181
2180 2179 2182
2182 2179 2183
2176 2184 2179
2173 2184 2176
2185 2183 2179
2184 2185 2179
2186 2183 2185
2183 2186 2187
2187 2188 2183
2188 2187 2189
2187 2186 2190
2189 2187 2190
2191 2190 2186
2185 2192 2186
2191 2186 2192
2184 2192 2185
2193 2182 2183
2194 2193 2183
2195 2181 2180
2180 2196 2195
2196 2182 2193
2196 2180 2182
2189 2190 2197
2198 2192 2184
2198 2184 2173
2197 2190 2199
2199 2190 2200
2200 2201 2199
2201 2200 2192
2201 2192 2174
2196 2193 2202
2203 2198 2157
2203 2157 2204
2204 2205 2203
2205 2204 2152
2206 2205 2152
2156 2206 2152
2202 2207 2208
2208 2207 2194
2208 2194 2209
2194 2210 2209
2210 2194 2211
2188 2210 2211
2166 2212 2213
2214 2212 2166
2214 2166 2215
2213 2216 2166
2155 2216 2213
2175 2214 2215
2217 2218 2219
2220 2221 2222
2223 2224 2225
2223 2225 2226
2227 2228 2229
2227 2229 2230
2231 2232 2233
2231 2233 2234
2235 2236 2237
2235 2237 2238
2239 2240 2241
2239 2241 2242
2243 2244 2245
2243 2245 2246
2247 2248 2249
2247 2249 2250
2251 2252 2253
2251 2253 2254
2255 2256 2257
2255 2257 2258
2259 2256 2255
2259 2260 2256
2261 2262 2257
2261 2257 2263
2264 2261 2263
2264 2263 2265
2266 2267 2268
2266 2268 2269
2270 2267 2266
2270 2271 2267
2267 2272 2268
2267 2273 2272
2271 2273 2267
2271 2274 2273
2273 2275 2272
2273 2276 2275
2274 2276 2273
2274 2277 2276
2278 2279 2280
2278 2280 2281
2282 2279 2278
2282 2283 2279
2284 2285 2286
2284 2286 2287
2288 2285 2284
2288 2289 2285
2285 2290 2286
2285 2291 2290
2289 2291 2285
2289 2292 2291
2291 2293 2290
2291 2294 2293
2292 2294 2291
2292 2295 2294
2296 2297 2298
2299 2297 2296
2300 2301 2297
2302 2300 2297
2303 2304 2305
2303 2305 2306
2307 2304 2303
2307 2303 2308
2309 2307 2308
2309 2310 2307
2311 2310 2309
2311 2312 2310
2313 2314 2315
2314 2313 2316
2313 2317 2316
2313 2315 2318
2318 2315 2319
2318 2319 2320
2319 2321 2320
2319 2322 2321
2323 2321 2322
2323 2322 2324
2316 2325 2314
2326 2325 2316
2327 2328 2329
2330 2327 2329
2330 2331 2327
2331 2330 2332
2331 2332 2333
2332 2334 2333
2335 2333 2334
2336 2335 2334
2337 2338 2327
2337 2339 2338
2340 2328 2339
2340 2341 2328
2338 2341 2342
2343 2342 2341
2343 2341 2344
2343 2344 2345
2345 2344 2346
2347 2345 2346
2347 2346 2348
2349 2347 2348
2348 2350 2349
2348 2351 2350
2352 2353 2354
2352 2354 2355
2356 2357 2358
2356 2358 2359
2360 2356 2359
2360 2359 2361
2362 2360 2361
2362 2361 2363
2364 2362 2363
2364 2363 2365
2366 2367 2368
2366 2368 2369
2370 2369 2368
2371 2366 2369
2371 2369 2372
2371 2372 2373
2367 2374 2368
2367 2375 2374
2374 2376 2368
2377 2368 2376
2378 2368 2377
2379 2370 2368
2380 2379 2368
2381 2380 2368
2382 2381 2368
2379 2383 2370
2384 2385 2386
2384 2386 2387
2385 2388 2386
2385 2389 2388
2388 2390 2386
2388 2391 2390
2392 2390 2391
2392 2393 2390
2392 2394 2393
2392 2395 2394
2396 2394 2395
2396 2397 2394
2398 2399 2400
2398 2400 2401
2402 2400 2399
2402 2399 2403
2401 2404 2398
2404 2405 2398
2404 2406 2405
2404 2407 2406
2408 2409 2410
2408 2410 2411
2412 2411 2410
2412 2410 2413
2413 2414 2412
2413 2415 2414
2414 2415 2416
2417 2418 2416
2419 2420 2421
2419 2421 2422
2423 2420 2419
2420 2423 2424
2423 2419 2425
2426 2425 2419
2419 2427 2426
2419 2422 2427
2422 2428 2427
2429 2427 2428
2429 2428 2430
2423 2425 2431
2425 2432 2431
2427 2433 2426
2427 2434 2433
2435 2434 2427
2434 2435 2436
2427 2437 2435
2438 2439 2440
2438 2440 2441
2438 2441 2442
2442 2443 2444
2444 2443 2445
2446 2447 2448
2448 2447 2449
2449 2447 2450
2446 2448 2451
2451 2452 2446
2453 2452 2451
2453 2454 2452
2453 2455 2454
2453 2456 2455
2457 2458 2459
2457 2459 2460
2461 2457 2460
2461 2460 2462
2463 2464 2462
2463 2462 2465
2465 2466 2463
2466 2465 2467
2468 2469 2463
2470 2469 2468
2470 2468 2471
2470 2471 2472
2470 2473 2469
2464 2474 2475
2464 2475 2476
2476 2475 2477
2476 2477 2478
2479 2480 2474
2479 2474 2461
2480 2479 2481
2481 2482 2480
2483 2484 2485
2483 2485 2486
2487 2484 2483
2487 2488 2484
2487 2489 2488
2487 2490 2489
2490 2491 2489
2490 2492 2491
2493 2494 2495
2493 2496 2497
2498 2496 2493
2499 2500 2501
2499 2502 2500
2503 2502 2499
2504 2505 2506
2504 2506 2507
2508 2509 2510
2511 2512 2513
2514 2515 2516
2514 2516 2517
2518 2517 2516
2518 2516 2519
2518 2519 2520
2518 2520 2521
2521 2520 2522
2523 2521 2522
2524 2523 2522
2524 2522 2525
2526 2527 2528
2526 2529 2527
2528 2530 2531
2528 2531 2532
2533 2532 2531
2533 2531 2534
2533 2534 2535
2536 2530 2528
2537 2533 2538
2537 2538 2539
2540 2541 2542
2540 2542 2543
2544 2545 2546
2547 2548 2549
2547 2549 2550
2551 2552 2553
2551 2553 2554
2555 2556 2557
2555 2557 2558
2559 2560 2561
2559 2561 2562
2563 2564 2565
2563 2565 2566
2567 2568 2569
2567 2569 2570
2571 2572 2573
2571 2573 2574
2575 2576 2577
2575 2577 2578
2579 2580 2581
2579 2581 2582
2583 2579 2582
2583 2582 2584
2582 2581 2585
2582 2585 2586
2584 2582 2586
2584 2586 2587
2586 2585 2588
2586 2588 2589
2587 2586 2589
2587 2589 2590
2591 2592 2593
2591 2593 2594
2595 2591 2594
2595 2594 2596
2597 2598 2599
2597 2599 2600
2601 2597 2600
2601 2600 2602
2600 2599 2603
2600 2603 2604
2602 2600 2604
2602 2604 2605
2604 2603 2606
2604 2606 2607
2605 2604 2607
2605 2607 2608
2609 2610 2611
2612 2609 2611
2613 2611 2614
2615 2611 2613
2616 2617 2618
2616 2618 2619
2620 2616 2619
2620 2621 2616
2622 2621 2620
2622 2620 2623
2624 2622 2623
2624 2623 2625
2626 2627 2628
2628 2629 2626
2626 2629 2630
2626 2631 2627
2631 2632 2627
2631 2633 2632
2632 2633 2634
2632 2634 2635
2636 2635 2634
2636 2637 2635
2629 2628 2638
2639 2629 2638
2640 2641 2642
2643 2641 2640
2643 2640 2644
2644 2645 2643
2644 2646 2645
2645 2646 2647
2648 2647 2646
2649 2647 2648
2650 2640 2651
2650 2651 2652
2653 2652 2642
2653 2642 2654
2651 2655 2654
2656 2654 2655
2656 2657 2654
2656 2658 2657
2658 2659 2657
2660 2659 2658
2660 2661 2659
2662 2661 2660
2661 2662 2663
2661 2663 2664
2665 2666 2667
2665 2667 2668
2669 2670 2671
2669 2671 2672
2673 2670 2669
2673 2674 2670
2675 2674 2673
2675 2676 2674
2677 2676 2675
2677 2678 2676
2679 2680 2681
2681 2680 2682
2679 2683 2680
2684 2680 2683
2680 2684 2685
2686 2683 2679
2686 2687 2683
2686 2688 2687
2681 2682 2689
2680 2690 2682
2691 2690 2680
2692 2691 2680
2693 2680 2685
2694 2680 2693
2695 2680 2694
2684 2696 2685
2697 2698 2699
2697 2699 2700
2700 2699 2701
2700 2701 2702
2701 2699 2703
2701 2703 2704
2705 2704 2703
2705 2703 2706
2705 2706 2707
2705 2707 2708
2709 2708 2707
2709 2707 2710
2711 2712 2713
2711 2713 2714
2715 2714 2713
2715 2716 2714
2712 2711 2717
2711 2718 2717
2718 2719 2717
2719 2720 2717
2721 2722 2723
2721 2723 2724
2725 2723 2722
2725 2726 2723
2726 2725 2727
2726 2727 2728
2727 2729 2728
2729 2730 2731
2732 2733 2734
2732 2734 2735
2732 2736 2733
2737 2732 2735
2735 2738 2737
2732 2737 2739
2732 2739 2740
2732 2740 2736
2739 2737 2741
2742 2739 2741
2740 2743 2736
2743 2744 2736
2744 2745 2736
2736 2745 2746
2744 2747 2745
2736 2748 2733
2749 2748 2736
2749 2750 2748
2751 2752 2753
2751 2753 2754
2751 2755 2752
2755 2756 2757
2756 2758 2757
2759 2760 2761
2760 2762 2761
2762 2763 2761
2759 2764 2760
2764 2759 2765
2766 2764 2765
2766 2765 2767
2766 2767 2768
2766 2768 2769
2770 2771 2772
2770 2772 2773
2774 2770 2773
2774 2773 2775
2774 2775 2776
2774 2776 2777
2777 2776 2778
2777 2778 2779
2780 2781 2782
2780 2783 2784
2785 2780 2784
2786 2787 2788
2786 2789 2787
2786 2790 2789
2791 2788 2787
2786 2788 2792
2793 2794 2795
2793 2795 2796
2797 2793 2796
2798 2799 2800
2798 2800 2801
2802 2803 2804
2805 2806 2807
2808 2809 2810
2808 2810 2811
2812 2810 2809
2812 2813 2810
2812 2814 2813
2812 2815 2814
2815 2816 2814
2817 2816 2815
2818 2816 2817
2818 2817 2819
2820 2821 2822
2820 2822 2823
2821 2824 2825
2821 2825 2826
2827 2825 2824
2827 2828 2825
2829 2828 2827
2821 2826 2830
2831 2832 2827
2831 2833 2832
2834 2835 2836
2834 2836 2837
2838 2839 2840
2841 2842 2843
2844 2843 2842
2845 2843 2844
2844 2846 2845
2846 2844 2847
2847 2844 2842
2841 2843 2848
2849 2848 2843
2843 2845 2849
2849 2845 2850
2851 2850 2845
2852 2850 2851
2853 2850 2852
2853 2852 2854
2855 2851 2845
2856 2855 2845
2857 2850 2853
2857 2858 2850
2858 2848 2849
2858 2849 2850
2857 2853 2859
2859 2853 2854
2857 2859 2860
2861 2854 2852
2852 2862 2861
2862 2852 2851
2862 2851 2855
2859 2854 2863
2863 2854 2861
2864 2858 2857
2864 2857 2860
2865 2858 2864
2865 2848 2858
2862 2855 2866
2864 2860 2867
2867 2860 2868
2867 2868 2869
2867 2869 2870
2869 2871 2870
2869 2872 2871
2868 2872 2869
2871 2873 2870
2873 2874 2870
2875 2870 2874
2870 2875 2876
2864 2867 2876
2867 2870 2876
2877 2875 2874
2874 2878 2877
2878 2874 2879
2879 2880 2878
2878 2881 2877
2880 2881 2878
2882 2877 2881
2875 2877 2883
2882 2883 2877
2876 2875 2883
2884 2874 2873
2885 2874 2884
2886 2871 2872
2871 2886 2887
2887 2884 2873
2887 2873 2871
2880 2888 2881
2889 2876 2883
2889 2864 2876
2888 2890 2881
2890 2891 2881
2891 2890 2892
2892 2883 2891
2892 2865 2883
2887 2893 2884
2894 2848 2889
2894 2895 2848
2895 2894 2896
2896 2842 2895
2897 2842 2896
2847 2842 2897
2893 2898 2899
2898 2885 2899
2898 2900 2885
2885 2900 2901
2901 2902 2885
2879 2902 2901
2856 2903 2904
2905 2856 2904
2905 2906 2856
2903 2856 2907
2846 2903 2907
2866 2906 2905
2177 2181 2908
2908 2181 2195
2868 2909 2872
2909 2886 2872
2910 2911 2912
2913 2914 2915
2916 2917 2918
2919 2920 2921
2922 2923 2924
2925 2926 2927
2928 2929 2930
2928 2930 2931
2932 2933 2934
2932 2934 2935
2936 2937 2938
2936 2938 2939
2940 2941 2942
2940 2942 2943
2944 2945 2946
2944 2946 2947
2948 2949 2950
2948 2950 2951
2952 2953 2954
2952 2954 2955
2956 2957 2958
2956 2958 2959
2960 2961 2962
2960 2962 2963
2964 2960 2963
2964 2963 2965
2966 2967 2962
2966 2962 2968
2969 2967 2966
2969 2970 2967
2971 2972 2973
2971 2973 2974
2975 2971 2974
2975 2974 2976
2974 2973 2977
2974 2977 2978
2976 2974 2978
2976 2978 2979
2978 2977 2980
2978 2980 2981
2979 2978 2981
2979 2981 2982
2983 2984 2985
2983 2985 2986
2987 2983 2986
2987 2986 2988
2989 2990 2991
2989 2991 2992
2993 2989 2992
2993 2992 2994
2992 2991 2995
2992 2995 2996
2994 2992 2996
2994 2996 2997
2996 2995 2998
2996 2998 2999
2997 2996 2999
2997 2999 3000
3001 3002 3003
3001 3003 3004
3005 3001 3004
3005 3006 3001
3007 3006 3005
3007 3005 3008
3009 3007 3008
3009 3008 3010
3011 3012 3013
3013 3014 3011
3014 3013 3015
3014 3016 3011
3016 3017 3011
3016 3018 3017
3017 3018 3019
3017 3019 3020
3021 3020 3019
3021 3022 3020
3013 3012 3023
3024 3013 3023
3025 3026 3027
3028 3026 3025
3028 3025 3029
3029 3030 3028
3029 3031 3030
3030 3031 3032
3033 3032 3031
3034 3032 3033
3035 3025 3036
3035 3036 3037
3038 3037 3027
3038 3027 3039
3036 3040 3039
3041 3039 3040
3041 3042 3039
3041 3043 3042
3043 3044 3042
3045 3044 3043
3045 3046 3044
3047 3046 3045
3046 3047 3048
3046 3048 3049
3050 3051 3052
3050 3052 3053
3054 3055 3056
3054 3056 3057
3058 3055 3054
3058 3059 3055
3060 3059 3058
3060 3061 3059
3062 3061 3060
3062 3063 3061
3064 3065 3066
3066 3065 3067
3064 3068 3065
3069 3065 3068
3065 3069 3070
3071 3068 3064
3071 3072 3068
3071 3073 3072
3074 3075 3070
3076 3075 3074
3077 3075 3076
3078 3079 3075
3079 3080 3075
3075 3080 3081
3082 3083 3084
3082 3084 3085
3085 3084 3086
3085 3086 3087
3086 3084 3088
3086 3088 3089
3090 3089 3088
3090 3088 3091
3090 3091 3092
3090 3092 3093
3094 3093 3092
3094 3092 3095
3096 3097 3098
3096 3098 3099
3100 3099 3098
3100 3101 3099
3097 3096 3102
3096 3103 3102
3103 3104 3102
3104 3105 3102
3106 3107 3108
3106 3108 3109
3110 3108 3107
3110 3111 3108
3111 3110 3112
3111 3112 3113
3112 3114 3113
3115 3116 3117
3118 3119 3117
3120 3121 3122
3120 3122 3123
3120 3124 3121
3120 3125 3124
3126 3120 3123
3123 3127 3126
3125 3120 3128
3126 3128 3120
3126 3129 3128
3129 3130 3128
3125 3131 3124
3124 3131 3132
3132 3133 3124
3124 3133 3134
3132 3135 3133
3124 3136 3121
3137 3136 3124
3137 3138 3136
3139 3140 3141
3139 3141 3142
3139 3143 3140
3143 3144 3145
3144 3146 3145
3147 3148 3149
3148 3150 3149
3150 3151 3149
3147 3152 3148
3152 3147 3153
3154 3152 3153
3154 3153 3155
3154 3155 3156
3154 3156 3157
3158 3159 3160
3158 3160 3161
3162 3159 3158
3162 3163 3159
3164 3165 3163
3164 3163 3166
3165 3164 3167
3167 3168 3165
3166 3169 3170
3169 3171 3170
3169 3172 3171
3166 3170 3173
3174 3162 3173
3174 3173 3175
3175 3176 3174
3176 3175 3177
3178 3179 3174
3180 3179 3178
3180 3178 3181
3180 3181 3182
3180 3183 3179
3184 3185 3186
3184 3186 3187
3188 3184 3187
3188 3187 3189
3188 3189 3190
3188 3190 3191
3191 3190 3192
3191 3192 3193
3194 3195 3196
3194 3197 3198
3199 3194 3198
3200 3201 3202
3200 3203 3201
3200 3204 3203
3200 3202 3205
3206 3202 3201
3207 3208 3209
3207 3209 3210
3211 3207 3210
3212 3213 3214
3212 3214 3215
3216 3217 3218
3219 3220 3221
3222 3223 3224
3222 3224 3225
3226 3224 3223
3226 3227 3224
3226 3228 3227
3226 3229 3228
3229 3230 3228
3231 3230 3229
3232 3230 3231
3232 3231 3233
3234 3235 3236
3237 3238 3239
3237 3239 3240
3241 3242 3243
3241 3243 3244
3245 3246 3247
3245 3247 3248
3249 3250 3251
3249 3251 3252
3253 3254 3255
3253 3255 3256
3257 3258 3259
3257 3259 3260
3261 3262 3263
3261 3263 3264
3265 3266 3267
3265 3267 3268
3269 3270 3271
3269 3271 3272
3273 3270 3269
3273 3274 3270
3270 3275 3271
3270 3276 3275
3274 3276 3270
3274 3277 3276
3276 3278 3275
3276 3279 3278
3277 3279 3276
3277 3280 3279
3281 3282 3283
3281 3283 3284
3285 3282 3281
3285 3286 3282
3287 3288 3289
3287 3289 3290
3291 3288 3287
3291 3292 3288
3288 3293 3289
3288 3294 3293
3292 3294 3288
3292 3295 3294
3294 3296 3293
3294 3297 3296
3295 3297 3294
3295 3298 3297
3299 3300 3301
3299 3301 3302
3303 3300 3299
3303 3299 3304
3305 3303 3304
3305 3306 3303
3307 3306 3305
3307 3308 3306
3309 3310 3311
3311 3312 3309
3310 3309 3313
3311 3310 3314
3314 3310 3315
3314 3315 3316
3315 3317 3316
3315 3318 3317
3319 3317 3318
3319 3318 3320
3309 3321 3313
3322 3321 3309
3323 3324 3325
3326 3323 3325
3326 3327 3323
3327 3326 3328
3327 3328 3329
3328 3330 3329
3331 3329 3330
3332 3331 3330
3333 3334 3323
3333 3335 3334
3336 3324 3335
3336 3337 3324
3334 3337 3338
3339 3338 3337
3339 3337 3340
3339 3340 3341
3341 3340 3342
3343 3341 3342
3343 3342 3344
3345 3343 3344
3344 3346 3345
3344 3347 3346
3348 3349 3350
3348 3350 3351
3352 3353 3354
3352 3354 3355
3356 3352 3355
3356 3355 3357
3358 3356 3357
3358 3357 3359
3360 3358 3359
3360 3359 3361
3362 3363 3364
3362 3364 3365
3366 3365 3364
3367 3362 3365
3367 3365 3368
3367 3368 3369
3363 3370 3364
3371 3366 3364
3372 3371 3373
3374 3372 3373
3375 3374 3373
3376 3373 3377
3377 3373 3378
3379 3378 3373
3380 3381 3382
3380 3382 3383
3381 3384 3382
3381 3385 3384
3384 3386 3382
3384 3387 3386
3388 3386 3387
3388 3389 3386
3388 3390 3389
3388 3391 3390
3392 3390 3391
3392 3393 3390
3394 3395 3396
3394 3396 3397
3398 3396 3395
3398 3395 3399
3397 3400 3394
3400 3401 3394
3400 3402 3401
3400 3403 3402
3404 3405 3406
3404 3406 3407
3408 3407 3406
3408 3406 3409
3409 3410 3408
3409 3411 3410
3411 3412 3410
3413 3414 3415
3414 3416 3417
3418 3419 3420
3418 3420 3421
3422 3419 3418
3419 3422 3423
3418 3424 3422
3425 3422 3424
3418 3426 3424
3427 3425 3424
3418 3428 3426
3418 3421 3428
3421 3429 3428
3430 3428 3429
3430 3429 3431
3428 3432 3426
3433 3432 3428
3433 3428 3434
3433 3434 3435
3428 3436 3434
3437 3438 3439
3437 3439 3440
3437 3440 3441
3441 3442 3443
3443 3442 3444
3445 3446 3447
3447 3446 3448
3448 3446 3449
3445 3447 3450
3450 3451 3445
3452 3451 3450
3452 3453 3451
3452 3454 3453
3452 3455 3454
3456 3457 3458
3456 3458 3459
3460 3457 3456
3460 3461 3457
3460 3462 3461
3460 3463 3462
3463 3464 3462
3463 3465 3464
3466 3467 3468
3466 3469 3470
3471 3469 3466
3472 3473 3474
3472 3475 3473
3476 3475 3472
3477 3478 3479
3477 3479 3480
3481 3482 3483
3484 3485 3486
3487 3488 3489
3487 3489 3490
3491 3490 3489
3491 3489 3492
3491 3492 3493
3491 3493 3494
3494 3493 3495
3496 3494 3495
3497 3496 3495
3497 3495 3498
3499 3500 3501
3502 3503 3504
3505 3506 3507
3508 3509 3510
3511 3512 3513
3514 3515 3516
3514 3516 3517
3518 3519 3520
3518 3520 3521
3522 3523 3524
3525 3526 3527
3528 3529 3530
3528 3530 3531
3528 3532 3529
3528 3533 3532
3533 3528 3534
3534 3528 3531
3533 3534 3535
3532 3533 3536
3536 3533 3535
3532 3536 3537
3536 3535 3538
3534 3531 3539
3534 3539 3540
3534 3541 3535
3541 3534 3540
3535 3541 3542
3535 3542 3538
3542 3541 3543
3530 3529 3544
3532 3545 3529
3529 3545 3544
3545 3532 3537
3546 3544 3545
3546 3547 3544
3548 3544 3547
3548 3547 3549
3530 3544 3548
3550 3549 3547
3550 3551 3549
3552 3551 3550
3553 3552 3550
3553 3550 3554
3554 3550 3547
3554 3547 3546
3554 3555 3553
3554 3556 3555
3556 3554 3546
3552 3557 3551
3558 3557 3552
3558 3552 3559
3552 3553 3559
3560 3558 3559
3560 3561 3558
3562 3561 3560
3562 3560 3563
3564 3563 3560
3564 3565 3563
3560 3559 3566
3560 3566 3564
3553 3566 3559
3566 3567 3564
3566 3553 3567
3553 3555 3567
3563 3565 3568
3568 3569 3563
3569 3562 3563
3570 3569 3568
3567 3571 3564
3571 3572 3564
3571 3573 3572
3573 3568 3572
3573 3574 3568
3574 3575 3568
3576 3568 3577
3578 3579 3580
3581 3578 3580
3581 3580 3582
3582 3580 3583
3584 3583 3580
3580 3585 3584
3586 3585 3580
3587 3586 3580
3587 3580 3588
3579 3588 3580
3587 3588 3589
3579 3590 3588
3591 3587 3589
3592 3591 3589
3589 3588 3593
3594 3589 3593
3594 3595 3589
3596 3597 3598
3596 3598 3599
3600 3599 3598
3601 3600 3598
3602 3601 3598
3602 3598 3603
3603 3598 3604
3605 3604 3598
3605 3598 3606
3607 3596 3599
3608 3599 3609
3610 3611 3609
3612 3610 3613
3612 3613 3614
3600 3612 3614
3615 3607 3613
3616 3615 3609
3617 3546 3618
3617 3618 3619
3618 3537 3619
3556 3546 3617
3620 3541 3540
3621 3622 3623
