byte offset: 0
first index: 77811
index count: 8070
topology: trianglelist
format: DXGI_FORMAT_R16_UINT

21333 21334 21335
21334 21333 21336
21334 21337 21335
21338 21339 21340
21339 21338 21341
21342 21339 21341
21343 21338 21340
21338 21343 21344
21345 21344 21343
21346 21347 21348
21349 21346 21348
21346 21350 21347
21349 21348 21351
21349 21351 21352
21352 21351 21353
21349 21352 21354
21355 21356 21357
21358 21356 21355
21355 21357 21359
21358 21360 21356
21358 21361 21360
21361 21362 21360
21358 21363 21361
21364 21365 21366
21367 21365 21364
21364 21366 21368
21367 21369 21365
21367 21370 21369
21370 21371 21369
21367 21372 21370
21373 21374 21375
21376 21373 21375
21373 21377 21374
21376 21375 21378
21376 21378 21379
21379 21378 21380
21376 21379 21381
21382 21383 21384
21383 21382 21385
21382 21384 21386
21387 21388 21389
21388 21387 21390
21391 21389 21388
21387 21392 21390
21392 21387 21393
21394 21392 21393
21395 21396 21397
21396 21395 21398
21395 21399 21398
21399 21395 21400
21401 21398 21399
21398 21401 21402
21402 21403 21398
21403 21396 21398
21403 21402 21404
21402 21405 21404
21405 21402 21406
21405 21406 21407
21397 21408 21395
21409 21402 21401
21402 21409 21406
21409 21410 21406
21406 21410 21407
21410 21409 21411
21410 21411 21412
21413 21407 21410
21410 21414 21413
21410 21412 21414
21414 21412 21415
21407 21416 21405
21405 21416 21417
21405 21417 21404
21404 21417 21403
21417 21418 21403
21403 21418 21396
21419 21411 21409
21401 21419 21409
21419 21401 21420
21421 21419 21420
21422 21421 21420
21421 21422 21423
21424 21423 21422
21423 21424 21425
21426 21421 21423
21421 21426 21427
21428 21427 21426
21427 21428 21429
21423 21430 21426
21430 21423 21425
21430 21428 21426
21425 21431 21430
21431 21425 21432
21424 21432 21425
21419 21421 21433
21427 21433 21421
21433 21434 21419
21434 21433 21435
21435 21436 21434
21436 21435 21437
21437 21438 21436
21438 21437 21439
21440 21435 21433
21433 21427 21440
21429 21440 21427
21435 21440 21441
21441 21437 21435
21437 21441 21442
21442 21439 21437
21439 21442 21443
21443 21444 21439
21444 21443 21445
21445 21446 21444
21446 21445 21447
21448 21446 21447
21449 21447 21445
21447 21449 21450
21451 21450 21449
21449 21452 21451
21452 21449 21453
21445 21453 21449
21453 21445 21443
21453 21454 21452
21454 21453 21455
21443 21455 21453
21455 21443 21442
21455 21456 21454
21456 21455 21457
21442 21457 21455
21457 21458 21456
21458 21457 21459
21450 21451 21460
21460 21461 21450
21461 21460 21462
21462 21463 21461
21463 21462 21464
21464 21465 21463
21465 21464 21466
21466 21467 21465
21467 21466 21468
21468 21469 21467
21469 21468 21470
21471 21469 21470
21469 21471 21472
21473 21472 21471
21472 21473 21474
21475 21472 21474
21472 21475 21476
21477 21476 21475
21476 21477 21478
21477 21479 21478
21480 21478 21479
21478 21480 21481
21481 21476 21478
21480 21482 21481
21482 21480 21483
21483 21484 21482
21484 21483 21485
21479 21477 21486
21487 21482 21484
21484 21488 21487
21488 21484 21489
21489 21490 21488
21490 21489 21491
21482 21487 21492
21492 21481 21482
21481 21492 21493
21476 21481 21493
21493 21472 21476
21472 21493 21469
21493 21467 21469
21467 21493 21492
21492 21465 21467
21465 21492 21487
21487 21463 21465
21463 21487 21488
21488 21461 21463
21461 21488 21490
21490 21450 21461
21450 21490 21447
21494 21491 21489
21491 21494 21495
21496 21495 21494
21448 21491 21495
21496 21448 21495
21491 21448 21490
21448 21447 21490
21494 21497 21496
21496 21497 21498
21499 21496 21498
21500 21496 21499
21500 21501 21496
21501 21502 21496
21448 21496 21502
21501 21503 21502
21501 21504 21503
21503 21504 21505
21505 21504 21506
21503 21505 21438
21507 21505 21506
21505 21507 21438
21507 21506 21508
21509 21507 21508
21510 21499 21498
21499 21510 21500
21511 21510 21498
21498 21512 21511
21513 21511 21512
21512 21514 21513
21512 21515 21514
21516 21515 21512
21516 21517 21515
21516 21512 21518
21519 21517 21516
21517 21519 21520
21521 21520 21519
21520 21521 21522
21519 21523 21521
21523 21519 21524
21516 21524 21519
21524 21516 21525
21516 21518 21525
21523 21526 21521
21521 21527 21522
21526 21527 21521
21518 21512 21498
21525 21518 21528
21518 21498 21528
21525 21480 21524
21480 21525 21483
21528 21483 21525
21479 21524 21480
21524 21479 21523
21526 21523 21479
21522 21529 21520
21530 21529 21522
21527 21530 21522
21529 21530 21531
21531 21532 21529
21532 21531 21533
21533 21534 21532
21483 21528 21485
21535 21485 21528
21498 21535 21528
21485 21535 21484
21535 21536 21484
21535 21497 21536
21498 21497 21535
21497 21494 21536
21489 21536 21494
21536 21489 21484
21526 21479 21486
21537 21538 21539
21539 21408 21537
21539 21538 21540
21408 21541 21537
21408 21397 21541
21395 21408 21539
21540 21400 21539
21395 21539 21400
21400 21540 21424
21422 21400 21424
21400 21422 21399
21420 21399 21422
21399 21420 21401
21432 21424 21540
21542 21543 21544
21543 21542 21545
21546 21544 21543
21544 21546 21547
21544 21548 21542
21548 21544 21549
21547 21549 21544
21549 21550 21548
21549 21547 21551
21549 21551 21552
21546 21543 21553
21543 21545 21554
21543 21554 21553
21553 21555 21546
21555 21547 21546
21547 21555 21556
21556 21551 21547
21555 21557 21556
21557 21555 21558
21559 21556 21557
21556 21559 21560
21551 21556 21560
21560 21552 21551
21559 21561 21560
21552 21560 21561
21561 21559 21562
21563 21558 21555
21553 21563 21555
21558 21563 21564
21565 21552 21561
21552 21565 21566
21567 21566 21565
21559 21568 21562
21569 21562 21568
21562 21569 21570
21570 21561 21562
21561 21570 21565
21571 21570 21569
21570 21571 21572
21572 21565 21570
21565 21572 21567
21567 21572 21573
21572 21571 21574
21572 21574 21573
21575 21573 21574
21573 21575 21576
21574 21577 21575
21577 21574 21578
21571 21578 21574
21571 21579 21578
21569 21579 21571
21579 21569 21580
21568 21580 21569
21580 21581 21579
21582 21579 21581
21579 21582 21583
21579 21583 21578
21584 21583 21582
21583 21584 21585
21585 21578 21583
21578 21585 21577
21581 21580 21586
21587 21586 21580
21586 21587 21588
21589 21588 21587
21588 21589 21590
21591 21590 21589
21590 21591 21592
21593 21592 21591
21592 21593 21594
21593 21595 21594
21595 21593 21596
21587 21597 21589
21597 21587 21568
21568 21559 21597
21557 21597 21559
21597 21557 21598
21589 21598 21591
21598 21589 21597
21557 21599 21598
21591 21599 21593
21599 21591 21598
21599 21596 21593
21599 21557 21558
21558 21600 21599
21596 21599 21600
21600 21558 21564
21580 21568 21587
21601 21567 21602
21567 21573 21602
21576 21602 21573
21602 21576 21603
21604 21603 21576
21603 21604 21605
21605 21604 21606
21604 21576 21575
21603 21605 21607
21607 21605 21606
21607 21606 21608
21608 21606 21609
21609 21610 21608
21601 21611 21567
21612 21611 21601
21566 21611 21612
21566 21567 21611
21612 21613 21566
21614 21566 21613
21613 21615 21614
21614 21552 21566
21614 21615 21616
21549 21552 21614
21614 21616 21550
21549 21614 21550
21617 21618 21619
21618 21617 21620
21621 21620 21617
21620 21621 21622
21623 21622 21621
21622 21623 21624
21625 21619 21618
21619 21625 21626
21627 21624 21623
21624 21627 21628
21629 21628 21627
21628 21629 21630
21631 21630 21629
21630 21631 21632
21627 21633 21629
21633 21627 21634
21623 21634 21627
21634 21623 21635
21621 21635 21623
21635 21621 21636
21617 21636 21621
21636 21617 21637
21619 21637 21617
21637 21619 21638
21626 21638 21619
21638 21626 21639
21631 21640 21632
21630 21641 21628
21641 21630 21642
21642 21643 21641
21643 21642 21644
21645 21644 21642
21644 21645 21646
21647 21641 21643
21641 21647 21648
21648 21628 21641
21649 21648 21647
21648 21649 21650
21651 21650 21649
21650 21651 21652
21653 21652 21651
21652 21653 21654
21653 21655 21654
21655 21653 21656
21642 21632 21645
21657 21645 21632
21645 21657 21658
21658 21646 21645
21650 21624 21648
21628 21648 21624
21624 21650 21622
21652 21622 21650
21622 21652 21620
21654 21620 21652
21620 21654 21618
21655 21618 21654
21618 21655 21625
21640 21657 21632
21646 21658 21659
21640 21631 21660
21629 21660 21631
21660 21629 21633
21633 21661 21660
21634 21661 21633
21661 21634 21662
21662 21663 21661
21663 21662 21664
21665 21664 21662
21664 21665 21666
21667 21666 21665
21666 21667 21668
21669 21668 21667
21668 21669 21670
21671 21670 21669
21670 21671 21672
21673 21672 21671
21672 21673 21674
21668 21675 21666
21675 21668 21676
21670 21676 21668
21677 21666 21675
21666 21677 21664
21664 21677 21678
21664 21678 21663
21676 21670 21679
21672 21679 21670
21679 21672 21680
21672 21681 21680
21681 21672 21674
21667 21637 21669
21637 21667 21636
21669 21638 21671
21638 21669 21637
21671 21639 21673
21639 21671 21638
21679 21682 21676
21676 21682 21675
21682 21679 21683
21680 21683 21679
21683 21680 21684
21680 21685 21684
21685 21680 21681
21665 21636 21667
21636 21665 21635
21662 21635 21665
21635 21662 21634
21428 21686 21687
21686 21428 21688
21428 21430 21688
21687 21429 21428
21429 21687 21689
21689 21459 21429
21440 21429 21459
21459 21441 21440
21441 21459 21457
21457 21442 21441
21459 21689 21458
21431 21688 21430
21690 21691 21692
21690 21693 21691
21690 21694 21693
21694 21695 21693
21694 21696 21695
21697 21696 21694
21698 21697 21694
21698 21694 21690
21695 21699 21693
21693 21699 21700
21693 21700 21701
21693 21701 21691
21691 21701 21702
21692 21691 21702
21692 21702 21703
21703 21702 21704
21704 21705 21703
21702 21706 21704
21706 21702 21707
21702 21701 21707
21703 21705 21708
21708 21705 21709
21700 21710 21701
21701 21710 21711
21701 21711 21707
21711 21712 21707
21707 21712 21706
21705 21713 21709
21713 21714 21709
21715 21709 21714
21709 21715 21716
21708 21709 21716
21714 21713 21717
21718 21715 21714
21717 21719 21714
21719 21718 21714
21719 21717 21720
21721 21716 21715
21722 21721 21715
21718 21722 21715
21721 21722 21723
21723 21724 21721
21716 21721 21725
21724 21725 21721
21725 21724 21726
21726 21727 21725
21728 21725 21727
21728 21716 21725
21729 21728 21727
21730 21728 21729
21716 21728 21708
21731 21708 21728
21728 21730 21731
21703 21708 21731
21729 21732 21733
21732 21734 21733
21732 21729 21735
21736 21732 21735
21736 21737 21732
21737 21738 21732
21732 21739 21734
21738 21739 21732
21739 21740 21734
21741 21736 21735
21729 21742 21735
21735 21742 21741
21729 21743 21742
21743 21744 21742
21741 21742 21744
21744 21743 21745
21733 21734 21746
21746 21734 21740
21747 21733 21746
21746 21740 21748
21747 21746 21749
21749 21746 21748
21750 21749 21748
21750 21751 21749
21690 21752 21753
21698 21690 21753
21690 21692 21752
21754 21755 21756
21755 21754 21757
21756 21758 21754
21758 21756 21759
21757 21760 21755
21760 21757 21761
21761 21762 21760
21762 21761 21763
21763 21764 21762
21764 21763 21765
21765 21766 21764
21766 21765 21767
21767 21768 21766
21768 21767 21769
21769 21770 21768
21770 21769 21771
21771 21772 21770
21772 21771 21773
21774 21763 21761
21761 21775 21774
21775 21761 21757
21757 21776 21775
21776 21757 21754
21754 21777 21776
21777 21754 21758
21778 21767 21765
21765 21779 21778
21763 21774 21779
21779 21765 21763
21780 21771 21769
21769 21781 21780
21767 21778 21781
21781 21769 21767
21758 21782 21777
21782 21758 21783
21759 21783 21758
21783 21759 21784
21785 21784 21759
21759 21786 21785
21787 21785 21786
21785 21787 21788
21786 21789 21787
21789 21786 21790
21790 21791 21789
21791 21790 21792
21792 21793 21791
21793 21792 21794
21794 21795 21793
21795 21794 21796
21796 21797 21795
21797 21796 21798
21798 21799 21797
21799 21798 21800
21800 21801 21799
21801 21800 21802
21802 21803 21801
21803 21802 21804
21770 21804 21802
21804 21770 21772
21802 21768 21770
21768 21802 21800
21800 21766 21768
21766 21800 21798
21798 21764 21766
21764 21798 21796
21796 21762 21764
21762 21796 21794
21794 21760 21762
21760 21794 21792
21792 21755 21760
21755 21792 21790
21790 21756 21755
21756 21790 21786
21786 21759 21756
21805 21806 21807
21806 21805 21808
21809 21807 21806
21807 21809 21810
21811 21808 21805
21808 21811 21812
21810 21813 21807
21813 21810 21814
21815 21807 21813
21807 21815 21805
21816 21805 21815
21805 21816 21811
21812 21817 21808
21817 21812 21818
21818 21819 21817
21820 21817 21819
21817 21820 21821
21808 21821 21806
21821 21808 21817
21821 21809 21806
21820 21822 21821
21809 21821 21822
21822 21820 21823
21819 21818 21824
21815 21825 21816
21825 21815 21826
21826 21827 21825
21827 21826 21828
21826 21829 21828
21829 21826 21830
21815 21830 21826
21831 21829 21830
21829 21831 21832
21833 21829 21832
21829 21833 21834
21834 21828 21829
21828 21834 21835
21835 21827 21828
21827 21835 21836
21830 21814 21831
21814 21830 21813
21830 21815 21813
21837 21836 21835
21836 21837 21838
21835 21839 21837
21839 21835 21834
21834 21840 21839
21840 21834 21833
21841 21842 21843
21842 21841 21844
21843 21845 21841
21845 21843 21846
21846 21847 21845
21847 21846 21848
21848 21849 21847
21849 21848 21850
21850 21851 21849
21851 21850 21852
21852 21853 21851
21853 21852 21854
21854 21855 21853
21855 21854 21856
21856 21857 21855
21857 21856 21858
21859 21857 21858
21857 21859 21860
21861 21848 21846
21848 21861 21862
21862 21850 21848
21850 21862 21863
21863 21852 21850
21852 21863 21864
21864 21854 21852
21854 21864 21865
21866 21854 21865
21854 21866 21856
21866 21858 21856
21858 21866 21867
21867 21859 21858
21859 21867 21868
21860 21869 21857
21869 21855 21857
21869 21860 21870
21870 21771 21869
21771 21780 21869
21771 21870 21773
21855 21869 21780
21780 21853 21855
21853 21780 21781
21781 21851 21853
21851 21781 21778
21778 21849 21851
21849 21778 21779
21779 21847 21849
21847 21779 21774
21774 21845 21847
21845 21774 21775
21775 21841 21845
21841 21775 21776
21776 21844 21841
21844 21776 21777
21777 21871 21844
21844 21871 21842
21871 21777 21782
21782 21783 21872
21784 21872 21783
21872 21784 21873
21873 21874 21872
21875 21874 21873
21874 21875 21876
21873 21877 21875
21877 21873 21784
21784 21785 21877
21788 21877 21785
21877 21788 21878
21878 21875 21877
21875 21878 21879
21879 21876 21875
21876 21879 21880
21881 21843 21842
21881 21882 21843
21881 21883 21882
21882 21883 21861
21882 21861 21846
21846 21843 21882
21883 21884 21861
21861 21884 21862
21884 21885 21862
21885 21863 21862
21863 21885 21886
21886 21864 21863
21864 21886 21887
21887 21865 21864
21865 21887 21888
21888 21866 21865
21866 21888 21889
21889 21867 21866
21867 21889 21890
21890 21868 21867
21868 21890 21891
21892 21893 21894
21894 21895 21892
21894 21896 21895
21897 21896 21894
21896 21897 21898
21897 21899 21898
21895 21896 21900
21895 21900 21901
21892 21895 21901
21892 21901 21902
21901 21903 21902
21892 21902 21904
21902 21905 21904
21905 21902 21906
21903 21906 21902
21907 21904 21905
21904 21907 21908
21896 21898 21909
21898 21910 21909
21910 21911 21909
21910 21912 21911
21910 21898 21913
21910 21913 21914
21913 21915 21914
21915 21913 21916
21913 21917 21916
21898 21917 21913
21910 21918 21912
21914 21918 21910
21919 21904 21908
21919 21892 21904
21920 21892 21919
21917 21921 21916
21921 21917 21899
21899 21917 21898
21899 21922 21921
21920 21893 21892
21923 21924 21925
21924 21926 21925
21924 21927 21926
21926 21928 21925
21925 21928 21929
21930 21929 21928
21929 21930 21931
21928 21932 21930
21932 21928 21933
21926 21933 21928
21933 21926 21934
21933 21934 21935
21932 21933 21935
21934 21926 21936
21936 21926 21927
21927 21937 21936
21927 21938 21937
21936 21939 21934
21939 21940 21934
21934 21940 21935
21940 21939 21941
21942 21943 21944
21945 21944 21943
21945 21943 21946
21947 21945 21946
21947 21946 21948
21948 21946 21949
21946 21950 21949
21946 21943 21950
21943 21951 21950
21949 21950 21952
21949 21953 21948
21954 21949 21952
21949 21954 21953
21953 21955 21948
21956 21953 21954
21953 21956 21957
21953 21957 21955
21955 21958 21948
21958 21947 21948
21958 21959 21947
21960 21951 21961
21960 21961 21962
21962 21961 21963
21961 21964 21963
21963 21964 21965
21966 21960 21962
21962 21967 21966
21967 21962 21968
21962 21963 21968
21968 21969 21967
21968 21963 21970
21965 21970 21963
21970 21971 21968
21971 21972 21968
21969 21968 21972
21970 21973 21971
21973 21970 21965
21973 21974 21971
21975 21971 21974
21971 21975 21972
21974 21976 21975
21977 21966 21967
21966 21977 21978
21967 21979 21977
21979 21967 21969
21969 21980 21979
21980 21969 21972
21975 21980 21972
21981 21982 21965
21965 21964 21981
21983 21984 21985
21984 21983 21986
21985 21984 21987
21985 21988 21983
21988 21986 21983
21988 21985 21989
21987 21990 21985
21989 21985 21990
21990 21987 21991
21987 21992 21991
21992 21987 21993
21987 21994 21993
21986 21988 21995
21995 21996 21986
21996 21994 21986
21997 21994 21996
21998 21997 21996
21996 21995 21998
21997 21998 21999
22000 21998 21995
21998 22000 22001
21998 22001 22002
21998 22002 21999
21995 22003 22000
22003 21995 21988
21988 22004 22003
21990 22004 21989
22004 21988 21989
22005 21991 21992
21991 22005 22006
22006 21990 21991
22004 21990 22007
21990 22006 22007
22001 22008 22002
22009 22010 22011
22012 22010 22009
22013 22012 22009
22013 22009 22011
22013 22011 22014
22013 22014 22015
22013 22015 22016
22016 22017 22013
22017 22016 22018
22016 22015 22019
22018 22020 22017
22020 22021 22017
22021 22022 22017
22022 22013 22017
22013 22022 22012
22012 22022 22021
22021 22023 22012
22010 22012 22024
22012 22025 22024
22012 22023 22025
22026 22016 22019
22016 22026 22027
22016 22027 22018
22026 22028 22027
22029 22024 22025
22030 22031 22032
22032 22031 22033
22031 22034 22033
22035 22034 22031
22034 22035 22036
22034 22037 22033
22038 22034 22036
22034 22038 22039
22034 22039 22037
22039 22040 22037
22040 22041 22037
22033 22037 22041
22041 22040 22042
22036 22043 22038
22043 22036 22044
22044 22036 22035
22045 22035 22031
22042 22046 22041
22046 22042 22047
22041 22046 22048
22033 22041 22048
22032 22033 22048
22047 22049 22046
22049 22047 22050
22051 22046 22049
22046 22051 22048
22032 22048 22051
22032 22051 22052
22030 22032 22052
22053 22054 22055
22056 22054 22053
22057 22056 22053
22056 22057 22058
22059 22053 22055
22053 22059 22057
22060 22056 22058
22061 22056 22060
22061 22062 22056
22063 22062 22061
22062 22063 22064
22065 22063 22061
22065 22061 22060
22063 22065 22066
22063 22067 22064
22067 22063 22066
22068 22067 22066
22067 22068 22069
22066 22070 22068
22070 22066 22065
22060 22070 22065
22070 22060 22071
22058 22071 22060
22071 22058 22072
22058 22073 22072
22073 22058 22057
22057 22074 22073
22074 22057 22059
22075 22076 22077
22078 22077 22076
22077 22078 22079
22076 22080 22078
22080 22076 22081
22076 22075 22081
22082 22079 22078
22079 22082 22083
22078 22084 22082
22084 22078 22080
22085 22086 22087
22086 22088 22087
22089 22088 22086
22086 22090 22089
22090 22086 22091
22085 22091 22086
22090 22092 22089
22088 22089 22092
22092 22090 22093
22094 22085 22087
22094 22087 22095
22087 22096 22095
22097 22096 22092
22093 22097 22092
22098 22096 22097
22093 22099 22097
22099 22098 22097
22099 22100 22098
22101 22094 22095
22102 22103 22104
22103 22102 22105
22106 22105 22102
22106 21923 22105
22103 22105 22107
22107 22105 22108
22109 22107 22108
22109 22110 22107
22110 22103 22107
22104 22103 22111
22110 22111 22103
22111 22112 22104
22108 22105 21925
21923 21925 22105
22113 22109 22108
22114 22115 22116
22115 22114 22117
22117 22118 22115
22118 22119 22115
22119 22120 22115
22115 22120 22116
22118 22121 22119
22122 22123 22124
22123 22122 22125
22122 22126 22125
22126 22122 22127
22127 22128 22126
22128 22127 22129
22122 22130 22127
22127 22130 22129
22130 22131 22129
22131 22128 22129
22124 22132 22122
22131 22132 22133
22133 22134 22131
22128 22131 22134
22134 22133 22135
22134 22135 22136
22137 22136 22135
22138 22139 22140
22139 22138 22141
22139 22142 22140
22142 22139 22143
22144 22139 22141
22144 22141 22145
22140 22146 22138
22146 22140 22147
22140 22148 22147
22148 22140 22142
22149 22138 22146
22138 22149 22150
22150 22141 22138
22141 22150 22145
22142 22151 22148
22151 22142 22152
22152 22153 22151
22153 22152 22154
22155 22154 22152
22155 22152 22142
22155 22142 22143
22154 22155 22156
22144 22157 22156
22158 22155 22143
22158 22156 22155
22158 22143 22139
22159 22153 22154
22157 22159 22156
22159 22154 22156
22153 22159 22160
22161 22162 22163
22162 22161 22164
22164 22165 22162
22165 22164 22166
22167 22166 22164
22167 22164 22161
22168 22165 22166
22165 22168 22169
22170 22169 22168
22169 22170 22171
22172 22170 22168
22172 22168 22166
22173 22170 22172
22173 22174 22170
22174 22171 22170
22173 22175 22174
22176 22177 22178
22179 22176 22178
22180 22179 22178
22181 22176 22179
22176 22181 22182
22183 22181 22179
22183 22184 22181
22183 22185 22184
22185 22186 22184
22184 22186 22187
22187 22182 22181
22184 22187 22181
22186 22185 22188
22180 22189 22185
22189 22188 22185
22180 22190 22189
22188 22189 22191
22192 22191 22189
22190 22192 22189
22193 22194 22195
22194 22193 22196
22194 22196 22197
22198 22199 21901
21900 22198 21901
21901 22199 21903
22200 22201 22202
22201 22200 22203
22204 22203 22200
22202 22205 22200
22205 22204 22200
22205 22202 22206
22207 22201 22203
22201 22207 22208
22209 22208 22207
22208 22209 22210
22211 22209 22207
22203 22211 22207
22212 22213 21418
21417 22212 21418
21416 22212 21417
21416 22214 22212
21542 22215 21545
22215 22216 21545
22216 22215 22217
22218 22217 22215
22217 22218 22219
22218 22220 22219
21545 22216 21554
21411 21419 21434
21434 21412 21411
21412 21434 21436
21412 21436 22221
21507 21412 22221
21438 21507 22221
21436 21438 22221
21412 21507 21415
21509 21415 21507
22222 21415 21509
21415 22222 21414
22222 21413 21414
21439 22223 21438
22223 21439 21444
22223 21444 22224
21444 21446 22224
21446 21502 22224
21502 21446 21448
22224 21503 22223
21503 22224 21502
22223 21503 21438
22225 22226 22227
22228 22227 22226
22227 22228 22229
22230 22229 22228
22229 22230 22231
22231 22232 22229
22232 22231 22233
22234 22229 22232
22229 22234 22227
22235 22227 22234
22235 22225 22227
22236 22225 22235
21642 21630 21632
22237 22238 22239
22240 22238 22237
22241 22238 22240
22242 22238 22241
22237 22243 22240
22243 22237 22244
22243 22244 22245
22243 22245 22246
22245 22247 22246
22248 22246 22247
22246 22248 22249
22247 22245 22250
22251 22250 22245
22244 22251 22245
22250 22251 22252
22252 22253 22250
22253 22252 22254
22255 22250 22253
22250 22255 22247
22256 22252 22251
22252 22256 22257
22257 22254 22252
22251 22258 22256
22258 22251 22244
22247 22259 22248
22259 22247 22255
22246 22249 22260
22261 22249 22248
22249 22261 22262
22260 22249 22262
22261 22263 22262
22263 22261 22264
22265 22263 22264
22263 22265 22266
22267 22263 22266
22263 22267 22268
22268 22260 22262
22268 22262 22263
22269 22268 22267
22268 22269 22270
22270 22260 22268
22270 22269 22271
22270 22271 22241
22241 22272 22270
22270 22272 22260
22243 22260 22272
22241 22240 22272
22272 22240 22243
22271 22273 22241
22274 22264 22261
22248 22274 22261
22274 22248 22259
22273 22242 22241
22243 22246 22260
22275 22276 22277
22278 22275 22277
22279 22275 22278
22280 22275 22279
22280 22281 22275
22281 22282 22275
22281 22280 22283
22284 22283 22280
22279 22284 22280
22283 22284 22285
22284 22279 22286
22286 22287 22284
22287 22285 22284
22287 22286 22288
22288 22289 22287
22289 22288 22290
22288 22291 22290
22292 22290 22291
22290 22292 22293
22293 22289 22290
22291 22288 22294
22286 22294 22288
22294 22295 22291
22295 22294 22296
22297 22296 22294
22294 22286 22297
22296 22297 22298
22299 22287 22289
22287 22299 22300
22285 22287 22300
22301 22291 22295
22291 22301 22292
22278 22298 22297
22298 22278 22302
22297 22279 22278
22279 22297 22286
22303 22300 22299
22299 22304 22303
22305 22303 22304
22303 22305 22306
22304 22299 22307
22306 22305 22308
22300 22303 22309
22310 22300 22309
22300 22310 22285
22311 22285 22310
22310 22312 22311
22312 22310 22313
22313 22310 22314
22303 22314 22309
22314 22303 22306
22310 22309 22314
22285 22311 22283
22281 22283 22311
22315 22311 22312
22315 22281 22311
22316 22281 22315
22281 22316 22317
22318 22306 22308
22306 22318 22314
22313 22314 22318
22319 22313 22318
22318 22320 22319
22320 22318 22321
22313 22319 22322
22322 22312 22313
22318 22308 22321
22323 22317 22316
22324 22323 22316
22315 22324 22316
22323 22324 22325
22326 22323 22325
22324 22315 22327
22312 22327 22315
22327 22312 22328
22312 22322 22328
22323 22329 22317
22317 22329 22282
22281 22317 22282
22329 22323 22330
22331 22332 22333
22331 22334 22332
22332 22334 22335
22334 22336 22335
22337 22335 22336
22335 22337 22338
22338 22339 22335
22335 22339 22332
22339 22338 22340
22341 22340 22338
22340 22341 22342
22343 22342 22341
22342 22343 22344
22345 22342 22344
22344 22346 22345
22345 22346 22347
22346 22344 22348
22345 22347 22349
22349 22350 22345
22342 22345 22350
22350 22340 22342
22350 22349 22351
22351 22352 22350
22340 22350 22352
22352 22351 22353
22353 22354 22352
22340 22354 22339
22354 22340 22352
22354 22353 22355
22333 22354 22355
22341 22356 22343
22357 22343 22356
22343 22357 22358
22344 22358 22348
22358 22344 22343
22359 22358 22357
22358 22359 22360
22360 22348 22358
22348 22360 22361
22362 22361 22360
22361 22362 22363
22362 22364 22363
22364 22362 22365
22366 22361 22363
22361 22366 22367
22367 22366 22368
22366 22369 22368
22369 22363 22364
22363 22369 22366
22370 22360 22359
22360 22370 22362
22346 22361 22367
22361 22346 22348
22346 22367 22347
22347 22367 22371
22367 22368 22371
22368 22372 22371
22362 22370 22373
22365 22362 22373
22374 22375 22376
22375 22374 22377
22376 22378 22374
22379 22377 22374
22378 22379 22374
22377 22379 22380
22381 22375 22377
22375 22381 22382
22383 22382 22381
22382 22383 22384
22384 22383 22385
22385 22386 22384
22387 22385 22383
22385 22387 22388
22388 22389 22385
22389 22388 22390
22390 22391 22389
22391 22392 22389
22393 22383 22381
22383 22393 22387
22393 22381 22377
22393 22377 22380
22392 22394 22389
22394 22385 22389
22385 22394 22386
22395 22394 22392
22394 22396 22386
22386 22396 22384
22396 22394 22397
22395 22397 22394
22398 22397 22395
22399 22395 22392
22395 22400 22398
22401 22398 22400
22402 22401 22400
22400 22403 22402
22403 22400 22395
22399 22403 22395
22404 22403 22399
22403 22404 22405
22405 22402 22403
22399 22406 22404
22406 22399 22407
22407 22408 22406
22408 22407 22409
22409 22407 22392
22399 22392 22407
22409 22410 22408
22410 22409 22411
22409 22412 22411
22412 22409 22391
22409 22392 22391
22402 22405 22413
22414 22401 22402
22413 22414 22402
22390 22412 22391
22404 22415 22405
22405 22415 22416
22405 22416 22413
22414 22413 22417
22418 22414 22417
22414 22418 22419
22418 22420 22419
22420 22418 22421
22420 22422 22419
22422 22414 22419
22414 22422 22401
22418 22423 22421
22423 22418 22424
22417 22424 22418
22425 22423 22424
22423 22425 22426
22427 22425 22424
22424 22417 22427
22428 22427 22417
22413 22428 22417
22416 22428 22413
22429 22430 22431
22430 22432 22431
22432 22430 22433
22432 22434 22431
22435 22431 22434
22431 22435 22436
22437 22436 22435
22436 22437 22438
22438 22439 22436
22436 22439 22431
22439 22440 22431
22439 22438 22441
22442 22441 22438
22441 22442 22443
22444 22443 22442
22445 22443 22444
22443 22445 22446
22447 22443 22446
22443 22447 22441
22447 22439 22441
22446 22448 22447
22448 22446 22449
22450 22449 22446
22445 22450 22446
22449 22450 22451
22452 22448 22449
22448 22452 22453
22439 22447 22454
22454 22455 22439
22447 22456 22454
22456 22447 22448
22453 22456 22448
22456 22457 22454
22458 22450 22445
22450 22458 22459
22451 22450 22459
22459 22458 22460
22461 22449 22451
22449 22461 22452
22451 22462 22461
22462 22451 22463
22463 22451 22459
22462 22463 22464
22463 22459 22465
22463 22465 22464
22459 22460 22465
22462 22464 22466
22467 22458 22445
22445 22468 22467
22468 22445 22444
22444 22469 22468
22469 22444 22470
22471 22469 22470
22470 22472 22471
22472 22470 22473
22472 22473 22437
22442 22473 22470
22470 22444 22442
22473 22442 22438
22473 22438 22437
22474 22475 22476
22474 22476 22477
22474 22478 22475
22478 22479 22475
22479 22478 22480
22474 22481 22478
22481 22482 22478
22478 22482 22483
22484 22483 22482
22482 22485 22484
22485 22486 22484
22487 22484 22486
22488 22484 22487
22486 22489 22487
22486 22490 22489
22491 22490 22486
22492 22483 22484
22492 22480 22478
22478 22483 22492
22484 22488 22492
22493 22479 22480
22494 22493 22480
22492 22494 22480
22492 22495 22494
22492 22496 22495
22488 22496 22492
22488 22497 22496
22497 22488 22487
22498 22499 22500
22499 22498 22501
22502 22498 22500
22503 22504 22505
22506 22504 22503
22506 22507 22504
22507 22508 22504
22504 22508 22509
22504 22509 22505
22509 22510 22505
22510 22511 22505
22505 22511 22512
22507 22513 22508
22507 22514 22513
22506 22515 22516
22515 22517 22516
22518 22515 22506
22518 22519 22515
22517 22520 22516
22519 22521 22515
22515 22521 22522
22515 22522 22517
22519 22523 22521
22524 22525 22526
22525 22524 22527
22525 22528 22526
22529 22530 22531
22532 22531 22530
22533 22532 22530
22530 22534 22533
22533 22534 22535
22536 22534 22530
22536 22537 22534
22534 22537 22538
22537 22539 22538
22540 22538 22539
22538 22540 22534
22540 22535 22534
22541 22539 22537
22541 22542 22539
22539 22542 22543
22544 22539 22543
22542 22545 22543
22546 22545 22542
22539 22544 22547
22547 22540 22539
22548 22533 22535
22549 22548 22535
22540 22549 22535
22540 22550 22549
22540 22551 22550
22551 22540 22547
22544 22552 22547
22552 22551 22547
22553 22541 22554
22553 22554 22555
22553 22555 22556
22554 22541 22557
22557 22558 22554
22554 22558 22559
22558 22560 22559
22554 22559 22561
22554 22561 22555
22562 22563 22564
22563 22562 22565
22564 22566 22562
22567 22568 22569
22568 22567 22570
22568 22571 22569
22572 22573 22574
22575 22572 22574
22576 22572 22575
22572 22576 22577
22574 22578 22575
22579 22580 22581
22579 22582 22580
22579 22583 22582
22583 22584 22582
22582 22584 22585
22584 22586 22585
22585 22586 22587
22585 22587 22588
22589 22579 22581
22589 22581 22590
22581 22591 22590
22590 22591 22592
22590 22592 22593
22593 22592 22594
22592 22595 22594
22587 22596 22588
22586 22596 22587
22586 22597 22596
22598 22599 22600
22599 22598 22601
22599 22602 22600
22603 22604 22605
22605 22604 22606
22607 22603 22605
22608 22603 22607
22609 22608 22607
22610 22608 22609
22611 22608 22610
22612 22611 22610
22606 22604 22613
22604 22614 22613
22613 22614 22615
22614 22616 22615
22617 22615 22616
22616 22618 22617
22619 22615 22620
22621 22619 22620
22620 22622 22621
22622 22623 22621
22622 22624 22623
22624 22625 22623
22625 22624 22626
22626 22627 22625
22628 22625 22627
22625 22628 22629
22623 22625 22629
22629 22630 22623
22631 22618 22622
22623 22630 22632
22632 22621 22623
22633 22634 22635
22636 22635 22634
22636 22637 22635
22635 22637 22638
22638 22639 22635
22635 22639 22640
22635 22640 22641
22635 22641 22633
22642 22643 22644
22643 22642 22645
22646 22644 22643
22644 22646 22647
22648 22647 22646
22647 22648 22649
22648 22650 22649
22650 22648 22651
22651 22652 22650
22652 22651 22653
22652 22654 22650
22654 22649 22650
22654 22652 22655
22649 22654 22656
22657 22642 22644
22644 22658 22657
22647 22658 22644
22658 22647 22659
22649 22659 22647
22659 22649 22656
22660 22653 22651
22653 22660 22661
22651 22662 22660
22662 22651 22648
22646 22662 22648
22662 22646 22663
22663 22664 22662
22664 22660 22662
22664 22663 22665
22666 22664 22665
22667 22666 22665
22663 22667 22665
22664 22666 22668
22668 22669 22664
22660 22664 22669
22669 22661 22660
22669 22668 22670
22670 22671 22669
22661 22669 22671
22671 22670 22672
22643 22663 22646
22663 22643 22673
22667 22663 22673
22673 22674 22667
22673 22675 22674
22675 22673 22676
22645 22673 22643
22673 22645 22676
22677 22678 22679
22678 22677 22680
22678 22681 22679
22681 22678 22682
22682 22683 22681
22683 22682 22684
22685 22684 22682
22684 22685 22686
22687 22686 22685
22686 22687 22688
22689 22688 22687
22688 22689 22690
22689 22691 22690
22682 22692 22685
22692 22682 22678
22692 22678 22680
22693 22680 22677
22680 22693 22694
22687 22695 22689
22689 22695 22691
22695 22687 22696
22696 22685 22692
22685 22696 22687
22694 22693 22697
22698 22694 22697
22699 22698 22697
22696 22700 22695
22701 22700 22696
22696 22692 22701
22694 22698 22701
22680 22694 22701
22692 22680 22701
22702 22703 22704
22703 22702 22705
22706 22705 22702
22705 22706 22707
22704 22703 22708
22705 22709 22703
22707 22709 22705
22709 22707 22710
22711 22707 22706
22707 22711 22712
22707 22712 22713
22713 22710 22707
22714 22706 22702
22702 22704 22714
22714 22715 22706
22715 22711 22706
22716 22715 22714
22704 22717 22714
22714 22717 22716
22717 22718 22716
22719 22718 22717
22720 22719 22717
22718 22719 22721
22722 22721 22719
22719 22723 22722
22719 22720 22723
22721 22722 22724
22725 22724 22722
22722 22726 22725
22726 22722 22727
22723 22727 22722
22723 22728 22727
22728 22723 22729
22720 22729 22723
22724 22725 22730
22727 22728 22731
22727 22731 22726
22729 22720 22708
22704 22720 22717
22704 22708 22720
22730 22732 22724
22721 22724 22732
22732 22730 22733
22734 22721 22732
22735 22732 22733
22736 22732 22735
22737 22738 22736
22739 22718 22721
22740 22716 22718
22741 22742 22743
22744 22741 22743
22745 22741 22744
22745 22744 22746
22741 22745 22747
22746 22744 22748
22749 22741 22747
22741 22749 22750
22750 22742 22741
22751 22746 22748
22751 22752 22746
22753 22746 22752
22746 22753 22754
22754 22753 22755
22754 22755 22756
22754 22756 22757
22756 22758 22757
22758 22759 22757
22760 22751 22748
22760 22748 22744
22761 22760 22744
22761 22744 22743
22762 22754 22757
22754 22762 22763
22764 22763 22762
22765 22746 22754
22746 22765 22766
22766 22745 22746
22745 22766 22767
22767 22747 22745
22747 22767 22768
22769 22747 22768
22747 22769 22749
22770 22766 22765
22771 22766 22770
22771 22767 22766
22771 22768 22767
22772 22768 22771
22768 22772 22769
22773 22742 22774
22742 22750 22774
22775 22776 22777
22776 22775 22778
22776 22778 22779
22780 22776 22779
22776 22780 22777
22780 22781 22777
22782 22780 22779
22783 22782 22779
22779 22784 22783
22784 22779 22785
22778 22785 22779
22778 22786 22785
22784 22785 22786
22786 22778 22787
22788 22787 22778
22775 22788 22778
22775 22789 22788
22789 22790 22788
22791 22790 22789
22790 22791 22792
22789 22793 22791
22794 22780 22782
22780 22795 22781
22794 22795 22780
22796 22791 22793
22791 22796 22797
22796 22798 22797
22798 22796 22799
22796 22800 22799
22800 22796 22801
22793 22801 22796
22798 22802 22797
22802 22798 22803
22803 22804 22802
22804 22803 22805
22806 22791 22797
22804 22806 22802
22797 22802 22806
22806 22792 22791
22777 22801 22793
22777 22793 22775
22781 22801 22777
22807 22801 22781
22801 22807 22800
22781 22795 22807
22789 22775 22793
22307 22808 22809
22293 22809 22808
22809 22293 22810
22307 22289 22808
22289 22293 22808
22289 22307 22299
22810 22293 22811
22292 22811 22293
22292 22812 22811
22812 22813 22811
22814 22813 22812
22292 22814 22812
22813 22814 22815
22814 22292 22301
22816 22817 22818
22819 22817 22816
22816 22820 22819
22818 22820 22816
22820 22821 22819
22822 22821 22820
22821 22822 22823
22822 22824 22823
22823 22825 22821
22825 22826 22821
22819 22821 22826
22826 22827 22819
22817 22819 22827
22827 22826 22828
22829 22828 22826
22826 22825 22829
22825 22830 22829
22830 22825 22831
22828 22829 22832
22828 22832 22833
22834 22833 22832
22829 22834 22832
22834 22829 22830
22833 22834 22835
22825 22823 22836
22836 22831 22825
22824 22836 22823
22824 22837 22836
22831 22836 22837
22838 22824 22822
22824 22838 22839
22838 22840 22839
22840 22838 22841
22822 22841 22838
22841 22842 22840
22843 22840 22842
22844 22843 22842
22843 22844 22845
22842 22841 22846
22842 22846 22844
22844 22846 22847
22847 22848 22844
22848 22849 22844
22849 22845 22844
22841 22850 22846
22850 22847 22846
22847 22850 22818
22820 22818 22850
22820 22841 22822
22841 22820 22850
22849 22851 22845
22852 22853 22854
22853 22852 22855
22856 22855 22852
22852 22857 22856
22857 22858 22856
22857 22258 22858
22258 22857 22256
22859 22256 22857
22854 22859 22852
22857 22852 22859
22256 22859 22257
22239 22858 22258
22237 22239 22258
22237 22258 22244
22859 22854 22860
22859 22861 22257
22861 22859 22860
22862 22861 22860
22862 22860 22863
22863 22860 22854
22862 22254 22861
22254 22257 22861
22864 22863 22854
22864 22854 22853
22865 22864 22853
22866 22867 22868
22867 22866 22869
22868 22870 22866
22870 22868 22871
22872 22870 22871
22870 22872 22873
22874 22873 22872
22873 22874 22875
22874 22876 22875
22876 22874 22877
22876 22878 22875
22875 22878 22879
22875 22879 22873
22880 22877 22874
22872 22880 22874
22877 22880 22881
22882 22881 22880
22883 22882 22880
22880 22872 22883
22871 22883 22872
22882 22883 22884
22885 22884 22883
22883 22871 22885
22884 22885 22886
22881 22882 22887
22888 22886 22885
22886 22888 22889
22885 22868 22888
22868 22885 22871
22888 22890 22889
22890 22888 22891
22868 22891 22888
22891 22892 22890
22892 22891 22893
22867 22893 22891
22891 22868 22867
22893 22867 22894
22892 22893 22895
22894 22896 22893
22896 22895 22893
22897 22896 22894
22896 22897 22898
22898 22899 22896
22895 22896 22899
22899 22898 22900
22901 22900 22898
22900 22901 22902
22900 22902 22903
22904 22900 22903
22905 22898 22897
22898 22905 22901
22897 22906 22905
22894 22869 22897
22869 22894 22867
22897 22869 22906
22895 22899 22907
22899 22900 22907
22900 22904 22907
22903 22908 22904
22908 22903 22909
22903 22910 22909
22910 22903 22902
22902 22911 22910
22911 22902 22901
22901 22912 22911
22912 22901 22905
22905 22913 22912
22913 22905 22906
22906 22914 22913
22914 22906 22915
22869 22915 22906
22916 22914 22915
22869 22916 22915
22866 22916 22869
22866 22917 22916
22917 22918 22916
22918 22917 22919
22920 22919 22917
22920 22917 22870
22917 22866 22870
22920 22870 22921
22921 22870 22873
22873 22922 22921
22873 22923 22922
22879 22923 22873
22924 22925 22926
22925 22927 22926
22925 22928 22927
22925 22924 22929
22929 22924 22930
22930 22931 22929
22928 22925 22932
22931 22933 22929
22933 22931 22934
22929 22935 22925
22935 22929 22936
22926 22937 22924
22937 22938 22924
22926 22939 22937
22927 22939 22926
22938 22940 22924
22930 22941 22931
22941 22930 22942
22943 22941 22942
22944 22943 22942
22930 22944 22942
22943 22944 22945
22941 22943 22946
22947 22945 22944
22945 22947 22948
22944 22949 22947
22949 22944 22950
22944 22930 22950
22946 22951 22941
22951 22931 22941
22931 22951 22934
22951 22946 22952
22953 22949 22950
22954 22953 22950
22954 22950 22930
22940 22953 22954
22924 22940 22954
22924 22954 22930
22955 22934 22951
22934 22955 22933
22956 22933 22955
22955 22951 22957
22952 22957 22951
22958 22959 22960
22959 22961 22960
22961 22959 22962
22962 22963 22961
22963 22962 22964
22965 22960 22961
22966 22961 22963
22963 22967 22966
22967 22968 22966
22968 22969 22966
22969 22968 22970
22971 22969 22970
22969 22971 22972
22968 22973 22970
22973 22971 22970
22961 22966 22974
22974 22966 22969
22975 22963 22964
22963 22975 22976
22963 22976 22967
22961 22974 22977
22978 22972 22971
22979 22978 22971
22971 22973 22979
22978 22979 22980
22981 22978 22980
22981 22982 22978
22972 22978 22982
22982 22981 22983
22984 22983 22981
22983 22984 22985
22983 22986 22982
22982 22986 22972
22986 22987 22972
22988 22974 22987
22987 22989 22988
22988 22989 22990
22989 22991 22990
22990 22991 22992
22993 22992 22991
22994 22993 22991
22994 22987 22986
22987 22994 22989
22994 22991 22989
22995 22993 22994
22993 22995 22996
22995 22997 22996
22997 22995 22998
22998 22994 22986
22994 22998 22995
22986 22983 22998
22998 22985 22997
22985 22998 22983
22999 22996 22997
22996 22999 23000
23000 22993 22996
22997 23001 22999
23001 22997 22985
22984 23001 22985
23001 22984 23002
23003 23002 22984
22984 23004 23003
23004 22984 22981
23002 23003 23005
23004 22981 22980
23006 23007 23008
23007 23006 23009
23010 23007 23009
23011 23010 23009
23011 23009 23012
23006 23012 23009
23011 23012 23013
23012 23014 23013
23014 23012 23015
23015 23016 23014
23016 23015 23017
23017 23015 23018
23019 23017 23018
23019 23020 23017
23020 23019 23021
23021 23022 23020
23019 23023 23021
23023 23019 23024
23024 23025 23023
23025 23024 23026
23024 23027 23026
23027 23024 23028
23019 23028 23024
23026 23029 23025
23025 23030 23023
23028 23019 23031
23019 23018 23031
23022 23021 23032
23023 23030 23032
23021 23023 23032
23033 23022 23032
23030 23033 23032
23028 23034 23027
23034 23028 23035
23031 23035 23028
23035 23031 23036
23031 23037 23036
23038 23035 23036
23036 23039 23038
23039 23036 23037
23040 23035 23038
23040 23034 23035
23041 23040 23038
23040 23041 23042
23042 23043 23040
23034 23040 23043
23043 23042 23044
23041 23038 23045
23039 23045 23038
23039 23046 23045
23046 23039 23006
23039 23047 23006
23039 23037 23047
23012 23006 23047
23048 23044 23042
23044 23048 23049
23050 23042 23041
23042 23050 23048
23041 23051 23050
23051 23041 23045
23046 23051 23045
23006 23008 23046
23049 23052 23044
23052 23049 23053
23054 23044 23052
23044 23054 23043
23054 23034 23043
23034 23054 23055
23055 23027 23034
23027 23055 23056
23057 23053 23049
23056 23026 23027
23026 23056 23029
23015 23012 23047
23015 23047 23018
23018 23047 23037
23018 23037 23031
23022 23058 23059
23020 23022 23059
23059 23060 23020
23060 23017 23020
23017 23060 23016
22932 23061 23062
22932 23063 23061
23062 22928 22932
22925 23064 22932
23064 22925 22935
23065 23064 22935
23065 22935 23066
22935 23067 23068
23069 23070 23071
23070 23069 23072
23073 23071 23070
23071 23073 23074
23073 23070 23075
23072 23075 23070
23075 23076 23073
23077 23073 23076
23076 23075 23078
23077 23076 23079
23079 23076 23078
23080 23078 23075
23075 23072 23080
23078 23080 23081
23082 23081 23080
23081 23082 23083
23074 23073 23084
23073 23077 23084
23072 23085 23080
23085 23082 23080
23082 23086 23083
23074 23087 23071
23088 23071 23087
23087 23089 23088
23071 23088 23069
23088 23090 23069
23090 23072 23069
23072 23090 23091
23072 23091 23085
23087 23092 23089
23093 23092 23087
23087 23074 23093
23093 23074 23084
23084 23094 23093
23092 23093 23094
23094 23095 23092
23095 23094 23096
23097 23092 23095
23092 23097 23098
23092 23098 23089
23099 23096 23094
23096 23099 23100
23101 23100 23099
23100 23101 23102
23094 23084 23099
23099 23084 23101
23103 23102 23101
23104 23084 23077
23105 23104 23077
23105 23106 23104
23106 23084 23104
23105 23107 23106
23105 23108 23109
23110 23111 23112
23111 23110 23113
23110 23114 23113
23110 23115 23114
23116 23115 23110
23110 23112 23116
23115 23116 23117
23118 23117 23116
23117 23118 23119
23119 23120 23117
23120 23119 23121
23122 23121 23119
23121 23122 23123
23119 23124 23122
23124 23119 23118
23118 23125 23124
23125 23118 23126
23116 23126 23118
23127 23124 23125
23125 23128 23127
23115 23129 23114
23130 23124 23127
23124 23130 23122
23122 23130 23131
23131 23123 23122
23117 23120 23132
23117 23132 23133
23120 23134 23132
23120 23135 23134
23135 23120 23121
23136 23135 23121
23137 23136 23121
23123 23137 23121
23131 23137 23123
23138 23131 23130
23131 23139 23137
23131 23140 23139
23141 23140 23131
23131 23138 23141
23133 23115 23117
23115 23133 23142
23142 23143 23115
23115 23143 23129
23144 23145 23146
23145 23144 23147
23148 23147 23144
23149 23148 23144
23146 23149 23144
23148 23149 23150
23147 23148 23151
23151 23152 23147
23145 23147 23152
23152 23151 23153
23154 23145 23152
23149 23146 23155
23149 23155 23156
23156 23150 23149
23157 23145 23154
23157 23146 23145
23158 23157 23154
23158 23159 23157
23146 23157 23159
23159 23155 23146
23159 23158 23160
23160 23161 23159
23155 23159 23161
23161 23160 23162
23163 23162 23160
23158 23164 23160
23160 23164 23163
23156 23155 23165
23161 23165 23155
23162 23163 23166
23167 23162 23166
23161 23162 23167
23168 23161 23167
23165 23161 23168
23150 23156 23169
23170 23171 23172
23173 23171 23170
23173 23174 23171
23174 23173 23175
23176 23173 23170
23177 23173 23176
23177 23178 23173
23173 23178 23179
23173 23179 23175
23180 23178 23177
23178 23180 23181
23179 23178 23181
23182 23181 23180
23181 23182 23183
23183 23184 23181
23185 23181 23184
23181 23185 23179
23180 23186 23182
23187 23174 23175
23188 23187 23175
23188 23175 23179
23185 23189 23179
23185 23190 23189
23190 23185 23184
23191 23183 23182
23192 23191 23182
23193 23188 23179
23189 23193 23179
23186 23194 23195
23194 23196 23195
23197 23186 23195
23198 23197 23195
23198 23199 23197
23200 23198 23195
23201 23200 23195
23201 23195 23202
23196 23202 23195
23203 23201 23202
23204 23205 23206
23205 23204 23207
23206 23208 23204
23209 23210 23211
23212 23211 23210
23213 23212 23210
23210 23214 23213
23213 23214 23215
23216 23215 23214
23217 23213 23215
23216 23218 23215
23218 23217 23215
23216 23219 23218
23220 23219 23216
23216 23221 23220
23221 23222 23220
23222 23221 23223
23221 23224 23223
23224 23221 23216
23225 23223 23224
23216 23226 23224
23214 23226 23216
23224 23226 23227
23227 23226 23214
23225 23224 23228
23229 23228 23224
23224 23227 23229
23228 23230 23225
23231 23230 23228
23227 23214 23232
23232 23214 23210
23233 23232 23234
23235 23233 23234
23235 23236 23233
23234 23237 23235
23233 23238 23232
23238 23233 23239
23240 23239 23233
23236 23240 23233
23240 23241 23239
23242 23243 23244
23243 23242 23245
23244 23246 23242
23247 23248 23249
23248 23247 23250
23248 23251 23249
23252 23253 23254
23253 23252 23255
23253 23255 23256
23253 23257 23254
23253 23258 23257
23259 23258 23253
23260 23259 23253
23253 23256 23260
23259 23260 23261
23262 23263 23264
23262 23265 23263
23266 23264 23263
23264 23266 23267
23263 23268 23266
23268 23263 23265
23268 23269 23266
23270 23269 23268
23269 23270 23271
23272 23268 23265
23268 23272 23270
23265 23273 23272
23271 23274 23269
23275 23274 23271
23271 23276 23275
23277 23269 23274
23269 23277 23278
23278 23267 23266
23269 23278 23266
23267 23278 23279
23280 23278 23277
23278 23280 23279
23281 23282 23152
23281 23152 23153
23154 23152 23282
23283 23154 23282
23281 23284 23282
23282 23284 23283
23285 23286 23287
23288 23285 23287
23285 23288 23289
22958 23290 23291
23290 22958 22960
22960 22965 23290
22987 22969 22972
22974 22969 22987
23292 23293 23294
23294 23295 23292
23295 23294 23296
23297 23296 23294
23293 23297 23294
23296 23297 23298
23299 23298 23297
22659 23298 23299
23298 22659 22656
22656 23296 23298
23296 22656 22654
23296 22655 23295
22655 23296 22654
22659 23299 22658
22658 23299 23300
22658 23300 22657
23301 23302 23303
23301 23303 23304
23301 23304 23305
22278 22277 22302
22356 22341 23306
22338 23306 22341
23306 22338 22337
22332 22339 22354
22333 22332 22354
22794 23307 22795
23308 23309 23310
23311 23312 23313
23312 23311 23314
23312 23315 23313
23316 23170 23172
23317 23318 23319
23317 23320 23318
23317 23319 23321
23321 23319 23322
23322 23323 23321
23317 23321 23324
23324 23321 23325
23321 23326 23325
23327 23325 23326
23325 23327 23328
23326 23329 23327
23326 23321 23329
23321 23323 23329
23330 23323 23322
23331 23323 23330
23329 23323 23331
23329 23331 23332
23329 23332 23333
23334 23329 23333
23329 23334 23327
23334 23335 23327
23335 23336 23327
23337 23327 23336
23327 23337 23328
23336 23335 23338
23336 23338 23339
23340 23336 23339
23334 23333 23341
23341 23335 23334
23342 23343 23344
23343 23342 23345
23346 23344 23343
23347 23348 23349
23350 23347 23349
23350 23349 23351
23351 23349 23352
23349 23353 23352
23349 23348 23353
23353 23348 23354
23354 23348 23355
23348 23356 23355
23351 23352 23357
23351 23357 23358
23350 23359 23360
23360 23359 23361
23362 23350 23360
23362 23360 23363
23361 23359 23364
23363 23360 23365
23360 23366 23365
23360 23361 23366
23363 23365 23367
23368 23369 23370
23369 23368 23371
23368 23370 23372
23373 23374 23375
23376 23375 23374
23377 23375 23376
23375 23377 23378
23377 23379 23378
23380 23375 23378
23380 23378 23381
23378 23382 23381
23381 23382 23383
23384 23381 23383
23384 23383 23385
23383 23386 23385
23387 23386 23383
23385 23386 23388
23389 23385 23388
23383 23390 23387
23391 23390 23383
23391 23382 23378
23383 23382 23391
23378 23379 23391
23392 23379 23377
23393 23379 23392
23391 23379 23393
23391 23393 23394
23391 23394 23395
23395 23390 23391
23387 23390 23396
23396 23390 23395
23397 23398 23384
23397 23399 23398
23397 23400 23399
23398 23399 23401
23398 23401 23402
23398 23402 23403
23403 23402 23404
23405 23398 23403
23398 23405 23384
23406 23407 23408
23407 23406 23409
23408 23407 23410
23411 23412 23413
23412 23411 23414
23411 23413 23415
23416 23417 23418
23417 23419 23418
23420 23418 23419
23418 23420 23421
23126 23116 23422
23422 23116 23112
22786 23423 22784
23424 23425 23426
23424 23427 23428
23424 23429 23430
23431 23432 23433
