byte offset: 0
first index: 0
index count: 7926
topology: trianglelist
format: DXGI_FORMAT_R16_UINT

0 1 2
3 0 2
4 0 3
5 4 3
4 6 0
6 1 0
5 3 7
8 5 7
3 9 7
3 2 9
8 7 10
7 9 10
10 9 11
10 11 12
13 12 11
14 12 13
13 15 14
10 12 16
12 14 16
16 17 10
18 13 11
19 13 18
19 15 13
8 10 20
17 20 10
19 21 15
22 23 14
14 24 22
22 24 25
26 25 24
26 27 25
26 24 28
24 14 28
28 29 26
30 22 25
31 22 30
31 23 22
29 32 26
33 26 32
33 34 26
34 27 26
33 35 34
36 27 34
35 36 34
35 37 36
37 38 36
36 38 39
36 39 27
38 40 39
37 41 38
41 40 38
31 42 23
43 44 45
46 43 45
47 43 46
48 47 46
47 49 43
49 44 43
48 46 50
51 48 50
46 52 50
46 45 52
51 50 53
50 52 53
53 52 54
53 54 55
56 55 54
57 55 56
56 58 57
53 55 59
55 57 59
59 60 53
61 56 54
62 56 61
62 58 56
51 53 63
60 63 53
62 64 58
65 66 67
65 67 68
69 65 68
69 68 70
70 71 69
70 72 71
73 66 65
73 74 66
73 75 74
73 76 75
75 76 77
75 77 78
78 77 79
78 79 80
79 81 80
81 79 82
80 81 83
81 84 83
81 85 84
85 86 84
85 87 86
87 88 86
87 89 88
88 89 90
82 91 81
92 91 82
93 94 95
93 95 96
97 94 93
97 98 94
97 99 98
97 100 99
101 99 100
102 103 104
102 104 105
105 104 106
105 106 107
108 103 102
108 109 103
110 109 108
110 111 109
107 112 113
107 113 114
114 113 115
114 115 116
117 118 112
117 112 119
120 117 119
120 119 121
122 120 121
122 121 123
124 122 123
124 123 125
118 126 127
126 128 127
126 129 128
118 127 106
130 131 132
130 132 133
133 132 134
133 134 135
135 134 136
135 136 137
137 136 138
139 131 130
139 140 131
141 140 139
141 142 140
143 142 141
143 144 142
145 144 143
145 146 144
147 146 145
147 148 146
149 148 147
149 150 148
151 150 149
151 152 150
153 152 151
154 155 156
154 156 157
158 156 155
157 159 154
157 160 159
160 161 159
160 162 161
162 163 161
162 164 163
165 163 164
166 167 168
166 168 169
170 167 166
170 171 167
172 173 174
172 174 175
176 177 178
179 180 181
179 181 182
180 179 67
180 67 66
183 182 181
184 185 186
184 186 187
188 185 184
188 184 189
186 190 187
186 191 190
190 191 192
190 192 193
193 192 194
193 194 195
195 194 196
195 196 197
196 198 197
196 199 198
200 201 202
201 203 202
203 201 204
203 204 205
203 206 202
204 207 205
204 208 207
209 210 206
209 211 210
211 209 212
213 212 209
213 209 214
213 214 215
216 217 213
216 218 219
219 218 220
219 220 221
222 221 220
220 223 222
220 224 223
219 225 215
226 227 224
228 227 226
229 227 228
226 230 228
226 231 230
230 231 232
230 232 233
234 235 236
235 237 236
237 238 236
238 239 236
240 241 242
240 242 243
241 244 242
242 245 243
245 242 246
247 243 245
247 240 243
248 242 244
249 248 244
249 250 248
249 251 250
247 252 240
253 247 245
254 253 245
255 254 245
255 245 246
255 256 254
254 257 253
254 258 257
259 257 258
260 259 258
260 261 259
262 254 256
262 260 258
262 258 254
251 263 264
265 266 267
268 266 265
265 269 268
268 269 270
270 271 268
271 270 272
273 271 272
273 272 274
275 273 274
275 274 276
275 276 277
278 279 265
280 278 281
267 280 282
283 280 281
280 283 284
283 285 284
285 283 286
286 287 285
288 287 286
288 289 287
290 289 288
290 291 289
290 292 291
293 294 295
293 295 296
293 297 294
293 298 297
299 296 295
299 295 300
301 299 300
301 300 302
303 304 297
305 306 297
306 307 308
309 310 307
309 311 310
309 312 311
313 311 312
313 314 311
315 314 313
315 316 314
309 307 317
307 318 319
320 321 322
320 323 321
323 324 321
323 325 324
325 326 324
326 327 324
326 328 327
326 329 328
329 330 328
329 331 330
332 333 334
333 335 336
333 336 337
336 338 337
339 338 336
340 338 339
340 339 341
333 337 342
343 340 341
340 343 344
345 344 343
345 346 344
346 345 347
348 344 346
348 349 344
350 349 348
350 351 349
350 352 351
350 353 352
354 352 353
354 355 352
356 355 354
356 354 357
358 356 357
358 359 356
360 359 358
360 361 359
362 361 360
362 360 363
363 364 362
363 365 364
365 366 364
365 367 366
367 368 366
367 369 368
369 370 368
369 371 370
371 372 370
371 373 372
373 374 372
373 375 374
375 376 374
375 377 376
378 376 377
378 379 376
379 378 380
378 377 381
382 379 380
382 380 383
382 383 384
385 378 381
386 387 388
388 389 386
388 390 389
390 391 389
390 392 391
392 393 391
392 394 393
394 395 393
394 396 395
388 387 397
397 387 398
397 398 399
399 398 400
399 400 401
397 399 402
403 397 402
403 402 404
405 403 404
405 404 406
407 405 406
407 406 408
409 410 411
412 409 411
413 409 412
409 414 410
414 415 410
414 416 415
416 417 415
417 418 415
417 419 418
417 420 419
420 421 419
422 423 424
423 425 424
423 426 425
425 426 427
425 427 428
429 428 427
429 430 428
429 431 430
429 432 431
433 431 432
433 432 434
434 435 433
434 436 435
436 437 435
436 438 437
437 438 439
439 440 437
439 441 440
439 442 441
442 443 441
442 444 443
444 445 443
444 446 445
446 447 445
446 448 447
447 448 449
447 449 450
450 449 451
450 451 452
451 453 452
451 454 453
453 454 455
453 455 456
455 457 456
455 458 457
457 458 459
457 459 460
459 461 460
461 462 460
463 462 461
461 464 463
463 464 465
466 467 468
467 469 468
470 471 472
470 472 473
470 474 471
470 475 474
475 476 474
477 478 479
477 479 480
481 482 483
484 482 481
484 485 482
486 485 484
487 488 489
488 490 489
488 491 490
492 487 489
345 487 492
493 490 491
493 494 490
495 496 497
495 497 498
499 495 498
499 498 500
501 499 500
501 500 502
503 501 502
503 502 504
505 503 504
505 504 506
507 505 506
507 506 508
509 507 508
509 508 510
511 509 510
511 510 512
513 511 512
513 512 514
515 513 514
515 514 516
515 516 517
515 517 518
517 519 518
517 520 519
520 521 519
520 522 521
523 524 525
523 525 526
526 525 527
526 527 528
528 527 529
528 529 530
530 529 531
530 531 532
532 531 533
532 533 534
534 533 535
534 535 536
536 535 537
536 537 538
538 537 539
538 539 540
540 539 541
540 541 542
542 541 543
542 543 544
544 543 545
544 545 546
546 545 547
546 547 548
548 547 549
548 549 550
550 549 551
550 551 552
552 551 553
552 553 554
554 553 555
554 555 556
556 555 557
556 557 558
558 557 559
558 559 560
560 559 561
560 561 562
563 564 565
563 565 566
566 565 567
566 567 568
568 567 569
568 569 570
570 569 571
570 571 572
572 571 573
572 573 574
574 573 575
574 575 576
576 575 577
576 577 578
578 577 579
578 579 580
580 579 581
580 581 582
582 581 583
582 583 584
584 583 585
584 585 586
586 585 587
586 587 588
588 587 589
588 589 590
591 592 593
591 593 594
592 595 593
592 596 595
596 597 595
596 598 597
598 599 597
598 600 599
600 601 599
600 602 601
601 602 603
601 603 604
605 606 607
605 607 608
608 607 609
608 609 610
610 609 611
610 611 612
612 611 613
612 613 614
614 613 615
614 615 616
616 615 617
616 617 618
618 617 619
618 619 620
621 620 619
621 619 622
622 623 621
622 624 623
623 624 625
623 625 626
626 625 627
626 627 628
628 627 629
628 629 630
630 629 631
630 631 632
633 634 635
635 634 636
634 633 637
634 637 638
639 638 637
638 639 640
640 639 641
637 642 639
639 643 641
639 642 643
644 642 637
633 644 637
634 645 636
634 646 645
645 646 647
645 647 648
645 648 649
645 649 636
649 648 650
638 651 634
652 644 633
635 652 633
653 654 655
654 656 655
655 656 657
655 657 658
658 657 659
658 659 660
660 659 661
660 661 662
662 661 524
662 524 523
663 664 665
665 666 663
666 667 663
668 664 663
667 668 663
667 669 668
670 671 672
672 673 670
672 674 673
675 673 676
675 676 677
676 678 677
676 679 678
679 680 678
681 682 683
681 683 684
685 686 687
687 686 688
687 688 689
690 691 692
692 691 693
691 690 694
694 690 695
691 696 693
697 698 699
698 697 700
698 700 701
701 700 702
703 701 702
703 704 701
705 704 703
706 699 698
699 706 707
707 706 708
708 706 709
710 707 708
710 708 711
712 704 705
713 712 705
713 714 712
715 713 705
705 716 715
705 717 716
713 715 718
719 713 718
714 720 712
721 720 714
721 722 720
720 722 723
722 724 723
722 725 724
725 726 724
720 723 727
723 728 727
723 729 728
730 728 729
730 729 731
732 730 731
732 731 733
734 732 733
735 721 736
735 736 737
735 737 738
735 738 739
740 739 738
740 738 741
742 740 741
742 743 740
742 744 743
744 742 745
744 745 746
744 746 747
744 747 748
749 744 748
744 750 743
749 748 751
746 752 747
752 753 747
754 747 753
755 754 753
755 756 754
749 751 757
757 758 749
757 759 758
760 761 762
760 762 763
764 760 763
764 763 765
763 762 766
763 766 767
768 769 770
768 770 771
772 773 774
772 774 775
776 777 778
776 778 779
780 781 782
780 782 783
781 784 782
781 785 784
785 786 784
785 787 786
788 780 783
788 783 789
790 788 789
787 791 792
787 792 793
791 794 792
791 795 794
795 796 794
795 797 796
797 798 796
799 800 801
799 802 800
803 800 802
801 804 799
805 806 807
805 807 808
805 808 809
810 809 808
809 810 811
809 811 812
813 814 807
813 815 814
816 817 818
816 818 819
817 820 818
817 821 820
821 822 820
821 823 822
824 825 826
824 826 827
828 826 825
828 825 829
830 824 827
830 831 824
831 830 832
831 832 833
833 832 834
835 828 829
836 835 829
836 837 835
837 836 838
837 838 839
840 839 838
840 841 839
840 842 841
840 843 842
844 845 846
845 847 846
845 848 847
848 849 847
848 850 849
850 851 849
850 852 851
852 853 851
852 854 853
854 855 853
854 856 855
856 857 855
856 858 857
858 859 857
860 861 862
860 862 863
714 864 736
721 714 736
865 866 867
868 865 867
868 867 869
870 868 869
870 869 871
872 870 871
872 871 873
874 872 873
874 873 875
876 874 875
876 875 877
878 879 880
878 880 881
882 878 881
882 881 883
884 882 883
884 883 885
886 884 885
886 885 887
888 886 887
888 887 889
890 888 889
890 889 891
892 893 894
892 894 895
893 896 894
893 897 896
898 899 900
898 900 901
901 902 898
900 899 903
900 903 904
905 906 907
905 907 908
909 905 908
909 908 910
911 909 910
911 910 912
913 911 912
913 912 914
915 913 914
915 914 916
917 918 919
917 919 920
921 917 920
921 920 922
923 921 922
924 925 926
924 926 927
928 929 930
928 930 931
932 933 934
932 934 935
936 937 938
936 938 939
938 940 941
938 941 942
941 943 942
941 944 943
945 943 944
945 946 943
947 946 945
947 945 948
949 947 948
949 948 950
951 949 952
951 952 953
954 951 953
955 956 940
955 957 956
956 958 959
956 959 937
959 958 960
959 960 961
962 961 960
962 960 963
964 962 963
964 965 962
966 952 965
966 965 964
967 950 966
967 968 950
969 968 967
970 971 972
970 972 973
970 974 971
970 975 974
973 972 976
973 976 977
975 978 974
975 979 978
980 977 976
980 981 977
979 982 978
982 979 983
982 983 984
985 982 984
986 985 984
986 984 987
988 986 987
984 989 987
984 990 989
983 990 984
991 992 993
991 993 994
991 994 995
991 995 996
997 998 999
997 999 1000
998 997 1001
998 1001 1002
1003 1002 1001
1003 1004 1002
1005 1004 1003
1005 1006 1004
1007 1006 1005
1007 1008 1006
1009 1008 1007
1007 1010 1009
1011 1010 1007
1012 1013 1014
1012 1014 1015
1016 1017 1018
1016 1018 1019
1020 1021 1022
1023 1024 1025
1024 1026 1025
1024 1027 1026
1023 1028 1024
1028 1023 1029
1024 1030 1027
1027 1031 1026
1032 1023 1025
1028 1029 1033
1029 1034 1033
1028 1033 1035
1028 1035 1036
1035 1037 1036
1035 1038 1037
1038 1039 1037
1039 1040 1037
1040 1041 1037
1042 1043 1044
1042 1044 1045
1046 1047 1048
1046 1048 1049
1050 1047 1046
1050 1051 1047
1052 1051 1050
1052 1053 1051
1054 1053 1052
1054 1052 1055
1056 1054 1055
1055 1057 1056
1058 1059 1048
1060 1059 1058
1058 1061 1060
1058 1048 1062
1063 1062 1064
1063 1064 1065
1066 1063 1065
1066 1065 1067
1068 1066 1067
1068 1067 1069
1070 1068 1069
1070 1069 1071
1072 1070 1071
1070 1072 1073
1074 1049 1064
1074 1064 1075
1074 1075 1076
1076 1077 1074
1078 1079 1080
1079 1081 1080
1082 1080 1081
1082 1083 1080
1084 1085 1086
1084 1086 1087
1088 1087 1086
1088 1089 1087
1090 1089 1088
1090 1091 1089
1092 1093 1094
1092 1094 1095
1096 1097 1098
1096 1098 1099
1100 1101 1102
1100 1102 1103
1103 1102 1104
1103 1104 1105
1106 1105 1104
1106 1107 1105
1108 1107 1106
1108 1109 1107
1110 1109 1108
1110 1111 1109
1112 1113 1114
1112 1114 1115
1116 1117 1118
1116 1118 1119
1120 1121 1122
1120 1122 1123
1124 1125 1126
1124 1126 1127
1125 1128 1126
1125 1129 1128
1130 1131 1132
1130 1132 1133
1133 1132 1134
1135 1136 1133
1137 1138 1135
1139 1140 1141
1141 1142 1139
1143 1144 1145
1143 1145 1146
1147 1146 1145
1147 1148 1146
1148 1149 1150
1148 1150 1151
1152 1153 1154
1152 1154 1155
1156 1157 1158
1156 1158 1159
1160 1161 1162
1163 1164 1165
1165 1166 1163
1163 1167 1164
1163 1168 1167
1169 1170 1171
1172 1170 1169
1173 1172 1169
1174 1172 1173
1173 1169 1175
1175 1169 1171
1174 1176 1172
1177 1176 1174
1172 1176 1178
1172 1178 1170
1177 1179 1176
1176 1179 1178
1179 1180 1178
1179 1181 1180
1182 1180 1181
1183 1182 1181
1182 1183 1184
1179 1185 1181
1181 1185 1183
1185 1179 1186
1187 1180 1182
1188 1187 1182
1188 1182 1184
1177 1189 1179
1186 1179 1189
1188 1184 1190
1191 1183 1192
1183 1191 1193
1191 1194 1193
1195 1193 1194
1195 1194 1196
1195 1197 1193
1193 1197 1183
1197 1195 1198
1199 1194 1191
1200 1199 1191
1200 1191 1192
1198 1195 1201
1202 1201 1195
1202 1195 1203
1203 1195 1196
1202 1203 1204
1205 1203 1196
1204 1203 1205
1204 1205 1206
1206 1205 1207
1205 1208 1207
1205 1196 1208
1207 1208 1209
1206 1207 1210
1210 1207 1209
1200 1192 1211
1212 1213 1214
1215 1213 1212
1216 1215 1212
1217 1215 1216
1216 1212 1218
1218 1212 1214
1217 1219 1215
1220 1219 1217
1215 1219 1221
1215 1221 1213
1220 1222 1219
1219 1222 1221
1222 1223 1221
1222 1224 1223
1225 1223 1224
1226 1225 1224
1225 1226 1227
1222 1228 1224
1224 1228 1226
1228 1222 1229
1230 1223 1225
1231 1230 1225
1231 1225 1227
1220 1232 1222
1229 1222 1232
1231 1227 1233
1234 1235 1236
1234 1236 1237
1238 1235 1234
1238 1239 1235
1239 1238 1240
1239 1240 1241
1242 1234 1237
1242 1237 1243
1242 1243 1244
1242 1244 1245
1244 1246 1245
1244 1247 1246
1247 1248 1246
1247 1249 1248
1248 1249 1250
1250 1251 1248
1249 1252 1250
1250 1252 1253
1250 1253 1254
1254 1253 1255
1254 1255 1256
1256 1255 1257
1256 1257 1258
1257 1259 1258
1251 1250 1260
1261 1251 1260
1262 1263 1264
1262 1264 1265
1266 1262 1265
1266 1265 1267
1266 1267 1268
1266 1268 1269
1270 1269 1268
1271 1272 1273
1271 1273 1274
1272 1275 1273
1272 1276 1275
1276 1277 1275
1276 1278 1277
1278 1279 1277
1280 1271 1274
1280 1274 1281
1282 1280 1281
1282 1281 1283
1284 1282 1283
1284 1283 1285
1286 1284 1285
1286 1285 1287
1288 1286 1287
1288 1287 1289
1290 1288 1289
1290 1289 1291
1292 1290 1291
1292 1291 1293
1294 1292 1293
1295 1296 1297
1295 1297 1298
1299 1298 1297
1296 1295 1300
1296 1300 1301
1301 1300 1302
1301 1302 1303
1303 1302 1304
1303 1304 1305
1306 1305 1304
1307 1308 1309
1307 1309 1310
1311 1307 1310
1311 1310 1312
1313 1314 1315
1313 1315 1316
1317 1318 1319
1320 1321 1322
1320 1322 1323
1323 1236 1320
1323 1237 1236
1324 1322 1321
1325 1326 1327
1325 1327 1328
1329 1325 1328
1329 1330 1325
1327 1326 1331
1327 1331 1332
1331 1333 1332
1331 1334 1333
1334 1335 1333
1334 1336 1335
1336 1337 1335
1336 1338 1337
1337 1338 1339
1337 1339 1340
1341 1342 1343
1341 1343 1344
1344 1343 1345
1343 1342 1346
1347 1346 1342
1347 1342 1341
1348 1345 1343
1349 1345 1348
1349 1348 1350
1349 1350 1351
1347 1341 1352
1353 1346 1347
1354 1346 1353
1355 1346 1354
1355 1356 1346
1356 1343 1346
1355 1354 1357
1354 1353 1358
1354 1358 1359
1360 1359 1358
1361 1359 1360
1361 1360 1362
1363 1354 1359
1363 1359 1361
1363 1357 1354
1351 1364 1365
1366 1367 1368
1366 1368 1369
1370 1371 1372
1370 1372 1373
1370 1374 1371
1370 1375 1374
1376 1377 1378
1376 1378 1379
1379 1378 1380
1379 1380 1381
1381 1380 1382
1380 1383 1382
1382 1383 1384
1382 1384 1385
1385 1384 1386
1385 1386 1387
1388 1389 1390
1388 1391 1392
1392 1391 1393
1388 1392 1394
1395 1392 1393
1396 1395 1393
1397 1391 1388
1398 1395 1396
1399 1398 1396
1396 1400 1399
1401 1399 1400
1401 1400 1402
1402 1403 1401
1404 1402 1400
1404 1400 1405
1406 1404 1405
1406 1405 1407
1406 1407 1408
1406 1408 1409
1410 1409 1408
1410 1408 1411
1412 1410 1411
1412 1413 1410
1414 1413 1412
1414 1412 1415
1416 1414 1415
1416 1415 1417
1418 1416 1417
1418 1419 1416
1419 1418 1420
1419 1420 1421
1421 1420 1422
1421 1422 1423
1423 1422 1424
1423 1424 1425
1425 1424 1426
1425 1426 1427
1427 1426 1428
1427 1428 1429
1429 1428 1430
1429 1430 1431
1431 1430 1432
1431 1432 1433
1434 1433 1432
1434 1432 1435
1435 1436 1434
1434 1437 1433
1438 1436 1435
1438 1439 1436
1438 1440 1439
1441 1437 1434
1442 1443 1444
1443 1442 1445
1443 1445 1446
1446 1445 1447
1446 1447 1448
1448 1447 1449
1448 1449 1450
1450 1449 1451
1450 1451 1452
1443 1453 1444
1453 1454 1444
1453 1455 1454
1455 1456 1454
1455 1457 1456
1453 1458 1455
1459 1458 1453
1459 1460 1458
1461 1460 1459
1461 1462 1460
1463 1462 1461
1463 1464 1462
1465 1466 1467
1468 1466 1465
1469 1468 1465
1465 1467 1470
1470 1467 1471
1470 1471 1472
1472 1471 1473
1471 1474 1473
1473 1474 1475
1473 1475 1476
1476 1475 1477
1478 1479 1480
1480 1479 1481
1480 1481 1482
1481 1483 1482
1481 1484 1483
1485 1483 1484
1485 1484 1486
1485 1486 1487
1485 1487 1488
1489 1488 1487
1489 1490 1488
1490 1489 1491
1490 1491 1492
1492 1491 1493
1492 1493 1494
1495 1494 1493
1493 1496 1495
1495 1496 1497
1495 1497 1498
1498 1497 1499
1498 1499 1500
1500 1499 1501
1500 1501 1502
1502 1501 1503
1502 1503 1504
1503 1505 1504
1503 1506 1505
1506 1507 1505
1506 1508 1507
1507 1508 1509
1507 1509 1510
1509 1511 1510
1509 1512 1511
1511 1512 1513
1511 1513 1514
1513 1515 1514
1513 1516 1515
1515 1516 1517
1516 1518 1517
1517 1518 1519
1519 1520 1517
1519 1521 1520
1522 1523 1524
1524 1523 1525
1526 1527 1528
1526 1528 1529
1529 1528 1530
1529 1530 1531
1531 1530 1532
1533 1534 1535
1536 1533 1535
1536 1535 1537
1538 1536 1537
1539 1540 1541
1541 1540 1542
1541 1542 1543
1544 1540 1539
1401 1544 1539
1545 1543 1542
1545 1542 1546
1547 1548 1549
1547 1549 1550
1551 1548 1547
1551 1552 1548
1553 1552 1551
1553 1554 1552
1555 1554 1553
1555 1556 1554
1557 1556 1555
1557 1558 1556
1559 1558 1557
1559 1560 1558
1561 1560 1559
1561 1562 1560
1563 1562 1561
1563 1564 1562
1565 1564 1563
1565 1566 1564
1567 1566 1565
1567 1568 1566
1567 1569 1568
1567 1570 1569
1569 1570 1571
1569 1571 1572
1572 1571 1573
1572 1573 1574
1575 1576 1577
1575 1577 1578
1576 1579 1577
1576 1580 1579
1580 1581 1579
1580 1582 1581
1582 1583 1581
1582 1584 1583
1584 1585 1583
1584 1586 1585
1586 1587 1585
1586 1588 1587
1588 1589 1587
1588 1590 1589
1590 1591 1589
1590 1592 1591
1592 1593 1591
1592 1594 1593
1594 1595 1593
1594 1596 1595
1596 1597 1595
1596 1598 1597
1598 1599 1597
1598 1600 1599
1600 1601 1599
1600 1602 1601
1602 1603 1601
1602 1604 1603
1604 1605 1603
1604 1606 1605
1606 1607 1605
1606 1608 1607
1608 1609 1607
1608 1610 1609
1610 1611 1609
1610 1612 1611
1612 1613 1611
1612 1614 1613
1615 1616 1617
1615 1617 1618
1616 1619 1617
1616 1620 1619
1620 1621 1619
1620 1622 1621
1622 1623 1621
1622 1624 1623
1624 1625 1623
1624 1626 1625
1626 1627 1625
1626 1628 1627
1628 1629 1627
1628 1630 1629
1630 1631 1629
1630 1632 1631
1632 1633 1631
1632 1634 1633
1634 1635 1633
1634 1636 1635
1636 1637 1635
1636 1638 1637
1638 1639 1637
1638 1640 1639
1640 1641 1639
1640 1642 1641
1643 1644 1645
1643 1645 1646
1646 1645 1647
1646 1647 1648
1648 1647 1649
1648 1649 1650
1650 1649 1651
1650 1651 1652
1652 1651 1653
1652 1653 1654
1653 1655 1654
1653 1656 1655
1657 1658 1659
1657 1659 1660
1658 1661 1659
1658 1662 1661
1662 1663 1661
1662 1664 1663
1664 1665 1663
1664 1666 1665
1666 1667 1665
1666 1668 1667
1668 1669 1667
1668 1670 1669
1670 1671 1669
1670 1672 1671
1673 1671 1672
1673 1674 1671
1674 1673 1675
1674 1675 1676
1675 1677 1676
1675 1678 1677
1678 1679 1677
1678 1680 1679
1680 1681 1679
1680 1682 1681
1682 1683 1681
1682 1684 1683
1685 1686 1687
1688 1687 1686
1687 1688 1689
1688 1690 1689
1690 1688 1691
1692 1691 1688
1692 1688 1686
1691 1693 1690
1693 1694 1690
1690 1694 1695
1690 1695 1689
1691 1692 1696
1686 1685 1697
1697 1692 1686
1697 1698 1692
1692 1698 1699
1692 1699 1700
1699 1701 1700
1699 1702 1701
1699 1703 1702
1699 1698 1703
1703 1704 1702
1705 1706 1707
1707 1706 1708
1706 1709 1708
1706 1710 1709
1710 1711 1709
1710 1712 1711
1712 1713 1711
1712 1714 1713
1714 1578 1713
1714 1575 1578
1715 1716 1717
1716 1715 1718
1718 1715 1719
1720 1715 1717
1719 1715 1720
1719 1720 1721
1722 1723 1724
1723 1722 1725
1723 1725 1726
1727 1728 1725
1727 1729 1728
1728 1729 1730
1728 1730 1731
1731 1730 1732
1733 1734 1735
1733 1735 1736
1737 1738 1739
1738 1740 1739
1738 1741 1740
1742 1743 1744
1744 1745 1742
1745 1746 1742
1743 1747 1744
1747 1748 1744
1749 1750 1751
1751 1752 1749
1751 1753 1752
1753 1754 1752
1755 1754 1753
1755 1753 1756
1757 1755 1756
1757 1756 1758
1759 1751 1750
1750 1760 1759
1760 1761 1759
1761 1762 1759
1763 1761 1760
1763 1764 1761
1765 1757 1758
1765 1758 1766
1767 1757 1765
1757 1767 1768
1757 1768 1769
1765 1770 1767
1771 1770 1765
1766 1758 1772
1773 1766 1772
1773 1772 1774
1772 1775 1774
1774 1775 1776
1774 1776 1777
1777 1776 1778
1772 1779 1775
1775 1779 1780
1775 1780 1781
1782 1781 1780
1782 1783 1781
1784 1783 1782
1784 1785 1783
1786 1785 1784
1787 1788 1773
1787 1789 1788
1787 1790 1789
1787 1791 1790
1792 1790 1791
1792 1793 1790
1794 1793 1792
1794 1792 1795
1794 1795 1796
1796 1797 1794
1796 1798 1797
1796 1799 1798
1796 1800 1799
1801 1800 1796
1796 1795 1802
1801 1803 1800
1798 1799 1804
1804 1799 1805
1806 1805 1799
1807 1805 1806
1807 1806 1808
1801 1809 1803
1801 1810 1809
1801 1811 1810
1812 1813 1814
1812 1814 1815
1816 1813 1812
1816 1817 1813
1813 1818 1814
1813 1819 1818
1820 1821 1822
1820 1822 1823
1824 1825 1826
1824 1826 1827
1828 1829 1830
1828 1830 1831
1832 1833 1834
1832 1834 1835
1835 1834 1836
1835 1836 1837
1837 1836 1838
1837 1838 1839
1840 1833 1832
1840 1841 1833
1842 1841 1840
1839 1843 1844
1839 1844 1845
1845 1844 1846
1845 1846 1847
1847 1846 1848
1847 1848 1849
1849 1848 1850
1851 1852 1853
1851 1853 1854
1855 1854 1853
1852 1851 1856
1857 1858 1859
1857 1859 1860
1857 1861 1858
1862 1858 1861
1861 1863 1862
1861 1864 1863
1865 1859 1866
1865 1866 1867
1868 1869 1870
1868 1870 1871
1871 1870 1872
1871 1872 1873
1873 1872 1874
1873 1874 1875
1876 1877 1878
1876 1878 1879
1880 1879 1878
1880 1881 1879
1882 1877 1876
1882 1876 1883
1883 1884 1882
1883 1885 1884
1885 1886 1884
1887 1881 1880
1888 1881 1887
1888 1887 1889
1889 1890 1888
1889 1891 1890
1892 1890 1891
1892 1891 1893
1892 1893 1894
1892 1894 1895
1896 1897 1898
1898 1897 1899
1898 1899 1900
1900 1899 1901
1900 1901 1902
1902 1901 1903
1902 1903 1904
1904 1903 1905
1904 1905 1906
1906 1905 1907
1906 1907 1908
1908 1907 1909
1908 1909 1910
1910 1909 1911
1912 1913 1914
1912 1914 1915
1766 1788 1916
1773 1788 1766
1917 1918 1919
1920 1918 1917
1920 1921 1918
1922 1921 1920
1922 1923 1921
1924 1923 1922
1924 1925 1923
1926 1925 1924
1926 1927 1925
1928 1927 1926
1928 1929 1927
1930 1931 1932
1930 1932 1933
1934 1931 1930
1934 1935 1931
1936 1935 1934
1936 1937 1935
1938 1937 1936
1938 1939 1937
1940 1939 1938
1940 1941 1939
1942 1941 1940
1942 1943 1941
1944 1945 1946
1944 1946 1947
1947 1946 1948
1947 1948 1949
1950 1951 1952
1950 1952 1953
1951 1950 1954
1952 1955 1953
1952 1956 1955
1957 1958 1959
1957 1959 1960
1961 1958 1957
1961 1962 1958
1963 1962 1961
1963 1964 1962
1965 1964 1963
1965 1966 1964
1967 1966 1965
1967 1968 1966
1969 1970 1971
1969 1971 1972
1973 1970 1969
1973 1974 1970
1975 1974 1973
1976 1977 1978
1976 1978 1979
1980 1981 1982
1980 1982 1983
1984 1985 1986
1984 1986 1987
1988 1989 1990
1988 1990 1991
1988 1991 1992
1988 1992 1993
1989 1994 1990
1989 1995 1994
1993 1992 1996
1993 1996 1997
1998 1994 1995
1998 1995 1999
1997 1996 2000
2000 2001 1997
2000 2002 2001
2003 2002 2000
2004 2002 2003
2004 2005 2002
2006 2005 2004
2002 2005 2007
2002 2007 2008
2001 2002 2008
2009 2010 2011
2009 2011 2012
2011 2013 2012
2011 2014 2013
2015 2016 2017
2015 2017 2018
2018 2019 2015
2018 2020 2019
2021 2019 2020
2021 2020 2022
2023 2021 2022
2023 2022 2024
2025 2023 2024
2025 2024 2026
2027 2025 2026
2025 2027 2028
2029 2025 2028
2030 2031 2032
2030 2032 2033
2034 2035 2036
2034 2036 2037
2038 2039 2040
2041 2042 2043
2042 2044 2043
2044 2042 2045
2044 2045 2046
2043 2044 2047
2047 2048 2043
2047 2049 2048
2047 2050 2049
2047 2051 2050
2050 2051 2052
2050 2052 2053
2053 2052 2054
2044 2046 2055
2046 2045 2056
2054 2052 2057
2057 2052 2058
2049 2059 2048
2060 2061 2062
2060 2062 2063
2064 2065 2066
2067 2065 2064
2067 2064 2068
2069 2064 2066
2070 2071 2072
2070 2072 2073
2074 2072 2071
2074 2071 2075
2076 2074 2075
2076 2075 2077
2078 2079 2080
2078 2080 2081
2082 2083 2084
2082 2084 2085
2086 2087 2088
2086 2088 2089
2087 2090 2088
2087 2091 2090
2092 2090 2091
2092 2091 2093
2094 2092 2093
2094 2093 2095
2096 2094 2095
2096 2095 2097
2098 2099 2100
2098 2100 2101
2102 2103 2104
2102 2104 2105
2106 2107 2108
2106 2108 2109
2110 2111 2112
2110 2112 2113
2113 2112 2114
2113 2114 2115
2116 2117 2118
2116 2118 2119
2117 2120 2118
2117 2121 2122
2122 2123 2124
2125 2126 2127
2127 2128 2125
2129 2130 2131
2129 2131 2132
2133 2131 2130
2133 2130 2134
2134 2135 2136
2134 2136 2137
2138 2139 2140
2138 2140 2141
2142 2143 2144
2142 2144 2145
2146 2147 2148
2149 2150 2151
2151 2152 2149
2150 2153 2151
2150 2154 2153
2155 2156 2157
2155 2157 2158
2159 2160 2161
2159 2161 2162
2163 2164 2165
2165 2164 2166
2165 2166 2167
2168 2164 2169
2170 2164 2168
2170 2168 2171
2170 2171 2172
2170 2172 2173
2170 2173 2174
2170 2174 2175
2170 2175 2176
2176 2177 2170
2177 2178 2170
2177 2179 2180
2181 2180 2179
2181 2182 2180
2183 2182 2181
2183 2181 2184
2185 2186 2187
2188 2185 2187
2189 2188 2187
2189 2187 2190
2187 2191 2190
2190 2191 2192
2190 2192 2193
2185 2194 2186
2186 2194 2195
2195 2194 2196
2195 2196 2197
2185 2198 2194
2194 2198 2199
2194 2199 2200
2198 2185 2201
2198 2201 2202
2201 2185 2203
2203 2185 2204
2204 2205 2203
2206 2205 2204
2206 2204 2207
2208 2206 2207
2208 2207 2209
2210 2209 2207
2204 2210 2207
2210 2211 2209
2205 2206 2212
2203 2205 2213
2203 2214 2201
2185 2215 2204
2204 2215 2210
2210 2215 2216
2216 2215 2217
2217 2215 2218
2218 2215 2189
2218 2189 2219
2220 2218 2219
2218 2220 2221
2217 2218 2221
2222 2210 2216
2223 2216 2224
2222 2225 2226
2223 2226 2227
2227 2226 2228
2226 2229 2228
2229 2230 2228
2230 2231 2228
2230 2232 2231
2233 2232 2230
2230 2234 2233
2229 2234 2230
2235 2227 2228
2235 2236 2227
2227 2236 2237
2227 2237 2238
2239 2236 2235
2239 2235 2240
2241 2237 2236
2241 2236 2239
2235 2242 2240
2240 2243 2239
2242 2244 2240
2242 2235 2245
2242 2245 2246
2246 2247 2242
2245 2235 2228
2248 2246 2245
2245 2249 2248
2249 2250 2248
2249 2251 2250
2245 2252 2249
2245 2253 2252
2252 2254 2249
2255 2253 2245
2231 2253 2255
2231 2256 2253
2253 2256 2257
2256 2258 2257
2256 2259 2258
2254 2260 2249
2254 2261 2260
2248 2262 2246
2263 2264 2265
2266 2267 2265
2266 2268 2267
2265 2269 2266
2270 2267 2268
2265 2267 2271
2272 2273 2264
2273 2274 2264
2274 2273 2275
2274 2275 2276
2277 2276 2275
2273 2278 2275
2279 2280 2281
2279 2281 2282
2281 2280 2283
2281 2283 2284
2285 2286 2287
2287 2286 2288
2287 2288 2289
2290 2291 2292
2292 2291 2293
2292 2293 2294
2295 2296 2297
2296 2295 2298
2296 2299 2297
2300 2296 2301
2300 2302 2296
2299 2302 2303
2303 2302 2304
2305 2302 2299
2306 2307 2308
2309 2310 2311
2312 2310 2309
2312 2313 2310
2311 2314 2309
2315 2314 2311
2316 2313 2312
2316 2317 2313
2318 2315 2319
2318 2319 2320
2320 2321 2322
2320 2322 2323
2323 2322 2324
2320 2325 2321
2324 2322 2326
2327 2328 2329
2327 2330 2328
2330 2331 2328
2328 2331 2332
2328 2332 2333
2328 2333 2334
2329 2328 2335
2336 2330 2327
2329 2337 2338
2329 2338 2339
2339 2338 2340
2340 2338 2341
2340 2341 2342
2338 2343 2341
2338 2344 2343
2345 2333 2344
2345 2344 2338
2346 2347 2348
2346 2348 2349
2350 2347 2351
2347 2352 2351
2350 2351 2353
2354 2355 2356
2354 2356 2357
2358 2359 2360
2361 2358 2362
2361 2362 2363
2361 2363 2364
2364 2365 2361
2366 2365 2367
2368 2365 2366
2368 2366 2369
2369 2366 2370
2371 2372 2373
2371 2373 2374
2375 2376 2374
2375 2377 2376
2378 2379 2375
2378 2380 2379
2381 2380 2378
2382 2383 2384
2384 2383 2385
2385 2386 2384
2385 2387 2388
2385 2388 2389
2389 2390 2391
2389 2391 2392
2393 2394 2392
2393 2392 2395
2396 2397 2398
2396 2398 2399
2400 2401 2402
2403 2401 2400
2400 2404 2403
2405 2406 2403
2405 2403 2407
2408 2409 2410
2410 2409 2411
2410 2411 2412
2411 2413 2412
2411 2414 2413
2415 2416 2417
2418 2416 2415
2418 2419 2416
2420 2421 2422
2423 2421 2420
2421 2423 2424
2424 2423 2425
2426 2427 2428
2426 2428 2429
2430 2431 2432
2432 2433 2430
2432 2434 2433
2435 2436 2437
2435 2437 2438
2439 2440 2441
2442 2443 2444
2445 2446 2447
2448 2449 2445
2448 2445 2450
2451 2452 2453
2451 2453 2454
2453 2452 2455
2453 2455 2456
2457 2458 2459
2460 2457 2459
2459 2461 2460
2460 2461 2462
2461 2463 2462
2461 2464 2463
2463 2465 2462
2466 2465 2463
2465 2466 2467
2457 2468 2458
2468 2457 2469
2470 2458 2468
2470 2468 2471
2467 2466 2472
2467 2472 2473
2473 2474 2467
2473 2475 2474
2475 2476 2474
2475 2477 2476
2476 2477 2478
2478 2477 2479
2478 2479 2480
2478 2480 2481
2482 2483 2484
2482 2484 2485
2486 2487 2488
2486 2488 2489
2490 2487 2491
2490 2491 2492
2493 2494 2495
2493 2495 2496
2497 2498 2493
2497 2493 2499
2500 2501 2502
2500 2502 2503
2504 2502 2505
2505 2506 2507
2505 2507 2508
2508 2507 2509
2508 2509 2510
2510 2509 2511
2510 2511 2512
2512 2513 2514
2512 2514 2515
2515 2514 2516
2515 2516 2517
2517 2516 2518
2517 2518 2519
2519 2518 2520
2519 2520 2521
2522 2523 2524
2522 2524 2525
2526 2523 2522
2526 2527 2523
2528 2527 2526
2528 2529 2527
2530 2529 2528
2530 2531 2529
2532 2531 2530
2532 2533 2531
2534 2533 2532
2534 2535 2533
2536 2535 2534
2536 2537 2535
2538 2539 2540
2541 2538 2540
2541 2542 2538
2543 2542 2541
2544 2539 2538
2542 2543 2545
2546 2545 2543
2546 2547 2545
2548 2547 2546
2547 2548 2549
2548 2550 2549
2551 2550 2548
2550 2551 2552
2552 2551 2553
2553 2554 2552
2555 2554 2553
2555 2556 2554
2556 2557 2554
2558 2557 2556
2558 2559 2557
2560 2561 2558
2560 2558 2562
2563 2564 2565
2563 2565 2566
2567 2568 2569
2567 2570 2568
2571 2572 2573
2571 2573 2574
2574 2573 2539
2575 2576 2577
2576 2575 2578
2576 2578 2579
2206 2576 2579
2576 2206 2580
2576 2580 2577
2581 2206 2208
2581 2208 2582
2583 2581 2582
2577 2584 2583
2212 2578 2585
2203 2586 2587
2203 2587 2588
2586 2589 2587
2586 2590 2589
2590 2591 2592
2590 2592 2593
2594 2592 2595
2203 2594 2595
2594 2596 2592
2597 2598 2596
2598 2597 2599
2597 2205 2599
2205 2600 2599
2600 2601 2599
2598 2599 2602
2601 2602 2599
2603 2604 2605
2603 2605 2606
2607 2604 2603
2607 2603 2608
2609 2610 2611
2609 2611 2612
2613 2610 2609
2613 2609 2614
2615 2616 2617
2615 2617 2618
2619 2620 2615
2619 2615 2621
2622 2623 2624
2625 2626 2623
2625 2623 2627
2628 2629 2625
2628 2625 2630
2631 2632 2633
2631 2633 2634
2635 2632 2631
2635 2636 2632
2637 2636 2635
2637 2638 2636
2639 2638 2637
2639 2640 2638
2641 2640 2639
2641 2642 2640
2643 2642 2641
2643 2644 2642
2645 2644 2643
2645 2646 2644
2647 2648 2649
2650 2647 2649
2650 2651 2647
2652 2651 2650
2653 2648 2647
2653 2654 2648
2655 2654 2653
2655 2656 2654
2651 2652 2657
2658 2659 2657
2658 2660 2659
2658 2657 2661
2662 2660 2658
2662 2663 2660
2664 2663 2662
2664 2665 2663
2665 2664 2666
2666 2667 2665
2668 2667 2666
2668 2669 2667
2669 2670 2667
2671 2670 2669
2671 2672 2670
2673 2674 2675
2673 2675 2676
2677 2674 2673
2677 2678 2674
2679 2678 2677
2679 2680 2678
2681 2682 2683
2681 2683 2684
2685 2682 2681
2685 2686 2682
2687 2686 2685
2687 2688 2686
2689 2688 2687
2689 2690 2688
2691 2692 2693
2691 2693 2694
2695 2696 2697
2695 2697 2698
2699 2700 2701
2699 2701 2702
2703 2704 2500
2703 2500 2705
2706 2707 2708
2706 2708 2709
2710 2711 2712
2710 2712 2713
2714 2712 2711
2714 2715 2712
2716 2717 2718
2716 2718 2719
2720 2721 2722
2720 2722 2723
2461 2724 2464
2725 2726 2727
2728 2729 2730
2731 2732 2733
2734 2735 2736
2735 2737 2736
2735 2738 2737
2739 2740 2736
2741 2739 2736
2741 2742 2739
2741 2743 2742
2741 2744 2743
2741 2745 2744
2741 2746 2745
2741 2747 2746
2747 2741 2748
2748 2741 2749
2748 2750 2751
2752 2751 2750
2752 2750 2753
2754 2752 2753
2754 2755 2752
2756 2757 2758
2756 2758 2759
2758 2760 2759
2758 2761 2760
2762 2763 2764
2763 2765 2764
2763 2766 2765
2767 2768 2769
2768 2770 2769
2768 2771 2770
2772 2773 2774
2774 2775 2772
2774 2773 2776
2777 2778 2774
2777 2774 2779
2776 2780 2779
2780 2781 2779
2782 2776 2779
2783 2784 2785
2786 2787 2788
2789 2786 2788
2789 2788 2790
2787 2786 2791
2792 2787 2791
2793 2789 2790
2793 2790 2794
2795 2796 2792
2795 2797 2796
2797 2798 2799
2797 2799 2800
2798 2801 2799
2797 2800 2802
2801 2803 2799
2804 2805 2806
2804 2806 2807
2807 2806 2808
2806 2809 2808
2806 2810 2809
2806 2811 2810
2805 2812 2806
2813 2804 2807
2805 2814 2815
2814 2816 2815
2805 2815 2817
2816 2818 2815
2816 2819 2818
2815 2818 2820
2815 2820 2821
2822 2815 2821
2822 2821 2810
2823 2824 2825
2823 2825 2826
2827 2828 2826
2826 2828 2829
2827 2830 2828
2831 2832 2833
2831 2833 2834
2835 2836 2837
2838 2839 2835
2838 2840 2839
2838 2841 2840
2841 2838 2842
2843 2844 2842
2845 2843 2842
2845 2846 2843
2846 2847 2843
2848 2849 2850
2848 2850 2851
2852 2849 2853
2852 2853 2854
2855 2852 2856
2855 2856 2857
2858 2855 2857
2859 2860 2861
2860 2862 2861
2862 2860 2863
2862 2864 2865
2862 2865 2866
2864 2867 2868
2864 2868 2869
2870 2871 2867
2870 2867 2872
2873 2874 2875
2873 2875 2876
2877 2878 2879
2880 2877 2879
2877 2880 2881
2882 2883 2880
2882 2880 2884
2885 2886 2887
2886 2888 2887
2886 2889 2888
2888 2889 2890
2888 2890 2891
2892 2893 2894
2895 2892 2894
2895 2894 2896
2897 2898 2899
2900 2897 2899
2899 2901 2900
2901 2902 2900
2903 2904 2905
2903 2905 2906
2907 2908 2909
2908 2907 2910
2908 2910 2911
2912 2913 2914
2912 2914 2915
2916 2917 2918
2919 2920 2921
2922 2923 2924
2925 2926 2922
2925 2922 2927
2928 2929 2930
2928 2930 2931
2930 2932 2931
2930 2933 2932
2934 2935 2936
2937 2935 2934
2935 2937 2938
2937 2939 2938
2938 2939 2940
2938 2940 2941
2940 2939 2942
2943 2940 2942
2942 2944 2943
2934 2936 2945
2945 2946 2934
2947 2945 2936
2947 2948 2945
2944 2949 2943
2944 2950 2949
2950 2944 2951
2950 2951 2952
2952 2951 2953
2952 2953 2954
2953 2955 2954
2955 2956 2954
2955 2957 2956
2955 2958 2957
2959 2960 2961
2959 2961 2962
2963 2964 2965
2963 2965 2966
2967 2968 2966
2967 2969 2968
2970 2971 2972
2970 2972 2973
2974 2975 2970
2974 2970 2976
2977 2978 2979
2977 2979 2980
2981 2982 2979
2982 2983 2984
2983 2985 2984
2983 2986 2985
2986 2987 2985
2986 2988 2987
2982 2984 2989
2988 2990 2991
2990 2992 2991
2990 2993 2992
2993 2994 2992
2993 2995 2994
2995 2996 2994
2995 2997 2996
2988 2991 2998
2999 3000 3001
2999 3001 3002
3003 2999 3002
3003 3002 3004
3005 3003 3004
3005 3004 3006
3007 3005 3006
3007 3006 3008
3009 3007 3008
3009 3008 3010
3011 3009 3010
3011 3010 3012
3013 3011 3012
3013 3012 3014
3015 3016 3017
3018 3016 3015
3018 3015 3019
3020 3018 3019
3021 3015 3017
3019 3022 3020
3023 3020 3022
3023 3022 3024
3025 3023 3024
3024 3026 3025
3025 3026 3027
3028 3025 3027
3027 3029 3028
3029 3030 3028
3030 3029 3031
3032 3030 3031
3032 3031 3033
3033 3031 3034
3035 3033 3034
3035 3034 3036
3037 3038 3035
3037 3035 3039
3040 3041 3042
3040 3042 3043
3044 3045 3046
3044 3046 3047
3048 3049 3050
3048 3051 3049
3051 3017 3049
3052 2239 3053
2239 3054 3053
3054 3055 3053
3054 3056 3055
3057 3052 3053
3055 3057 3053
3057 3058 3059
3058 3060 3061
2241 2239 3061
3060 2241 3061
2243 3062 3056
3063 3064 3065
3065 3066 3063
3065 3067 3066
3066 2240 3063
2240 3066 3068
3066 3067 3069
3066 3069 3068
3070 3064 3071
3072 3070 3071
2242 3072 3071
2242 3073 3074
2242 3074 3075
3074 3076 3075
3075 3076 3077
3077 3078 3070
3077 3070 3079
3080 3081 3082
3080 3082 3083
3084 3080 3083
3084 3085 3080
3086 3087 3088
3086 3088 3089
3090 3086 3089
3090 3091 3086
3092 3093 3094
3092 3094 3095
3096 3097 3092
3096 3092 3098
3099 3100 3101
3102 3103 3101
3102 3101 3104
3105 3106 3102
3105 3102 3107
3108 3109 3110
3108 3110 3111
3112 3108 3111
3112 3111 3113
3114 3112 3113
3114 3113 3115
3116 3114 3115
3116 3115 3117
3118 3116 3117
3118 3117 3119
3120 3118 3119
3120 3119 3121
3122 3120 3121
3122 3121 3123
3124 3125 3126
3127 3125 3124
3127 3124 3128
3129 3127 3128
3130 3124 3126
3130 3126 3131
3132 3130 3131
3132 3131 3133
3128 3134 3129
3135 3134 3136
3135 3136 3137
3135 3138 3134
3139 3135 3137
3139 3137 3140
3141 3139 3140
3141 3140 3142
3142 3143 3141
3143 3142 3144
3145 3143 3144
3145 3144 3146
3146 3144 3147
3148 3146 3147
3148 3147 3149
3150 3151 3152
3150 3152 3153
3154 3150 3153
3154 3153 3155
3156 3154 3155
3156 3155 3157
3158 3159 3160
3158 3160 3161
3162 3158 3161
3162 3161 3163
3164 3162 3163
3164 3163 3165
3166 3164 3165
3166 3165 3167
3168 3169 3170
3168 3170 3171
3172 3173 3174
3172 3175 3173
3176 3177 3178
3176 3178 3179
3180 3181 2977
3180 2977 3182
3183 3184 3185
3183 3185 3186
3187 3188 3189
3187 3189 3190
3191 3190 3189
3191 3189 3192
3193 3194 3195
3193 3195 3196
3197 3198 3199
3197 3199 3200
2938 2941 3201
3202 3203 3204
3205 3206 3207
3208 3209 3210
