byte offset: 0
first index: 47157
index count: 2235
topology: trianglelist
format: DXGI_FORMAT_R16_UINT

12337 12338 12339
12340 12341 12339
12341 12340 12342
12342 12343 12341
12343 12342 12344
12345 12343 12344
12343 12345 12346
12346 12345 12347
12346 12347 12348
12348 12347 12349
12347 12350 12349
12347 12351 12350
12347 12352 12351
12347 12345 12352
12353 12351 12352
12352 12354 12353
12352 12355 12354
12352 12356 12355
12352 12357 12356
12358 12357 12352
12345 12344 12358
12345 12358 12352
12351 12353 12359
12359 12360 12351
12351 12360 12350
12349 12350 12361
12350 12362 12361
12362 12350 12363
12350 12364 12363
12350 12365 12364
12350 12366 12365
12357 12358 12367
12357 12367 12368
12367 12369 12368
12367 12370 12369
12369 12370 12371
12369 12371 12372
12371 12373 12372
12371 12374 12373
12373 12374 12375
12375 12374 12376
12374 12377 12376
12377 12374 12378
12374 12379 12378
12374 12380 12379
12380 12374 12381
12381 12374 12340
12381 12337 12380
12380 12337 12382
12383 12382 12337
12382 12383 12384
12384 12385 12382
12382 12385 12380
12380 12385 12386
12384 12383 12387
12383 12388 12387
12389 12388 12383
12381 12340 12339
12379 12380 12390
12380 12391 12390
12380 12392 12391
12374 12342 12340
12342 12374 12371
12370 12342 12371
12344 12342 12370
12344 12370 12367
12358 12344 12367
12393 12394 12395
12393 12396 12394
12396 12393 12397
12398 12396 12397
12398 12399 12396
12399 12398 12400
12399 12400 12401
12401 12400 12402
12401 12402 12403
12403 12402 12404
12405 12403 12404
12406 12407 12408
12409 12410 12411
12411 12410 12412
12412 12410 12413
12412 12413 12414
12415 12414 12413
12414 12415 12416
12417 12416 12415
12416 12417 12418
12418 12417 12419
12420 12409 12411
12421 12420 12411
12420 12422 12409
12420 12423 12422
12424 12425 12426
12425 12424 12427
12428 12427 12424
12427 12428 12429
12428 12430 12429
12431 12432 12433
12432 12431 12434
12432 12435 12433
12435 12432 12436
12436 12437 12435
12437 12436 12438
12438 12439 12437
12439 12438 12440
12439 12440 12441
12442 12443 12444
12445 12446 12447
12446 12445 12448
12449 12448 12445
12448 12449 12450
12446 12451 12447
12451 12446 12452
12453 12447 12451
12453 12451 12454
12454 12451 12452
12447 12453 12455
12453 12456 12455
12456 12453 12457
12457 12458 12456
12456 12458 12459
12458 12460 12459
12461 12458 12457
12461 12462 12458
12459 12460 12463
12464 12463 12460
12460 12465 12464
12465 12466 12464
12467 12466 12465
12467 12468 12466
12469 12468 12467
12467 12465 12470
12467 12470 12469
12471 12470 12465
12470 12472 12469
12471 12465 12473
12458 12473 12460
12473 12465 12460
12474 12471 12473
12473 12458 12474
12474 12458 12475
12475 12458 12462
12462 12476 12475
12477 12478 12453
12453 12478 12457
12457 12478 12461
12453 12454 12477
12479 12445 12447
12445 12479 12480
12480 12449 12445
12449 12480 12481
12455 12479 12447
12482 12483 12484
12483 12482 12485
12484 12486 12482
12486 12484 12487
12487 12488 12486
12488 12487 12489
12489 12490 12488
12490 12489 12491
12491 12492 12490
12492 12491 12493
12492 12493 12494
12493 12495 12494
12495 12496 12494
12497 12494 12496
12496 12495 12498
12495 12493 12499
12491 12499 12493
12500 12497 12496
12498 12500 12496
12497 12500 12501
12500 12498 12502
12502 12503 12500
12503 12501 12500
12504 12501 12503
12503 12505 12504
12505 12503 12506
12506 12507 12505
12507 12506 12508
12509 12508 12506
12508 12509 12510
12503 12502 12511
12506 12511 12509
12511 12506 12503
12502 12512 12511
12512 12509 12511
12512 12502 12513
12498 12513 12502
12509 12512 12514
12514 12510 12509
12508 12515 12507
12515 12508 12516
12510 12516 12508
12516 12517 12515
12517 12516 12518
12518 12519 12517
12519 12518 12520
12520 12521 12519
12521 12520 12522
12523 12522 12520
12522 12523 12524
12520 12525 12523
12525 12520 12518
12524 12526 12522
12526 12524 12527
12528 12526 12527
12529 12522 12526
12522 12529 12521
12530 12526 12528
12526 12530 12529
12530 12528 12531
12531 12528 12527
12532 12518 12516
12518 12532 12525
12516 12510 12532
12533 12532 12510
12532 12533 12534
12535 12532 12534
12535 12523 12525
12532 12535 12525
12510 12514 12533
12523 12535 12536
12537 12536 12535
12535 12534 12537
12536 12537 12538
12538 12539 12536
12539 12538 12540
12540 12541 12539
12541 12540 12542
12543 12539 12541
12543 12541 12544
12541 12545 12544
12541 12546 12545
12542 12546 12541
12542 12547 12546
12539 12543 12548
12548 12536 12539
12536 12548 12523
12495 12549 12498
12549 12495 12550
12513 12498 12549
12499 12550 12495
12550 12499 12551
12552 12551 12499
12551 12552 12553
12499 12491 12552
12489 12552 12491
12552 12489 12554
12487 12554 12489
12554 12487 12555
12555 12556 12554
12554 12557 12552
12557 12554 12556
12552 12557 12553
12487 12558 12555
12484 12558 12487
12558 12484 12559
12483 12559 12484
12485 12560 12483
12560 12485 12561
12561 12562 12560
12562 12561 12563
12485 12564 12561
12564 12485 12565
12485 12566 12565
12566 12485 12482
12567 12561 12564
12561 12567 12563
12486 12566 12482
12568 12566 12486
12569 12566 12568
12488 12568 12486
12568 12488 12570
12571 12570 12488
12570 12571 12572
12573 12572 12571
12572 12573 12574
12573 12575 12574
12576 12574 12575
12577 12576 12575
12578 12577 12575
12576 12577 12579
12574 12576 12580
12580 12572 12574
12578 12581 12577
12581 12579 12577
12581 12578 12582
12579 12581 12583
12584 12583 12581
12582 12584 12581
12585 12584 12582
12586 12584 12585
12584 12586 12587
12588 12587 12586
12587 12588 12589
12589 12590 12587
12590 12589 12591
12583 12584 12592
12587 12592 12584
12592 12587 12590
12593 12583 12592
12590 12593 12592
12583 12593 12594
12594 12579 12583
12593 12590 12595
12591 12595 12590
12596 12589 12588
12589 12596 12597
12597 12591 12589
12598 12597 12596
12597 12598 12599
12600 12599 12598
12599 12600 12601
12602 12601 12600
12601 12602 12603
12603 12604 12601
12604 12603 12605
12606 12601 12604
12601 12606 12599
12607 12605 12603
12605 12607 12608
12609 12608 12607
12610 12603 12602
12603 12610 12607
12611 12607 12610
12607 12611 12609
12611 12612 12609
12612 12608 12609
12613 12599 12606
12599 12613 12597
12591 12597 12613
12613 12614 12591
12614 12613 12615
12616 12615 12613
12604 12616 12606
12613 12606 12616
12595 12591 12614
12616 12604 12617
12617 12618 12616
12616 12618 12615
12618 12617 12619
12620 12619 12617
12619 12620 12621
12622 12621 12620
12621 12622 12623
12620 12624 12622
12624 12625 12622
12622 12625 12626
12622 12626 12627
12623 12622 12627
12623 12627 12628
12624 12620 12629
12617 12629 12620
12629 12617 12604
12630 12576 12579
12576 12630 12631
12579 12594 12630
12631 12580 12576
12580 12631 12632
12632 12633 12580
12633 12632 12634
12572 12580 12633
12633 12634 12635
12633 12570 12572
12570 12633 12636
12637 12636 12633
12637 12633 12635
12636 12638 12570
12638 12568 12570
12568 12638 12639
12640 12568 12639
12640 12569 12568
12640 12641 12569
12642 12643 12644
12642 12645 12643
12646 12643 12645
12647 12643 12646
12643 12647 12648
12644 12643 12648
12645 12649 12646
12645 12650 12649
12645 12642 12651
12651 12652 12645
12645 12652 12650
12642 12653 12651
12653 12652 12651
12653 12642 12654
12644 12654 12642
12653 12654 12655
12654 12644 12656
12653 12657 12652
12657 12653 12658
12653 12655 12658
12654 12659 12655
12659 12654 12656
12657 12660 12652
12652 12660 12661
12657 12662 12660
12657 12663 12662
12664 12663 12657
12664 12657 12665
12657 12658 12665
12666 12665 12658
12666 12658 12667
12655 12667 12658
12652 12661 12668
12669 12667 12655
12669 12655 12670
12669 12670 12671
12669 12671 12672
12672 12671 12673
12669 12672 12674
12669 12675 12667
12669 12674 12675
12674 12672 12676
12677 12676 12672
12672 12673 12677
12676 12677 12678
12679 12678 12677
12673 12679 12677
12680 12679 12673
12681 12679 12680
12679 12681 12682
12681 12683 12682
12678 12679 12684
12682 12684 12679
12684 12682 12685
12682 12683 12685
12686 12671 12670
12687 12686 12670
12688 12687 12670
12688 12670 12655
12688 12655 12659
12688 12659 12689
12690 12689 12659
12659 12691 12690
12656 12691 12659
12644 12692 12656
12693 12692 12644
12644 12694 12693
12648 12694 12644
12695 12694 12648
12647 12695 12648
12695 12647 12696
12652 12668 12697
12652 12697 12650
12650 12697 12698
12697 12699 12698
12650 12698 12649
12700 12701 12702
12703 12701 12700
12700 12704 12703
12704 12705 12703
12704 12700 12706
12702 12706 12700
12701 12703 12707
12703 12708 12707
12708 12703 12705
12704 12706 12709
12704 12709 12710
12710 12711 12704
12704 12711 12705
12710 12709 12712
12710 12712 12713
12714 12710 12713
12714 12715 12710
12710 12715 12711
12716 12711 12715
12716 12717 12711
12705 12711 12717
12718 12705 12717
12718 12719 12705
12718 12720 12719
12718 12721 12720
12721 12722 12720
12718 12723 12721
12718 12717 12724
12718 12724 12723
12723 12725 12721
12725 12726 12721
12721 12726 12722
12726 12725 12727
12727 12728 12726
12728 12727 12729
12729 12730 12728
12731 12728 12730
12728 12731 12732
12732 12733 12728
12726 12733 12722
12728 12733 12726
12731 12730 12734
12730 12729 12735
12730 12735 12734
12736 12719 12720
12737 12719 12736
12738 12719 12737
12738 12705 12719
12738 12708 12705
12738 12739 12708
12740 12708 12739
12708 12740 12741
12707 12708 12741
12701 12707 12742
12743 12701 12742
12701 12743 12744
12745 12701 12744
12701 12745 12702
12745 12746 12702
12747 12746 12745
12747 12745 12744
12746 12747 12748
12749 12750 12751
12752 12750 12749
12749 12753 12752
12753 12749 12754
12755 12754 12749
12749 12751 12755
12754 12755 12756
12750 12752 12757
12758 12750 12757
12750 12758 12759
12758 12760 12759
12760 12758 12761
12761 12762 12760
12762 12761 12763
12763 12764 12762
12764 12763 12765
12765 12766 12764
12766 12765 12767
12767 12768 12766
12768 12767 12769
12769 12770 12768
12770 12769 12771
12771 12772 12770
12772 12771 12773
12773 12774 12772
12774 12773 12775
12776 12763 12761
12758 12776 12761
12776 12758 12777
12758 12778 12777
12778 12758 12757
12779 12769 12767
12767 12780 12779
12769 12779 12781
12781 12771 12769
12771 12781 12782
12782 12773 12771
12781 12783 12782
12784 12782 12783
12782 12784 12785
12773 12782 12785
12785 12775 12773
12783 12786 12784
12783 12787 12786
12784 12786 12788
12784 12788 12789
12784 12789 12790
12785 12784 12790
12791 12790 12789
12792 12787 12783
12783 12781 12792
12779 12792 12781
12787 12792 12793
12775 12785 12790
12794 12775 12790
12794 12790 12791
12775 12794 12795
12794 12796 12795
12794 12791 12797
12794 12797 12796
12775 12795 12774
12792 12798 12793
12799 12798 12792
12800 12798 12799
12801 12800 12799
12800 12801 12802
12799 12780 12801
12803 12801 12780
12765 12803 12780
12803 12765 12763
12763 12776 12803
12780 12767 12765
12776 12804 12803
12801 12803 12804
12804 12776 12805
12777 12805 12776
12805 12777 12806
12780 12799 12779
12792 12779 12799
12806 12807 12805
12807 12804 12805
12807 12806 12808
12809 12807 12808
12807 12809 12810
12808 12811 12809
12811 12808 12812
12806 12812 12808
12804 12807 12813
12813 12807 12814
12813 12801 12804
12801 12813 12802
12777 12815 12806
12812 12806 12815
12815 12777 12778
12816 12815 12778
12778 12752 12816
12752 12817 12816
12817 12818 12816
12815 12816 12818
12818 12817 12819
12817 12752 12753
12752 12778 12757
12819 12820 12818
12815 12820 12812
12820 12815 12818
12812 12821 12811
12821 12812 12820
12821 12822 12811
12823 12811 12822
12811 12823 12809
12824 12809 12823
12809 12824 12810
12824 12825 12810
12810 12825 12826
12826 12807 12810
12822 12821 12827
12814 12807 12826
12827 12828 12822
12822 12828 12829
12822 12829 12823
12828 12827 12830
12827 12831 12830
12814 12832 12813
12813 12832 12802
12802 12832 12833
12802 12833 12834
12802 12834 12800
12800 12834 12835
12800 12835 12836
12800 12836 12798
12837 12838 12760
12760 12839 12837
12759 12760 12838
12760 12840 12839
12762 12840 12760
12841 12840 12762
12842 12841 12762
12762 12764 12842
12750 12759 12843
12750 12843 12844
12751 12750 12844
12845 12846 12847
12848 12849 12846
12849 12848 12850
12851 12850 12848
12850 12851 12852
12851 12853 12852
12853 12851 12854
12854 12855 12853
12854 12856 12855
12856 12857 12855
12855 12857 12858
12855 12858 12859
12855 12859 12860
12855 12860 12853
12859 12861 12860
12860 12861 12862
12860 12862 12863
12860 12863 12864
12860 12864 12865
12866 12860 12865
12853 12866 12852
12853 12860 12866
12861 12859 12867
12867 12859 12868
12859 12858 12868
12857 12869 12858
12870 12858 12869
12858 12870 12871
12858 12871 12872
12858 12872 12873
12858 12873 12874
12865 12875 12866
12865 12876 12875
12875 12876 12877
12875 12877 12878
12877 12879 12878
12877 12880 12879
12879 12880 12881
12879 12881 12882
12881 12883 12882
12883 12884 12882
12882 12884 12885
12885 12886 12882
12882 12886 12887
12882 12887 12888
12888 12889 12882
12889 12849 12882
12889 12888 12845
12888 12890 12845
12891 12845 12890
12845 12891 12892
12890 12893 12891
12891 12894 12892
12893 12894 12891
12893 12890 12895
12890 12888 12895
12888 12896 12895
12889 12846 12849
12887 12897 12888
12888 12897 12898
12888 12898 12899
12850 12882 12849
12882 12850 12879
12878 12879 12850
12852 12878 12850
12852 12875 12878
12866 12875 12852
12900 12901 12902
12903 12900 12902
12900 12903 12904
12905 12904 12903
12905 12903 12906
12906 12907 12905
12906 12908 12907
12908 12909 12907
12908 12910 12909
12910 12911 12909
12912 12911 12910
12913 12914 12915
12916 12917 12918
12917 12919 12918
12919 12920 12918
12919 12921 12920
12921 12922 12920
12922 12921 12923
12923 12924 12922
12924 12923 12925
12925 12926 12924
12927 12917 12916
12928 12917 12927
12927 12916 12929
12927 12929 12930
