byte offset: 0
first index: 0
index count: 16347
topology: trianglelist
format: DXGI_FORMAT_R16_UINT

0 1 2
1 3 2
1 4 3
3 5 2
5 0 2
3 6 5
6 7 5
5 8 0
9 8 5
9 5 10
7 10 5
9 10 11
12 11 10
7 12 10
13 12 7
13 14 12
13 7 15
7 6 15
16 15 6
16 6 3
17 16 3
18 13 15
19 13 18
14 13 19
20 19 18
20 21 19
22 14 19
23 22 19
21 23 19
18 15 24
15 25 24
15 16 25
26 24 25
27 26 25
26 28 24
28 20 18
28 18 24
22 29 14
14 29 12
29 30 12
12 30 11
31 27 25
31 25 16
32 31 16
4 32 3
33 34 35
33 35 36
35 37 36
35 38 37
38 39 37
38 40 39
40 41 39
40 42 41
42 43 41
44 45 46
44 46 47
48 44 47
48 49 44
49 50 44
45 44 50
49 51 50
52 51 49
52 49 48
52 53 51
46 54 47
46 55 54
55 56 54
56 57 54
57 58 54
58 48 47
58 47 54
48 58 59
59 52 48
60 52 59
61 52 60
61 53 52
62 61 60
62 63 61
64 62 60
64 60 65
60 59 65
66 64 65
66 65 67
59 67 65
68 66 67
68 67 69
70 68 69
70 71 68
67 72 69
59 72 67
58 72 59
69 72 73
73 72 58
70 69 73
74 70 73
75 74 73
75 73 57
56 75 57
73 58 57
76 77 78
76 78 79
78 80 79
78 81 80
81 82 80
81 83 82
83 84 82
83 85 84
85 86 84
87 88 89
89 88 90
89 90 91
90 88 92
92 88 87
90 92 93
93 92 94
95 90 93
90 95 96
91 90 96
92 87 97
98 92 97
98 99 92
94 92 99
98 100 99
101 99 100
94 99 101
102 94 101
102 101 103
102 104 94
94 104 93
95 93 104
104 105 95
106 104 102
107 106 102
103 107 102
108 106 107
108 107 109
109 107 110
111 107 103
107 111 110
106 112 104
104 112 105
113 105 112
113 112 114
114 112 106
114 106 108
101 100 115
103 101 116
116 101 115
111 103 116
105 113 117
118 105 117
95 105 118
119 95 118
120 121 122
120 122 123
122 121 124
122 124 125
125 124 126
125 126 127
127 126 128
127 128 129
129 128 130
131 132 133
131 133 134
135 132 131
135 131 136
136 131 137
134 137 131
136 137 138
139 136 138
135 136 139
139 138 140
141 139 140
142 135 139
135 142 143
143 132 135
133 132 144
143 144 132
145 144 143
146 144 145
147 144 146
133 144 147
146 145 148
148 145 149
149 145 143
148 149 150
143 142 151
149 143 151
152 149 151
153 152 151
142 153 151
154 152 153
154 153 155
156 152 154
149 152 156
150 149 156
156 154 157
155 153 158
155 158 159
159 158 160
159 160 161
161 160 141
161 141 162
160 158 142
142 158 153
141 160 139
160 142 139
163 164 165
163 165 166
165 164 167
165 167 168
168 167 169
168 169 170
170 169 171
170 171 172
172 171 173
174 175 176
174 176 177
178 174 177
178 177 179
178 180 181
178 181 182
183 182 181
183 181 184
185 183 186
185 186 187
188 185 187
188 187 189
184 190 191
184 191 192
193 190 186
179 194 193
193 194 190
179 195 194
196 195 180
196 180 197
198 196 197
198 199 196
191 200 192
191 201 200
202 203 204
202 204 205
206 202 207
206 207 208
209 210 211
210 212 211
209 211 213
214 209 213
214 213 215
212 216 211
212 217 216
218 219 220
218 220 221
222 218 221
219 223 220
224 222 221
224 221 225
225 226 224
227 228 229
230 231 228
230 228 232
233 234 231
233 229 235
233 235 236
237 238 239
237 239 240
240 239 241
240 241 242
242 241 243
242 243 244
245 238 237
245 246 238
247 237 240
247 240 248
248 240 242
249 247 248
249 248 250
251 249 250
251 250 252
253 251 252
253 252 254
255 251 253
255 256 251
256 249 251
252 250 257
252 257 258
259 252 258
259 258 260
260 258 261
260 261 262
258 257 263
258 263 261
256 264 249
250 265 257
250 248 265
257 265 266
257 266 263
248 242 265
265 242 244
265 244 266
264 267 247
264 247 249
267 237 247
267 245 237
268 269 270
268 270 271
271 270 272
271 272 273
273 272 274
273 274 275
275 274 276
275 276 277
278 268 271
278 271 279
279 271 273
280 278 279
280 279 281
282 280 281
282 281 283
284 282 283
284 283 285
285 283 286
285 286 287
287 286 288
287 288 289
289 288 290
289 290 291
283 281 292
283 292 286
286 292 293
286 293 288
288 293 294
288 294 290
281 279 295
281 295 292
292 295 296
292 296 293
293 296 297
293 297 294
295 275 296
295 273 275
279 273 295
296 275 277
296 277 297
298 299 300
298 300 301
301 300 302
301 302 303
304 298 301
304 301 305
305 301 303
305 303 306
307 298 304
307 308 298
308 309 298
308 310 309
311 310 308
311 312 310
313 311 308
313 308 307
314 304 305
314 305 315
315 305 306
315 306 316
317 313 307
317 307 318
318 307 304
318 304 314
319 314 315
319 315 320
320 315 316
320 316 321
322 317 318
322 318 323
323 318 314
323 314 319
324 319 320
324 325 319
325 323 319
326 324 320
326 320 321
327 322 323
325 327 323
327 328 322
329 330 331
329 331 332
333 329 332
334 329 333
334 335 329
335 336 329
335 337 336
338 335 334
338 339 335
339 340 337
339 337 341
342 339 338
342 343 339
343 344 339
343 345 344
333 332 346
347 342 338
347 338 348
348 338 334
348 334 349
349 334 333
349 333 350
350 333 346
350 346 351
352 347 348
352 348 353
353 348 349
353 349 354
354 349 350
354 350 355
355 350 351
355 351 356
357 352 353
357 358 352
359 357 353
359 353 354
360 359 354
360 354 355
361 360 355
361 355 356
362 363 364
362 365 363
363 366 364
367 365 362
368 367 362
369 368 362
370 369 362
370 371 369
372 371 370
373 372 370
374 373 370
375 374 370
375 376 374
377 376 375
378 377 375
379 378 375
379 375 380
380 381 379
366 382 380
383 373 374
372 373 383
383 374 384
372 383 385
386 372 385
371 372 387
387 372 386
381 382 388
381 388 389
379 381 389
379 389 390
391 378 379
391 379 390
377 378 391
377 391 392
392 391 393
393 391 390
392 393 394
393 390 395
389 395 390
389 396 395
385 383 397
397 383 384
385 397 398
397 384 399
400 399 384
374 400 384
374 376 400
376 401 400
376 377 401
400 402 399
403 402 400
403 400 401
404 403 401
377 404 401
377 405 404
404 406 403
405 406 404
405 407 406
407 405 392
405 377 392
407 392 394
408 385 398
408 398 409
385 408 386
386 410 387
410 411 387
411 412 387
371 387 412
369 371 412
369 412 413
414 369 413
414 368 369
367 368 414
367 414 415
415 414 416
416 414 413
415 416 417
416 413 418
412 419 413
412 420 419
411 420 412
421 415 417
421 422 415
422 367 415
367 422 423
422 421 424
422 424 423
423 424 425
423 425 426
367 423 426
365 367 426
365 426 427
425 427 426
363 365 427
363 427 428
429 363 428
429 366 363
430 366 429
430 429 431
431 429 432
432 429 428
431 432 433
432 428 434
427 434 428
427 435 434
425 435 427
436 431 433
436 437 431
437 430 431
437 436 438
437 438 439
382 437 439
439 438 440
439 440 388
382 439 388
440 389 388
440 396 389
430 381 364
441 362 364
370 362 441
375 370 441
375 441 380
442 443 444
444 445 442
446 443 442
443 447 444
444 447 448
448 447 449
447 450 449
450 451 449
450 452 451
453 452 450
447 454 450
443 454 447
455 452 453
450 454 456
453 450 456
454 443 456
457 455 453
458 457 453
459 457 458
455 457 459
459 458 460
458 461 460
458 462 461
463 458 453
463 462 458
464 462 463
451 465 449
448 449 465
466 459 460
466 460 467
461 467 460
461 468 467
469 468 461
469 461 470
462 470 461
471 469 470
472 471 470
462 472 470
471 472 473
473 464 474
475 471 473
471 475 469
475 473 476
476 473 474
476 474 477
474 478 477
474 479 478
478 479 480
479 481 480
479 482 481
481 482 463
481 483 480
481 484 483
485 481 463
485 484 481
482 472 486
487 484 485
488 487 485
489 488 485
489 485 456
456 490 489
489 490 491
489 491 492
493 488 489
493 489 492
487 488 493
443 490 456
494 493 492
494 492 495
491 495 492
491 496 495
497 496 491
497 491 446
490 443 446
490 446 491
498 493 494
487 493 498
499 487 498
500 487 499
487 500 501
502 499 498
503 499 502
503 504 499
502 498 505
498 494 505
504 503 506
504 506 501
506 483 501
506 507 483
483 507 508
483 508 480
478 480 508
484 487 501
484 501 483
509 455 510
510 455 511
455 509 512
513 509 510
513 510 514
514 510 511
514 511 515
511 466 515
511 459 466
455 459 511
509 513 516
509 516 512
516 451 512
516 517 451
451 517 465
452 455 512
452 512 451
444 448 518
445 444 518
445 518 519
464 482 479
464 479 474
486 453 520
520 453 456
485 520 456
485 463 520
521 522 523
521 523 524
525 521 524
526 521 525
527 521 526
528 521 527
528 527 529
530 528 529
531 528 530
532 528 531
533 528 532
533 532 534
535 533 534
536 522 533
536 533 537
537 533 535
522 536 538
539 532 531
530 539 531
539 540 532
530 541 539
529 542 530
529 543 542
527 543 529
527 544 543
545 544 527
545 527 526
525 545 526
525 546 545
536 547 538
538 547 548
538 548 549
546 550 545
550 544 545
546 551 550
550 552 544
543 544 552
543 552 553
554 548 547
555 548 554
549 548 555
549 555 556
555 554 557
556 555 557
556 557 558
554 547 559
547 560 559
547 561 560
536 561 547
562 561 536
562 536 537
535 562 537
535 563 562
563 564 562
564 560 561
564 561 562
563 565 564
566 565 563
566 563 567
567 563 535
535 568 567
567 568 569
567 569 566
568 570 569
568 571 570
535 571 568
534 571 535
534 572 571
570 571 572
532 572 534
532 540 572
572 540 573
572 573 574
570 572 574
575 573 540
575 540 539
541 575 539
541 576 575
577 576 541
577 541 578
579 578 541
541 530 579
579 530 580
580 581 579
581 580 582
581 582 583
582 542 543
582 543 553
584 585 586
586 587 584
585 584 588
588 584 589
588 589 590
589 591 590
589 592 591
593 592 589
593 589 594
594 589 584
594 584 587
595 593 594
587 595 594
593 595 596
597 592 593
597 593 598
593 596 598
598 596 599
599 597 598
599 596 600
596 601 600
601 602 600
601 603 602
604 603 601
604 601 605
601 606 605
596 606 601
605 606 607
602 603 608
602 608 609
610 602 609
610 611 602
600 602 611
600 611 599
599 611 612
612 611 610
612 613 599
613 614 599
615 613 612
612 610 615
615 616 613
616 614 613
616 617 614
618 608 603
618 603 604
614 617 619
614 619 597
619 592 597
619 591 592
599 614 597
620 621 618
622 621 620
622 620 623
623 620 624
625 622 623
625 623 626
626 623 607
607 627 626
620 618 604
624 620 604
626 627 628
626 628 625
628 627 629
628 629 630
629 631 630
629 632 631
633 632 629
634 632 633
634 633 635
633 629 636
636 629 627
636 627 607
624 606 636
606 633 636
633 637 635
606 637 633
635 637 638
638 634 635
638 637 639
637 640 639
640 641 639
640 642 641
643 642 640
643 640 644
640 645 644
637 645 640
644 645 587
587 643 644
646 642 643
646 647 642
641 642 647
641 647 648
649 641 648
649 650 641
639 641 650
639 650 638
638 650 651
651 650 649
651 652 638
652 653 638
654 652 651
651 649 654
654 655 652
655 653 652
655 656 653
653 656 657
653 657 634
638 653 634
657 632 634
657 631 632
658 659 646
660 659 658
660 658 661
662 661 658
658 646 643
587 658 643
658 587 586
523 663 664
665 523 664
665 666 523
523 666 667
523 667 524
524 667 668
524 668 525
669 665 664
669 663 538
669 670 665
670 671 665
671 666 665
670 672 671
671 673 666
667 666 673
667 673 674
558 672 670
558 670 556
556 670 669
675 668 667
675 667 674
676 668 675
525 668 676
525 676 677
676 675 678
677 676 678
677 678 679
679 546 677
677 546 525
679 551 546
664 522 549
533 522 680
533 680 528
528 681 521
681 663 521
585 588 682
624 604 605
606 683 637
683 645 637
596 683 606
596 595 683
410 684 411
685 686 497
685 497 446
442 685 446
687 688 689
687 689 690
690 689 691
690 691 692
692 691 693
692 693 694
694 693 695
694 695 696
696 695 697
696 697 698
699 688 687
699 700 688
701 687 690
701 690 702
702 690 692
702 703 701
702 704 703
705 704 702
702 692 705
705 692 694
705 706 704
707 706 705
705 694 707
707 694 696
707 708 706
709 708 707
707 696 709
709 696 698
709 710 708
711 710 709
709 698 711
711 712 710
701 703 713
701 713 714
704 715 703
706 716 704
704 716 715
706 717 716
708 717 706
708 718 717
719 718 708
710 719 708
712 720 710
720 719 710
719 720 721
719 721 722
719 722 718
722 721 723
722 723 724
718 722 724
718 724 717
716 717 724
724 723 725
715 726 725
724 725 726
716 724 726
715 716 726
715 725 727
703 715 727
703 727 713
714 699 687
714 687 701
728 729 730
728 730 731
731 730 732
731 732 733
733 732 734
733 734 735
735 734 736
735 736 737
737 736 738
737 738 739
739 738 740
739 740 741
742 728 731
742 731 743
743 744 742
743 745 744
746 745 743
746 733 735
746 747 745
748 747 746
746 735 748
748 735 737
748 749 747
750 749 748
748 737 750
750 737 739
750 751 749
752 751 750
750 739 752
752 739 741
752 753 751
754 753 752
752 741 754
754 755 753
745 756 744
745 757 756
747 757 745
747 758 757
749 758 747
749 759 758
751 759 749
751 760 759
753 760 751
753 761 760
755 761 753
755 762 761
761 762 763
761 763 764
761 764 760
757 765 756
757 766 765
757 758 766
760 764 767
760 767 759
758 759 767
758 767 766
767 768 766
767 769 768
764 769 767
764 770 769
743 731 771
743 771 746
772 773 774
773 775 774
775 776 774
777 774 776
777 776 778
779 778 776
779 780 778
781 780 779
782 781 779
782 779 783
781 784 780
785 784 781
786 784 785
786 787 784
785 781 788
786 789 787
790 787 789
784 787 790
784 790 780
790 789 791
792 779 776
792 783 779
775 792 776
793 788 781
793 781 782
780 790 794
786 785 795
795 785 788
795 788 796
793 796 788
797 794 790
797 790 791
798 794 797
798 799 794
799 798 800
799 800 801
800 802 801
800 803 802
802 804 801
802 805 804
805 806 804
774 804 806
772 774 806
772 806 807
808 807 806
805 808 806
808 809 807
774 777 804
777 799 801
777 801 804
772 807 810
772 810 811
772 811 812
811 813 812
813 811 814
815 814 811
816 814 815
816 815 817
815 811 818
819 816 817
820 816 819
820 821 816
816 821 822
813 814 822
814 816 822
819 817 823
811 810 824
811 824 818
824 810 825
825 810 807
825 807 826
824 825 827
817 828 823
817 829 828
815 829 817
829 830 828
831 828 830
831 823 828
829 832 830
833 832 829
833 829 834
835 833 834
835 834 836
836 837 835
836 838 837
824 838 836
837 838 839
837 839 840
815 834 829
836 834 815
836 815 818
824 836 818
839 838 824
839 824 827
831 841 842
841 843 842
841 844 843
845 843 844
843 823 842
831 842 823
843 819 823
845 819 843
845 820 819
846 847 848
846 848 849
849 848 850
849 850 851
851 850 852
851 852 853
854 847 846
854 846 855
856 854 855
856 857 854
858 857 856
858 859 857
860 859 858
860 861 859
862 863 861
862 861 864
865 866 867
865 867 868
867 869 868
867 870 869
869 870 871
869 871 872
871 873 872
871 874 873
873 874 875
873 875 876
877 878 876
877 879 878
878 879 880
878 880 881
882 883 884
882 884 885
886 882 885
886 885 887
883 888 884
883 889 888
889 890 888
889 891 890
892 886 887
892 887 893
894 892 893
894 893 895
896 894 895
896 895 897
898 899 897
898 897 900
901 902 903
901 903 904
905 901 904
905 904 906
902 907 903
902 908 907
908 909 907
908 910 909
910 911 909
910 912 911
913 914 915
913 915 916
914 917 915
914 918 917
799 777 778
799 778 794
780 794 778
919 920 921
921 920 922
922 920 923
924 923 920
924 925 923
926 923 925
926 925 927
928 926 927
929 926 928
929 930 926
928 927 931
932 928 931
933 932 931
933 931 934
932 935 928
933 934 936
937 936 934
931 927 937
931 937 934
937 938 936
939 923 926
939 926 930
940 938 937
940 937 941
927 941 937
942 940 941
942 941 943
922 923 939
943 944 942
943 945 944
924 945 943
924 946 945
920 946 924
920 947 946
919 947 920
919 948 947
949 947 948
949 948 950
951 946 947
951 947 949
945 946 951
943 941 925
943 925 924
927 925 941
944 945 952
952 953 951
954 955 948
954 956 955
954 957 956
956 957 958
958 959 956
960 956 959
961 960 959
961 962 960
960 963 956
964 962 961
965 964 961
965 961 966
961 967 966
958 967 959
959 967 961
964 968 962
956 963 969
956 969 955
969 970 955
970 948 955
970 971 948
969 972 970
962 968 973
962 973 974
974 973 975
976 975 973
976 973 968
974 975 977
978 974 977
978 979 974
980 979 978
980 981 979
981 980 982
981 982 983
982 984 983
960 974 979
981 960 979
960 962 974
981 963 960
969 963 981
969 981 983
972 969 983
985 984 972
976 986 987
987 986 988
987 988 989
990 989 988
988 986 968
976 968 986
988 968 964
991 988 964
991 964 965
992 929 928
992 928 935
992 935 993
994 993 935
994 935 932
933 994 932
995 996 997
995 997 998
999 996 995
999 1000 996
996 1001 997
997 1001 1002
1002 1001 1003
1002 1003 1004
1005 1004 1003
1005 1006 1004
1003 1007 1005
1003 1008 1007
996 1009 1001
1000 1009 996
1008 1010 1007
1008 1011 1010
1012 1008 1003
1012 1011 1008
1013 1009 1012
1013 1012 1003
1011 1014 1010
1011 1015 1014
1000 1016 1009
1015 1017 1014
1015 1018 1017
1012 1019 1011
1009 1019 1012
1019 1015 1011
1017 1018 1020
1017 1020 1021
1021 1020 1022
1021 1022 1023
1023 1022 1024
1023 1024 1025
1025 1024 1026
1025 1026 1027
1027 1026 1028
1027 1028 1029
1029 1028 1030
1029 1030 1031
1028 1032 1030
1028 1033 1032
1026 1033 1028
1033 1034 1032
1033 1035 1034
1035 1036 1034
1035 1037 1036
1026 1038 1033
1039 1037 1035
1039 1040 1037
1041 1039 1035
1041 1035 1033
1041 1033 1038
1042 1038 1026
1042 1026 1024
1042 1043 1038
1022 1042 1024
1022 1044 1042
1044 1043 1042
1020 1044 1022
1020 1045 1044
1018 1045 1020
1018 1046 1045
1047 1046 1018
1047 1018 1015
1048 1046 1047
1048 1047 1049
1048 1050 1046
1044 1051 1043
1045 1051 1044
1052 1048 1049
1052 1049 1053
1049 1054 1053
1053 1054 1055
1054 999 1055
1055 999 1056
1055 1056 1057
1058 1055 1057
1053 1055 1058
1058 1057 1059
1060 1058 1059
1060 1059 1061
1000 999 1054
1062 1060 1061
1062 1061 1063
1060 1064 1058
1053 1058 1064
1052 1053 1064
1060 1065 1064
1065 1052 1064
1016 1000 1054
1049 1016 1054
1066 1065 1060
1066 1060 1062
1067 1065 1066
1067 1068 1065
1065 1068 1052
1068 1069 1052
1069 1048 1052
1069 1050 1048
1068 1070 1069
1069 1071 1050
1046 1050 1071
1046 1071 1045
1071 1072 1045
1045 1072 1051
1069 1073 1071
1073 1072 1071
1072 1074 1051
1072 1075 1074
1073 1075 1072
1051 1074 1076
1043 1051 1076
1043 1076 1077
1038 1043 1077
1038 1077 1041
1041 1077 1078
1041 1078 1039
1078 1040 1039
1078 1079 1040
1078 1080 1079
1078 1081 1080
1077 1076 1081
1077 1081 1078
1076 1074 1081
1082 1080 1081
1074 1082 1081
1075 1082 1074
1082 1083 1080
1073 1084 1075
1083 1082 1085
1075 1085 1082
1075 1084 1085
1083 1085 1086
1086 1085 1087
1084 1087 1085
1086 1087 1088
1084 1089 1087
1073 1089 1084
1073 1090 1089
1069 1090 1073
1069 1070 1090
1091 1090 1070
1091 1070 1092
1092 1070 1068
1092 1068 1067
1087 1093 1088
1087 1094 1093
1089 1094 1087
1090 1091 1095
1090 1095 1089
1089 1095 1094
1094 1096 1093
1094 1097 1096
1095 1097 1094
1096 1097 1098
1099 1096 1098
1100 1099 1098
1101 1098 1097
1095 1101 1097
1091 1101 1095
1101 1102 1098
1103 1102 1101
1091 1103 1101
1103 1104 1102
1104 1105 1102
1104 1106 1105
1102 1107 1098
1098 1107 1108
1102 1109 1107
1105 1109 1102
1105 1110 1109
1109 1111 1107
1106 1112 1105
1113 1112 1106
1114 1113 1106
1114 1106 1115
1115 1116 1114
1115 1117 1116
1113 1118 1112
1119 1118 1113
1119 1113 1120
1120 1113 1121
1120 1121 1122
1123 1120 1122
1119 1120 1123
1123 1122 1124
1125 1123 1124
1124 1126 1125
1124 1127 1126
1127 1124 1128
1127 1128 1129
1130 1127 1129
1131 1127 1130
1132 1127 1131
1133 1127 1132
1127 1133 1126
1134 1126 1133
1125 1126 1134
1135 1125 1134
1135 1136 1125
1125 1136 1123
1124 1137 1128
1124 1138 1137
1139 1136 1135
1139 1140 1136
1141 1140 1139
1141 1142 1140
1141 1143 1142
1142 1143 1144
1123 1136 1140
1119 1140 1142
1140 1119 1123
1144 1145 1142
1122 1146 1137
1122 1121 1146
1137 1146 1092
1117 1092 1146
1117 1091 1092
1137 1092 1067
1128 1137 1067
1128 1067 1066
1129 1128 1066
1129 1066 1062
1130 1129 1062
1130 1062 1063
1147 1148 1149
1148 1150 1149
1149 1151 1147
1147 1151 1152
1147 1152 1153
1149 1154 1151
1153 1152 1155
1153 1155 1156
1157 1153 1156
1157 1158 1153
1149 1150 1159
1153 1158 1160
1153 1160 1147
1160 1148 1147
1161 1148 1160
1160 1158 1161
1161 1162 1148
1148 1162 1163
1164 1148 1163
1148 1164 1150
1163 1162 1165
1163 1165 1166
1165 1167 1166
1165 1168 1167
1168 1165 1169
1169 1170 1168
1170 1169 1171
1170 1171 1172
1172 1173 1170
1172 1174 1173
1175 1174 1172
1175 1172 1171
1175 1176 1174
1170 1173 1177
1170 1177 1168
1168 1177 1178
1168 1178 1167
1176 1175 1179
1176 1179 1180
1165 1181 1169
1180 1179 1182
1180 1182 1183
1169 1181 1184
1169 1184 1171
1171 1184 1185
1171 1185 1175
1175 1185 1186
1175 1186 1179
1179 1186 1187
1179 1187 1182
1186 1188 1187
1186 1189 1188
1190 1188 1189
1190 1189 1191
1192 1184 1181
1192 1181 1193
1193 1181 1162
1165 1162 1181
1193 1162 1161
1194 1193 1161
1194 1161 1158
1195 1194 1158
1195 1158 1196
1197 1194 1195
1197 1198 1194
1198 1193 1194
1198 1192 1193
1199 1198 1197
1199 1197 1200
1201 1199 1200
1201 1202 1199
1191 1202 1201
1191 1189 1202
1203 1202 1189
1199 1202 1203
1203 1189 1186
1186 1185 1203
1204 1203 1185
1198 1199 1204
1199 1203 1204
1204 1185 1184
1192 1204 1184
1198 1204 1192
1205 1206 1207
1205 1207 1208
1206 1209 1207
1206 1210 1209
1211 1209 1210
1211 1212 1209
1212 1207 1209
1210 1213 1211
1210 1214 1213
1206 1215 1210
1215 1214 1210
1214 1216 1213
1217 1213 1216
1216 1218 1217
1216 1219 1218
1217 1220 1213
1220 1211 1213
1219 1221 1218
1219 1222 1221
1222 1223 1221
1222 1224 1223
1214 1225 1216
1225 1219 1216
1225 1226 1219
1226 1227 1219
1227 1228 1224
1227 1229 1228
1226 1229 1227
1215 1230 1214
1231 1228 1229
1231 1232 1228
1233 1231 1229
1233 1229 1226
1233 1226 1225
1214 1230 1233
1214 1233 1225
1234 1235 1232
1234 1232 1236
1235 1237 1238
1239 1238 1237
1239 1240 1238
1235 1238 1241
1239 1237 1242
1239 1242 1243
1244 1240 1239
1243 1245 1244
1243 1246 1245
1243 1244 1247
1248 1245 1246
1248 1246 1249
1250 1248 1249
1250 1249 1251
1244 1252 1240
1245 1252 1244
1251 1253 1250
1254 1253 1251
1254 1255 1253
1245 1256 1252
1248 1256 1245
1248 1257 1256
1250 1257 1248
1255 1258 1253
1255 1259 1258
1250 1260 1257
1253 1258 1260
1253 1260 1250
1256 1261 1252
1252 1261 1262
1252 1262 1263
1263 1262 1264
1263 1264 1265
1264 1241 1265
1264 1266 1241
1264 1267 1266
1264 1268 1267
1262 1268 1264
1262 1269 1268
1261 1269 1262
1268 1270 1267
1268 1271 1270
1261 1272 1269
1273 1271 1268
1273 1274 1271
1272 1274 1273
1271 1275 1270
1271 1276 1275
1274 1276 1271
1272 1277 1274
1274 1278 1276
1277 1278 1274
1276 1279 1275
1276 1280 1279
1281 1277 1272
1282 1281 1272
1282 1272 1261
1256 1282 1261
1257 1282 1256
1257 1283 1282
1283 1281 1282
1260 1283 1257
1260 1284 1283
1258 1284 1260
1258 1285 1284
1259 1285 1258
1259 1286 1285
1283 1287 1281
1288 1287 1283
1288 1289 1287
1290 1289 1288
1286 1291 1290
1290 1291 1289
1286 1292 1291
1293 1259 1208
1293 1208 1207
1212 1293 1207
1294 1293 1212
1295 1294 1212
1295 1212 1211
1220 1295 1211
1296 1295 1220
1297 1296 1220
1297 1220 1217
1298 1297 1217
1298 1217 1218
1299 1298 1218
1299 1218 1300
1301 1299 1300
1301 1300 1223
1296 1302 1295
1302 1294 1295
1303 1299 1301
1303 1304 1299
1304 1305 1299
1304 1306 1305
1306 1307 1305
1306 1308 1307
1308 1296 1307
1308 1309 1296
1309 1302 1296
1309 1310 1302
1311 1306 1304
1311 1312 1306
1312 1308 1306
1312 1313 1308
1313 1309 1308
1314 1311 1304
1314 1304 1303
1313 1315 1309
1315 1310 1309
1310 1316 1302
1302 1316 1294
1316 1317 1294
1316 1318 1317
1310 1319 1316
1315 1320 1310
1320 1319 1310
1311 1321 1312
1311 1322 1321
1312 1323 1313
1321 1323 1312
1324 1322 1311
1324 1311 1314
1318 1325 1317
1318 1326 1325
1327 1315 1313
1323 1327 1313
1327 1328 1315
1328 1320 1315
1323 1329 1327
1320 1330 1319
1322 1331 1321
1324 1331 1322
1324 1332 1331
1333 1323 1321
1323 1333 1329
1331 1334 1321
1334 1333 1321
1328 1335 1320
1335 1330 1320
1331 1332 1336
1331 1336 1334
1334 1336 1337
1334 1337 1333
1337 1329 1333
1335 1338 1330
1329 1339 1327
1327 1339 1340
1327 1340 1328
1340 1335 1328
1337 1341 1329
1341 1339 1329
1337 1342 1341
1340 1343 1335
1343 1338 1335
1338 1344 1330
1330 1344 1345
1330 1345 1319
1344 1346 1345
1345 1346 1326
1345 1326 1347
1348 1345 1347
1348 1347 1316
1344 1349 1346
1338 1350 1344
1350 1349 1344
1343 1351 1338
1351 1350 1338
1342 1352 1341
1341 1352 1353
1350 1354 1349
1351 1355 1350
1355 1354 1350
1355 1356 1354
1352 1357 1353
1353 1357 1358
1339 1353 1358
1341 1353 1339
1339 1358 1340
1340 1358 1359
1340 1359 1343
1343 1359 1360
1343 1360 1351
1352 1361 1357
1358 1357 1362
1358 1362 1359
1359 1362 1363
1359 1363 1360
1360 1363 1364
1351 1360 1364
1351 1364 1355
1357 1361 1365
1357 1365 1362
1366 1356 1355
1366 1355 1364
1367 1363 1362
1367 1362 1365
1367 1366 1364
1367 1364 1363
1368 1369 1365
1368 1365 1370
1368 1370 1352
1368 1352 1371
1372 1368 1371
1372 1369 1368
1372 1371 1373
1371 1374 1373
1375 1373 1374
1374 1376 1375
1377 1375 1376
1378 1377 1376
1378 1376 1379
1380 1378 1379
1380 1379 1381
1377 1378 1382
1378 1383 1382
1383 1381 1279
1383 1279 1280
1382 1383 1280
1276 1382 1280
1276 1278 1382
1278 1384 1382
1384 1377 1382
1377 1384 1375
1385 1384 1278
1277 1385 1278
1386 1385 1277
1281 1386 1277
1387 1386 1281
1387 1388 1386
1386 1389 1385
1388 1389 1386
1390 1388 1387
1390 1391 1388
1392 1391 1390
1392 1393 1391
1292 1393 1392
1292 1394 1393
1395 1384 1385
1389 1395 1385
1395 1375 1384
1388 1396 1389
1389 1397 1395
1396 1397 1389
1395 1373 1375
1394 1398 1393
1394 1399 1398
1400 1396 1388
1400 1401 1396
1393 1398 1401
1393 1401 1400
1396 1402 1397
1401 1402 1396
1395 1397 1403
1395 1403 1373
1402 1403 1397
1399 1404 1398
1399 1405 1404
1401 1406 1402
1398 1404 1406
1398 1406 1401
1402 1407 1403
1406 1407 1402
1372 1373 1403
1406 1408 1407
1404 1408 1406
1405 1409 1404
1404 1409 1408
1405 1410 1409
1403 1407 1411
1403 1411 1372
1372 1411 1369
1412 1409 1410
1412 1413 1409
1413 1408 1409
1407 1408 1414
1407 1414 1411
1413 1414 1408
1411 1414 1415
1411 1415 1369
1413 1415 1414
1369 1415 1367
1367 1415 1413
1367 1413 1412
1369 1367 1416
1166 1417 1418
1166 1418 1419
1420 1417 1166
1420 1421 1417
1418 1417 1422
1423 1422 1417
1423 1417 1424
1421 1424 1417
1425 1423 1424
1425 1424 1426
1426 1427 1425
1426 1428 1427
1429 1427 1428
1429 1428 1430
1431 1429 1430
1431 1430 1432
1433 1432 1430
1433 1434 1432
1435 1433 1430
1435 1430 1428
1429 1436 1427
1428 1426 1437
1438 1437 1426
1438 1426 1424
1424 1421 1438
1439 1436 1429
1440 1439 1429
1440 1429 1441
1439 1442 1436
1443 1435 1428
1443 1428 1437
1444 1439 1440
1444 1445 1439
1445 1442 1439
1446 1438 1421
1178 1446 1421
1178 1421 1420
1446 1447 1438
1447 1443 1437
1447 1437 1438
1445 1448 1442
1448 1449 1442
1436 1442 1449
1436 1449 1450
1427 1436 1450
1427 1450 1425
1425 1450 1451
1425 1451 1423
1451 1452 1423
1452 1422 1423
1452 1453 1422
1453 1454 1422
1454 1418 1422
1418 1454 1455
1453 1456 1454
1450 1449 1457
1450 1457 1451
1457 1452 1451
1456 1458 1454
1458 1459 1454
1460 1453 1452
1457 1460 1452
1460 1461 1453
1456 1453 1461
1459 1458 1462
1459 1462 1463
1456 1461 1464
1456 1464 1458
1465 1460 1457
1449 1465 1457
1449 1466 1465
1448 1466 1449
1465 1467 1460
1467 1461 1460
1458 1464 1468
1458 1468 1462
1467 1469 1461
1469 1464 1461
1469 1470 1464
1464 1470 1471
1464 1471 1468
1462 1472 1463
1462 1473 1472
1474 1473 1462
1474 1475 1473
1471 1475 1468
1475 1476 1473
1476 1477 1473
1478 1473 1477
1478 1477 1479
1479 1480 1478
1479 1481 1480
1480 1481 1482
1480 1482 1483
1484 1481 1479
1484 1485 1481
1481 1485 1486
1481 1486 1487
1483 1487 1488
1483 1488 1489
1490 1489 1488
1491 1489 1490
1492 1490 1488
1493 1490 1492
1494 1490 1493
1490 1494 1495
1491 1495 1496
1497 1490 1495
1496 1495 1498
1487 1486 1499
1487 1499 1488
1492 1488 1499
1492 1500 1493
1492 1501 1500
1499 1501 1492
1499 1502 1501
1501 1503 1500
1501 1504 1503
1502 1504 1501
1486 1502 1499
1486 1505 1502
1485 1505 1486
1485 1506 1505
1504 1507 1503
1504 1508 1507
1504 1502 1509
1505 1509 1502
1505 1510 1509
1506 1510 1505
1506 1511 1510
1512 1506 1485
1512 1485 1484
1513 1504 1509
1508 1504 1513
1507 1508 1514
1514 1508 1513
1514 1515 1507
1516 1513 1509
1516 1509 1510
1511 1516 1510
1517 1515 1514
1484 1518 1512
1484 1519 1518
1479 1519 1484
1479 1477 1519
1511 1520 1516
1519 1477 1521
1521 1477 1476
1522 1512 1518
1522 1523 1512
1523 1506 1512
1523 1524 1506
1519 1521 1525
1519 1525 1518
1526 1524 1523
1522 1526 1523
1526 1527 1524
1522 1528 1526
1518 1525 1529
1528 1522 1529
1522 1518 1529
1530 1529 1525
1530 1525 1531
1532 1531 1525
1533 1532 1476
1532 1533 1531
1534 1533 1476
1535 1528 1529
1536 1535 1529
1536 1529 1530
1536 1537 1535
1537 1538 1535
1537 1536 1539
1540 1537 1539
1540 1541 1537
1475 1542 1476
1476 1542 1543
1475 1544 1545
1544 1546 1545
1546 1542 1545
1544 1547 1546
1475 1545 1548
1471 1544 1475
1549 1550 1551
1552 1553 1549
1551 1554 1555
1556 1557 1552
1555 1558 1559
1560 1561 1556
1559 1562 1563
1563 1564 1560
1565 1566 1567
1565 1567 1154
1480 1154 1567
1480 1483 1154
1154 1483 1489
1154 1489 1151
1151 1489 1491
1151 1491 1152
1152 1491 1568
1491 1496 1568
1568 1496 1498
1568 1498 1569
1152 1568 1155
1154 1149 1565
1149 1159 1565
1463 1478 1480
1463 1480 1570
1463 1570 1566
1463 1566 1571
1571 1459 1463
1571 1572 1459
1459 1572 1573
1459 1573 1454
1573 1455 1454
1455 1573 1574
1455 1574 1575
1576 1455 1575
1418 1455 1576
1418 1576 1419
1164 1419 1576
1164 1576 1577
1164 1577 1578
1164 1578 1150
1164 1163 1419
1163 1166 1419
1009 1579 1019
1579 1580 1019
1019 1580 1015
1579 1049 1580
1581 1582 1583
1581 1583 1584
1583 1585 1584
1583 1586 1585
1584 1587 1581
1584 1588 1587
1582 1589 1583
1589 1586 1583
1582 1590 1589
1591 1588 1584
1591 1584 1585
1589 1592 1586
1588 1593 1587
1588 1594 1593
1591 1594 1588
1591 1595 1594
1594 1596 1593
1594 1597 1596
1595 1597 1594
1595 1598 1597
1597 1599 1596
1597 1600 1599
1600 1601 1599
1600 1602 1601
1603 1602 1600
1597 1598 1603
1597 1603 1600
1603 1604 1602
1605 1601 1602
1604 1605 1602
1605 1606 1601
1604 1607 1605
1606 1605 1608
1606 1608 1609
1610 1608 1605
1610 1605 1607
1609 1608 1611
1609 1611 1612
1612 1611 1613
1612 1613 1614
1614 1613 1615
1614 1615 1616
1616 1615 1617
1616 1617 1618
1618 1617 1619
1618 1619 1620
1620 1619 1621
1620 1621 1622
1623 1622 1621
1623 1621 1624
1624 1621 1625
1624 1625 1626
1621 1619 1627
1621 1627 1625
1619 1617 1628
1619 1628 1627
1617 1615 1629
1617 1629 1628
1613 1629 1615
1613 1630 1629
1611 1630 1613
1611 1631 1630
1631 1611 1608
1631 1608 1610
1632 1633 1634
1632 1634 1635
1636 1633 1632
1636 1632 1637
1635 1638 1632
1638 1637 1632
1635 1639 1638
1638 1640 1637
1641 1636 1637
1641 1637 1642
1640 1642 1637
1640 1643 1642
1633 1644 1634
1633 1645 1644
1636 1645 1633
1643 1646 1642
1643 1647 1646
1642 1646 1648
1642 1648 1641
1636 1649 1645
1650 1649 1636
1650 1636 1641
1647 1651 1646
1647 1652 1651
1639 1653 1638
1653 1640 1638
1639 1654 1653
1655 1643 1640
1653 1655 1640
1655 1656 1643
1647 1643 1656
1657 1648 1646
1657 1658 1648
1651 1652 1659
1647 1656 1660
1661 1648 1658
1661 1662 1648
1662 1650 1641
1662 1641 1648
1655 1663 1656
1663 1660 1656
1655 1664 1663
1663 1665 1660
1665 1666 1660
1666 1667 1659
1666 1659 1668
1665 1669 1666
1670 1664 1655
1670 1655 1653
1654 1670 1653
1654 1671 1670
1672 1665 1663
1664 1672 1663
1672 1673 1665
1673 1674 1665
1674 1675 1666
1674 1676 1675
1677 1676 1674
1673 1677 1674
1677 1678 1676
1679 1678 1677
1679 1680 1678
1681 1679 1677
1681 1677 1673
1671 1682 1670
1682 1664 1670
1664 1683 1672
1682 1683 1664
1671 1684 1682
1685 1680 1679
1685 1686 1680
1687 1681 1673
1687 1673 1672
1683 1687 1672
1688 1685 1679
1688 1679 1681
1683 1689 1687
1685 1690 1686
1685 1691 1690
1688 1691 1685
1692 1689 1683
1692 1683 1682
1684 1692 1682
1688 1693 1691
1684 1694 1692
1693 1695 1691
1693 1696 1695
1696 1697 1695
1695 1697 1698
1699 1698 1697
1699 1697 1700
1701 1699 1700
1701 1700 1702
1695 1698 1703
1704 1695 1703
1704 1703 1690
1700 1697 1705
1696 1705 1697
1700 1705 1706
1702 1707 1706
1702 1706 1708
1709 1702 1708
1709 1708 1710
1711 1709 1710
1711 1710 1712
1713 1711 1712
1713 1712 1714
1714 1712 1715
1714 1715 1716
1715 1717 1716
1715 1718 1717
1718 1719 1717
1719 1718 1720
1719 1720 1721
1715 1722 1718
1715 1723 1722
1712 1723 1715
1718 1722 1724
1718 1724 1720
1712 1725 1723
1725 1726 1723
1725 1708 1726
1723 1726 1727
1723 1727 1722
1722 1727 1728
1722 1728 1724
1708 1729 1726
1708 1706 1729
1726 1729 1730
1726 1730 1727
1730 1728 1727
1730 1731 1728
1732 1729 1706
1732 1730 1729
1732 1706 1705
1733 1732 1705
1733 1705 1696
1734 1733 1696
1734 1696 1693
1735 1734 1693
1735 1693 1688
1681 1735 1688
1681 1687 1735
1689 1735 1687
1689 1736 1735
1736 1734 1735
1737 1736 1689
1737 1689 1692
1732 1738 1730
1733 1738 1732
1739 1737 1692
1739 1692 1694
1738 1731 1730
1738 1740 1731
1736 1737 1741
1736 1741 1734
1734 1741 1742
1742 1740 1738
1733 1742 1738
1734 1742 1733
1737 1739 1743
1737 1743 1741
1742 1744 1740
1741 1743 1744
1741 1744 1742
1745 1746 1747
1746 1745 1748
1746 1748 1749
1750 1746 1749
1750 1751 1746
1751 1750 1752
1753 1746 1754
1755 1748 1756
1757 1748 1758
1759 1757 1760
1759 1760 1749
1761 1750 1762
1763 1762 1750
1763 1750 1764
1763 1764 1765
1766 1765 1764
1763 1765 1767
1768 1763 1767
1766 1769 1765
1770 1765 1769
1771 1760 1772
1773 1763 1774
1775 1776 1764
1775 1777 1776
1778 1776 1777
1779 1765 1780
1781 1775 1782
1783 1784 1785
1786 1783 1787
1788 1702 1709
1789 1790 1749
1789 1791 1790
1791 1789 1792
1793 1790 1794
1109 1110 1795
1109 1795 1111
1105 1796 1110
1796 1105 1112
1110 1796 1797
1110 1797 1798
1796 1799 1797
1796 1800 1799
1112 1800 1796
1799 1800 1801
1800 1802 1801
1800 1803 1802
1804 1766 1805
995 1806 1056
995 1056 999
1807 1806 995
1807 995 998
1808 1807 998
1808 998 1809
1809 998 997
1809 997 1002
1810 1809 1002
1810 1002 1811
1812 1808 1809
1812 1809 1810
1004 1813 1002
1004 1814 1813
1006 1814 1004
1006 1815 1814
1816 1817 1818
1817 1819 1820
1821 1816 1822
1819 1823 1824
1825 1821 1826
1823 1827 1828
1829 1825 1830
1827 1829 1831
1294 1832 1293
1832 1259 1293
1832 1325 1259
1374 1342 1376
1833 1342 1374
1371 1833 1374
1514 1834 1517
1835 1836 1837
1835 1837 1838
1839 1840 1838
1841 1840 1839
1841 1839 1842
1839 1838 1843
1839 1844 1842
1839 1845 1844
1844 1845 1846
1846 1845 1847
1846 1847 1848
1849 1848 1847
1849 1850 1848
1844 1846 1851
1851 1846 1852
1852 1846 1853
1852 1853 1854
1850 1854 1853
1850 1855 1854
1851 1852 1856
1844 1857 1842
1842 1857 1858
1844 1859 1857
1860 1859 1844
1860 1844 1851
1861 1860 1851
1861 1851 1856
1862 1860 1861
1862 1861 1863
1864 1862 1863
1864 1863 1865
1866 1864 1865
1866 1867 1864
1868 1867 1866
1869 1867 1868
1869 1870 1867
1871 1870 1869
1871 1872 1870
1873 1872 1871
1873 1874 1872
1875 1874 1873
1875 1876 1874
1868 1866 1877
1878 1877 1866
1878 1866 1879
1879 1866 1865
1880 1876 1875
1867 1870 1881
1881 1870 1872
1867 1881 1864
1881 1872 1882
1882 1872 1874
1882 1874 1883
1881 1862 1864
1881 1884 1862
1884 1881 1882
1884 1882 1885
1885 1882 1883
1885 1883 1886
1887 1883 1874
1887 1874 1876
1886 1883 1887
1888 1887 1876
1886 1887 1889
1888 1890 1887
1890 1889 1887
1884 1860 1862
1884 1859 1860
1857 1859 1884
1857 1884 1885
1858 1857 1885
1858 1885 1886
1858 1886 1891
1890 1892 1891
1892 1858 1891
1892 1893 1858
1893 1842 1858
1894 1888 1895
1896 1894 1880
1897 1896 1880
1898 1897 1880
1880 1894 1876
1898 1880 1875
1899 1898 1875
1899 1900 1898
1899 1901 1900
1902 1901 1899
1902 1903 1901
1904 1903 1902
1904 1905 1903
1898 1900 1906
1898 1906 1897
1899 1875 1873
1902 1899 1873
1902 1873 1871
1904 1902 1871
1904 1871 1869
1907 1904 1869
1907 1908 1904
1907 1909 1908
1907 1869 1868
1910 1911 1868
1910 1912 1911
1910 1913 1912
1910 1868 1877
1878 1910 1877
1878 1914 1910
1878 1915 1914
1916 1917 1915
1918 1917 1916
1918 1916 1919
1916 1879 1919
1916 1920 1879
1916 1915 1920
1918 1919 1921
1919 1922 1921
1923 1921 1922
1923 1924 1921
1923 1925 1924
1923 1926 1925
1927 1924 1925
1927 1928 1924
1929 1926 1923
1922 1929 1923
1928 1930 1924
1924 1930 1921
1922 1931 1929
1931 1922 1932
1919 1932 1922
1933 1931 1932
1863 1931 1933
1865 1863 1933
1865 1933 1934
1932 1934 1933
1879 1865 1934
1863 1861 1931
1932 1919 1934
1919 1879 1934
1931 1861 1856
1931 1856 1929
1852 1926 1929
1852 1929 1856
1926 1852 1854
1927 1935 1928
1928 1935 1936
1918 1936 1917
1928 1936 1918
1927 1937 1935
1937 1927 1855
1850 1937 1855
1850 1938 1937
1849 1938 1850
1849 1939 1938
1940 1939 1849
1940 1941 1939
1835 1941 1940
1835 1942 1941
1855 1927 1925
1855 1925 1854
1926 1854 1925
1836 1849 1943
1836 1943 1843
1943 1839 1843
1943 1845 1839
1944 1945 1946
1947 1945 1944
1948 1947 1944
1948 1944 1949
1950 1948 1949
1951 1948 1950
1948 1951 1952
1948 1952 1947
1953 1952 1951
1952 1953 1954
1952 1954 1955
1947 1952 1955
1955 1954 1956
1947 1955 1957
1945 1947 1957
1957 1955 1958
1955 1956 1958
1945 1957 1959
1951 1950 1960
1961 1951 1960
1961 1962 1951
1951 1962 1953
1962 1963 1953
1962 1964 1963
1964 1962 1961
1953 1963 1965
1953 1965 1966
1953 1966 1954
1954 1966 1967
1954 1967 1968
1954 1968 1956
1966 1965 1969
1966 1969 1967
1968 1970 1956
1967 1970 1968
1971 1956 1970
1972 1971 1970
1973 1972 1970
1967 1973 1970
1969 1973 1967
1973 1974 1972
1974 1975 1972
1972 1975 1976
1974 1977 1975
1974 1978 1977
1974 1979 1978
1980 1978 1979
1981 1977 1978
1982 1979 1974
1974 1973 1982
1969 1982 1973
1972 1983 1971
1976 1983 1972
1971 1983 1984
1983 1985 1984
1984 1985 1986
1984 1986 1987
1985 1988 1986
1983 1988 1985
1983 1989 1988
1983 1976 1989
1986 1990 1987
1990 1991 1987
1979 1982 1992
1979 1992 1980
1992 1993 1980
1993 1994 1980
1993 1995 1994
1991 1990 1996
1991 1996 1997
1998 1991 1997
1999 1991 1998
1999 1959 1991
2000 1959 1999
2000 2001 1959
1990 2002 1996
2002 2003 1996
1995 1993 2004
2005 1995 2004
2006 1995 2005
2005 2004 2007
2008 2006 2005
2008 2009 2006
2008 2010 2009
2010 2011 2009
2010 2012 2011
2008 2005 2013
2014 2013 2005
2014 2005 2007
2015 2014 2007
2016 2014 2015
2017 2014 2016
2017 2018 2014
2019 2018 2017
2019 2020 2018
2019 2021 2020
2019 2022 2021
2022 2023 2021
2022 2024 2023
2016 2015 2025
2019 2017 2026
2026 2017 2016
2015 2027 2025
2025 2027 2028
2016 2025 2028
2015 2029 2027
2029 2030 2027
2031 2027 2030
2031 2032 2027
2028 2027 2032
2030 2029 2033
2033 2034 2030
2033 2035 2034
2035 2033 2036
2036 2033 2037
2029 2037 2033
2035 2036 2038
2039 2032 2034
2039 2034 2040
2040 2034 2035
2040 2035 2041
2042 2041 2035
2042 2035 2038
1965 2041 2042
1965 2042 1969
1963 2040 2041
1963 2041 1965
1964 2039 2040
1964 2040 1963
2043 2039 1964
2032 2039 2043
2043 1964 2044
1964 1961 2044
2045 2043 2044
2046 2043 2045
2047 2046 2045
2046 2047 2048
2026 2046 2048
2045 2049 2047
2050 2047 2049
2051 2050 2049
2052 2050 2051
2051 2049 2053
2054 2051 2053
2054 2053 2055
2053 2056 2055
2053 2057 2056
2058 2057 2053
2045 2058 2049
2053 2049 2058
1961 2057 2058
2056 2059 2055
2055 2059 2060
2060 2054 2055
2061 2060 2059
2062 2061 2059
2062 2059 2063
2064 2062 2063
2059 2065 2063
2064 2063 2065
2064 2065 2066
2067 2064 2066
2056 2068 2059
2059 2068 2065
2056 1950 2068
2068 1950 2069
2057 1960 2056
1950 2056 1960
2057 1961 1960
1961 2058 2044
2045 2044 2058
2067 2070 2071
2067 2071 2072
2071 2073 2072
2071 2074 2073
2071 1946 2074
2001 2074 1946
2001 2075 2074
1945 2001 1946
2001 1945 1959
2067 2072 2076
2077 2067 2076
2078 2077 2076
2079 2080 2081
2079 2081 2082
2082 2081 2083
2082 2083 2084
2085 2084 2083
2080 2086 2081
2081 2087 2083
2081 2088 2087
2086 2088 2081
2088 2089 2087
2088 2090 2089
2087 2089 2091
2087 2091 2092
2090 2093 2089
2090 2094 2093
2095 2094 2090
2095 2090 2096
2096 2090 2088
2089 2093 2097
2089 2097 2091
2094 2098 2093
2094 2099 2098
2091 2097 2100
2091 2100 2101
2101 2100 2102
2103 2092 2091
2103 2091 2101
2104 2092 2103
2103 2105 2104
2105 2106 2104
2106 2105 2107
2106 2107 2108
2109 2106 2108
2109 2108 2110
2100 2111 2102
2112 2105 2103
2112 2103 2101
2112 2101 2113
2113 2101 2102
2113 2102 2114
2114 2102 2111
2111 2115 2114
2116 2111 2100
2116 2100 2097
2116 2097 2117
2118 2116 2117
2098 2118 2117
2098 2119 2118
2119 2120 2118
2119 2121 2120
2122 2121 2119
2122 2123 2121
2124 2123 2122
2124 2122 2125
2118 2126 2116
2120 2126 2118
2120 2127 2126
2124 2128 2123
2124 2129 2128
2123 2128 2130
2123 2130 2121
2131 2130 2128
2132 2131 2128
2132 2128 2133
2128 2129 2133
2131 2134 2130
2134 2135 2130
2121 2130 2135
2121 2135 2120
2135 2127 2120
2134 2136 2135
2136 2137 2135
2131 2132 2138
2131 2139 2134
2131 2140 2139
2140 2131 2138
2140 2141 2139
2139 2141 2142
2142 2136 2134
2142 2134 2139
2135 2143 2127
2137 2143 2135
2143 2144 2127
2137 2144 2143
2144 2145 2127
2127 2145 2146
2146 2145 2147
2146 2147 2148
2149 2146 2148
2149 2148 2150
2148 2151 2150
2148 2152 2151
2147 2152 2148
2151 2152 2153
2152 2154 2153
2152 2155 2154
2147 2155 2152
2151 2153 2156
2156 2153 2157
2154 2157 2153
2156 2157 2158
2157 2159 2158
2157 2160 2159
2157 2161 2160
2157 2162 2161
2154 2162 2157
2162 2163 2161
2160 2164 2159
2160 2165 2164
2161 2165 2160
2165 2166 2164
2165 2167 2166
2166 2167 2168
2166 2168 2169
2161 2170 2165
2163 2170 2161
2170 2167 2165
2169 2168 2171
2170 2172 2167
2167 2172 2168
2172 2170 2173
2163 2173 2170
2163 2174 2173
2174 2175 2173
2173 2175 2172
2172 2175 2176
2172 2176 2168
2168 2176 2177
2168 2177 2178
2168 2178 2171
2166 2179 2164
2164 2179 2180
2181 2180 2179
2181 2182 2180
2179 2183 2181
2179 2184 2183
2183 2184 2185
2183 2185 2186
2187 2183 2186
2181 2183 2187
2187 2186 2188
2189 2187 2188
2189 2188 2190
2187 2189 2191
2181 2187 2192
2182 2181 2192
2187 2191 2192
2193 2189 2190
2193 2190 2194
2195 2193 2194
2195 2194 2196
2194 2190 2197
2194 2197 2198
2199 2192 2191
2186 2185 2200
2186 2200 2201
2188 2186 2201
2188 2201 2202
2190 2188 2203
2190 2203 2197
2188 2202 2203
2196 2194 2204
2194 2198 2204
2196 2204 2205
2191 2206 2199
2207 2206 2191
2206 2208 2199
2209 2206 2207
2208 2182 2199
2208 2210 2182
2210 2211 2182
2212 2209 2207
2213 2212 2207
2213 2207 2214
2214 2207 2215
2189 2215 2207
2207 2191 2189
2211 2180 2182
2216 2180 2211
2216 2211 2217
2210 2217 2211
2217 2218 2216
2218 2158 2216
2158 2180 2216
2219 2158 2218
2219 2156 2158
2220 2156 2219
2220 2151 2156
2151 2220 2221
2151 2221 2150
2221 2149 2150
2221 2115 2149
2158 2159 2180
2164 2180 2159
2149 2115 2111
2116 2149 2111
2146 2149 2116
2146 2116 2126
2127 2146 2126
2088 2222 2223
2096 2088 2223
2224 2225 2197
2226 2227 2099
2227 2122 2099
2125 2122 2227
2099 2122 2119
2099 2119 2098
2226 2099 2094
2094 2095 2226
2228 2124 2125
2229 2228 2125
2093 2098 2117
2093 2117 2097
2052 2230 2231
2050 2052 2231
2232 2233 2234
2235 2233 2232
2235 2232 2236
2232 2237 2236
2232 2238 2237
2237 2238 2239
2232 2234 2240
2232 2240 2241
2238 2232 2241
2238 2241 2242
2243 2238 2242
2244 2243 2242
2245 2235 2236
2245 2236 2246
2237 2246 2236
2245 2246 2247
2246 2248 2247
2246 2249 2248
2247 2248 2250
2247 2250 2251
2251 2250 2252
2251 2252 2253
2253 2252 2254
2253 2254 2255
2245 2247 2256
2256 2247 2251
2256 2251 2257
2257 2251 2253
2257 2253 2258
2243 2244 2259
2259 2244 2260
2259 2260 2261
2261 2260 2262
2263 2261 2262
2263 2264 2261
2264 2265 2261
2264 2266 2265
2264 2267 2266
2264 2268 2267
2268 2269 2267
2270 2268 2264
2270 2264 2263
2269 2268 2270
2260 2271 2262
2260 2272 2271
2272 2273 2271
2274 2271 2273
2274 2275 2271
2276 2275 2274
2276 2277 2275
2277 2270 2263
2277 2263 2275
2272 2278 2273
2279 2278 2272
2279 2280 2278
2240 2280 2279
2240 2279 2281
2281 2279 2282
2281 2282 2242
2260 2282 2279
2260 2279 2272
2260 2244 2282
2282 2244 2242
2277 2283 2284
2277 2284 2285
2285 2284 2286
2285 2286 2287
2270 2277 2285
2285 2269 2270
2269 2285 2287
2288 2269 2287
2287 2289 2288
2287 2290 2289
2291 2292 2286
2293 2294 2295
2294 2293 2296
2297 2294 2296
2294 2297 2298
2299 2294 2298
2300 2294 2299
2299 2298 2301
2298 2302 2301
2298 2303 2302
2302 2303 2304
2302 2304 2305
2304 2303 2306
2304 2306 2307
2297 2308 2298
2308 2306 2303
2308 2303 2298
2308 2297 2309
2310 2302 2305
2310 2305 2311
2312 2301 2302
2312 2302 2310
2305 2313 2311
2305 2314 2313
2304 2314 2305
2315 2313 2314
2315 2314 2316
2317 2315 2316
2317 2318 2315
2319 2318 2317
2319 2317 2320
2321 2316 2314
2321 2314 2322
2304 2322 2314
2323 2317 2316
2323 2316 2321
2324 2320 2317
2324 2317 2323
2325 2321 2322
2325 2322 2326
2327 2325 2326
2327 2328 2325
2329 2327 2326
2329 2326 2322
2304 2329 2322
2330 2327 2329
2331 2327 2330
2331 2330 2332
2328 2333 2325
2333 2323 2321
2333 2321 2325
2324 2323 2333
2328 2334 2333
2334 2335 2333
2324 2333 2335
2334 2336 2335
2336 2337 2335
2337 2324 2335
2336 2338 2337
2339 2331 2332
2339 2332 2340
2332 2341 2340
2330 2341 2332
2330 2342 2341
2342 2330 2329
2341 2342 2343
2341 2343 2344
2340 2341 2344
2343 2342 2307
2343 2307 2345
2344 2343 2346
2346 2343 2345
2346 2345 2347
2345 2307 2306
2345 2306 2348
2347 2345 2348
2306 2349 2348
2350 2348 2349
2350 2351 2348
2347 2348 2351
2350 2347 2351
2349 2306 2308
2349 2308 2309
2352 2346 2347
2350 2352 2347
2352 2353 2346
2353 2354 2346
2354 2344 2346
2353 2355 2354
2355 2340 2354
2355 2356 2340
2340 2344 2354
2357 2358 2300
2358 2357 2359
2360 2359 2361
2362 2363 2361
2362 2361 2364
2365 2362 2364
2365 2364 2366
2367 2365 2366
2367 2366 2368
2369 2367 2368
2369 2368 2370
2371 2369 2370
2371 2372 2369
2373 2372 2371
2373 2371 2374
2338 2373 2374
2338 2374 2375
2376 2371 2370
2377 2371 2376
2376 2370 2315
2368 2315 2370
2368 2313 2315
2366 2313 2368
2366 2311 2313
2364 2311 2366
2364 2378 2311
2379 2310 2364
2379 2380 2310
2381 2380 2379
2381 2299 2301
2381 2301 2312
2377 2382 2337
2318 2382 2377
2337 2320 2324
2337 2319 2320
2383 2384 2385
2383 2385 2386
2387 2383 2386
2387 2386 2388
2388 2386 2389
2385 2389 2386
2388 2389 2390
2390 2389 2391
2391 2389 2392
2392 2389 2393
2385 2393 2389
2392 2393 2394
2395 2387 2388
2395 2388 2390
2396 2395 2390
2396 2390 2391
2397 2396 2391
2397 2391 2392
2397 2392 2394
2397 2394 2398
2399 2393 2400
2399 2400 2401
2401 2400 2402
2402 2400 2403
2404 2400 2393
2403 2400 2404
2404 2393 2405
2406 2404 2405
2406 2407 2404
2407 2408 2404
2403 2404 2408
2407 2409 2408
2409 2403 2408
2410 2398 2399
2410 2399 2401
2411 2410 2401
2411 2401 2402
2412 2411 2402
2412 2402 2403
2409 2412 2403
2413 2414 2415
2413 2415 2416
2416 2415 2417
2416 2417 2418
2417 2419 2418
2417 2420 2419
2421 2422 2423
2424 2421 2423
2424 2423 2425
2426 2424 2425
2427 2424 2426
2421 2424 2427
2427 2426 2428
2426 2425 2429
2430 2426 2429
2428 2426 2430
2430 2429 2431
2432 2422 2421
2432 2421 2427
2433 2422 2432
2434 2433 2432
2434 2432 2435
2436 2434 2435
2435 2432 2437
2437 2432 2427
2435 2437 2438
2439 2435 2438
2439 2440 2435
2440 2436 2435
2441 2439 2438
2441 2442 2439
2443 2441 2438
2443 2438 2437
2428 2430 2444
2443 2437 2427
2443 2427 2428
2443 2428 2444
2445 2430 2431
2430 2445 2444
2445 2431 2446
2431 2447 2446
2447 2448 2446
2429 2447 2431
2429 2449 2447
2425 2449 2429
2425 2450 2449
2451 2450 2425
2451 2425 2423
2422 2451 2423
2422 2452 2451
2453 2454 2455
2453 2455 2456
2457 2453 2456
2457 2458 2453
2458 2459 2453
2459 2454 2453
2458 2460 2459
2461 2459 2460
2461 2462 2459
2462 2463 2459
2459 2463 2464
2459 2464 2454
2465 2461 2460
2465 2460 2466
2460 2467 2466
2457 2467 2458
2460 2458 2467
2457 2468 2467
2457 2469 2468
2467 2470 2466
2468 2470 2467
2468 2471 2470
2469 2471 2468
2470 2471 2472
2470 2472 2473
2466 2470 2473
2471 2474 2472
2471 2475 2474
2469 2475 2471
2469 2476 2475
2475 2476 2477
2475 2477 2474
2472 2478 2473
2473 2478 2479
2479 2480 2465
2479 2465 2481
2473 2479 2481
2466 2473 2481
2472 2482 2478
2474 2482 2472
2474 2483 2482
2477 2483 2474
2477 2484 2483
2465 2466 2481
2485 2486 2487
2485 2487 2488
2487 2489 2488
2487 2490 2489
2490 2491 2489
2490 2492 2491
2493 2485 2494
2493 2494 2495
2496 2495 2494
2496 2494 2497
2498 2496 2497
2498 2499 2496
2500 2501 2502
2500 2502 2503
2504 2500 2503
2504 2503 2505
2506 2504 2505
2506 2505 2507
2145 2508 2509
2145 2509 2147
2144 2508 2145
2509 2155 2147
2509 2510 2155
2155 2510 2511
2137 2508 2144
2155 2511 2154
2512 2079 2082
2512 2082 2513
2513 2082 2084
2513 2084 2514
2109 2514 2084
2109 2084 2085
2515 2512 2513
2106 2109 2085
2106 2085 2083
2083 2104 2106
2083 2087 2104
2087 2092 2104
2185 2516 2200
2516 2185 2169
2184 2169 2185
2184 2166 2169
2166 2184 2179
2516 2169 2171
2080 2517 2086
2518 2519 2520
2519 2518 2521
2522 2521 2518
2523 2521 2522
2523 2524 2521
2524 2525 2521
2525 2519 2521
2526 2523 2522
2526 2522 2527
2527 2522 2528
2518 2528 2522
2527 2528 2529
2529 2528 2530
2531 2530 2528
2528 2518 2531
2530 2532 2529
2533 2527 2529
2527 2533 2534
2534 2533 2535
2534 2535 2536
2536 2535 2537
2536 2537 2538
2539 2526 2527
2539 2527 2534
2539 2534 2536
2529 2540 2533
2532 2540 2529
2541 2536 2538
2541 2542 2536
2538 2543 2541
2544 2545 2546
2544 2546 2547
2548 2549 2546
2548 2550 2549
2546 2551 2552
2546 2552 2553
2554 2546 2555
2549 2555 2556
2557 2558 2554
2557 2554 2559
2560 2557 2559
2560 2559 2561
2562 2560 2561
2562 2561 2563
2564 2562 2563
2564 2563 2565
2566 2564 2565
2566 2565 2567
2568 2566 2567
2568 2567 2569
2570 2568 2569
2570 2569 2571
2572 2570 2571
2572 2573 2570
2574 2565 2563
2574 2563 2575
2561 2575 2563
2576 2572 2571
2577 2574 2575
2578 2574 2577
2579 2578 2577
2579 2577 2549
2580 2579 2549
2577 2581 2549
2577 2575 2581
2578 2582 2574
2578 2583 2582
2583 2584 2582
2582 2584 2585
2582 2585 2565
2574 2582 2565
2569 2585 2584
2571 2586 2584
2561 2587 2575
2561 2559 2587
2587 2559 2554
2551 2588 2587
2589 2587 2555
2590 2571 2591
2592 2590 2591
2593 2594 2595
2593 2595 2596
2596 2595 2597
2596 2597 2598
2597 2599 2598
2599 2600 2601
2597 2602 2603
2603 2604 2605
2605 2606 2603
2607 2606 2605
2607 2605 2608
2609 2606 2607
2609 2610 2606
2610 2603 2606
2610 2611 2603
2610 2612 2611
2613 2612 2610
2613 2610 2614
2615 2612 2613
2615 2616 2612
2611 2612 2616
2617 2616 2615
2617 2618 2616
2619 2618 2617
2619 2620 2618
2621 2620 2619
2621 2622 2620
2620 2623 2618
2622 2623 2620
2616 2618 2623
2624 2622 2621
2624 2621 2625
2611 2616 2626
2626 2616 2627
2616 2623 2627
2628 2622 2624
2628 2629 2622
2629 2628 2630
2631 2629 2630
2601 2631 2630
2601 2632 2631
2633 2611 2626
2633 2634 2611
2635 2634 2633
2636 2633 2626
2637 2635 2633
2635 2638 2602
2638 2639 2640
2638 2640 2641
2641 2604 2638
2642 2643 2644
2642 2644 2645
2646 2645 2644
2646 2647 2645
2642 2648 2643
2647 2646 2649
2647 2649 2650
2651 2649 2646
2646 2652 2651
2644 2652 2646
2653 2651 2652
2652 2654 2653
2644 2655 2652
2654 2652 2655
2655 2656 2654
2657 2656 2655
2655 2644 2658
2643 2658 2644
2648 2658 2643
2648 2659 2658
2660 2659 2648
2661 2660 2648
2661 2648 2662
2662 2663 2661
2664 2650 2649
2665 2657 2655
2653 2666 2651
2651 2666 2649
2666 2667 2649
2648 2642 2662
2668 2669 2670
2671 2669 2668
2670 2669 2672
2670 2672 2673
2673 2672 2674
2673 2674 2675
2675 2674 2676
2675 2676 2677
2677 2676 2678
2677 2678 2679
2679 2678 2680
2679 2680 2681
2681 2680 2682
2676 2683 2678
2676 2684 2683
2674 2684 2676
2685 2683 2684
2685 2684 2686
2686 2684 2687
2674 2687 2684
2672 2687 2674
2686 2687 2688
2688 2687 2669
2688 2669 2689
2689 2669 2690
2691 2686 2688
2692 2686 2691
2692 2685 2686
2691 2693 2692
2691 2688 2694
2694 2688 2689
2694 2689 2695
2695 2689 2671
2672 2669 2687
2696 2692 2693
2693 2697 2696
2698 2696 2697
2699 2698 2697
2700 2682 2701
2681 2682 2700
2678 2702 2703
2678 2703 2680
2683 2704 2678
2678 2704 2705
1971 1984 2706
1956 1971 2706
2068 2707 2708
2709 2710 2711
2709 2711 2712
2713 2710 2709
2713 2709 2714
2715 2714 2709
2713 2716 2710
2713 2717 2716
2717 2718 2716
2716 2718 2719
2716 2719 2720
2710 2716 2720
2710 2720 2711
2717 2721 2718
2718 2722 2719
2721 2722 2718
2723 2717 2713
2723 2713 2724
2724 2713 2714
2714 2725 2724
2714 2726 2725
2715 2726 2714
2727 2721 2717
2722 2721 2727
2727 2717 2728
2719 2729 2720
2720 2729 2730
2730 2729 2731
2729 2732 2731
2729 2733 2732
2719 2733 2729
2722 2733 2719
2733 2734 2732
2730 2731 2735
2736 2730 2735
2736 2735 2737
2711 2730 2736
2711 2736 2712
2720 2730 2711
2738 2739 2740
2738 2740 2741
2739 2742 2740
2740 2743 2741
2740 2744 2743
2740 2742 2744
2743 2744 2745
2744 2742 2745
2743 2745 2746
2747 2738 2741
2747 2741 2748
2743 2748 2741
2743 2749 2748
2749 2743 2746
2748 2749 2750
2750 2749 2751
2749 2746 2751
2750 2751 2752
2753 2750 2752
2754 2753 2752
2752 2755 2754
2754 2755 2756
2757 2747 2758
2759 2747 2757
2759 2738 2747
2760 2738 2759
2760 2739 2738
2742 2739 2760
2761 2762 2763
2764 2762 2761
2764 2761 2765
2764 2765 2766
2767 2764 2766
2767 2768 2764
2762 2764 2768
2769 2768 2767
2769 2767 2770
2770 2767 2771
2766 2771 2767
2769 2772 2768
2772 2773 2768
2255 2774 2775
2255 2775 2776
2258 2777 2255
2778 2263 2262
2778 2262 2271
2779 2780 2781
2779 2781 2782
2783 2780 2779
2783 2784 2780
2785 2784 2783
2785 2786 2784
2784 2787 2780
2784 2788 2787
2786 2788 2784
2786 2789 2788
2790 2789 2786
2790 2786 2785
2780 2787 2791
2780 2791 2781
2787 2792 2791
2782 2781 2793
2794 2782 2793
2795 2791 2796
2797 2795 2796
2798 2797 2796
2798 2799 2797
2799 2800 2797
2801 2799 2798
2237 2802 2246
2802 2237 2239
2015 2007 2037
2007 2036 2037
2007 2004 2036
2029 2015 2037
2004 1993 2036
2038 2036 1993
1992 2038 1993
1992 2042 2038
2042 1992 1982
2042 1982 1969
2046 2026 2803
2028 2046 2803
2016 2028 2803
2026 2016 2803
2046 2028 2804
2046 2804 2043
2032 2043 2804
2028 2032 2804
2182 2192 2199
2805 2806 2807
2805 2807 2808
2808 2809 2805
2808 2810 2809
2811 2810 2808
2811 2808 2807
2811 2812 2810
2809 2813 2805
2813 2806 2805
2811 2807 2814
2813 2815 2816
2817 2816 2815
2817 2818 2816
2818 2817 2819
2818 2819 2820
2821 2822 2823
2821 2823 2824
2822 2825 2823
2822 2826 2825
2827 2826 2822
2827 2822 2828
2828 2822 2821
2828 2821 2829
2823 2830 2824
2825 2830 2823
2831 2832 2833
2831 2833 2834
2835 2834 2833
2835 2833 2836
2837 2836 2833
2837 2838 2836
2831 2839 2837
2838 2837 2839
2831 2840 2839
2838 2839 2841
2842 2835 2843
2844 2842 2843
2844 2845 2842
2845 2844 2846
2845 2846 2847
2848 2849 2850
2848 2850 2851
2849 2848 2852
2849 2852 2853
2854 2855 2848
2854 2856 2855
2857 2856 2851
2855 2858 2848
2855 2859 2858
2860 2851 2861
2862 2860 2861
2862 2861 2863
2862 2863 2864
2864 2863 2865
2864 2865 2866
2867 2860 2868
2867 2868 2869
2867 2869 2870
2871 2870 2869
2871 2869 2872
2873 2872 2869
2873 2874 2872
2860 2874 2873
2871 2872 2875
2872 2866 2875
2871 2876 2870
2872 2877 2866
2878 2877 2872
2878 2879 2877
2860 2879 2878
2880 2881 2882
2880 2882 2883
2881 2884 2882
2881 2885 2884
2881 2886 2885
2880 2886 2881
2887 2883 2882
2887 2882 2888
2888 2882 2884
2888 2884 2889
2342 2329 2304
2342 2304 2307
2890 2891 2892
2893 2890 2892
2893 2892 2894
2895 2893 2894
2895 2894 2896
2895 2896 2897
2895 2897 2898
2897 2899 2898
2897 2900 2899
2900 2901 2899
2902 2903 2904
2902 2904 2905
2905 2906 2902
2905 2907 2906
2903 2908 2904
2903 2909 2908
2909 2910 2908
2909 2911 2910
2911 2912 2910
2911 2913 2912
2913 2914 2912
2913 2915 2914
2915 2916 2914
2915 2917 2916
2917 2918 2916
2917 2919 2918
2920 2906 2907
2920 2907 2921
2922 2920 2921
2922 2921 2923
2924 2922 2923
2924 2923 2925
2919 2926 2925
2919 2925 2927
2913 2928 2915
2913 2929 2928
2915 2928 2930
2915 2930 2917
2917 2930 2931
2917 2931 2919
2919 2931 2932
2919 2932 2926
2924 2933 2922
2924 2934 2933
2922 2933 2935
2922 2935 2920
2920 2935 2936
2925 2937 2927
2923 2937 2925
2927 2937 2916
2916 2937 2914
2914 2937 2912
2912 2937 2910
2910 2937 2908
2908 2937 2904
2904 2937 2905
2905 2937 2907
2907 2937 2921
2921 2937 2923
2920 2936 2906
2906 2936 2938
2906 2938 2902
2902 2938 2939
2902 2939 2903
2903 2939 2940
2903 2940 2909
2909 2941 2942
2909 2942 2911
2911 2942 2929
2911 2929 2913
2943 2944 2945
2943 2945 2946
2947 2943 2946
2947 2946 2948
2949 2950 2944
2949 2944 2951
2952 2949 2951
2952 2951 2953
2954 2955 2956
2954 2956 2957
2958 2954 2957
2958 2957 2959
2960 2961 2962
2960 2962 2963
2964 2960 2963
2964 2963 2965
2966 2962 2967
2966 2967 2968
2969 2966 2968
2969 2968 2970
2971 2972 2973
2971 2973 2974
2975 2971 2974
2975 2974 2976
2977 2973 2978
2977 2978 2979
2980 2977 2979
2980 2979 2981
2982 2983 2984
2982 2984 2985
2986 2982 2985
2986 2985 2987
2988 2989 2990
2988 2990 2991
2992 2988 2991
2992 2991 2993
2994 2990 2995
2994 2995 2996
2997 2994 2996
2997 2996 2998
2999 3000 3001
2999 3001 3002
3003 2999 3002
3003 3002 3004
3005 3001 3006
3005 3006 3007
3008 3005 3007
3008 3007 3009
3010 3011 3012
3010 3012 3013
3014 3010 3013
3014 3013 3015
3016 3017 3018
3016 3018 3019
3020 3016 3019
3020 3019 3021
3022 3018 3023
3022 3023 3024
3025 3022 3024
3025 3024 3026
3027 3028 3029
3027 3029 3030
3031 3027 3030
3031 3030 3032
3033 3029 3034
3033 3034 3035
3036 3033 3035
3036 3035 3037
3038 3039 3040
3038 3040 3041
3042 3038 3041
3042 3041 3043
3044 3045 3046
3044 3046 3047
3048 3044 3047
3048 3047 3049
3050 3046 3051
3050 3051 3052
3053 3050 3052
3053 3052 3054
3055 3056 3057
3058 3056 3059
3060 3056 3061
3062 3056 3063
3064 3056 3065
3066 3056 3067
3068 3056 3069
3070 3056 3071
3072 3056 3073
3074 3056 3075
3076 3077 3078
3079 3077 3080
3081 3077 3082
3083 3077 3084
3085 3077 3086
3087 3077 3088
3089 3077 3090
3091 3077 3092
3093 3077 3094
3095 3077 3096
3097 3098 3099
3099 3098 3100
3100 3098 3101
3098 3102 3101
3102 3098 3103
3103 3098 3104
3104 3098 3105
3098 3106 3105
3106 3098 3107
3107 3098 3108
3108 3098 3109
3098 3110 3109
3110 3098 3111
3111 3098 3112
3112 3098 3113
3098 3097 3113
3114 3115 3116
3114 3116 3117
3118 3119 3120
3118 3120 3121
3122 3123 3124
3122 3124 3125
3126 3127 3128
3126 3128 3129
3130 3131 3132
3130 3132 3133
3134 3135 3136
3134 3136 3137
3138 3139 3140
3138 3140 3141
3142 3143 3144
3142 3144 3145
3146 3147 3148
3146 3148 3149
3150 3151 3152
3150 3152 3153
3154 3155 3156
3154 3156 3157
3158 3159 3160
3158 3160 3161
3162 3163 3164
3162 3164 3165
3166 3167 3168
3166 3168 3169
3170 3171 3172
3170 3172 3173
3174 3175 3176
3174 3176 3177
3178 3179 3180
3178 3180 3181
3182 3183 3184
3182 3184 3185
3186 3187 3188
3186 3188 3189
3190 3191 3192
3190 3192 3193
3194 3195 3196
3194 3196 3197
3197 3196 3198
3197 3198 3199
3199 3198 3200
3199 3200 3201
3201 3200 3202
3200 3203 3202
3204 3203 3200
3204 3200 3205
3206 3204 3205
3206 3207 3204
3206 3208 3207
3208 3206 3209
3209 3206 3210
3209 3210 3211
3209 3212 3208
3209 3213 3212
3209 3214 3213
3214 3201 3215
3215 3201 3202
3214 3215 3216
3211 3217 3218
3211 3218 3219
3219 3218 3220
3219 3220 3221
3222 3221 3220
3220 3223 3222
3220 3224 3223
3220 3225 3224
3221 3222 3226
3221 3226 3227
3221 3227 3228
3228 3227 3229
3228 3229 3230
3229 3231 3230
3230 3231 3232
3233 3225 3232
3233 3232 3234
3232 3231 3234
3235 3236 3237
3235 3237 3238
3238 3237 3239
3238 3239 3240
3241 3242 3243
3241 3243 3244
3245 3244 3243
3243 3246 3245
3243 3247 3246
3243 3248 3247
3247 3248 3249
3247 3249 3250
3244 3245 3251
3244 3251 3252
3244 3252 3253
3249 3254 3250
3255 3254 3249
3255 3249 3256
3255 3256 3257
3257 3256 3258
3257 3258 3259
3253 3260 3255
3260 3254 3255
3253 3261 3260
3259 3262 3263
3259 3263 3264
3264 3263 3265
3263 3266 3265
3267 3266 3263
3267 3263 3268
3269 3264 3265
3270 3264 3269
3270 3269 3271
3272 3270 3271
3272 3271 3273
3272 3273 3274
3274 3275 3272
3275 3276 3268
3275 3277 3276
3275 3274 3277
3278 3279 3280
3278 3280 3281
3282 3283 3284
3282 3284 3285
3286 3287 3288
3286 3288 3289
3290 3291 3292
3290 3292 3293
3294 3295 3296
3294 3296 3297
3298 3299 3300
3298 3300 3301
3302 3303 3304
3302 3304 3305
3306 3307 3308
3306 3308 3309
3310 3311 3312
3310 3312 3313
3314 3315 3316
3314 3316 3317
3318 3319 3320
3318 3320 3321
3322 3323 3324
3322 3324 3325
3326 3327 3328
3326 3328 3329
3330 3331 3332
3330 3332 3333
3334 3335 3336
3334 3336 3337
3338 3339 3340
3338 3340 3341
3342 3343 3344
3342 3344 3345
3346 3347 3348
3346 3348 3349
3350 3351 3352
3350 3352 3353
3354 3355 3356
3354 3356 3357
3358 3359 3360
3358 3360 3361
3362 3363 3364
3362 3364 3365
3366 3367 3368
3366 3368 3369
3370 3371 3372
3370 3372 3373
3374 3375 3376
3374 3376 3377
3378 3379 3380
3378 3380 3381
3382 3383 3384
3382 3384 3385
3386 3387 3388
3386 3388 3389
3390 3391 3392
3390 3392 3393
3394 3395 3396
3394 3396 3397
3398 3399 3400
3398 3400 3401
3402 3403 3404
3402 3404 3405
3406 3407 3408
3406 3408 3409
3410 3411 3412
3410 3412 3413
3414 3415 3416
3414 3416 3417
3418 3419 3420
3418 3420 3421
3422 3423 3424
3422 3424 3425
3426 3427 3428
3426 3428 3429
3430 3431 3432
3430 3432 3433
3434 3435 3436
3434 3436 3437
3438 3439 3440
3438 3440 3441
3441 3440 3442
3441 3442 3443
3443 3444 3445
3443 3445 3446
3446 3445 3447
3446 3447 3448
3448 3447 3449
3448 3449 3450
3450 3449 3451
3450 3451 3452
3453 3451 3454
3453 3454 3455
3455 3454 3456
3455 3456 3457
3457 3456 3458
3457 3458 3459
3459 3458 3460
3459 3460 3461
3462 3460 3463
3462 3463 3464
3465 3463 3466
3465 3466 3467
3468 3469 3470
3468 3470 3471
3471 3470 3472
3471 3472 3473
3473 3472 3474
3473 3474 3475
3475 3474 3476
3475 3476 3477
3477 3476 3478
3477 3478 3479
3479 3478 3480
3479 3480 3481
3481 3480 3482
3481 3482 3483
3484 3482 3439
3484 3439 3485
3486 3487 3488
3486 3488 3489
3489 3490 3491
3489 3491 3492
3491 3493 3492
3491 3494 3493
3490 3495 3491
3490 3496 3495
3496 3490 3497
3496 3497 3498
3499 3500 3493
3499 3501 3500
3500 3501 3502
3500 3502 3503
3504 3505 3503
3504 3506 3505
3502 3507 3506
3502 3508 3507
3509 3508 3504
3494 3510 3509
3511 3495 3510
3511 3510 3499
3509 3504 3512
3494 3509 3512
3513 3505 3506
3513 3514 3505
3507 3515 3506
3507 3516 3515
3515 3517 3514
3515 3518 3517
3519 3518 3513
3519 3513 3516
3520 3517 3518
3520 3521 3517
3519 3522 3518
3519 3523 3522
3522 3524 3521
3522 3525 3524
3526 3520 3523
3526 3527 3520
3524 3525 3528
3524 3528 3529
3526 3530 3527
3529 3530 3531
3529 3531 3532
3526 3533 3530
3528 3533 3534
3528 3534 3535
3532 3535 3536
3532 3536 3537
3534 3538 3531
3534 3539 3538
3540 3541 3542
3540 3542 3543
3544 3541 3540
3544 3545 3541
3545 3546 3541
3545 3547 3546
3548 3547 3545
3548 3545 3549
3550 3551 3544
3550 3552 3551
3553 3549 3550
3553 3554 3549
3555 3554 3553
3555 3553 3556
3557 3548 3552
3557 3552 3558
3559 3557 3558
3560 3559 3556
3560 3561 3559
3559 3562 3557
3563 3562 3555
3563 3555 3564
3560 3565 3561
3560 3566 3565
3567 3563 3564
3567 3568 3563
3569 3567 3566
3569 3570 3567
3565 3570 3571
3565 3571 3568
3569 3572 3570
3569 3573 3572
3574 3571 3570
3574 3575 3571
3576 3574 3573
3576 3577 3574
3572 3578 3575
3572 3579 3578
3580 3577 3576
3580 3576 3581
3582 3578 3579
3583 3582 3581
3583 3584 3582
3582 3585 3578
3586 3585 3580
3587 3586 3583
3587 3583 3588
3586 3589 3585
3590 3589 3584
3590 3591 3589
3592 3593 3594
3592 3594 3546
3595 3596 3597
3595 3597 3598
3599 3596 3595
3599 3600 3596
3600 3601 3596
3600 3602 3601
3600 3603 3602
3600 3604 3603
3605 3606 3601
3605 3607 3606
3608 3609 3599
3608 3610 3609
3611 3604 3608
3611 3612 3604
3610 3613 3603
3610 3614 3613
3611 3615 3612
3611 3616 3615
3617 3613 3614
3617 3618 3613
3619 3617 3616
3619 3620 3617
3621 3620 3619
3621 3619 3622
3615 3623 3618
3615 3624 3623
3625 3623 3624
3626 3625 3622
3626 3627 3625
3628 3627 3626
3628 3626 3629
3625 3630 3623
3631 3630 3621
3631 3621 3627
3632 3631 3627
3633 3632 3629
3633 3634 3632
3635 3634 3633
3635 3633 3636
3632 3637 3631
3638 3637 3628
3638 3628 3639
3638 3639 3640
3640 3636 3641
3640 3641 3642
3638 3640 3643
3643 3635 3644
3645 3644 3641
3645 3641 3646
3643 3644 3647
3648 3647 3642
3648 3649 3647
3650 3651 3652
3650 3652 3653
3654 3655 3653
3654 3653 3656
3654 3657 3655
3654 3658 3657
3659 3654 3656
3659 3656 3660
3660 3656 3661
3660 3661 3662
3663 3664 3657
3663 3665 3664
3666 3664 3665
3666 3667 3664
3668 3663 3669
3668 3669 3659
3670 3658 3668
3670 3671 3658
3670 3672 3671
3670 3673 3672
3672 3674 3667
3672 3675 3674
3674 3675 3676
3674 3676 3677
3678 3666 3673
3678 3679 3666
3678 3680 3679
3680 3681 3677
3680 3682 3681
3681 3682 3683
3681 3683 3684
3678 3685 3680
3676 3685 3686
3676 3686 3682
3686 3687 3682
3687 3688 3684
3687 3689 3688
3688 3689 3690
3688 3690 3691
3686 3692 3687
3683 3692 3693
3683 3693 3694
3695 3694 3693
3691 3695 3696
3691 3696 3697
3695 3693 3698
3690 3698 3699
3699 3700 3696
3699 3701 3700
3690 3699 3702
3697 3702 3703
3697 3703 3704
3705 3706 3707
3705 3707 3708
3707 3709 3708
3707 3710 3709
3710 3711 3709
3710 3712 3711
3712 3713 3711
3712 3714 3713
3714 3715 3713
3714 3716 3715
3716 3717 3715
3716 3718 3717
3718 3719 3717
3718 3720 3719
3720 3721 3719
3720 3722 3721
3722 3723 3721
3722 3724 3723
3724 3725 3723
3724 3726 3725
3726 3727 3725
3726 3728 3727
3728 3729 3727
3728 3730 3729
3730 3731 3729
3730 3732 3731
3733 3734 3735
3733 3735 3736
3737 3734 3733
3737 3738 3734
3739 3738 3737
3739 3740 3738
3741 3740 3739
3741 3742 3740
3743 3742 3741
3743 3744 3742
3745 3744 3743
3745 3746 3744
3747 3746 3745
3747 3748 3746
3749 3748 3747
3749 3750 3748
3751 3750 3749
3751 3752 3750
3753 3752 3751
3753 3754 3752
3755 3754 3753
3755 3756 3754
3757 3756 3755
3757 3758 3756
3759 3758 3757
3759 3757 3760
3761 3762 3763
3761 3763 3764
3765 3766 3767
3765 3767 3768
3769 3770 3771
3769 3771 3772
3773 3769 3772
3773 3772 3774
3775 3773 3774
3775 3774 3776
3777 3775 3776
3777 3776 3778
3779 3777 3778
3779 3778 3780
3781 3779 3780
3781 3780 3782
3783 3781 3782
3783 3782 3784
3785 3783 3784
3785 3784 3786
3787 3785 3786
3787 3786 3788
3789 3787 3788
3789 3788 3790
3791 3789 3790
3791 3790 3792
3793 3791 3792
3793 3792 3794
3795 3796 3797
3795 3797 3798
3799 3795 3798
3799 3798 3800
3801 3799 3800
3801 3800 3802
3803 3801 3802
3803 3802 3804
3805 3803 3804
3805 3804 3806
3807 3805 3806
3807 3806 3808
3809 3807 3808
3809 3808 3810
3811 3809 3810
3811 3810 3812
3813 3811 3812
3813 3812 3814
3815 3813 3814
3815 3814 3816
3817 3815 3816
3817 3816 3818
3819 3817 3818
3819 3818 3820
3821 3822 3823
3821 3823 3824
3823 3825 3824
3823 3826 3825
3826 3827 3825
3826 3828 3827
3828 3829 3827
3828 3830 3829
3830 3831 3829
3830 3832 3831
3832 3833 3831
3832 3834 3833
3834 3835 3833
3834 3836 3835
3836 3837 3835
3836 3838 3837
3838 3839 3837
3838 3840 3839
3840 3841 3839
3840 3842 3841
3842 3843 3841
3842 3844 3843
3844 3845 3843
3844 3846 3845
3846 3847 3845
3846 3848 3847
3849 3850 3851
3849 3851 3852
3853 3850 3849
3853 3854 3850
3855 3854 3853
3855 3856 3854
3857 3856 3855
3857 3858 3856
3859 3858 3857
3859 3860 3858
3861 3860 3859
3861 3862 3860
3863 3862 3861
3863 3864 3862
3865 3864 3863
3865 3866 3864
3867 3866 3865
3867 3868 3866
3869 3868 3867
3869 3870 3868
3871 3870 3869
3871 3872 3870
3873 3872 3871
3873 3874 3872
3875 3874 3873
3875 3876 3874
3877 3878 3879
3877 3879 3880
3881 3878 3877
3881 3882 3878
3883 3882 3881
3883 3884 3882
3885 3884 3883
3885 3886 3884
3887 3886 3885
3887 3888 3886
3889 3888 3887
3889 3890 3888
3891 3890 3889
3891 3892 3890
3893 3892 3891
3893 3894 3892
3895 3894 3893
3895 3893 3896
3897 3895 3896
3897 3896 3898
3899 3897 3898
3899 3898 3900
3901 3899 3900
3901 3900 3902
3903 3901 3902
3903 3902 3904
3905 3906 3907
3905 3907 3908
3907 3909 3908
3907 3910 3909
3910 3911 3909
3910 3912 3911
3912 3913 3911
3912 3914 3913
3914 3915 3913
3914 3916 3915
3916 3917 3915
3916 3918 3917
3918 3919 3917
3918 3920 3919
3920 3921 3919
3920 3922 3921
3922 3923 3921
3922 3924 3923
3923 3924 3925
3923 3925 3926
3926 3925 3927
3926 3927 3928
3928 3927 3929
3928 3929 3930
3930 3929 3931
3930 3931 3932
3933 3934 3935
3933 3935 3936
3937 3938 3939
3937 3939 3940
3941 3942 3943
3941 3943 3944
3945 3942 3941
3945 3946 3942
3947 3946 3945
3947 3948 3946
3949 3948 3947
3949 3950 3948
3951 3950 3949
3951 3952 3950
3953 3952 3951
3953 3954 3952
3955 3954 3953
3955 3956 3954
3957 3956 3955
3957 3958 3956
3959 3958 3957
3959 3957 3960
3961 3959 3960
3961 3960 3962
3963 3961 3962
3963 3962 3964
3965 3963 3964
3965 3964 3966
3967 3965 3966
3967 3966 3968
3969 3970 3971
3969 3971 3972
3971 3973 3972
3971 3974 3973
3974 3975 3973
3974 3976 3975
3976 3977 3975
3976 3978 3977
3978 3979 3977
3978 3980 3979
3980 3981 3979
3980 3982 3981
3982 3983 3981
3982 3984 3983
3984 3985 3983
3984 3986 3985
3986 3987 3985
3986 3988 3987
3987 3988 3989
3987 3989 3990
3990 3989 3991
3990 3991 3992
3992 3991 3993
3992 3993 3994
3994 3993 3995
3994 3995 3996
3997 3998 3999
3997 3999 4000
4001 3997 4000
4001 4000 4002
4003 4001 4002
4003 4002 4004
4005 4003 4004
4005 4004 4006
4007 4005 4006
4007 4006 4008
4009 4007 4008
4009 4008 4010
4011 4009 4010
4011 4010 4012
4013 4011 4012
4013 4012 4014
4015 4013 4014
4015 4014 4016
4017 4015 4016
4017 4016 4018
4019 4017 4018
4019 4018 4020
4021 4019 4020
4021 4020 4022
4023 4024 4025
4023 4025 4026
4027 4023 4026
4027 4026 4028
4029 4027 4028
4029 4028 4030
4031 4029 4030
4031 4030 4032
4033 4031 4032
4033 4032 4034
4035 4033 4034
4035 4034 4036
4037 4035 4036
4037 4036 4038
4039 4037 4038
4039 4038 4040
4041 4039 4040
4041 4040 4042
4043 4041 4042
4043 4042 4044
4045 4043 4044
4045 4044 4046
4047 4045 4046
4047 4046 4048
4049 4050 4051
4049 4051 4052
4053 4054 4055
4053 4055 4056
4054 4057 4055
4058 4053 4056
4059 4058 4056
4059 4056 4060
4061 4059 4060
4058 4062 4063
4058 4063 4064
4062 4065 4063
4066 4067 4068
4069 4066 4068
4069 4068 4070
4070 4071 4069
4070 4072 4071
4070 4073 4072
4073 4074 4072
4075 4076 4069
4075 4077 4076
4078 4079 4076
4080 4081 4082
4083 4080 4082
4083 4084 4080
4083 4085 4084
4086 4085 4083
4086 4083 4087
4088 4086 4087
4085 4089 4090
4085 4090 4091
4089 4092 4090
4093 4094 4095
4096 4093 4095
4096 4095 4097
4098 4096 4097
4098 4097 4099
4098 4099 4100
4099 4101 4100
4102 4103 4096
4102 4104 4103
4105 4106 4103
4107 4108 4109
4110 4109 4108
4108 4111 4110
4108 4112 4111
4112 4113 4111
4110 4114 4109
4110 4115 4114
4110 4116 4115
4116 4117 4115
4109 4114 4118
4119 4120 4121
4120 4122 4121
4120 4123 4122
4120 4124 4123
4124 4125 4123
4122 4126 4121
4122 4127 4126
4122 4128 4127
4128 4129 4127
4126 4130 4121
4131 4132 4133
4134 4133 4132
4132 4135 4134
4132 4136 4135
4136 4137 4135
4134 4138 4133
4134 4139 4138
4134 4140 4139
4140 4141 4139
4133 4138 4142
4143 4144 4145
4146 4145 4144
4147 4146 4144
4147 4144 4148
4149 4147 4148
4146 4150 4145
4146 4151 4150
4146 4152 4151
4152 4153 4151
4150 4154 4145
4155 4156 4157
4155 4157 4158
4159 4160 4161
4159 4161 4162
4163 4164 4165
4163 4165 4166
4167 4168 4169
4167 4169 4170
4171 4172 4173
4171 4173 4174
4175 4176 4177
4175 4177 4178
4179 4180 4181
4179 4181 4182
4183 4184 4185
4183 4185 4186
4187 4188 4189
4187 4189 4190
4191 4192 4193
4191 4193 4194
4195 4196 4197
4195 4197 4198
4199 4200 4201
4199 4201 4202
4203 4204 4205
4203 4205 4206
4206 4205 4207
4206 4207 4208
4208 4207 4209
4208 4209 4210
4210 4209 4211
4210 4211 4212
4212 4211 4213
4212 4213 4214
4214 4213 4215
4214 4215 4216
4216 4215 4217
4216 4217 4218
4219 4220 4221
4219 4221 4222
4223 4224 4225
4223 4225 4226
4226 4225 4227
4226 4227 4228
4228 4227 4229
4228 4229 4230
4231 4232 4233
4231 4233 4234
4235 4236 4237
4235 4237 4238
4238 4237 4239
4238 4239 4240
4240 4239 4241
4240 4241 4242
4243 4244 4245
4243 4245 4246
4247 4248 4249
4250 4247 4249
4251 4252 4253
4252 4254 4253
4255 4256 4257
4255 4257 4258
4259 4260 4261
4260 4262 4261
4263 4264 4265
4266 4264 4263
4267 4268 4269
4269 4268 4270
4271 4272 4273
4271 4274 4272
4275 4276 4277
4277 4276 4278
4279 4280 4281
4282 4279 4281
4283 4284 4285
4284 4286 4285
4287 4288 4289
4287 4289 4290
4291 4292 4293
4292 4294 4293
4295 4296 4297
4298 4296 4295
4299 4300 4301
4301 4300 4302
4303 4304 4305
4303 4306 4304
4307 4308 4309
4309 4308 4310
4311 4312 4313
4314 4315 4316
4317 4318 4319
4320 4321 4322
4323 4324 4325
4326 4327 4328
4329 4330 4331
4332 4333 4334
4335 4336 4337
4338 4339 4340
4341 4342 4343
4344 4345 4346
4347 4348 4349
4350 4351 4352
4353 4354 4355
4356 4357 4358
4359 4360 4361
4362 4363 4364
4365 4366 4367
4368 4369 4370
4371 4372 4373
4374 4375 4376
4377 4378 4379
4380 4381 4382
1647 1660 1666
1647 1666 1668
4383 4384 4385
4386 4387 4388
4389 4390 4391
4392 4393 4394
4395 4396 4397
4395 4397 4398
4396 4399 4397
4396 4400 4399
4400 4401 4399
4400 4402 4401
4402 4403 4401
4402 4404 4403
4404 4405 4403
4404 4406 4405
4407 4395 4398
4407 4398 4408
4409 4396 4395
4409 4410 4396
4410 4400 4396
4410 4409 4411
4410 4411 4412
4413 4410 4412
4410 4413 4400
4413 4402 4400
4413 4412 4414
4415 4413 4414
4413 4415 4402
4415 4404 4402
4415 4414 4416
4417 4415 4416
4415 4417 4404
4417 4406 4404
4417 4416 4418
4419 4417 4418
4417 4419 4406
4419 4418 4420
4409 4421 4411
4409 4422 4421
4414 4412 4423
4412 4424 4423
4412 4411 4424
4414 4423 4425
4416 4414 4425
4416 4425 4426
4418 4416 4427
4416 4426 4427
4418 4427 4428
4420 4418 4428
4427 4429 4428
4427 4430 4429
4427 4426 4430
4430 4431 4429
4430 4432 4431
4426 4425 4432
4426 4432 4430
4423 4432 4425
4423 4433 4432
4424 4433 4423
4424 4434 4433
4432 4433 4434
4424 4435 4434
4411 4435 4424
4411 4421 4435
4432 4434 4436
4422 4409 4395
4422 4395 4407
4437 4438 4439
4437 4439 4440
4438 4441 4439
4438 4442 4441
4442 4443 4441
4442 4444 4443
4444 4445 4443
4444 4446 4445
4446 4447 4445
4446 4448 4447
4448 4449 4447
4448 4450 4449
4451 4438 4437
4451 4452 4438
4452 4442 4438
4452 4451 4453
4452 4453 4454
4455 4452 4454
4452 4455 4442
4455 4444 4442
4455 4454 4456
4457 4455 4456
4455 4457 4444
4457 4446 4444
4457 4456 4458
4459 4457 4458
4457 4459 4446
4459 4448 4446
4459 4458 4460
4461 4459 4460
4459 4461 4448
4461 4450 4448
4461 4460 4462
4463 4461 4462
4461 4463 4450
4463 4462 4464
4454 4453 4465
4454 4465 4466
4456 4454 4466
4456 4466 4467
4458 4456 4467
4458 4467 4468
4460 4458 4468
4460 4468 4469
4462 4460 4469
4462 4469 4470
4464 4462 4470
4464 4470 4471
4470 4472 4471
4470 4473 4472
4470 4469 4473
4466 4465 4474
4466 4474 4475
4466 4475 4467
4476 4475 4474
4469 4468 4476
4469 4476 4473
4467 4475 4476
4467 4476 4468
4476 4474 4477
4473 4476 4478
4473 4478 4479
4480 4481 4482
4480 4482 4483
4482 4481 4484
4482 4484 4485
4481 4480 4486
4481 4486 4487
4483 4482 4488
4488 4482 4485
4483 4488 4489
4490 4484 4481
4490 4481 4487
4488 4485 4491
4487 4486 4492
4487 4492 4493
4490 4487 4493
4490 4493 4494
4493 4492 4495
4493 4495 4496
4494 4493 4496
4494 4496 4497
4496 4495 4498
4496 4498 4499
4499 4498 4500
4499 4500 4501
4502 4499 4501
4496 4499 4502
4496 4502 4497
4502 4501 4503
4504 4501 4500
4503 4501 4504
4504 4500 4505
4503 4504 4506
4505 4507 4504
4505 4508 4507
4509 4506 4504
4509 4504 4507
4508 4510 4507
4508 4511 4510
4511 4512 4510
4511 4513 4512
4513 4514 4512
4513 4515 4514
4515 4516 4514
4515 4517 4516
4517 4518 4516
4517 4519 4518
4519 4520 4518
4519 4521 4520
4522 4520 4521
4522 4523 4520
4523 4524 4520
4523 4525 4524
4520 4524 4526
4520 4526 4518
4518 4526 4527
4518 4527 4516
4516 4527 4528
4516 4528 4514
4512 4514 4528
4512 4528 4529
4510 4512 4529
4510 4529 4530
4530 4507 4510
4530 4509 4507
4531 4532 4533
4531 4533 4534
4535 4531 4534
4535 4536 4531
4532 4531 4537
4537 4531 4536
4532 4537 4538
4537 4536 4539
4540 4536 4535
4540 4541 4536
4539 4536 4541
4539 4541 4542
4534 4533 4543
4534 4543 4544
4535 4534 4544
4542 4541 4545
4542 4545 4546
4541 4540 4547
4541 4547 4545
4535 4544 4548
4549 4540 4535
4549 4535 4548
4546 4545 4550
4546 4550 4551
4538 4537 4552
4552 4537 4539
4538 4552 4553
4554 4539 4542
4552 4539 4554
4554 4542 4555
4546 4555 4542
4545 4547 4556
4545 4556 4557
4550 4545 4557
4550 4558 4551
4546 4559 4555
4560 4551 4558
4546 4551 4560
4546 4560 4559
4560 4558 4561
4562 4556 4547
4562 4547 4563
4564 4559 4560
4564 4560 4565
4565 4560 4561
4565 4561 4566
4554 4555 4567
4567 4555 4559
4567 4559 4564
4554 4567 4568
4569 4554 4568
4569 4552 4554
4553 4552 4569
4553 4569 4570
4571 4565 4566
4571 4566 4572
4573 4564 4565
4573 4565 4571
4574 4567 4564
4574 4564 4573
4568 4567 4574
4568 4574 4575
4576 4569 4568
4576 4568 4575
4570 4569 4576
4577 4573 4571
4577 4571 4578
4578 4571 4579
4578 4579 4580
4570 4576 4581
4582 4578 4580
4582 4580 4583
4584 4574 4573
4584 4573 4577
4575 4574 4584
4585 4577 4578
4585 4578 4582
4575 4584 4586
4587 4576 4575
4587 4575 4586
4581 4576 4587
4585 4582 4588
4585 4588 4589
4581 4587 4590
4577 4585 4591
4577 4591 4584
4591 4585 4589
4586 4584 4591
4589 4588 4592
4588 4593 4592
4588 4594 4593
4595 4583 4594
4595 4594 4588
4592 4593 4596
4592 4596 4597
4589 4592 4598
4598 4592 4597
4598 4597 4599
4600 4599 4597
4600 4601 4599
4591 4589 4602
4602 4589 4598
4603 4599 4601
4603 4601 4604
4605 4604 4601
4606 4605 4601
4607 4605 4606
4607 4608 4605
4609 4607 4606
4609 4606 4600
4609 4600 4610
4606 4601 4611
4605 4612 4604
4613 4612 4605
4613 4614 4612
4615 4614 4613
4615 4616 4614
4617 4616 4615
4617 4618 4616
4616 4618 4619
4616 4619 4620
4620 4619 4621
4621 4622 4620
4621 4623 4622
4616 4620 4624
4616 4624 4614
4620 4622 4625
4620 4625 4624
4626 4615 4613
4626 4613 4627
4614 4624 4628
4614 4628 4612
4624 4625 4629
4624 4629 4628
4612 4628 4630
4630 4628 4629
4612 4630 4604
4630 4629 4631
4603 4604 4630
4603 4630 4632
4632 4630 4631
4632 4631 4633
4634 4603 4632
4634 4599 4603
4634 4598 4599
4602 4598 4634
4634 4632 4635
4602 4634 4635
4635 4632 4633
4602 4635 4636
4637 4602 4636
4637 4591 4602
4586 4591 4637
4638 4586 4637
4637 4636 4638
4638 4587 4586
4639 4587 4638
4639 4590 4587
4638 4636 4640
4638 4640 4639
4635 4633 4641
4636 4635 4641
4636 4641 4640
4642 4643 4644
4644 4645 4642
4644 4646 4645
4647 4646 4644
4647 4644 4648
4648 4649 4647
4650 4651 4644
4652 4653 4645
4654 4655 4645
4656 4657 4654
4656 4646 4657
4658 4659 4647
4660 4661 4659
4660 4662 4661
4660 4663 4662
4660 4664 4663
4665 4664 4660
4666 4667 4657
4668 4669 4660
4670 4662 4671
4670 4671 4672
4673 4672 4671
4674 4662 4675
4674 4675 4676
4677 4676 4663
4678 4679 4663
4680 4681 4670
4682 4683 4671
4684 4547 4540
4684 4540 4549
4685 4617 4686
4685 4686 4626
4687 4646 4688
4687 4688 4689
4689 4690 4687
4691 4692 4688
4693 4600 4694
4693 4694 4596
4695 4696 4697
4698 4699 4700
4701 4702 4703
4704 4705 4706
1651 1657 4707
4708 4709 4710
4709 4708 4711
4708 4712 4711
4708 4713 4712
4713 4708 4714
4708 4715 4714
4715 4708 4716
4716 4708 4717
4718 4717 4708
4718 4708 4710
4719 4720 4721
4719 4721 4722
4721 4720 4723
4724 4721 4723
4725 4722 4721
4725 4721 4726
4727 4728 4729
4728 4727 4730
4728 4730 4731
4728 4732 4729
4728 4733 4732
4728 4734 4733
4734 4728 4735
4734 4735 4736
4735 4737 4736
4735 4738 4737
4738 4739 4737
2214 2215 2193
2214 2193 2195
2189 2193 2215
4740 4741 4742
4742 4743 4740
4742 4744 4743
4742 4741 4745
4742 4745 4746
4742 4746 4747
4747 4748 4742
4747 4749 4748
4748 4749 4750
4748 4750 4751
4751 4750 4752
4753 4754 4755
4756 4753 4755
4756 4757 4753
4758 4754 4753
4759 4753 4757
4759 4760 4753
4761 4762 4763
4763 4764 4761
4761 4764 4765
4761 4765 4766
4766 4767 4761
4761 4767 4768
4768 4769 4761
4769 4770 4761
4771 4761 4770
4771 4762 4761
4772 4773 4774
4772 4774 4775
4773 4772 4776
4773 4776 4777
4774 4778 4775
4774 4779 4778
4773 4777 4780
4781 4782 4783
4781 4783 4784
4784 4785 4781
4784 4786 4785
4783 4782 4787
4783 4787 4788
4784 4789 4786
