byte offset: 0
first index: 0
index count: 10854
topology: trianglelist
format: DXGI_FORMAT_R16_UINT

0 1 2
3 4 5
6 7 8
9 10 11
12 13 14
15 16 17
18 19 20
21 22 23
24 25 26
24 26 27
28 29 30
28 30 31
29 32 30
29 33 32
33 34 32
35 34 36
37 35 36
37 36 38
39 37 38
39 38 40
41 34 42
43 41 42
43 42 44
45 43 44
45 44 46
47 34 48
49 47 48
49 48 50
51 49 50
51 50 52
53 54 55
53 55 56
54 57 55
54 58 57
58 59 57
60 59 61
62 60 61
62 61 29
63 64 62
63 62 65
64 66 62
67 59 66
64 67 66
68 59 69
70 68 69
70 69 71
72 70 71
72 71 73
74 75 76
77 75 74
78 75 77
76 75 79
79 75 80
80 75 81
82 83 84
85 86 87
88 89 90
91 92 93
94 95 96
97 98 99
100 101 102
103 104 105
106 107 108
109 110 111
109 111 112
110 109 113
110 113 114
114 113 115
114 115 116
116 115 117
116 117 118
118 117 119
118 119 120
120 119 121
120 121 122
122 121 123
122 123 124
125 112 111
112 125 126
125 111 127
128 125 127
128 129 125
125 129 130
126 125 130
131 126 130
129 132 130
128 127 133
128 133 134
128 134 135
135 134 136
135 136 137
137 136 138
137 138 139
139 138 140
127 141 133
142 141 127
142 143 141
131 144 145
144 146 145
144 132 146
147 148 143
149 148 147
150 149 147
151 150 142
151 142 127
111 151 127
152 153 154
152 155 153
156 152 154
156 154 157
153 155 158
159 156 157
157 160 159
160 161 159
162 159 161
161 163 162
164 159 162
165 164 162
162 166 165
167 165 166
168 167 166
169 163 161
161 170 169
169 170 171
170 172 171
172 173 171
174 171 173
173 175 174
175 176 174
175 177 176
177 178 176
177 179 178
180 178 179
179 181 180
181 182 180
181 183 182
183 184 182
183 185 184
186 187 188
189 188 187
187 190 189
189 190 191
190 192 191
191 192 193
192 194 193
194 195 193
194 196 195
197 198 199
198 197 200
200 201 198
200 202 201
197 199 203
204 197 203
205 206 207
205 207 208
209 206 205
209 210 206
207 211 208
210 209 212
212 213 210
213 212 214
215 214 212
214 215 216
217 215 212
215 217 218
218 219 215
220 219 218
221 219 220
214 216 222
222 223 214
222 224 223
223 224 225
225 224 226
227 226 224
226 227 228
228 227 229
228 229 230
230 229 231
230 231 232
233 232 231
232 233 234
234 233 235
234 235 236
236 235 237
236 237 238
239 240 241
241 240 242
242 243 241
242 244 243
243 244 245
244 246 245
245 246 247
247 246 248
247 248 249
250 251 252
252 253 250
253 252 254
253 254 255
256 251 250
257 256 250
258 259 260
261 262 263
261 263 264
262 261 265
262 265 266
266 265 267
266 267 268
268 267 269
268 269 270
270 269 271
270 271 272
272 271 273
272 273 274
274 273 275
274 275 276
277 264 263
264 277 278
277 263 279
280 277 279
280 281 277
277 281 282
278 277 282
283 278 282
281 284 282
280 279 285
280 285 286
280 286 287
287 286 288
287 288 289
289 288 290
289 290 291
291 290 292
279 293 285
294 293 279
294 295 293
283 296 297
296 298 297
296 284 298
299 300 295
301 300 299
302 301 299
303 302 294
303 294 279
263 303 279
304 305 306
304 307 305
308 304 306
308 306 309
305 307 310
311 308 309
309 312 311
312 313 311
314 311 313
313 315 314
316 311 314
317 316 314
314 318 317
319 317 318
320 319 318
321 315 313
313 322 321
321 322 323
322 324 323
324 325 323
326 323 325
325 327 326
327 328 326
327 329 328
329 330 328
329 331 330
332 330 331
331 333 332
333 334 332
333 335 334
335 336 334
335 337 336
338 339 340
341 340 339
339 342 341
341 342 343
342 344 343
343 344 345
344 346 345
346 347 345
346 348 347
349 350 351
350 349 352
352 353 350
352 354 353
349 351 355
356 349 355
357 358 359
357 359 360
361 358 357
361 362 358
359 363 360
362 361 364
364 365 362
365 364 366
367 366 364
366 367 368
369 367 364
367 369 370
370 371 367
372 371 370
373 371 372
366 368 374
374 375 366
374 376 375
375 376 377
377 376 378
379 378 376
378 379 380
380 379 381
380 381 382
382 381 383
382 383 384
385 384 383
384 385 386
386 385 387
386 387 388
388 387 389
388 389 390
391 392 393
393 392 394
394 395 393
394 396 395
395 396 397
396 398 397
397 398 399
399 398 400
399 400 401
402 403 404
404 405 402
405 404 406
405 406 407
408 403 402
409 408 402
410 411 412
413 414 415
413 415 416
414 413 417
414 417 418
418 417 419
418 419 420
420 419 421
420 421 422
422 421 423
422 423 424
424 423 425
424 425 426
426 425 427
426 427 428
429 416 415
416 429 430
429 415 431
432 429 431
432 433 429
429 433 434
430 429 434
435 430 434
433 436 434
432 431 437
432 437 438
432 438 439
439 438 440
439 440 441
441 440 442
441 442 443
443 442 444
431 445 437
446 445 431
446 447 445
435 448 449
448 450 449
448 436 450
451 452 447
453 452 451
454 453 451
455 454 446
455 446 431
415 455 431
456 457 458
456 459 457
460 456 458
460 458 461
457 459 462
463 460 461
461 464 463
464 465 463
466 463 465
465 467 466
468 463 466
469 468 466
466 470 469
471 469 470
472 471 470
473 467 465
465 474 473
473 474 475
474 476 475
476 477 475
478 475 477
477 479 478
479 480 478
479 481 480
481 482 480
481 483 482
484 482 483
483 485 484
485 486 484
485 487 486
487 488 486
487 489 488
490 491 492
493 492 491
491 494 493
493 494 495
494 496 495
495 496 497
496 498 497
498 499 497
498 500 499
501 502 503
502 501 504
504 505 502
504 506 505
501 503 507
508 501 507
509 510 511
509 511 512
513 510 509
513 514 510
511 515 512
514 513 516
516 517 514
517 516 518
519 518 516
518 519 520
521 519 516
519 521 522
522 523 519
524 523 522
525 523 524
518 520 526
526 527 518
526 528 527
527 528 529
529 528 530
531 530 528
530 531 532
532 531 533
532 533 534
534 533 535
534 535 536
537 536 535
536 537 538
538 537 539
538 539 540
540 539 541
540 541 542
543 544 545
545 544 546
546 547 545
546 548 547
547 548 549
548 550 549
549 550 551
551 550 552
551 552 553
554 555 556
556 557 554
557 556 558
557 558 559
560 555 554
561 560 554
562 563 564
563 565 564
566 562 564
564 567 566
562 566 568
569 562 568
563 562 570
570 562 571
562 569 571
570 571 572
568 573 569
563 570 574
574 565 563
575 565 574
576 574 570
575 574 577
577 574 576
570 572 578
579 570 578
570 579 576
579 578 580
581 579 580
579 582 576
576 582 577
582 579 583
579 581 583
582 583 584
580 585 581
586 587 588
588 587 589
590 587 586
587 590 591
586 592 590
593 592 586
588 594 586
594 595 586
586 595 593
594 596 595
592 593 597
588 598 594
598 588 589
599 598 589
600 594 598
599 601 598
601 600 598
594 602 596
603 602 594
594 600 603
603 604 602
605 604 603
603 600 606
600 601 606
606 607 603
603 607 605
606 608 607
604 605 609
610 611 612
612 613 610
612 614 613
615 613 614
616 615 614
616 617 615
610 618 611
618 619 611
619 620 611
619 621 620
621 622 620
621 623 622
623 624 622
623 625 624
626 627 628
626 628 629
627 626 630
627 630 631
628 632 629
628 633 632
634 631 630
634 630 635
635 636 634
635 637 636
636 637 638
636 638 639
640 641 642
640 642 643
641 640 644
641 644 645
642 646 643
642 647 646
648 645 644
648 644 649
649 650 648
649 651 650
650 651 652
650 652 653
654 655 656
654 657 655
654 656 658
659 654 658
659 658 660
657 661 655
662 661 657
662 663 661
659 660 664
660 665 664
666 664 665
667 666 665
668 663 662
668 669 663
670 671 672
671 673 672
673 674 672
675 672 674
675 674 676
670 677 671
678 677 670
676 679 675
676 680 679
678 681 677
682 681 678
682 683 681
684 679 680
685 684 680
686 687 688
686 688 689
687 686 690
687 690 691
688 692 689
688 693 692
694 691 690
694 690 695
695 696 694
695 697 696
696 697 698
696 698 699
700 701 702
701 703 702
703 704 702
705 702 704
705 704 706
706 707 705
706 708 707
709 707 708
700 710 701
700 711 710
712 710 711
713 712 711
713 714 712
715 709 708
716 717 718
716 718 719
717 716 720
717 720 721
718 722 719
718 723 722
724 721 720
724 720 725
725 726 724
725 727 726
726 727 728
726 728 729
730 731 732
732 731 733
734 730 735
736 737 732
738 736 732
732 737 739
740 741 735
742 740 732
735 741 743
744 745 735
746 744 735
735 745 747
748 749 750
749 751 750
752 748 750
751 753 754
752 754 755
754 756 755
756 754 757
757 754 758
758 750 759
751 760 759
759 760 761
758 753 762
753 763 762
764 752 755
764 755 765
766 764 765
766 765 767
768 769 770
768 770 771
771 770 772
771 772 773
774 769 768
774 775 769
772 770 776
772 776 777
770 778 776
770 779 778
770 780 779
770 781 780
770 769 781
769 782 781
782 769 775
775 783 782
771 773 784
785 784 773
786 771 784
787 771 786
788 771 787
789 771 788
789 768 771
790 768 789
774 768 790
790 791 774
774 791 792
774 792 793
793 775 774
793 794 775
793 792 795
793 795 796
796 794 793
797 796 795
797 798 796
798 799 796
796 799 794
798 800 799
801 800 798
801 798 797
802 799 800
794 799 802
802 800 803
794 802 804
775 794 804
775 804 783
805 803 800
806 773 807
808 773 806
773 808 809
772 807 773
810 773 809
810 785 773
811 772 812
812 772 813
814 813 772
777 814 772
777 815 814
816 817 818
819 817 816
819 820 817
818 817 821
822 823 819
822 819 824
825 822 824
826 827 820
826 828 827
829 828 826
830 823 827
830 831 823
832 831 830
833 831 832
834 835 836
836 837 834
836 835 838
839 836 838
840 839 838
840 841 839
837 842 834
843 844 845
843 845 846
846 847 843
846 848 847
846 849 848
849 850 848
849 851 850
852 853 854
853 855 854
856 852 854
855 857 858
856 858 859
858 860 859
860 858 861
861 858 862
862 854 863
855 864 863
863 864 865
862 857 866
857 867 866
868 856 859
868 859 869
870 868 869
870 869 871
872 873 874
872 874 875
875 874 876
875 876 877
878 873 872
878 879 873
880 873 879
873 880 881
874 873 881
876 874 882
876 882 883
874 884 882
874 885 884
874 886 885
874 881 886
875 877 887
888 887 877
889 875 887
890 875 889
891 875 890
892 875 891
892 872 875
893 872 892
878 872 893
893 894 878
878 894 895
878 895 896
896 879 878
896 897 879
896 895 898
896 898 899
899 897 896
900 899 898
900 901 899
901 902 899
899 902 897
901 903 902
904 903 901
904 901 900
905 902 903
897 902 905
905 903 906
897 905 907
879 897 907
879 907 908
909 906 903
879 908 880
910 877 911
912 877 910
877 912 913
876 911 877
914 877 913
914 888 877
915 876 916
916 876 917
918 917 876
883 918 876
883 919 918
920 921 922
923 921 920
923 924 921
922 921 925
926 927 923
926 923 928
929 926 928
930 931 924
930 932 931
933 932 930
934 927 931
934 935 927
936 935 934
937 935 936
938 939 940
940 941 938
940 939 942
943 940 942
944 943 942
944 945 943
941 946 938
947 948 949
947 949 950
950 951 947
950 952 951
950 953 952
953 954 952
953 955 954
956 957 958
957 959 958
960 956 958
959 961 962
960 962 963
962 964 963
964 962 965
965 962 966
966 958 967
959 968 967
967 968 969
966 961 970
961 971 970
972 960 963
972 963 973
974 972 973
974 973 975
976 977 978
976 978 979
979 978 980
979 980 981
982 977 976
982 983 977
984 977 983
977 984 985
978 977 985
980 978 986
980 986 987
978 988 986
978 989 988
978 990 989
978 985 990
979 981 991
992 991 981
993 979 991
994 979 993
995 979 994
996 979 995
996 976 979
997 976 996
982 976 997
997 998 982
982 998 999
982 999 1000
1000 983 982
1000 1001 983
1000 999 1002
1000 1002 1003
1003 1001 1000
1004 1003 1002
1004 1005 1003
1005 1006 1003
1003 1006 1001
1005 1007 1006
1008 1007 1005
1008 1005 1004
1009 1006 1007
1001 1006 1009
1009 1007 1010
1001 1009 1011
983 1001 1011
983 1011 1012
1013 1010 1007
983 1012 984
1014 981 1015
1016 981 1014
981 1016 1017
980 1015 981
1018 981 1017
1018 992 981
1019 980 1020
1020 980 1021
1022 1021 980
987 1022 980
987 1023 1022
1024 1025 1026
1027 1025 1024
1027 1028 1025
1026 1025 1029
1030 1031 1027
1030 1027 1032
1033 1030 1032
1034 1035 1028
1034 1036 1035
1037 1036 1034
1038 1031 1035
1038 1039 1031
1040 1039 1038
1041 1039 1040
1042 1043 1044
1044 1045 1042
1044 1043 1046
1047 1044 1046
1048 1047 1046
1048 1049 1047
1045 1050 1042
1051 1052 1053
1051 1053 1054
1054 1055 1051
1054 1056 1055
1054 1057 1056
1057 1058 1056
1057 1059 1058
1060 1061 1062
1061 1063 1062
1064 1060 1062
1063 1065 1066
1064 1066 1067
1066 1068 1067
1068 1066 1069
1069 1066 1070
1070 1062 1071
1063 1072 1071
1071 1072 1073
1070 1065 1074
1065 1075 1074
1076 1064 1067
1076 1067 1077
1078 1076 1077
1078 1077 1079
1080 1081 1082
1080 1082 1083
1083 1082 1084
1083 1084 1085
1086 1081 1080
1086 1087 1081
1084 1082 1088
1084 1088 1089
1082 1090 1088
1082 1091 1090
1082 1092 1091
1082 1093 1092
1082 1081 1093
1081 1094 1093
1094 1081 1087
1087 1095 1094
1083 1085 1096
1097 1096 1085
1098 1083 1096
1099 1083 1098
1100 1083 1099
1101 1083 1100
1101 1080 1083
1102 1080 1101
1086 1080 1102
1102 1103 1086
1086 1103 1104
1086 1104 1105
1105 1087 1086
1105 1106 1087
1105 1104 1107
1105 1107 1108
1108 1106 1105
1109 1108 1107
1109 1110 1108
1110 1111 1108
1108 1111 1106
1110 1112 1111
1113 1112 1110
1113 1110 1109
1114 1111 1112
1106 1111 1114
1114 1112 1115
1106 1114 1116
1087 1106 1116
1087 1116 1095
1117 1115 1112
1118 1085 1119
1120 1085 1118
1085 1120 1121
1084 1119 1085
1122 1085 1121
1122 1097 1085
1123 1084 1124
1124 1084 1125
1126 1125 1084
1089 1126 1084
1089 1127 1126
1128 1129 1130
1131 1129 1128
1131 1132 1129
1130 1129 1133
1134 1135 1131
1134 1131 1136
1137 1134 1136
1138 1139 1132
1138 1140 1139
1141 1140 1138
1142 1135 1139
1142 1143 1135
1144 1143 1142
1145 1143 1144
1146 1147 1148
1148 1149 1146
1148 1147 1150
1151 1148 1150
1152 1151 1150
1152 1153 1151
1149 1154 1146
1155 1156 1157
1155 1157 1158
1158 1159 1155
1158 1160 1159
1158 1161 1160
1161 1162 1160
1161 1163 1162
1164 1165 1166
1166 1165 1167
1166 1167 1168
1168 1167 1169
1168 1169 1170
1170 1169 1171
1170 1171 1172
1172 1171 1173
1172 1173 1174
1174 1173 1175
1174 1175 1176
1164 1177 1165
1178 1176 1175
1178 1175 1179
1177 1180 1181
1180 1182 1181
1180 1183 1182
1182 1183 1184
1182 1184 1185
1185 1184 1186
1185 1186 1187
1187 1186 1188
1187 1188 1189
1189 1188 1190
1189 1190 1191
1191 1190 1192
1191 1192 1179
1193 1192 1194
1193 1194 1195
1196 1195 1194
1196 1197 1195
1198 1197 1196
1198 1199 1197
1200 1199 1198
1200 1201 1199
1202 1201 1200
1202 1203 1201
1204 1203 1202
1204 1205 1203
1206 1205 1204
1207 1206 1204
1193 1208 1209
1210 1209 1208
1210 1208 1211
1212 1210 1211
1212 1211 1213
1214 1212 1213
1214 1213 1215
1216 1214 1215
1216 1215 1217
1218 1216 1217
1218 1217 1219
1220 1218 1219
1221 1218 1220
1193 1209 1222
1223 1224 1222
1223 1222 1225
1226 1223 1225
1226 1225 1227
1228 1226 1227
1228 1227 1229
1230 1228 1229
1230 1229 1231
1232 1230 1231
1232 1231 1233
1234 1232 1233
1234 1235 1232
1236 1235 1234
1237 1238 1236
1237 1239 1238
1239 1240 1238
1239 1241 1240
1241 1242 1240
1241 1243 1242
1243 1244 1242
1243 1245 1244
1245 1246 1244
1245 1247 1246
1247 1248 1246
1247 1249 1248
1250 1248 1249
1250 1224 1248
1250 1251 1252
1253 1252 1251
1253 1254 1252
1255 1254 1253
1255 1256 1254
1257 1256 1255
1257 1258 1256
1259 1258 1257
1259 1260 1258
1261 1260 1259
1261 1262 1260
1263 1262 1261
1263 1264 1262
1250 1252 1265
1264 1266 1267
1266 1268 1267
1266 1269 1268
1268 1269 1270
1268 1270 1271
1271 1270 1272
1271 1272 1273
1273 1272 1274
1273 1274 1275
1275 1274 1276
1275 1276 1277
1277 1276 1278
1277 1278 1265
1279 1278 1280
1279 1280 1281
1282 1281 1280
1282 1283 1281
1284 1283 1282
1284 1285 1283
1286 1285 1284
1286 1287 1285
1288 1287 1286
1288 1289 1287
1290 1289 1288
1290 1291 1289
1292 1291 1290
1293 1292 1290
1279 1294 1295
1296 1295 1294
1296 1294 1297
1298 1296 1297
1298 1297 1299
1300 1298 1299
1300 1299 1301
1302 1300 1301
1302 1301 1303
1304 1302 1303
1304 1303 1305
1306 1304 1305
1307 1304 1306
1279 1295 1308
1309 1310 1308
1309 1308 1311
1312 1309 1311
1312 1311 1313
1314 1312 1313
1314 1313 1315
1316 1314 1315
1316 1315 1317
1318 1316 1317
1318 1317 1319
1320 1318 1319
1320 1321 1318
1322 1321 1320
1323 1324 1322
1323 1325 1324
1325 1326 1324
1325 1327 1326
1327 1328 1326
1327 1329 1328
1329 1330 1328
1329 1331 1330
1331 1332 1330
1331 1333 1332
1333 1334 1332
1333 1335 1334
1178 1334 1335
1178 1310 1334
1336 1337 1338
1337 1339 1338
1337 1340 1339
1338 1339 1341
1338 1341 1342
1343 1338 1342
1336 1338 1343
1342 1341 1344
1342 1344 1345
1346 1342 1345
1343 1342 1346
1340 1347 1339
1340 1348 1347
1339 1349 1341
1339 1350 1349
1341 1351 1344
1341 1352 1351
1348 1353 1347
1348 1354 1353
1350 1355 1349
1350 1356 1355
1349 1355 1357
1349 1357 1351
1354 1358 1353
1354 1359 1358
1356 1360 1355
1356 1361 1360
1355 1360 1362
1355 1362 1357
1361 1363 1360
1364 1363 1358
1359 1364 1358
1360 1365 1362
1366 1367 1365
1343 1368 1336
1346 1368 1343
1369 1370 1368
1371 1369 1368
1369 1371 1372
1369 1372 1373
1370 1369 1373
1370 1373 1374
1371 1375 1372
1374 1373 1376
1374 1376 1377
1373 1372 1378
1373 1378 1376
1372 1375 1379
1372 1379 1378
1377 1376 1380
1377 1380 1381
1376 1378 1382
1376 1382 1383
1378 1379 1384
1378 1384 1385
1381 1380 1386
1381 1386 1387
1383 1382 1388
1383 1388 1389
1382 1384 1390
1382 1390 1388
1387 1386 1391
1387 1391 1392
1389 1388 1393
1389 1393 1394
1388 1390 1395
1388 1395 1393
1394 1393 1396
1397 1391 1396
1392 1391 1397
1393 1395 1398
1399 1398 1400
1401 1402 1403
1401 1403 1404
1405 1406 1407
1405 1407 1408
1409 1410 1411
1409 1411 1412
1413 1414 1415
1413 1415 1416
1417 1418 1419
1417 1420 1418
1421 1422 1423
1422 1424 1423
1425 1426 1427
1427 1426 1428
1427 1428 1429
1426 1430 1428
1426 1431 1430
1432 1431 1426
1425 1432 1426
1431 1433 1430
1431 1434 1433
1431 1435 1434
1432 1435 1431
1429 1428 1436
1429 1436 1437
1428 1430 1438
1428 1438 1439
1430 1433 1440
1430 1440 1441
1437 1436 1442
1437 1442 1443
1439 1438 1444
1439 1444 1445
1438 1440 1446
1438 1446 1444
1443 1442 1447
1443 1447 1448
1445 1444 1449
1445 1449 1450
1444 1446 1451
1444 1451 1449
1450 1449 1452
1453 1447 1452
1448 1447 1453
1449 1451 1454
1455 1454 1456
1432 1425 1457
1435 1432 1457
1458 1457 1459
1460 1457 1458
1459 1461 1458
1459 1462 1461
1458 1461 1463
1458 1463 1460
1463 1464 1460
1462 1465 1461
1462 1466 1465
1461 1465 1467
1461 1467 1463
1463 1467 1468
1463 1468 1464
1466 1469 1465
1466 1470 1469
1465 1471 1467
1465 1472 1471
1467 1473 1468
1467 1474 1473
1470 1475 1469
1470 1476 1475
1472 1477 1471
1472 1478 1477
1471 1477 1479
1471 1479 1473
1476 1480 1475
1476 1481 1480
1478 1482 1477
1478 1483 1482
1477 1482 1484
1477 1484 1479
1483 1485 1482
1486 1485 1480
1481 1486 1480
1482 1487 1484
1488 1489 1487
1490 1491 1492
1490 1492 1493
1494 1495 1496
1494 1496 1497
1498 1499 1500
1498 1500 1501
1502 1503 1504
1502 1504 1505
1506 1507 1508
1506 1508 1509
1510 1511 1512
1512 1511 1513
1514 1515 1516
1514 1516 1517
1518 1519 1520
1518 1520 1521
1522 1523 1524
1522 1524 1525
1526 1527 1528
1526 1528 1529
1530 1531 1532
1530 1532 1533
1534 1535 1536
1536 1535 1537
1538 1539 1540
1538 1540 1541
1542 1543 1544
1542 1544 1545
1546 1547 1548
1546 1548 1549
1550 1551 1552
1550 1552 1553
1554 1555 1556
1554 1557 1555
1558 1559 1560
1559 1561 1560
1562 1563 1564
1563 1562 1565
1566 1565 1562
1566 1562 1567
1566 1568 1565
1569 1568 1566
1568 1569 1570
1570 1569 1571
1572 1570 1571
1572 1571 1573
1574 1572 1573
1574 1573 1575
1576 1574 1575
1577 1574 1576
1576 1578 1577
1577 1578 1579
1579 1578 1580
1579 1580 1581
1581 1580 1582
1581 1582 1583
1582 1584 1583
1583 1585 1586
1587 1588 1589
1587 1589 1590
1587 1590 1591
1592 1591 1590
1592 1590 1593
1594 1592 1593
1594 1593 1595
1596 1594 1595
1596 1595 1597
1588 1587 1598
1598 1599 1588
1600 1601 1602
1602 1603 1600
1604 1601 1600
1603 1602 1605
1604 1606 1601
1606 1604 1607
1608 1609 1610
1611 1609 1608
1610 1612 1608
1612 1610 1613
1614 1610 1609
1615 1609 1616
1617 1618 1616
1619 1614 1620
1618 1621 1620
1622 1619 1620
1614 1619 1623
1624 1621 1615
1623 1625 1614
1626 1627 1628
1627 1626 1629
1630 1626 1628
1628 1631 1630
1631 1632 1630
1630 1633 1626
1632 1631 1634
1632 1634 1635
1635 1634 1636
1635 1636 1637
1637 1636 1638
1637 1638 1639
1639 1638 1640
1640 1638 1641
1642 1640 1641
1642 1641 1643
1644 1642 1643
1644 1643 1645
1646 1644 1645
1646 1645 1647
1647 1648 1646
1649 1650 1647
1651 1652 1653
1654 1651 1653
1655 1654 1653
1653 1652 1656
1652 1657 1656
1658 1653 1656
1658 1656 1659
1659 1660 1658
1658 1660 1661
1658 1661 1662
1663 1660 1659
1658 1662 1664
1664 1655 1653
1664 1653 1658
1665 1655 1664
1665 1666 1655
1655 1666 1654
1664 1667 1665
1662 1667 1664
1668 1669 1670
1670 1669 1671
1670 1671 1672
1673 1672 1671
1673 1671 1674
1675 1673 1674
1675 1674 1676
1677 1675 1676
1677 1676 1678
1669 1668 1679
1679 1668 1680
1681 1682 1683
1681 1684 1682
1682 1684 1685
1682 1685 1686
1687 1682 1686
1683 1682 1687
1681 1688 1684
1689 1688 1681
1686 1685 1690
1686 1690 1691
1687 1686 1691
1687 1691 1692
1693 1692 1691
1690 1685 1694
1685 1684 1694
1694 1684 1695
1695 1684 1688
1695 1688 1696
1689 1681 1697
1698 1696 1688
1690 1699 1691
1699 1690 1700
1690 1694 1700
1681 1683 1697
1701 1702 1703
1702 1701 1704
1705 1701 1703
1704 1706 1702
1705 1703 1707
1707 1708 1705
1709 1710 1711
1709 1711 1712
1709 1713 1710
1709 1714 1713
1715 1713 1714
1715 1714 1716
1717 1715 1716
1717 1716 1718
1719 1717 1718
1719 1718 1720
1721 1719 1720
1721 1722 1719
1723 1712 1711
1723 1711 1724
1725 1726 1727
1726 1725 1728
1729 1728 1725
1729 1725 1730
1729 1731 1728
1732 1731 1729
1731 1732 1733
1733 1732 1734
1735 1733 1734
1735 1734 1736
1737 1735 1736
1737 1736 1738
1739 1737 1738
1740 1737 1739
1739 1741 1740
1740 1741 1742
1742 1741 1743
1742 1743 1744
1744 1743 1745
1744 1745 1746
1745 1747 1746
1746 1748 1749
1750 1751 1752
1750 1752 1753
1750 1753 1754
1755 1754 1753
1755 1753 1756
1757 1755 1756
1757 1756 1758
1759 1757 1758
1759 1758 1760
1751 1750 1761
1761 1762 1751
1763 1764 1765
1765 1766 1763
1767 1764 1763
1766 1765 1768
1767 1769 1764
1769 1767 1770
1771 1772 1773
1774 1772 1771
1773 1775 1771
1775 1773 1776
1777 1773 1772
1778 1772 1779
1780 1781 1779
1782 1777 1783
1781 1784 1783
1785 1782 1783
1777 1782 1786
1787 1784 1778
1786 1788 1777
1789 1790 1791
1790 1789 1792
1793 1789 1791
1791 1794 1793
1794 1795 1793
1793 1796 1789
1795 1794 1797
1795 1797 1798
1798 1797 1799
1798 1799 1800
1800 1799 1801
1800 1801 1802
1802 1801 1803
1803 1801 1804
1805 1803 1804
1805 1804 1806
1807 1805 1806
1807 1806 1808
1809 1807 1808
1809 1808 1810
1810 1811 1809
1812 1813 1810
1814 1815 1816
1817 1814 1816
1818 1817 1816
1816 1815 1819
1815 1820 1819
1821 1816 1819
1821 1819 1822
1822 1823 1821
1821 1823 1824
1821 1824 1825
1826 1823 1822
1821 1825 1827
1827 1818 1816
1827 1816 1821
1828 1818 1827
1828 1829 1818
1818 1829 1817
1827 1830 1828
1825 1830 1827
1831 1832 1833
1833 1832 1834
1833 1834 1835
1836 1835 1834
1836 1834 1837
1838 1836 1837
1838 1837 1839
1840 1838 1839
1840 1839 1841
1832 1831 1842
1842 1831 1843
1844 1845 1846
1844 1847 1845
1845 1847 1848
1845 1848 1849
1850 1845 1849
1846 1845 1850
1844 1851 1847
1852 1851 1844
1849 1848 1853
1849 1853 1854
1850 1849 1854
1850 1854 1855
1856 1855 1854
1853 1848 1857
1848 1847 1857
1857 1847 1858
1858 1847 1851
1858 1851 1859
1852 1844 1860
1861 1859 1851
1853 1862 1854
1862 1853 1863
1853 1857 1863
1844 1846 1860
1864 1865 1866
1865 1864 1867
1868 1864 1866
1867 1869 1865
1868 1866 1870
1870 1871 1868
1872 1873 1874
1872 1874 1875
1872 1876 1873
1872 1877 1876
1878 1876 1877
1878 1877 1879
1880 1878 1879
1880 1879 1881
1882 1880 1881
1882 1881 1883
1884 1882 1883
1884 1885 1882
1886 1875 1874
1886 1874 1887
1888 1889 1890
1889 1888 1891
1892 1891 1888
1892 1888 1893
1892 1894 1891
1895 1894 1892
1894 1895 1896
1896 1895 1897
1898 1896 1897
1898 1897 1899
1900 1898 1899
1900 1899 1901
1902 1900 1901
1903 1900 1902
1902 1904 1903
1903 1904 1905
1905 1904 1906
1905 1906 1907
1907 1906 1908
1907 1908 1909
1908 1910 1909
1909 1911 1912
1913 1914 1915
1913 1915 1916
1913 1916 1917
1918 1917 1916
1918 1916 1919
1920 1918 1919
1920 1919 1921
1922 1920 1921
1922 1921 1923
1914 1913 1924
1924 1925 1914
1926 1927 1928
1928 1929 1926
1930 1927 1926
1929 1928 1931
1930 1932 1927
1932 1930 1933
1934 1935 1936
1937 1935 1934
1936 1938 1934
1938 1936 1939
1940 1936 1935
1941 1935 1942
1943 1944 1942
1945 1940 1946
1944 1947 1946
1948 1945 1946
1940 1945 1949
1950 1947 1941
1949 1951 1940
1952 1953 1954
1953 1952 1955
1956 1952 1954
1954 1957 1956
1957 1958 1956
1956 1959 1952
1958 1957 1960
1958 1960 1961
1961 1960 1962
1961 1962 1963
1963 1962 1964
1963 1964 1965
1965 1964 1966
1966 1964 1967
1968 1966 1967
1968 1967 1969
1970 1968 1969
1970 1969 1971
1972 1970 1971
1972 1971 1973
1973 1974 1972
1975 1976 1973
1977 1978 1979
1980 1977 1979
1981 1980 1979
1979 1978 1982
1978 1983 1982
1984 1979 1982
1984 1982 1985
1985 1986 1984
1984 1986 1987
1984 1987 1988
1989 1986 1985
1984 1988 1990
1990 1981 1979
1990 1979 1984
1991 1981 1990
1991 1992 1981
1981 1992 1980
1990 1993 1991
1988 1993 1990
1994 1995 1996
1996 1995 1997
1996 1997 1998
1999 1998 1997
1999 1997 2000
2001 1999 2000
2001 2000 2002
2003 2001 2002
2003 2002 2004
1995 1994 2005
2005 1994 2006
2007 2008 2009
2007 2010 2008
2008 2010 2011
2008 2011 2012
2013 2008 2012
2009 2008 2013
2007 2014 2010
2015 2014 2007
2012 2011 2016
2012 2016 2017
2013 2012 2017
2013 2017 2018
2019 2018 2017
2016 2011 2020
2011 2010 2020
2020 2010 2021
2021 2010 2014
2021 2014 2022
2015 2007 2023
2024 2022 2014
2016 2025 2017
2025 2016 2026
2016 2020 2026
2007 2009 2023
2027 2028 2029
2028 2027 2030
2031 2027 2029
2030 2032 2028
2031 2029 2033
2033 2034 2031
2035 2036 2037
2035 2037 2038
2035 2039 2036
2035 2040 2039
2041 2039 2040
2041 2040 2042
2043 2041 2042
2043 2042 2044
2045 2043 2044
2045 2044 2046
2047 2045 2046
2047 2048 2045
2049 2038 2037
2049 2037 2050
2051 2052 2053
2052 2051 2054
2055 2054 2051
2055 2051 2056
2055 2057 2054
2058 2057 2055
2057 2058 2059
2059 2058 2060
2061 2059 2060
2061 2060 2062
2063 2061 2062
2063 2062 2064
2065 2063 2064
2066 2063 2065
2065 2067 2066
2066 2067 2068
2068 2067 2069
2068 2069 2070
2070 2069 2071
2070 2071 2072
2071 2073 2072
2072 2074 2075
2076 2077 2078
2076 2078 2079
2076 2079 2080
2081 2080 2079
2081 2079 2082
2083 2081 2082
2083 2082 2084
2085 2083 2084
2085 2084 2086
2077 2076 2087
2087 2088 2077
2089 2090 2091
2091 2092 2089
2093 2090 2089
2092 2091 2094
2093 2095 2090
2095 2093 2096
2097 2098 2099
2100 2098 2097
2099 2101 2097
2101 2099 2102
2103 2099 2098
2104 2098 2105
2106 2107 2105
2108 2103 2109
2107 2110 2109
2111 2108 2109
2103 2108 2112
2113 2110 2104
2112 2114 2103
2115 2116 2117
2116 2115 2118
2119 2115 2117
2117 2120 2119
2120 2121 2119
2119 2122 2115
2121 2120 2123
2121 2123 2124
2124 2123 2125
2124 2125 2126
2126 2125 2127
2126 2127 2128
2128 2127 2129
2129 2127 2130
2131 2129 2130
2131 2130 2132
2133 2131 2132
2133 2132 2134
2135 2133 2134
2135 2134 2136
2136 2137 2135
2138 2139 2136
2140 2141 2142
2143 2140 2142
2144 2143 2142
2142 2141 2145
2141 2146 2145
2147 2142 2145
2147 2145 2148
2148 2149 2147
2147 2149 2150
2147 2150 2151
2152 2149 2148
2147 2151 2153
2153 2144 2142
2153 2142 2147
2154 2144 2153
2154 2155 2144
2144 2155 2143
2153 2156 2154
2151 2156 2153
2157 2158 2159
2159 2158 2160
2159 2160 2161
2162 2161 2160
2162 2160 2163
2164 2162 2163
2164 2163 2165
2166 2164 2165
2166 2165 2167
2158 2157 2168
2168 2157 2169
2170 2171 2172
2170 2173 2171
2171 2173 2174
2171 2174 2175
2176 2171 2175
2172 2171 2176
2170 2177 2173
2178 2177 2170
2175 2174 2179
2175 2179 2180
2176 2175 2180
2176 2180 2181
2182 2181 2180
2179 2174 2183
2174 2173 2183
2183 2173 2184
2184 2173 2177
2184 2177 2185
2178 2170 2186
2187 2185 2177
2179 2188 2180
2188 2179 2189
2179 2183 2189
2170 2172 2186
2190 2191 2192
2191 2190 2193
2194 2190 2192
2193 2195 2191
2194 2192 2196
2196 2197 2194
2198 2199 2200
2198 2200 2201
2198 2202 2199
2198 2203 2202
2204 2202 2203
2204 2203 2205
2206 2204 2205
2206 2205 2207
2208 2206 2207
2208 2207 2209
2210 2208 2209
2210 2211 2208
2212 2201 2200
2212 2200 2213
2214 2215 2216
2217 2214 2216
2218 2217 2216
2215 2219 2220
2219 2221 2220
2222 2223 2219
2219 2224 2222
2222 2225 2223
2226 2225 2222
2227 2226 2228
2229 2227 2228
2230 2231 2228
2228 2232 2230
2232 2233 2234
2234 2233 2235
2233 2236 2235
2236 2237 2235
2236 2238 2237
2234 2239 2232
2239 2234 2240
2241 2242 2243
2244 2241 2243
2241 2244 2245
2246 2247 2242
2246 2248 2247
2247 2249 2250
2250 2251 2247
2249 2252 2250
2253 2250 2252
2253 2254 2255
2254 2256 2255
2255 2257 2258
2258 2259 2255
2260 2259 2261
2260 2261 2262
2263 2260 2262
2264 2263 2262
2265 2263 2264
2266 2261 2259
2261 2266 2267
2268 2269 2270
2271 2270 2269
2272 2271 2269
2272 2273 2271
2272 2274 2273
2272 2275 2274
2273 2274 2276
2268 2270 2277
2277 2278 2268
2278 2277 2279
2280 2278 2279
2281 2280 2279
2281 2282 2280
2270 2283 2277
2279 2284 2285
2285 2284 2286
2287 2288 2289
2290 2289 2291
2290 2291 2292
2291 2217 2292
2293 2294 2295
2296 2295 2294
2296 2297 2298
2244 2296 2298
2299 2300 2301
2302 2299 2301
2302 2301 2303
2304 2302 2303
2302 2304 2305
2306 2304 2303
2307 2308 2309
2308 2310 2309
2308 2311 2310
2312 2313 2314
2312 2314 2315
2316 2317 2318
2316 2318 2319
2320 2316 2319
2320 2319 2321
2322 2323 2324
2324 2325 2322
2326 2327 2328
2326 2328 2329
2330 2327 2326
2330 2331 2327
2332 2333 2334
2335 2334 2333
2336 2337 2338
2339 2338 2337
2340 2341 2342
2343 2341 2340
2343 2344 2341
2345 2346 2347
2348 2346 2345
2346 2349 2347
2347 2349 2350
2350 2349 2351
2350 2351 2352
2352 2351 2353
2353 2354 2352
2352 2354 2355
2355 2354 2356
2356 2354 2357
2353 2357 2354
2358 2357 2353
2358 2359 2357
2360 2359 2358
2360 2361 2359
2362 2361 2360
2362 2363 2361
2357 2364 2356
2356 2364 2365
2364 2366 2365
2365 2366 2367
2368 2363 2362
2369 2368 2362
2363 2368 2370
2370 2371 2363
2362 2372 2369
2367 2366 2373
2367 2373 2374
2374 2373 2375
2376 2377 2378
2379 2377 2376
2380 2381 2382
2383 2382 2381
2384 2385 2386
2385 2384 2387
2387 2388 2385
2389 2390 2391
2389 2392 2390
2393 2390 2392
2394 2395 2396
2397 2394 2396
2396 2398 2397
2395 2399 2400
2399 2401 2400
2402 2403 2399
2399 2404 2402
2402 2405 2403
2406 2405 2402
2407 2406 2408
2409 2407 2408
2410 2411 2408
2408 2412 2410
2412 2413 2414
2414 2413 2415
2413 2416 2415
2416 2417 2415
2416 2418 2417
2414 2419 2412
2419 2414 2420
2421 2422 2423
2421 2423 2424
2424 2425 2421
2426 2427 2422
2426 2428 2427
2427 2429 2430
2430 2431 2427
2429 2432 2430
2433 2430 2432
2433 2434 2435
2434 2436 2435
2435 2437 2438
2438 2439 2435
2440 2439 2441
2440 2441 2442
2443 2440 2442
2444 2443 2442
2445 2443 2444
2446 2441 2439
2441 2446 2447
2448 2449 2450
2451 2450 2449
2452 2451 2449
2452 2453 2451
2452 2454 2453
2452 2455 2454
2453 2454 2456
2448 2450 2457
2457 2458 2448
2458 2457 2459
2460 2458 2459
2461 2460 2459
2461 2462 2460
2450 2463 2457
2459 2464 2465
2465 2464 2466
2467 2468 2469
2470 2469 2471
2470 2471 2472
2471 2397 2472
2473 2474 2475
2476 2475 2474
2476 2477 2478
2424 2476 2478
2479 2480 2481
2482 2479 2481
2482 2481 2483
2484 2482 2483
2482 2484 2485
2486 2484 2483
2487 2488 2489
2488 2490 2489
2488 2491 2490
2492 2493 2494
2492 2494 2495
2496 2497 2498
2496 2498 2499
2500 2496 2499
2500 2499 2501
2502 2503 2504
2504 2505 2502
2506 2507 2508
2506 2508 2509
2510 2507 2506
2510 2511 2507
2512 2513 2514
2515 2514 2513
2516 2517 2518
2519 2518 2517
2520 2521 2522
2523 2521 2520
2523 2524 2521
2525 2526 2527
2528 2526 2525
2526 2529 2527
2527 2529 2530
2530 2529 2531
2530 2531 2532
2532 2531 2533
2533 2534 2532
2532 2534 2535
2535 2534 2536
2536 2534 2537
2533 2537 2534
2538 2537 2533
2538 2539 2537
2540 2539 2538
2540 2541 2539
2542 2541 2540
2542 2543 2541
2537 2544 2536
2536 2544 2545
2544 2546 2545
2545 2546 2547
2548 2543 2542
2549 2548 2542
2543 2548 2550
2550 2551 2543
2542 2552 2549
2547 2546 2553
2547 2553 2554
2554 2553 2555
2556 2557 2558
2559 2557 2556
2560 2561 2562
2563 2562 2561
2564 2565 2566
2565 2564 2567
2567 2568 2565
2569 2570 2571
2569 2572 2570
2573 2570 2572
2574 2575 2576
2577 2574 2576
2576 2578 2577
2575 2579 2580
2579 2581 2580
2582 2583 2579
2579 2584 2582
2582 2585 2583
2586 2585 2582
2587 2586 2588
2589 2587 2588
2590 2591 2588
2588 2592 2590
2592 2593 2594
2594 2593 2595
2593 2596 2595
2596 2597 2595
2596 2598 2597
2594 2599 2592
2599 2594 2600
2601 2602 2603
2601 2603 2604
2604 2605 2601
2606 2607 2602
2606 2608 2607
2607 2609 2610
2610 2611 2607
2609 2612 2610
2613 2610 2612
2613 2614 2615
2614 2616 2615
2615 2617 2618
2618 2619 2615
2620 2619 2621
2620 2621 2622
2623 2620 2622
2624 2623 2622
2625 2623 2624
2626 2621 2619
2621 2626 2627
2628 2629 2630
2631 2630 2629
2632 2631 2629
2632 2633 2631
2632 2634 2633
2632 2635 2634
2633 2634 2636
2628 2630 2637
2637 2638 2628
2638 2637 2639
2640 2638 2639
2641 2640 2639
2641 2642 2640
2630 2643 2637
2639 2644 2645
2645 2644 2646
2647 2648 2649
2650 2649 2651
2650 2651 2652
2651 2577 2652
2653 2654 2655
2656 2655 2654
2656 2657 2658
2604 2656 2658
2659 2660 2661
2662 2659 2661
2662 2661 2663
2664 2662 2663
2662 2664 2665
2666 2664 2663
2667 2668 2669
2668 2670 2669
2668 2671 2670
2672 2673 2674
2672 2674 2675
2676 2677 2678
2676 2678 2679
2680 2676 2679
2680 2679 2681
2682 2683 2684
2684 2685 2682
2686 2687 2688
2686 2688 2689
2690 2687 2686
2690 2691 2687
2692 2693 2694
2695 2694 2693
2696 2697 2698
2699 2698 2697
2700 2701 2702
2703 2701 2700
2703 2704 2701
2705 2706 2707
2708 2706 2705
2706 2709 2707
2707 2709 2710
2710 2709 2711
2710 2711 2712
2712 2711 2713
2713 2714 2712
2712 2714 2715
2715 2714 2716
2716 2714 2717
2713 2717 2714
2718 2717 2713
2718 2719 2717
2720 2719 2718
2720 2721 2719
2722 2721 2720
2722 2723 2721
2717 2724 2716
2716 2724 2725
2724 2726 2725
2725 2726 2727
2728 2723 2722
2729 2728 2722
2723 2728 2730
2730 2731 2723
2722 2732 2729
2727 2726 2733
2727 2733 2734
2734 2733 2735
2736 2737 2738
2739 2737 2736
2740 2741 2742
2743 2742 2741
2744 2745 2746
2745 2744 2747
2747 2748 2745
2749 2750 2751
2749 2752 2750
2753 2750 2752
2754 2755 2756
2755 2757 2756
2754 2756 2758
2755 2754 2759
2759 2754 2760
2761 2759 2760
2761 2760 2762
2763 2761 2762
2764 2755 2759
2765 2755 2764
2765 2757 2755
2766 2765 2764
2767 2759 2761
2767 2764 2759
2768 2767 2761
2768 2761 2763
2769 2757 2770
2771 2769 2770
2771 2770 2772
2769 2771 2773
2773 2771 2774
2775 2773 2774
2775 2774 2776
2777 2775 2776
2778 2769 2773
2779 2769 2778
2779 2757 2769
2780 2779 2778
2781 2773 2775
2781 2778 2773
2782 2781 2775
2782 2775 2777
2783 2784 2785
2783 2785 2786
2787 2783 2786
2787 2786 2788
2786 2785 2789
2786 2789 2790
2791 2788 2786
2791 2786 2790
2785 2784 2792
2784 2793 2792
2792 2794 2785
2785 2794 2789
2795 2790 2789
2795 2789 2796
2797 2795 2796
2797 2796 2798
2797 2798 2799
2797 2799 2800
2801 2791 2790
2801 2790 2795
2802 2801 2795
2802 2795 2797
2803 2802 2797
2803 2797 2800
2798 2796 2804
2805 2798 2804
2798 2805 2799
2804 2796 2806
2796 2807 2806
2789 2807 2796
2807 2789 2794
2808 2800 2799
2808 2799 2809
2810 2803 2800
2810 2800 2808
2799 2811 2809
2811 2799 2805
2809 2811 2812
2813 2801 2802
2813 2814 2801
2814 2791 2801
2814 2815 2791
2815 2788 2791
2815 2816 2788
2816 2787 2788
2816 2817 2787
2813 2818 2814
2814 2818 2815
2816 2819 2817
2820 2816 2815
2815 2818 2820
2820 2819 2816
2821 2819 2820
2821 2822 2819
2820 2818 2823
2820 2823 2821
2824 2823 2818
2824 2818 2825
2825 2818 2813
2826 2824 2825
2826 2825 2827
2827 2825 2828
2825 2813 2828
2828 2813 2802
2828 2802 2803
2829 2828 2803
2827 2828 2829
2829 2803 2810
2830 2831 2832
2832 2831 2833
2831 2834 2833
2831 2835 2834
2836 2835 2831
2830 2836 2831
2832 2833 2837
2835 2838 2834
2835 2839 2838
2835 2840 2839
2836 2840 2835
2840 2841 2839
2839 2841 2842
2839 2842 2838
2841 2843 2842
2841 2844 2843
2845 2844 2841
2840 2845 2841
2844 2846 2843
2844 2847 2846
2844 2848 2847
2845 2848 2844
2833 2834 2849
2843 2846 2850
2843 2850 2851
2842 2843 2851
2842 2851 2852
2838 2842 2852
2838 2852 2853
2834 2838 2853
2834 2853 2849
2852 2851 2854
2851 2855 2854
2851 2850 2855
2856 2854 2855
2856 2857 2854
2854 2857 2858
2854 2858 2859
2859 2852 2854
2849 2853 2859
2853 2852 2859
2858 2860 2859
2849 2859 2860
2858 2861 2860
2860 2861 2862
2860 2862 2863
2863 2864 2860
2864 2849 2860
2833 2849 2864
2837 2833 2864
2837 2864 2865
2865 2864 2863
2862 2861 2866
2862 2866 2867
2857 2856 2868
2857 2868 2869
2858 2857 2869
2858 2869 2870
2861 2858 2870
2861 2870 2866
2871 2872 2873
2871 2873 2874
2875 2872 2871
2875 2876 2872
2872 2877 2873
2872 2878 2877
2879 2878 2872
2879 2872 2876
2873 2880 2874
2874 2880 2881
2880 2873 2882
2873 2877 2882
2883 2877 2878
2883 2884 2877
2885 2884 2883
2885 2886 2884
2885 2887 2886
2885 2888 2887
2889 2883 2878
2889 2878 2879
2890 2885 2883
2890 2883 2889
2891 2888 2885
2891 2885 2890
2886 2892 2884
2893 2892 2886
2886 2887 2893
2892 2894 2884
2884 2894 2895
2877 2884 2895
2895 2882 2877
2896 2887 2888
2896 2897 2887
2898 2896 2888
2898 2888 2891
2887 2897 2899
2899 2893 2887
2897 2900 2899
2901 2890 2889
2901 2889 2902
2902 2889 2879
2902 2879 2903
2903 2879 2876
2903 2876 2904
2904 2876 2875
2904 2875 2905
2901 2902 2906
2902 2903 2906
2904 2905 2907
2908 2903 2904
2903 2908 2906
2908 2904 2907
2909 2908 2907
2909 2907 2910
2908 2909 2911
2908 2911 2906
2912 2906 2911
2912 2913 2906
2913 2901 2906
2914 2913 2912
2914 2915 2913
2915 2916 2913
2913 2916 2901
2916 2890 2901
2916 2891 2890
2917 2891 2916
2915 2917 2916
2917 2898 2891
2918 2919 2920
2919 2921 2920
2920 2921 2922
2920 2922 2923
2924 2920 2923
2918 2920 2924
2919 2925 2921
2923 2922 2926
2923 2926 2927
2923 2927 2928
2924 2923 2928
2928 2927 2929
2927 2926 2930
2927 2930 2929
2929 2930 2931
2929 2931 2932
2933 2929 2932
2928 2929 2933
2932 2931 2934
2932 2934 2935
2932 2935 2936
2933 2932 2936
2921 2937 2922
2931 2938 2934
2931 2939 2938
2930 2939 2931
2930 2940 2939
2926 2940 2930
2926 2941 2940
2922 2937 2941
2922 2941 2926
2940 2942 2939
2939 2942 2943
2939 2943 2938
2944 2943 2942
2944 2942 2945
2942 2946 2945
2942 2947 2946
2947 2942 2940
2937 2947 2941
2941 2947 2940
2946 2947 2948
2937 2948 2947
2946 2948 2949
2948 2950 2949
2948 2951 2950
2951 2948 2952
2952 2948 2937
2921 2952 2937
2925 2952 2921
2925 2953 2952
2953 2951 2952
2950 2954 2949
2950 2955 2954
2945 2956 2944
2945 2957 2956
2946 2957 2945
2946 2958 2957
2949 2954 2958
2949 2958 2946
2959 2960 2961
2959 2961 2962
2963 2962 2961
2960 2963 2961
2963 2964 2962
2960 2965 2963
2963 2965 2966
2965 2967 2966
2966 2967 2968
2966 2968 2969
2966 2969 2970
2966 2970 2971
2963 2966 2972
2963 2972 2964
2969 2968 2973
2970 2969 2973
2972 2970 2974
2972 2974 2975
2972 2975 2964
2970 2976 2974
2970 2973 2976
2976 2973 2977
2978 2977 2973
2979 2976 2977
2973 2980 2978
2981 2980 2973
2973 2968 2981
2981 2982 2980
2974 2976 2983
2983 2976 2984
2984 2976 2979
2983 2984 2985
2986 2987 2988
2986 2989 2987
2990 2986 2988
2989 2991 2987
2992 2993 2994
2995 2992 2994
2992 2996 2993
2997 2995 2994
2959 2998 2999
2959 3000 2998
3001 2998 3000
2999 2998 3001
3001 3000 3002
2999 3001 3003
3001 3004 3003
3003 3004 3005
3004 3006 3005
3004 3007 3006
3004 3008 3007
3004 3009 3008
3001 3010 3004
3001 3002 3010
3007 3011 3006
3008 3011 3007
3010 3012 3008
3010 3013 3012
3010 3002 3013
3008 3012 3014
3008 3014 3011
3014 3015 3011
3016 3011 3015
3017 3015 3014
3011 3016 3018
3019 3011 3018
3011 3019 3006
3019 3018 3020
3012 3021 3014
3021 3022 3014
3022 3017 3014
3021 3023 3022
3024 3025 3026
3024 3026 3027
3028 3025 3024
3027 3026 3029
3030 3031 3032
3033 3031 3030
3030 3032 3034
3035 3031 3033
3036 3037 3038
3036 3039 3037
3040 3037 3039
3038 3037 3040
3040 3039 3041
3038 3040 3042
3040 3043 3042
3042 3043 3044
3043 3045 3044
3043 3046 3045
3043 3047 3046
3043 3048 3047
3040 3049 3043
3040 3041 3049
3046 3050 3045
3047 3050 3046
3049 3051 3047
3049 3052 3051
3049 3041 3052
3047 3051 3053
3047 3053 3050
3053 3054 3050
3055 3050 3054
3056 3054 3053
3050 3055 3057
3058 3050 3057
3050 3058 3045
3058 3057 3059
3051 3060 3053
3060 3061 3053
3061 3056 3053
3060 3062 3061
3063 3064 3065
3063 3065 3066
3067 3064 3063
3066 3065 3068
3069 3070 3071
3072 3070 3069
3069 3071 3073
3074 3070 3072
3036 3075 3076
3036 3076 3077
3078 3077 3076
3075 3078 3076
3078 3079 3077
3075 3080 3078
3078 3080 3081
3080 3082 3081
3081 3082 3083
3081 3083 3084
3081 3084 3085
3081 3085 3086
3078 3081 3087
3078 3087 3079
3084 3083 3088
3085 3084 3088
3087 3085 3089
3087 3089 3090
3087 3090 3079
3085 3091 3089
3085 3088 3091
3091 3088 3092
3093 3092 3088
3094 3091 3092
3088 3095 3093
3096 3095 3088
3088 3083 3096
3096 3097 3095
3089 3091 3098
3098 3091 3099
3099 3091 3094
3098 3099 3100
3101 3102 3103
3101 3104 3102
3105 3101 3103
3104 3106 3102
3107 3108 3109
3110 3107 3109
3107 3111 3108
3112 3110 3109
3113 3114 3115
3114 3116 3115
3116 3114 3117
3117 3118 3116
3119 3118 3117
3118 3119 3120
3118 3120 3121
3120 3122 3121
3120 3123 3122
3123 3120 3124
3124 3125 3123
3124 3126 3125
3125 3126 3127
3127 3126 3128
3129 3114 3130
3129 3130 3131
3129 3131 3132
3133 3134 3135
3133 3135 3136
3137 3133 3136
3137 3136 3138
3134 3139 3140
3134 3140 3141
3142 3143 3144
3142 3144 3145
3146 3147 3148
3146 3148 3149
3146 3149 3150
3151 3152 3150
3150 3152 3153
3154 3150 3153
3155 3154 3153
3156 3154 3155
3155 3157 3156
3155 3158 3157
3157 3158 3159
3157 3159 3160
3160 3161 3157
3161 3160 3162
3161 3162 3163
3162 3164 3163
3164 3165 3163
3166 3167 3168
3166 3168 3169
3170 3167 3166
3170 3171 3167
3169 3172 3173
3169 3173 3174
3175 3176 3177
3175 3177 3178
3179 3180 3181
3182 3179 3181
3182 3181 3183
3182 3183 3184
3182 3184 3185
3184 3186 3185
3187 3188 3189
3190 3191 3192
3193 3194 3195
3194 3196 3195
3197 3198 3199
3200 3199 3198
3201 3200 3198
3202 3200 3201
3203 3200 3202
3204 3205 3206
3205 3204 3207
3205 3207 3208
3208 3207 3209
3209 3207 3210
3211 3212 3213
3214 3215 3216
3217 3218 3219
3218 3220 3219
3220 3218 3221
3221 3222 3220
3223 3222 3221
3222 3223 3224
3222 3224 3225
3224 3226 3225
3224 3227 3226
3227 3224 3228
3228 3229 3227
3228 3230 3229
3229 3230 3231
3231 3230 3232
3233 3218 3234
3233 3234 3235
3233 3235 3236
3237 3238 3239
3237 3239 3240
3241 3237 3240
3241 3240 3242
3238 3243 3244
3238 3244 3245
3246 3247 3248
3246 3248 3249
3250 3251 3252
3250 3252 3253
3250 3253 3254
3255 3256 3254
3254 3256 3257
3258 3254 3257
3259 3258 3257
3260 3258 3259
3259 3261 3260
3259 3262 3261
3261 3262 3263
3261 3263 3264
3264 3265 3261
3265 3264 3266
3265 3266 3267
3266 3268 3267
3268 3269 3267
3270 3271 3272
3270 3272 3273
3274 3271 3270
3274 3275 3271
3273 3276 3277
3273 3277 3278
3279 3280 3281
3279 3281 3282
3283 3284 3285
3286 3283 3285
3286 3285 3287
3286 3287 3288
3286 3288 3289
3288 3290 3289
3291 3292 3293
3294 3295 3296
3297 3298 3299
3298 3300 3299
3301 3302 3303
3304 3303 3302
3305 3304 3302
3306 3304 3305
3307 3304 3306
3308 3309 3310
3309 3308 3311
3309 3311 3312
3312 3311 3313
3313 3311 3314
3315 3316 3317
3318 3319 3320
3321 3322 3323
3322 3324 3323
3324 3322 3325
3325 3326 3324
3327 3326 3325
3326 3327 3328
3326 3328 3329
3328 3330 3329
3328 3331 3330
3331 3328 3332
3332 3333 3331
3332 3334 3333
3333 3334 3335
3335 3334 3336
3337 3322 3338
3337 3338 3339
3337 3339 3340
3341 3342 3343
3341 3343 3344
3345 3341 3344
3345 3344 3346
3342 3347 3348
3342 3348 3349
3350 3351 3352
3350 3352 3353
3354 3355 3356
3354 3356 3357
3354 3357 3358
3359 3360 3358
3358 3360 3361
3362 3358 3361
3363 3362 3361
3364 3362 3363
3363 3365 3364
3363 3366 3365
3365 3366 3367
3365 3367 3368
3368 3369 3365
3369 3368 3370
3369 3370 3371
3370 3372 3371
3372 3373 3371
3374 3375 3376
3374 3376 3377
3378 3375 3374
3378 3379 3375
3377 3380 3381
3377 3381 3382
3383 3384 3385
3383 3385 3386
3387 3388 3389
3390 3387 3389
3390 3389 3391
3390 3391 3392
3390 3392 3393
3392 3394 3393
3395 3396 3397
3398 3399 3400
3401 3402 3403
3402 3404 3403
3405 3406 3407
3408 3407 3406
3409 3408 3406
3410 3408 3409
3411 3408 3410
3412 3413 3414
3413 3412 3415
3413 3415 3416
3416 3415 3417
3417 3415 3418
3419 3420 3421
3422 3423 3424
3425 3426 3427
3425 3428 3426
3425 3429 3428
3430 3428 3429
3430 3429 3431
3432 3430 3431
3432 3433 3430
3433 3432 3434
3435 3433 3434
3436 3435 3434
3436 3434 3437
3438 3436 3437
3438 3437 3439
3439 3440 3438
3441 3440 3439
3439 3442 3441
3439 3443 3442
3444 3443 3439
3444 3445 3443
3446 3445 3444
3446 3447 3445
3448 3447 3446
3441 3442 3449
3442 3443 3450
3450 3443 3451
3451 3443 3452
3451 3452 3453
3453 3452 3454
3453 3454 3455
3455 3454 3456
3454 3448 3456
3457 3456 3448
3457 3448 3458
3457 3458 3459
3457 3459 3460
3460 3459 3461
3460 3461 3462
3461 3463 3462
3463 3461 3464
3427 3465 3461
3466 3467 3468
3466 3468 3469
3466 3469 3470
3471 3470 3469
3471 3472 3470
3473 3472 3471
3473 3471 3474
3474 3475 3473
3476 3475 3474
3477 3475 3476
3477 3478 3475
3479 3478 3477
3479 3480 3478
3480 3479 3481
3482 3480 3481
3480 3482 3483
3480 3483 3484
3485 3480 3484
3485 3484 3486
3487 3485 3486
3487 3486 3488
3489 3487 3488
3482 3490 3483
3483 3491 3484
3491 3492 3484
3492 3493 3484
3492 3494 3493
3494 3495 3493
3494 3496 3495
3496 3497 3495
3495 3497 3489
3498 3489 3497
3498 3499 3489
3498 3500 3499
3498 3501 3500
3501 3502 3500
3501 3503 3502
3502 3503 3504
3504 3505 3502
3467 3502 3506
3507 3508 3509
3507 3509 3510
3507 3510 3511
3512 3511 3510
3512 3513 3511
3514 3513 3512
3514 3512 3515
3515 3516 3514
3517 3516 3515
3518 3516 3517
3518 3519 3516
3520 3519 3518
3520 3521 3519
3521 3520 3522
3523 3521 3522
3521 3523 3524
3521 3524 3525
3526 3521 3525
3526 3525 3527
3528 3526 3527
3528 3527 3529
3530 3528 3529
3523 3531 3524
3524 3532 3525
3532 3533 3525
3533 3534 3525
3533 3535 3534
3535 3536 3534
3535 3537 3536
3537 3538 3536
3536 3538 3530
3539 3530 3538
3539 3540 3530
3539 3541 3540
3539 3542 3541
3542 3543 3541
3542 3544 3543
3543 3544 3545
3545 3546 3543
3508 3543 3547
3548 3549 3550
3548 3551 3549
3548 3552 3551
3553 3551 3552
3553 3552 3554
3555 3553 3554
3555 3556 3553
3556 3555 3557
3558 3556 3557
3559 3558 3557
3559 3557 3560
3561 3559 3560
3561 3560 3562
3562 3563 3561
3564 3563 3562
3562 3565 3564
3562 3566 3565
3567 3566 3562
3567 3568 3566
3569 3568 3567
3569 3570 3568
3571 3570 3569
3564 3565 3572
3565 3566 3573
3573 3566 3574
3574 3566 3575
3574 3575 3576
3576 3575 3577
3576 3577 3578
3578 3577 3579
3577 3571 3579
3580 3579 3571
3580 3571 3581
3580 3581 3582
3580 3582 3583
3583 3582 3584
3583 3584 3585
3584 3586 3585
3586 3584 3587
3550 3588 3584
3589 3590 3591
3590 3592 3591
3592 3590 3593
3593 3594 3592
3595 3594 3593
3594 3595 3596
3594 3596 3597
3596 3598 3597
3596 3599 3598
3599 3596 3600
3600 3601 3599
3600 3602 3601
3601 3602 3603
3603 3602 3604
3605 3590 3606
3605 3606 3607
3605 3607 3608
3609 3610 3611
3609 3611 3612
3613 3609 3612
3613 3612 3614
3610 3615 3616
3610 3616 3617
3618 3619 3620
3618 3620 3621
3622 3623 3624
3622 3624 3625
3622 3625 3626
3627 3628 3626
3626 3628 3629
3630 3626 3629
3631 3630 3629
3632 3630 3631
3631 3633 3632
3631 3634 3633
3633 3634 3635
3633 3635 3636
3636 3637 3633
3637 3636 3638
3637 3638 3639
3638 3640 3639
3640 3641 3639
3642 3643 3644
3642 3644 3645
3646 3643 3642
3646 3647 3643
3645 3648 3649
3645 3649 3650
3651 3652 3653
3651 3653 3654
3655 3656 3657
3658 3655 3657
3658 3657 3659
3658 3659 3660
3658 3660 3661
3660 3662 3661
3663 3664 3665
3666 3667 3668
3669 3670 3671
3670 3672 3671
3673 3674 3675
3676 3675 3674
3677 3676 3674
3678 3676 3677
3679 3676 3678
3680 3681 3682
3681 3680 3683
3681 3683 3684
3684 3683 3685
3685 3683 3686
3687 3688 3689
3690 3691 3692
3693 3694 3695
3694 3696 3695
3693 3695 3697
3694 3693 3698
3698 3693 3699
3700 3698 3699
3700 3699 3701
3702 3700 3701
3703 3694 3698
3704 3694 3703
3704 3696 3694
3705 3704 3703
3706 3698 3700
3706 3703 3698
3707 3706 3700
3707 3700 3702
3708 3696 3709
3710 3708 3709
3710 3709 3711
3708 3710 3712
3712 3710 3713
3714 3712 3713
3714 3713 3715
3716 3714 3715
3717 3708 3712
3718 3708 3717
3718 3696 3708
3719 3718 3717
3720 3712 3714
3720 3717 3712
3721 3720 3714
3721 3714 3716
3722 3723 3724
3725 3722 3724
3724 3726 3725
3723 3727 3728
3727 3729 3728
3730 3731 3727
3727 3732 3730
3730 3733 3731
3734 3733 3730
3735 3734 3736
3737 3735 3736
3738 3739 3736
3736 3740 3738
3740 3741 3742
3742 3741 3743
3741 3744 3743
3744 3745 3743
3744 3746 3745
3742 3747 3740
3747 3742 3748
3749 3750 3751
3749 3751 3752
3752 3753 3749
3754 3755 3750
3754 3756 3755
3755 3757 3758
3758 3759 3755
3757 3760 3758
3761 3758 3760
3761 3762 3763
3762 3764 3763
3763 3765 3766
3766 3767 3763
3768 3767 3769
3768 3769 3770
3771 3768 3770
3772 3771 3770
3773 3771 3772
3774 3769 3767
3769 3774 3775
3776 3777 3778
3779 3778 3777
3780 3779 3777
3780 3781 3779
3780 3782 3781
3780 3783 3782
3781 3782 3784
3776 3778 3785
3785 3786 3776
3786 3785 3787
3788 3786 3787
3789 3788 3787
3789 3790 3788
3778 3791 3785
3787 3792 3793
3793 3792 3794
3795 3796 3797
3798 3797 3799
3798 3799 3800
3799 3725 3800
3801 3802 3803
3804 3803 3802
3804 3805 3806
3752 3804 3806
3807 3808 3809
3810 3807 3809
3810 3809 3811
3812 3810 3811
3810 3812 3813
3814 3812 3811
3815 3816 3817
3816 3818 3817
3816 3819 3818
3820 3821 3822
3820 3822 3823
3824 3825 3826
3824 3826 3827
3828 3824 3827
3828 3827 3829
3830 3831 3832
3832 3833 3830
3834 3835 3836
3834 3836 3837
3838 3835 3834
3838 3839 3835
3840 3841 3842
3843 3842 3841
3844 3845 3846
3847 3846 3845
3848 3849 3850
3851 3849 3848
3851 3852 3849
3853 3854 3855
3856 3854 3853
3854 3857 3855
3855 3857 3858
3858 3857 3859
3858 3859 3860
3860 3859 3861
3861 3862 3860
3860 3862 3863
3863 3862 3864
3864 3862 3865
3861 3865 3862
3866 3865 3861
3866 3867 3865
3868 3867 3866
3868 3869 3867
3870 3869 3868
3870 3871 3869
3865 3872 3864
3864 3872 3873
3872 3874 3873
3873 3874 3875
3876 3871 3870
3877 3876 3870
3871 3876 3878
3878 3879 3871
3870 3880 3877
3875 3874 3881
3875 3881 3882
3882 3881 3883
3884 3885 3886
3887 3885 3884
3888 3889 3890
3891 3890 3889
3892 3893 3894
3893 3892 3895
3895 3896 3893
3897 3898 3899
3897 3900 3898
3901 3898 3900
3902 3903 3904
3905 3906 3907
3905 3907 3908
3906 3905 3909
3906 3909 3910
3910 3909 3911
3910 3911 3912
3912 3911 3913
3912 3913 3914
3914 3913 3915
3914 3915 3916
3916 3915 3917
3916 3917 3918
3918 3917 3919
3918 3919 3920
3921 3908 3907
3908 3921 3922
3921 3907 3923
3924 3921 3923
3924 3925 3921
3921 3925 3926
3922 3921 3926
3927 3922 3926
3925 3928 3926
3924 3923 3929
3924 3929 3930
3924 3930 3931
3931 3930 3932
3931 3932 3933
3933 3932 3934
3933 3934 3935
3935 3934 3936
3923 3937 3929
3938 3937 3923
3938 3939 3937
3927 3940 3941
3940 3942 3941
3940 3928 3942
3943 3944 3939
3945 3944 3943
3946 3945 3943
3947 3946 3938
3947 3938 3923
3907 3947 3923
3948 3949 3950
3948 3951 3949
3952 3948 3950
3952 3950 3953
3949 3951 3954
3955 3952 3953
3953 3956 3955
3956 3957 3955
3958 3955 3957
3957 3959 3958
3960 3955 3958
3961 3960 3958
3958 3962 3961
3963 3961 3962
3964 3963 3962
3965 3959 3957
3957 3966 3965
3965 3966 3967
3966 3968 3967
3968 3969 3967
3970 3967 3969
3969 3971 3970
3971 3972 3970
3971 3973 3972
3973 3974 3972
3973 3975 3974
3976 3974 3975
3975 3977 3976
3977 3978 3976
3977 3979 3978
3979 3980 3978
3979 3981 3980
3982 3983 3984
3985 3984 3983
3983 3986 3985
3985 3986 3987
3986 3988 3987
3987 3988 3989
3988 3990 3989
3990 3991 3989
3990 3992 3991
3993 3994 3995
3994 3993 3996
3996 3997 3994
3996 3998 3997
3993 3995 3999
4000 3993 3999
4001 4002 4003
4001 4003 4004
4005 4002 4001
4005 4006 4002
4003 4007 4004
4006 4005 4008
4008 4009 4006
4009 4008 4010
4011 4010 4008
4010 4011 4012
4013 4011 4008
4011 4013 4014
4014 4015 4011
4016 4015 4014
4017 4015 4016
4010 4012 4018
4018 4019 4010
4018 4020 4019
4019 4020 4021
4021 4020 4022
4023 4022 4020
4022 4023 4024
4024 4023 4025
4024 4025 4026
4026 4025 4027
4026 4027 4028
4029 4028 4027
4028 4029 4030
4030 4029 4031
4030 4031 4032
4032 4031 4033
4032 4033 4034
4035 4036 4037
4037 4036 4038
4038 4039 4037
4038 4040 4039
4039 4040 4041
4040 4042 4041
4041 4042 4043
4043 4042 4044
4043 4044 4045
4046 4047 4048
4048 4049 4046
4049 4048 4050
4049 4050 4051
4052 4047 4046
4053 4052 4046
4054 4055 4056
4057 4058 4059
4060 4061 4062
4063 4064 4065
4066 4067 4068
4069 4070 4071
4072 4073 4074
4075 4076 4077
4078 4079 4080
4081 4082 4083
4084 4085 4086
4087 4088 4089
4090 4091 4092
4093 4094 4095
4096 4097 4098
4099 4100 4101
