byte offset: 0
first index: 0
index count: 14616
topology: trianglelist
format: DXGI_FORMAT_R16_UINT

0 1 2
1 0 3
4 2 1
2 4 5
6 5 4
5 6 7
8 7 6
7 8 9
10 9 8
9 10 11
12 11 10
11 12 13
14 3 0
14 0 15
14 16 3
12 17 13
17 12 18
18 19 17
19 18 20
20 21 19
21 20 22
22 23 21
23 22 24
24 25 23
25 24 26
26 27 25
27 26 28
29 27 28
29 30 27
29 28 31
32 33 34
33 32 35
36 37 38
37 36 39
40 36 38
36 40 41
42 41 40
43 42 40
43 40 44
40 45 44
45 46 44
47 46 45
47 45 48
49 47 48
50 49 48
50 48 51
42 52 41
48 53 51
53 48 54
54 55 53
55 54 56
56 57 55
57 56 58
59 57 58
60 59 58
61 60 58
61 58 62
61 62 63
64 63 62
64 62 65
64 65 66
66 65 67
67 65 68
69 68 65
68 69 70
71 70 69
70 71 72
73 72 71
72 73 74
75 74 73
75 73 76
76 73 77
77 73 78
77 78 79
78 80 79
81 80 78
82 80 81
82 81 83
83 81 84
81 85 84
85 81 86
87 85 86
85 87 88
83 84 89
90 88 87
91 92 93
91 94 92
95 93 92
95 92 96
97 98 99
98 97 100
99 98 101
102 99 101
101 103 102
100 97 104
105 104 97
106 105 97
100 104 107
106 108 105
109 110 111
110 109 112
113 111 110
111 113 114
113 115 114
115 113 116
117 118 119
118 117 120
120 121 118
121 120 122
122 123 121
123 122 124
124 125 123
125 124 126
127 125 126
125 127 128
129 128 127
128 129 130
131 130 129
130 131 132
133 132 131
132 133 134
135 136 137
136 135 138
139 136 138
136 139 140
139 141 140
141 139 142
142 143 141
143 142 144
144 145 143
135 137 146
135 146 147
147 148 135
148 147 149
149 150 148
150 149 151
151 152 150
152 151 153
153 154 152
154 153 155
156 154 155
154 156 157
158 157 156
157 158 159
160 159 158
159 160 161
162 161 160
161 162 163
163 162 164
163 164 165
166 163 165
163 166 167
166 168 167
168 166 169
170 168 169
168 170 171
172 171 170
171 172 173
173 172 174
165 164 175
176 165 175
165 176 177
178 177 176
177 178 179
180 179 178
179 180 181
180 182 181
183 181 182
184 183 182
185 184 182
186 185 182
186 182 187
187 182 188
188 182 189
189 182 190
182 191 190
191 192 190
192 191 193
193 194 192
194 193 195
195 137 194
137 195 196
191 182 197
137 196 146
182 180 197
198 199 200
201 198 200
198 201 202
203 202 201
202 203 204
205 204 203
204 205 206
205 207 206
207 205 208
208 209 207
209 208 210
210 211 209
211 210 212
212 213 211
213 212 214
214 215 213
215 214 216
217 215 216
218 219 220
219 218 221
222 220 219
220 222 223
224 223 222
223 224 225
226 225 224
225 226 227
228 227 226
227 228 229
230 229 228
229 230 231
232 231 230
231 232 233
234 233 232
233 234 235
236 235 234
235 236 237
238 237 236
237 238 239
238 240 239
240 238 241
241 242 240
242 241 243
243 244 242
244 243 245
245 246 244
246 245 247
247 248 246
248 247 249
249 250 248
250 249 251
251 252 250
252 251 253
253 254 252
254 253 255
255 256 254
256 255 257
257 218 256
218 257 221
258 259 260
259 258 261
262 259 261
259 262 263
264 258 260
258 264 265
266 265 264
265 266 267
267 266 268
262 269 263
269 262 270
271 269 270
269 271 272
271 273 272
273 271 274
274 275 273
275 274 276
276 277 275
278 279 280
279 278 281
282 279 281
282 281 283
283 284 285
283 285 286
287 288 289
290 288 287
287 291 290
291 287 292
292 293 291
288 290 294
294 295 288
296 297 298
296 299 297
300 299 296
299 300 301
302 301 300
301 302 303
304 303 302
303 304 305
306 305 304
305 306 307
308 307 306
307 308 309
308 310 309
299 311 297
296 298 312
313 302 300
300 314 313
314 300 296
296 312 314
302 313 315
315 304 302
304 315 316
316 306 304
306 316 317
317 308 306
308 317 318
308 318 319
314 312 320
321 322 323
322 321 324
324 325 322
325 324 326
326 327 325
327 326 328
328 329 327
329 328 330
331 329 330
329 331 332
333 332 331
332 333 334
335 334 333
334 335 336
337 338 339
339 338 340
340 338 341
340 341 342
342 341 343
344 342 343
344 345 342
345 344 346
344 343 347
346 344 348
338 337 349
349 337 350
350 337 351
352 353 354
353 352 355
354 356 352
356 354 357
358 356 357
356 358 359
360 359 358
359 360 361
360 362 361
362 360 363
364 353 355
353 364 365
366 365 364
365 366 367
366 368 367
368 366 369
369 370 368
370 369 371
372 370 371
370 372 373
374 375 376
375 374 377
378 379 380
378 380 381
382 380 379
383 380 382
384 385 386
385 384 387
388 389 390
388 390 391
391 390 392
392 390 393
392 393 394
394 393 395
394 395 396
396 395 397
396 397 398
397 395 399
397 399 400
400 399 401
400 401 402
402 401 403
402 403 404
404 403 405
404 405 406
406 405 407
406 407 408
409 408 407
409 407 410
411 409 410
411 410 412
413 411 412
413 412 414
415 413 414
415 414 416
417 415 416
417 416 418
419 417 418
420 419 418
419 421 417
420 418 422
423 420 422
423 422 424
425 423 424
388 425 424
388 424 389
426 427 428
427 426 429
430 429 426
429 430 431
432 431 430
431 432 433
434 433 432
433 434 435
436 428 427
436 427 437
438 428 436
438 439 428
434 440 435
440 434 441
441 442 440
442 441 443
443 444 442
444 443 445
445 446 444
446 445 447
448 446 447
448 449 446
450 448 447
450 447 451
452 453 454
453 452 455
456 455 452
455 456 457
458 457 456
457 458 459
460 459 458
459 460 461
453 462 454
462 453 463
460 464 461
464 460 465
465 466 464
466 465 467
467 468 466
468 467 469
469 470 468
470 469 471
472 470 471
470 472 473
474 475 476
474 477 475
474 478 477
474 479 478
476 475 480
475 477 481
477 478 482
478 479 483
476 480 484
480 475 485
475 481 485
481 477 486
477 482 486
482 478 487
478 483 487
483 479 488
474 476 489
474 489 490
476 491 489
476 484 491
489 492 490
491 493 489
489 493 492
492 494 490
490 494 495
490 495 496
474 490 496
474 496 479
496 497 479
497 488 479
495 498 496
496 498 497
499 500 501
502 503 500
503 502 504
505 506 507
506 505 508
509 506 508
506 509 510
511 512 513
512 511 514
515 512 514
512 515 516
517 518 519
518 517 520
521 522 523
522 521 524
523 525 521
525 523 526
527 528 529
528 527 530
531 532 533
532 531 534
535 531 533
531 535 536
537 538 539
538 537 540
538 541 539
541 538 542
540 543 538
540 544 543
538 543 545
538 545 542
546 544 540
546 547 544
548 547 546
548 549 547
550 549 548
550 551 549
552 551 550
542 545 553
542 553 554
554 553 555
554 555 556
556 557 554
557 556 558
556 559 558
559 556 560
556 555 561
556 561 560
560 561 562
560 562 563
563 562 564
563 564 565
565 566 563
566 565 567
565 568 567
568 565 569
569 565 564
569 564 570
571 569 570
571 570 572
573 571 572
573 574 571
574 573 575
573 576 575
576 573 577
577 573 578
573 572 578
577 578 579
580 577 579
580 579 581
582 580 581
582 583 580
583 582 584
582 585 584
585 582 586
582 581 587
586 582 587
586 587 588
589 586 588
589 588 590
591 589 590
591 590 592
593 591 592
593 592 594
595 593 594
596 597 593
593 597 598
597 599 598
597 600 599
600 601 599
602 601 600
601 602 603
604 603 602
603 604 605
606 605 604
605 606 607
608 607 606
607 608 609
608 610 609
610 608 611
611 612 610
612 611 613
613 614 612
614 613 615
615 616 614
616 615 617
617 618 616
619 618 617
619 620 618
619 621 620
622 621 619
622 619 623
624 622 623
625 626 627
626 625 628
629 630 631
630 629 632
633 634 635
634 633 636
637 638 639
638 637 640
641 642 643
642 641 644
645 646 647
646 645 648
649 650 651
650 649 652
653 654 655
654 653 656
657 658 659
658 657 660
661 662 663
662 661 664
665 666 667
666 665 668
666 669 667
669 666 670
671 672 673
672 671 674
675 676 677
676 675 678
679 680 681
680 679 682
683 680 682
680 683 684
685 686 687
686 685 688
686 689 687
689 686 690
691 692 693
692 691 694
695 692 694
692 695 696
697 698 699
697 699 700
701 702 703
702 704 703
704 702 705
705 706 704
706 705 707
707 708 706
708 707 709
709 710 708
710 709 711
701 703 712
713 710 711
710 713 714
715 714 713
714 715 716
717 716 715
716 717 718
719 718 717
718 719 720
721 720 719
721 722 720
723 724 725
724 723 726
727 723 725
728 724 726
724 728 729
730 729 728
731 732 733
732 731 734
734 735 732
735 734 736
736 737 735
737 736 738
738 739 737
739 738 740
740 741 739
741 740 742
742 743 741
743 742 744
732 745 733
745 732 746
735 746 732
746 735 747
737 747 735
747 737 748
739 748 737
748 739 749
741 749 739
749 741 750
743 750 741
750 743 751
752 753 754
752 754 755
752 755 756
752 756 757
754 753 758
758 753 759
760 761 762
761 760 763
764 761 763
761 764 765
766 765 764
765 766 767
768 767 766
767 768 769
770 769 768
769 770 771
770 772 771
772 770 773
774 775 776
775 774 777
778 777 774
777 778 779
780 779 778
779 780 781
782 781 780
781 782 783
782 784 783
784 782 785
775 786 776
786 775 787
787 788 786
788 787 789
789 790 788
790 789 791
791 792 790
792 791 793
794 792 793
792 794 795
796 797 798
797 796 799
799 800 797
800 799 801
801 802 800
802 801 803
803 804 802
804 803 805
805 806 804
807 806 805
807 808 806
550 808 807
809 550 807
810 550 809
811 796 798
796 811 812
813 812 811
812 813 814
815 814 813
814 815 816
817 816 815
816 817 818
818 817 819
820 818 819
820 819 821
820 821 822
823 820 822
823 824 820
825 824 823
826 827 828
827 826 829
828 830 826
831 830 828
830 831 832
831 833 832
833 831 834
834 835 833
836 835 834
835 836 837
838 827 829
827 838 839
838 840 839
840 841 839
841 840 842
843 841 842
841 843 844
843 845 844
845 846 844
846 847 844
847 846 848
849 850 851
849 851 852
853 854 855
854 853 856
857 858 859
858 857 860
861 862 863
863 862 864
862 865 864
865 866 864
866 865 867
867 868 866
868 867 869
869 870 868
870 869 871
872 870 871
870 872 873
872 874 873
874 872 875
875 876 874
876 875 877
877 878 876
878 877 879
879 880 878
880 879 881
882 883 884
882 885 883
886 887 888
888 887 889
890 891 892
891 890 893
894 37 39
895 896 897
896 895 898
899 900 901
900 902 901
902 903 901
903 902 904
905 906 907
906 905 908
907 909 905
909 907 910
910 911 909
911 910 912
912 913 911
913 912 914
914 915 913
915 914 916
916 917 915
917 916 918
918 919 917
919 918 920
920 921 919
921 920 922
921 922 923
923 922 924
923 924 925
926 925 924
925 926 927
925 928 923
927 928 925
927 929 928
928 929 930
928 930 931
930 929 932
926 933 927
933 926 934
935 933 934
935 934 936
937 935 936
938 937 936
937 938 939
940 939 938
939 940 941
942 941 940
941 942 943
944 943 942
943 944 945
946 945 944
945 946 947
948 947 946
947 948 949
950 949 948
949 950 951
906 951 950
951 906 908
952 951 908
908 953 952
953 908 954
908 955 954
955 908 956
956 908 905
955 957 954
958 957 955
954 957 959
954 959 960
953 954 960
961 953 960
962 963 964
962 964 965
962 965 966
965 964 967
965 967 968
969 965 968
968 970 969
968 971 970
970 972 969
973 970 971
973 974 970
973 975 974
976 975 973
977 976 973
978 976 977
976 978 979
979 975 976
975 979 980
979 981 980
980 981 982
982 981 983
983 984 982
983 985 984
986 985 983
986 987 985
985 987 988
989 984 985
985 988 989
984 989 990
991 984 990
989 988 992
992 988 993
992 993 994
995 992 994
996 995 994
996 994 997
998 996 997
998 999 996
999 1000 996
1000 995 996
999 1001 1000
1001 999 1002
1003 1001 1002
1004 1003 1002
1005 1003 1004
1004 1006 1005
1006 1004 1007
1007 1008 1006
1008 1009 1006
1006 1009 1005
1009 1010 1005
1009 1011 1010
1009 1012 1011
1013 1011 1012
1013 1014 1011
1014 1013 1015
1015 1013 1016
1015 1016 1017
1018 1015 1017
1018 1017 1019
1018 1020 1015
1011 1014 1021
1014 1022 1021
1023 1014 1015
1020 1023 1015
1020 1024 1023
1024 1025 1023
1025 1014 1023
1022 1014 1025
1026 1022 1025
1025 1027 1026
1024 1027 1025
1027 1028 1026
1026 1029 1022
1030 1029 1026
1028 1030 1026
1028 1031 1030
1030 1032 1029
1033 1032 1030
1031 1033 1030
1032 1033 1034
1033 1035 1034
1035 1033 1036
1036 1033 1031
1037 1036 1031
1038 1036 1037
1039 1038 1037
1038 1039 1040
1040 1041 1038
1038 1041 1042
1038 1042 1036
1042 1035 1036
1043 1041 1040
1044 1041 1043
1045 1044 1043
1046 1045 1043
1047 1046 1043
1046 1048 1045
1048 1046 1049
1049 1050 1048
1049 1051 1050
1051 1052 1050
1052 1051 1053
1051 1054 1053
1053 1054 1055
1054 1056 1055
1056 1057 1055
1058 1057 1056
1057 1058 1059
1058 1060 1059
1060 1058 1061
1061 1062 1060
1063 1062 1061
1064 1062 1063
1065 1064 1063
1066 1064 1065
1067 1059 1060
1062 1067 1060
1059 1067 1068
1067 1062 1069
1069 1062 1070
1065 1071 1066
1072 1071 1065
1072 1073 1071
1074 1073 1072
1073 1074 1075
1074 1076 1075
1077 1076 1074
1075 1076 1078
1078 1076 1079
1077 1080 1076
1081 1080 1077
1081 1077 1082
1080 1083 1076
1084 1083 1080
1084 1080 1081
1085 1083 1084
1083 1085 1076
1076 1085 1079
1085 1086 1079
1086 1085 1087
1085 1084 1087
1087 1088 1086
1086 1089 1079
1086 1090 1089
1086 1088 1090
1088 1091 1090
1090 1091 1092
1092 1093 1090
1089 1090 1093
1093 1092 1094
1092 1095 1094
1095 1092 1096
1091 1096 1092
1097 1096 1091
1097 1098 1096
1099 1098 1097
1100 1098 1099
1096 1098 1101
1096 1101 1095
1098 1102 1101
1098 1100 1102
1102 1100 969
969 972 1102
1100 1103 969
1104 1103 1100
1104 1100 1099
966 1103 1104
1103 965 969
966 965 1103
972 1105 1102
1101 1102 1105
1106 1105 972
972 1107 1106
1108 1078 1109
1109 1078 1110
1110 1078 1079
1079 1089 1110
1111 1112 1113
1112 1111 1114
1115 1114 1111
1114 1115 1116
1117 1116 1115
1116 1117 1118
1119 1118 1117
1118 1119 1120
1121 1120 1119
1120 1121 1122
1123 1122 1121
1122 1123 1124
1125 1124 1123
1124 1125 1126
1127 1126 1125
1126 1127 1128
1128 1127 1129
1129 1127 1130
1131 1130 1127
1130 1131 1132
1133 1132 1131
1132 1133 1134
1135 1134 1133
1134 1135 1136
1135 1137 1136
1137 1135 1138
1139 1137 1138
1137 1139 1140
1139 1141 1140
1141 1139 1142
1142 1143 1141
1143 1142 1144
1144 1145 1143
1145 1144 1113
1146 1145 1113
1146 1113 1112
1147 1148 1149
1149 1148 1150
1150 1148 1151
1151 1148 1152
1152 1148 1153
1153 1148 1154
1154 1148 1155
1155 1148 1156
1156 1148 1157
1157 1148 1158
1158 1148 1159
1159 1148 1160
1160 1148 1161
1161 1148 1162
1162 1148 1163
1163 1148 1147
1164 1165 1166
1166 1165 1167
1166 1167 1168
1169 1166 1168
1165 1170 1167
1165 1171 1170
1167 1170 1172
1167 1172 1173
1168 1167 1173
1168 1173 1174
1169 1168 1175
1176 1169 1175
1175 1168 1177
1177 1168 1174
1178 1175 1177
1176 1175 1178
1178 1177 1179
1179 1180 1178
1180 1181 1178
1178 1181 1176
1182 1180 1179
1183 1176 1181
1184 1176 1183
1184 1185 1176
1176 1185 1186
1185 1187 1186
1173 1172 1188
1173 1188 1189
1188 1190 1189
1188 1191 1190
1172 1191 1188
1192 1186 1187
1193 1186 1192
1194 1193 1192
1194 1195 1193
1195 1196 1193
1197 1193 1196
1198 1197 1196
1193 1197 1199
1193 1199 1200
1186 1193 1200
1197 1201 1199
1199 1201 1202
1200 1199 1202
1200 1202 1203
1203 1202 1204
1197 1205 1201
1205 1197 1198
1206 1205 1198
1203 1204 1165
1164 1203 1165
1165 1204 1207
1165 1207 1171
1204 1208 1207
1204 1209 1208
1202 1209 1204
1202 1210 1209
1201 1210 1202
1209 1211 1208
1208 1211 1212
1209 1213 1211
1211 1213 1214
1211 1214 1212
1209 1215 1213
1210 1215 1209
1216 1203 1164
1216 1164 1166
1216 1166 1169
1186 1216 1169
1176 1186 1169
1186 1200 1216
1216 1200 1203
1217 1218 1219
1218 1217 1220
1221 1222 1223
1222 1221 1224
1225 1224 1221
1224 1225 1226
1227 1228 1229
1228 1227 1230
1229 1231 1227
1231 1229 1232
1232 1233 1231
1233 1232 1234
1234 1235 1233
1235 1234 1236
1236 1237 1235
1237 1236 1238
1173 1189 1239
1174 1173 1239
1240 1241 1242
1241 1240 1243
1244 1245 1246
1245 1244 1247
1246 1248 1244
1248 1246 1249
1250 1251 1252
1251 1250 1253
1254 1252 1251
1252 1254 1255
1256 1255 1254
1255 1256 1257
1258 1257 1256
1257 1258 1259
1260 1259 1258
1259 1260 1261
1262 1263 1264
1263 1262 1265
1266 1267 1268
1267 1266 1269
1268 1270 1266
1271 1270 1268
1270 1271 1272
1269 1273 1267
1274 1267 1273
1275 1267 1274
1275 1274 1276
1277 1273 1269
1278 1279 1280
1279 1278 1281
1281 1282 1279
1282 1281 1283
1284 1282 1283
1282 1284 1285
1286 1287 1288
1286 1289 1287
1289 1286 1290
1290 1291 1289
1291 1290 1292
1292 1293 1291
1293 1292 1294
1295 1293 1294
1293 1295 1296
1297 1296 1295
1296 1297 1298
1299 1298 1297
1298 1299 1300
1301 1300 1299
1300 1301 1302
1303 1302 1301
1302 1303 1304
1305 1304 1303
1306 1307 1308
1307 1309 1308
1310 1309 1307
1310 1311 1309
1311 1312 1313
1311 1314 1312
1315 1316 1317
1317 1318 1315
1319 1315 1318
1315 1319 1320
1320 1319 1321
1318 1317 1322
1322 1317 1323
1324 1325 1326
1325 1324 1327
1328 1327 1324
1327 1328 1329
1330 1329 1328
1329 1330 1331
1332 1331 1330
1331 1332 1333
1332 1334 1333
1334 1332 1335
1335 1336 1334
1336 1335 1337
1337 1338 1336
1338 1337 1339
1340 1341 1342
1341 1343 1342
1343 1344 1342
1343 1345 1344
1345 1346 1344
1347 1346 1345
1347 1345 1348
1348 1349 1347
1347 1350 1346
1349 1351 1347
1342 1352 1340
1352 1353 1340
1353 1354 1340
1355 1356 1357
1356 1355 1358
1359 1360 1361
1359 1362 1360
1363 1361 1360
1364 1363 1360
1365 1366 1367
1366 1365 1368
1369 1370 1371
1372 1373 1371
1373 1372 1374
1375 1376 1377
1376 1375 1378
1376 1379 1377
1379 1376 1380
1381 1382 1383
1382 1381 1384
1381 1385 1384
1385 1381 1386
1387 1388 1389
1388 1387 1390
1391 1392 1393
1392 1391 1394
1395 1393 1392
1393 1395 1396
1397 1398 1399
1398 1397 1400
1401 1402 1403
1402 1401 1404
1405 1406 1407
1406 1405 1408
1409 1410 1411
1410 1409 1412
1413 1414 1415
1414 1413 1416
1417 1418 1419
1418 1417 1420
1421 1422 1423
1422 1421 1424
1425 1426 1427
1426 1425 1428
1429 1430 1431
1430 1429 1432
1433 1434 1435
1434 1433 1436
1437 1438 1439
1438 1437 1440
1441 1442 1443
1442 1441 1444
1445 1441 1443
1441 1445 1446
1447 1448 1449
1448 1447 1450
1451 1452 1453
1452 1451 1454
1455 1456 1457
1456 1455 1458
1456 1459 1457
1459 1456 1460
1461 1462 1463
1462 1461 1464
1465 1461 1463
1461 1465 1466
1467 1468 1469
1467 1470 1468
1471 1472 1473
1471 1474 1472
1471 1475 1474
1471 1476 1475
1472 1477 1473
1477 1478 1473
1479 1480 1481
1480 1479 1482
1480 1483 1481
1483 1480 1484
1484 1485 1483
1485 1484 1486
1486 1487 1485
1487 1486 1488
1488 1489 1487
1489 1488 1490
1491 1489 1490
1489 1491 1492
1493 1494 1495
1494 1493 1496
1496 1497 1494
1497 1496 1498
1498 1499 1497
1499 1498 1500
1500 1501 1499
1501 1500 1502
1503 1501 1502
1501 1503 1504
1505 1493 1495
1493 1505 1506
1507 1506 1505
1506 1507 1508
1509 1508 1507
1508 1509 1510
1511 1510 1509
1510 1511 1512
1511 1513 1512
1513 1511 1514
1515 1516 1517
1516 1515 1518
1517 1516 1519
1519 1520 1517
1520 1519 1521
1522 1520 1521
1520 1522 1523
1523 1522 1524
1524 1525 1523
1525 1524 1526
1515 1527 1518
1527 1515 1528
1527 1528 1529
1530 1529 1528
1529 1530 1531
1530 1532 1531
1532 1530 1533
1532 1533 1534
1534 1533 1535
1536 1535 1533
1535 1536 1537
1538 1539 1540
1538 1541 1539
1542 1543 1544
1543 1542 1545
1546 1547 1548
1547 1546 1549
1550 596 593
1551 1552 1553
1552 1554 1553
1553 1554 1555
1556 1555 1554
1555 1556 1557
1558 1557 1556
1557 1558 1559
1560 1559 1558
1559 1560 1561
1560 1562 1561
1562 1560 1563
1564 1562 1563
1562 1564 1565
1566 1565 1564
1565 1566 1567
1568 1567 1566
1567 1568 1569
1570 1569 1568
1569 1570 1571
1572 1573 1574
1572 1574 1575
1576 1577 1578
1577 1579 1578
1580 1581 1582
1581 1580 1583
1584 1585 1586
1585 1584 1587
1588 1589 1590
1590 1589 1591
1592 1591 1589
1591 1592 1593
927 1594 929
927 933 1594
933 935 1594
1594 1595 929
1594 1596 1595
1595 932 929
1597 1598 1599
1040 1597 1599
1598 1043 1599
1599 1043 1040
1047 1043 1598
1600 1047 1598
1597 1600 1598
1600 1601 1047
1040 1039 1597
1602 1021 1603
1021 1602 1604
1021 1022 1603
1029 1603 1022
1605 1606 1044
1606 1607 1044
1607 1041 1044
1041 1607 1042
1608 1609 1610
1609 1608 1611
1611 1612 1609
1612 1611 1613
1613 1614 1612
1614 1613 1615
1615 1616 1614
1616 1615 1617
1617 1618 1616
1618 1617 1619
1619 1620 1618
1620 1619 1621
1621 1622 1620
1622 1621 1623
1623 1624 1622
1624 1623 1625
1625 1626 1624
1626 1627 1624
1627 1628 1624
1628 1627 1629
1629 1630 1628
1630 1629 1631
1631 1632 1630
1632 1631 1633
1634 1632 1633
1632 1634 1635
1634 1636 1635
1636 1634 1637
1638 1636 1637
1636 1638 1639
1640 1639 1638
1639 1640 1641
1642 1641 1640
1641 1642 1610
1643 1610 1642
1643 1608 1610
1644 1645 1646
1645 1647 1646
1647 1648 1646
1648 1649 1646
1649 1650 1646
1650 1651 1646
1651 1652 1646
1652 1653 1646
1653 1654 1646
1654 1655 1646
1655 1656 1646
1656 1657 1646
1657 1658 1646
1658 1659 1646
1659 1660 1646
1660 1644 1646
1059 1661 1057
1661 1059 1068
1661 1055 1057
1055 1661 1662
1662 1663 1055
995 1000 1664
1665 1664 1000
1666 1667 1668
1667 1669 1668
1667 1670 1669
1671 1670 1667
1668 1669 1672
1668 1672 1673
1669 1674 1672
1669 1675 1674
1670 1675 1669
1670 1676 1675
1671 1677 1670
1678 1677 1671
1677 1679 1670
1679 1676 1670
1680 1679 1677
1678 1680 1677
1680 1681 1679
1681 1680 1682
1682 1680 1683
1680 1678 1683
1684 1681 1682
1685 1683 1678
1686 1685 1678
1686 1678 1687
1678 1688 1687
1687 1688 1689
1675 1690 1674
1674 1690 1691
1690 1692 1691
1690 1693 1692
1675 1693 1690
1675 1694 1693
1676 1694 1675
1695 1689 1688
1696 1695 1688
1697 1695 1696
1697 1696 1698
1698 1696 1699
1700 1699 1696
1701 1699 1700
1696 1702 1700
1696 1703 1702
1700 1702 1704
1702 1705 1704
1703 1705 1702
1703 1706 1705
1706 1707 1705
1700 1704 1708
1708 1701 1700
1709 1701 1708
1706 1668 1707
1666 1668 1706
1668 1710 1707
1668 1673 1710
1707 1710 1711
1707 1711 1712
1705 1707 1712
1705 1712 1713
1704 1705 1713
1712 1711 1714
1711 1715 1714
1712 1714 1716
1714 1717 1716
1714 1715 1717
1712 1716 1718
1713 1712 1718
1719 1666 1706
1719 1667 1666
1719 1671 1667
1688 1671 1719
1678 1671 1688
1688 1719 1703
1719 1706 1703
1688 1703 1696
1720 1721 1722
1721 1720 1723
1724 1725 1726
1725 1724 1727
1726 1728 1724
1728 1726 1729
1730 1731 1732
1731 1730 1733
1734 1732 1731
1732 1734 1735
1736 1735 1734
1735 1736 1737
1738 1737 1736
1737 1738 1739
1740 1739 1738
1739 1740 1741
1742 1743 1744
1743 1742 1745
1746 1747 1748
1747 1746 1749
1750 1749 1746
1749 1750 1751
1752 1753 1754
1753 1752 1755
1754 1756 1752
1756 1754 1757
1757 1758 1756
1758 1757 1759
1759 1760 1758
1760 1759 1761
1761 1762 1760
1762 1761 1763
1764 1765 1766
1764 1767 1765
1767 1764 1768
1768 1769 1767
1769 1768 1770
1764 1766 1771
1772 1766 1765
1773 1766 1772
1774 1773 1772
1773 1774 1775
1774 1776 1775
1776 1774 1777
1777 1778 1776
1778 1777 1779
1780 1769 1770
1769 1780 1781
1782 1781 1780
1781 1782 1783
1782 1784 1783
1782 1785 1784
1786 1783 1784
1787 1786 1784
1787 1788 1786
1788 1787 1789
1790 1788 1789
1788 1790 1791
1792 1791 1790
1791 1792 1793
1794 1778 1779
1778 1794 1795
1796 1795 1794
1795 1796 1797
1796 1798 1797
1798 1796 1799
1798 1799 1800
1799 1801 1800
1802 1800 1801
1803 1802 1801
1802 1803 1804
1805 1804 1803
1804 1805 1806
1802 1807 1800
1805 1808 1806
1808 1805 1809
1809 1810 1808
1810 1809 1811
1810 1811 1812
1810 1812 1813
1814 1812 1811
1815 1812 1814
1816 1815 1814
1815 1816 1817
1816 1818 1817
1818 1816 1819
1819 1792 1818
1792 1819 1793
1820 1821 1822
1821 1820 1823
1823 1820 1824
1820 1825 1824
1825 1820 1826
1825 1827 1824
1828 1824 1827
1827 1825 1829
1830 1831 1832
1831 1830 1833
1834 1833 1830
1833 1834 1835
1831 1836 1832
1836 1831 1837
1838 1839 1840
1839 1838 1841
1838 1842 1841
1842 1838 1843
1844 1845 1846
1845 1844 1847
1848 1849 1850
1849 1848 1851
1852 1853 1854
1854 1853 1855
1855 1853 1856
1857 1858 1859
1857 1859 1860
1861 1859 1858
1862 1863 1859
1862 1859 1864
1865 1859 1863
1866 1867 1859
1866 1859 1868
1869 1859 1867
1870 1871 1859
1870 1859 1872
1873 1859 1871
1874 1875 1859
1874 1859 1876
1877 1859 1875
1878 1879 1859
1878 1859 1880
1881 1859 1879
1882 1883 1884
1883 1882 1885
1885 1886 1883
1886 1885 1887
1888 1886 1887
1886 1888 1889
1890 1891 1892
1891 1890 1893
1894 1895 1896
1895 1894 1897
1897 1894 1898
1894 1899 1898
1899 1894 1900
1899 1901 1898
1902 1898 1901
1901 1899 1903
1904 1905 1906
1905 1904 1907
1908 1907 1904
1907 1908 1909
1905 1910 1906
1910 1905 1911
1912 1913 1914
1913 1912 1915
1912 1916 1915
1916 1912 1917
1918 1919 1920
1919 1918 1921
1922 1923 1924
1923 1922 1925
1926 1927 1928
1928 1927 1929
1929 1927 1930
1931 1932 1933
1932 1931 1934
1934 1935 1932
1935 1934 1936
1937 1935 1936
1935 1937 1938
1939 1940 1941
1940 1939 1942
1943 1944 1945
1944 1943 1946
1946 1943 1947
1943 1948 1947
1948 1943 1949
1948 1950 1947
1951 1947 1950
1950 1948 1952
1953 1954 1955
1954 1953 1956
1957 1956 1953
1956 1957 1958
1954 1959 1955
1959 1954 1960
1961 1962 1963
1962 1961 1964
1961 1965 1964
1965 1961 1966
1967 1968 1969
1968 1967 1970
1971 1972 1973
1972 1971 1974
1975 1976 1977
1977 1976 1978
1978 1976 1979
1980 1981 1982
1981 1980 1983
1983 1984 1981
1984 1983 1985
1986 1984 1985
1984 1986 1987
1988 1989 1990
1989 1988 1991
1992 1993 1994
1993 1992 1995
1995 1992 1996
1992 1997 1996
1997 1992 1998
1997 1999 1996
2000 1996 1999
1999 1997 2001
2002 2003 2004
2003 2002 2005
2006 2005 2002
2005 2006 2007
2003 2008 2004
2008 2003 2009
2010 2011 2012
2011 2010 2013
2010 2014 2013
2014 2010 2015
2016 2017 2018
2017 2016 2019
2020 2021 2022
2021 2020 2023
2024 2025 2026
2026 2025 2027
2027 2025 2028
2029 2030 2031
2030 2029 2032
2032 2033 2030
2033 2032 2034
2035 2033 2034
2033 2035 2036
2037 2038 2039
2038 2037 2040
2041 2042 2043
2042 2041 2044
2044 2041 2045
2041 2046 2045
2046 2041 2047
2046 2048 2045
2049 2045 2048
2048 2046 2050
2051 2052 2053
2052 2051 2054
2055 2054 2051
2054 2055 2056
2052 2057 2053
2057 2052 2058
2059 2060 2061
2060 2059 2062
2059 2063 2062
2063 2059 2064
2065 2066 2067
2066 2065 2068
2069 2070 2071
2070 2069 2072
2073 2074 2075
2075 2074 2076
2076 2074 2077
2078 2079 2080
2079 2078 2081
2081 2082 2079
2082 2081 2083
2084 2082 2083
2082 2084 2085
2086 2087 2088
2087 2086 2089
2090 2091 2092
2091 2090 2093
2093 2090 2094
2090 2095 2094
2095 2090 2096
2095 2097 2094
2098 2094 2097
2097 2095 2099
2100 2101 2102
2101 2100 2103
2104 2103 2100
2103 2104 2105
2101 2106 2102
2106 2101 2107
2108 2109 2110
2109 2108 2111
2108 2112 2111
2112 2108 2113
2114 2115 2116
2115 2114 2117
2118 2119 2120
2119 2118 2121
2122 2123 2124
2124 2123 2125
2125 2123 2126
2127 2128 2129
2128 2127 2130
2130 2131 2128
2131 2130 2132
2133 2131 2132
2131 2133 2134
2135 2136 2137
2136 2135 2138
2139 2140 2141
2140 2139 2142
2143 2142 2139
2142 2143 2144
2145 2144 2143
2144 2145 2146
2147 2146 2145
2146 2147 2148
2149 2148 2147
2148 2149 2150
2151 2150 2149
2150 2151 2152
2140 2153 2141
2153 2140 2154
2154 2155 2153
2155 2154 2156
2156 2157 2155
2157 2156 2158
2158 2159 2157
2159 2158 2160
2160 2161 2159
2161 2160 2162
2162 2163 2161
2163 2162 2164
2151 2165 2152
2165 2151 2166
2166 2167 2165
2167 2166 2168
2168 2169 2167
2169 2168 2170
2170 2171 2169
2171 2170 2172
2172 2173 2171
2173 2172 2174
2174 2175 2173
2175 2174 2176
2177 2175 2176
2175 2177 2178
2179 2178 2177
2178 2179 2180
2181 2180 2179
2180 2181 2182
2183 2182 2181
2182 2183 2184
2185 2184 2183
2184 2185 2186
2163 2186 2185
2186 2163 2164
2187 2188 2189
2188 2187 2190
2190 2191 2188
2191 2190 2192
2192 2193 2191
2193 2192 2194
2194 2195 2193
2195 2194 2196
2196 2197 2195
2197 2196 2198
2198 2199 2197
2199 2198 2200
2201 2187 2189
2187 2201 2202
2203 2202 2201
2202 2203 2204
2205 2204 2203
2204 2205 2206
2207 2206 2205
2206 2207 2208
2209 2208 2207
2208 2209 2210
2211 2210 2209
2210 2211 2212
2213 2199 2200
2199 2213 2214
2215 2214 2213
2214 2215 2216
2217 2216 2215
2216 2217 2218
2219 2218 2217
2218 2219 2220
2221 2220 2219
2220 2221 2222
2223 2222 2221
2222 2223 2224
2223 2225 2224
2225 2223 2226
2226 2227 2225
2227 2226 2228
2228 2229 2227
2229 2228 2230
2230 2231 2229
2231 2230 2232
2232 2233 2231
2233 2232 2234
2234 2211 2233
2211 2234 2212
2235 2236 2237
2236 2235 2238
2235 2237 2239
2240 2239 2237
2239 2240 2241
2240 2242 2241
2242 2240 2243
2242 2243 2244
2245 2244 2243
2244 2245 2246
2245 2247 2246
2247 2245 2248
2249 2247 2248
2250 2249 2248
2249 2250 2251
2250 2252 2251
2252 2250 2253
2254 2252 2253
2255 2254 2253
2254 2255 2256
2255 2257 2256
2257 2255 2258
2257 2258 2259
2260 2259 2258
2259 2260 2261
2260 2262 2261
2262 2260 2263
2262 2263 2264
2265 2264 2263
2264 2265 2266
2265 2267 2266
2267 2265 2268
2269 2267 2268
2270 2269 2268
2269 2270 2271
2270 2272 2271
2272 2270 2273
2274 2272 2273
2236 2274 2273
2274 2236 2238
2275 2276 2277
2276 2275 2278
2277 2279 2275
2279 2277 2280
2280 2281 2279
2281 2280 2282
2282 2283 2281
2283 2282 2284
2285 2283 2284
2283 2285 2286
2287 2286 2285
2286 2287 2288
2289 2288 2287
2288 2289 2290
2291 2290 2289
2290 2291 2292
2291 2293 2292
2293 2291 2294
2294 2295 2293
2295 2294 2296
2296 2297 2295
2297 2296 2298
2298 2299 2297
2299 2298 2300
2301 2299 2300
2299 2301 2302
2303 2302 2301
2302 2303 2304
2305 2304 2303
2304 2305 2306
2276 2306 2305
2306 2276 2278
2307 2308 2309
2308 2307 2310
2309 2311 2307
2311 2309 2312
2312 2313 2311
2313 2312 2314
2314 2315 2313
2315 2314 2316
2317 2315 2316
2315 2317 2318
2319 2318 2317
2318 2319 2320
2321 2320 2319
2320 2321 2322
2323 2322 2321
2322 2323 2324
2323 2325 2324
2325 2323 2326
2326 2327 2325
2327 2326 2328
2328 2329 2327
2329 2328 2330
2330 2331 2329
2331 2330 2332
2333 2331 2332
2331 2333 2334
2335 2334 2333
2334 2335 2336
2337 2336 2335
2336 2337 2338
2308 2338 2337
2338 2308 2310
2339 2340 2341
2339 2341 2342
2339 2342 2343
2344 2339 2343
2339 2345 2340
2339 2346 2345
2339 2347 2346
2348 2347 2339
2344 2349 2339
2339 2349 2350
2339 2350 2351
2339 2351 2352
2339 2352 2353
2339 2353 2354
2339 2354 2355
2348 2339 2355
2356 2357 2358
2357 2356 2359
2358 2360 2356
2358 2361 2360
2361 2362 2360
2361 2363 2362
2362 2363 2364
2365 2364 2363
2364 2365 2366
2367 2366 2365
2366 2367 2368
2369 2357 2359
2357 2369 2370
2370 2369 2371
2370 2371 2372
2372 2371 2373
2372 2373 2374
2373 2375 2374
2375 2376 2374
2376 2375 2377
2377 2378 2376
2378 2377 2379
2367 2380 2368
2380 2367 2381
2381 2382 2380
2382 2381 2383
2384 2382 2383
2385 2384 2383
2385 2386 2384
2387 2386 2385
2387 2388 2386
2389 2388 2387
2388 2389 2390
2389 2391 2390
2391 2389 2392
2393 2378 2379
2378 2393 2394
2395 2394 2393
2394 2395 2396
2397 2396 2395
2398 2396 2397
2392 2398 2399
2398 2397 2399
2392 2399 2391
2400 2401 2402
2401 2400 2403
2404 2403 2400
2403 2404 2405
2406 2405 2404
2405 2406 2407
2408 2407 2406
2407 2408 2409
2410 2409 2408
2409 2410 2411
2412 2411 2410
2411 2412 2413
2414 2413 2412
2413 2414 2415
2416 2415 2414
2415 2416 2417
2418 2417 2416
2417 2418 2419
2402 2419 2418
2419 2402 2401
2409 2420 2407
2421 2407 2420
2407 2421 2405
2422 2405 2421
2405 2422 2403
2403 2423 2401
2423 2403 2422
2415 2424 2413
2425 2413 2424
2413 2425 2411
2426 2411 2425
2420 2409 2426
2411 2426 2409
2401 2427 2419
2427 2401 2423
2428 2419 2427
2419 2428 2417
2429 2417 2428
2424 2415 2429
2417 2429 2415
2430 2423 2422
2430 2426 2425
2430 2425 2424
2430 2424 2429
2430 2429 2428
2430 2428 2427
2430 2427 2423
2430 2422 2421
2430 2421 2420
2430 2420 2426
2431 2432 2433
2432 2431 2434
2435 2434 2431
2434 2435 2436
2435 2437 2436
2437 2435 2438
2438 2439 2437
2439 2438 2440
2441 2442 2443
2442 2441 2444
2444 2445 2442
2445 2444 2446
2443 2447 2441
2447 2443 2448
2448 2449 2447
2448 2450 2449
2448 2451 2450
2450 2451 2452
2447 2449 2453
2453 2449 2454
2454 2455 2453
2455 2454 2456
2457 2445 2446
2445 2457 2458
2459 2458 2457
2458 2459 2460
2461 2460 2459
2460 2461 2462
2463 2455 2456
2455 2463 2464
2464 2463 2465
2461 2464 2465
2462 2461 2465
2462 2465 2466
2462 2466 2467
2466 2468 2467
2469 2470 2471
2470 2469 2472
2473 2472 2469
2472 2473 2474
2473 2475 2474
2475 2473 2476
2477 2475 2476
2475 2477 2478
2479 2480 2481
2480 2479 2482
2483 2484 2485
2484 2483 2486
2487 2488 2489
2488 2487 2490
2491 2492 2493
2492 2491 2494
2495 2496 2497
2496 2495 2498
2499 2500 2501
2500 2499 2502
2503 2504 2505
2504 2503 2506
2507 2508 2509
2508 2507 2510
2511 2512 2513
2512 2511 2514
2515 2511 2513
2516 2511 2515
2517 2511 2516
2518 2512 2514
2512 2518 2519
2520 2519 2518
2521 2520 2518
2522 2521 2518
2523 2524 2525
2524 2523 2526
2525 2527 2523
2527 2525 2528
2529 2527 2528
2527 2529 2530
2529 2531 2530
2531 2529 2532
2533 2534 2535
2535 2534 2536
2536 2534 2537
2538 2539 2540
2539 2538 2541
2542 2538 2540
2538 2542 2543
2544 2543 2542
2543 2544 2545
2546 2547 2548
2547 2546 2549
2550 2551 2552
2551 2550 2553
2554 2555 2556
2555 2554 2557
2558 2559 2560
2559 2558 2561
2562 2563 2564
2563 2562 2565
2566 2567 2568
2567 2566 2569
2570 2571 2572
2571 2570 2573
2574 2575 2576
2575 2574 2577
2578 2579 2580
2579 2578 2581
2582 2583 2584
2583 2582 2585
2586 2587 2588
2587 2586 2589
2590 2591 2592
2591 2590 2593
2594 2595 2596
2595 2594 2597
2598 2599 2600
2599 2598 2601
2602 2603 2604
2602 2604 2605
2602 2605 2606
2607 2608 2609
2608 2607 2610
2610 2611 2608
2611 2610 2612
2613 2611 2612
2611 2613 2614
2615 2614 2613
2614 2615 2616
2617 2618 2619
2618 2617 2620
2621 2620 2617
2620 2621 2622
2623 2619 2618
2619 2623 2624
2624 2623 2625
2624 2625 2626
2624 2626 2627
2626 2628 2627
2623 2629 2625
2629 2630 2625
2631 2630 2629
2630 2631 2632
2621 2633 2622
2633 2621 2634
2634 2635 2633
2635 2634 2636
2636 2637 2635
2637 2636 2638
2631 2639 2632
2639 2631 2640
2640 2641 2639
2637 2641 2640
2638 2641 2637
2638 2642 2641
2638 2643 2642
2642 2643 2644
2645 2646 2647
2646 2645 2648
2647 2649 2645
2649 2647 2650
2651 2649 2650
2649 2651 2652
2651 2653 2652
2653 2651 2654
2655 2656 2657
2656 2655 2658
2659 2660 2661
2660 2659 2662
2663 2664 2665
2664 2663 2666
2667 2668 2669
2668 2667 2670
2671 2672 2673
2672 2671 2674
2675 2676 2677
2676 2675 2678
2679 2680 2681
2680 2679 2682
2683 2684 2685
2684 2683 2686
2687 2688 2689
2688 2687 2690
2691 2689 2688
2692 2691 2688
2693 2692 2688
2687 2694 2690
2694 2687 2695
2696 2694 2695
2697 2694 2696
2698 2694 2697
2699 2700 2701
2700 2699 2702
2703 2702 2699
2702 2703 2704
2703 2705 2704
2705 2703 2706
2707 2705 2706
2705 2707 2708
2709 2710 2711
2710 2712 2711
2712 2713 2711
2714 2715 2716
2715 2714 2717
2715 2718 2716
2718 2715 2719
2719 2720 2718
2720 2719 2721
2722 2723 2724
2723 2722 2725
2726 2727 2728
2727 2726 2729
2730 2731 2732
2731 2730 2733
2734 2735 2736
2735 2734 2737
2738 2739 2740
2739 2738 2741
2742 2743 2744
2743 2742 2745
2746 2747 2748
2747 2746 2749
2750 2751 2752
2751 2750 2753
2754 2755 2756
2755 2754 2757
2758 2759 2760
2759 2758 2761
2762 2763 2764
2763 2762 2765
2766 2767 2768
2767 2766 2769
2770 2771 2772
2771 2770 2773
2774 2775 2776
2775 2774 2777
2778 2779 2780
2778 2781 2779
2778 2782 2781
2783 2784 2785
2784 2783 2786
2786 2787 2784
2787 2786 2788
2788 2789 2787
2789 2788 2790
2790 2791 2789
2791 2790 2792
2792 2793 2791
2793 2792 2794
2794 2795 2793
2795 2794 2796
2796 2797 2795
2797 2796 2798
2798 2799 2797
2799 2798 2800
2800 2801 2799
2801 2800 2802
2802 2785 2801
2785 2802 2783
2803 2792 2790
2790 2804 2803
2792 2803 2805
2805 2794 2792
2794 2805 2806
2806 2796 2794
2796 2806 2807
2807 2798 2796
2798 2807 2808
2808 2800 2798
2800 2808 2809
2809 2802 2800
2802 2809 2810
2810 2783 2802
2783 2810 2811
2811 2786 2783
2786 2811 2812
2812 2788 2786
2788 2812 2804
2804 2790 2788
2813 2812 2811
2813 2804 2812
2813 2803 2804
2813 2805 2803
2813 2806 2805
2813 2807 2806
2813 2808 2807
2813 2809 2808
2813 2810 2809
2813 2811 2810
2814 2815 2816
2815 2814 2817
2817 2818 2815
2818 2817 2819
2820 2818 2819
2818 2820 2821
2822 2821 2820
2821 2822 2823
2824 2825 2826
2825 2824 2827
2828 2827 2824
2827 2828 2829
2830 2826 2825
2826 2830 2831
2831 2830 2832
2831 2832 2833
2831 2833 2834
2833 2835 2834
2830 2836 2832
2836 2837 2832
2838 2837 2836
2837 2838 2839
2828 2840 2829
2840 2828 2841
2841 2842 2840
2842 2841 2843
2843 2844 2842
2844 2843 2845
2838 2846 2839
2846 2838 2847
2847 2848 2846
2844 2848 2847
2845 2848 2844
2845 2849 2848
2845 2850 2849
2849 2850 2851
2852 2853 2854
2853 2852 2855
2854 2856 2852
2856 2854 2857
2858 2856 2857
2856 2858 2859
2858 2860 2859
2860 2858 2861
2862 2863 2864
2863 2862 2865
2866 2867 2868
2867 2866 2869
2870 2871 2872
2871 2870 2873
2874 2875 2876
2875 2874 2877
2878 2879 2880
2879 2878 2881
2882 2883 2884
2883 2882 2885
2886 2887 2888
2887 2886 2889
2890 2891 2892
2891 2890 2893
2894 2895 2896
2895 2894 2897
2898 2896 2895
2899 2898 2895
2900 2899 2895
2894 2901 2897
2901 2894 2902
2903 2901 2902
2904 2901 2903
2905 2901 2904
2906 2907 2908
2907 2906 2909
2910 2909 2906
2909 2910 2911
2910 2912 2911
2912 2910 2913
2914 2912 2913
2912 2914 2915
2916 2917 2918
2917 2919 2918
2919 2920 2918
2921 2922 2923
2922 2921 2924
2922 2925 2923
2925 2922 2926
2926 2927 2925
2927 2926 2928
2929 2930 2931
2930 2929 2932
2933 2934 2935
2934 2933 2936
2937 2938 2939
2938 2937 2940
2941 2942 2943
2942 2941 2944
2945 2946 2947
2946 2945 2948
2949 2950 2951
2950 2949 2952
2953 2954 2955
2954 2953 2956
2957 2958 2959
2958 2957 2960
2961 2962 2963
2962 2961 2964
2965 2966 2967
2966 2965 2968
2969 2970 2971
2970 2969 2972
2973 2974 2975
2974 2973 2976
2977 2978 2979
2978 2977 2980
2981 2982 2983
2982 2981 2984
2985 2986 2987
2985 2988 2986
2985 2989 2988
2990 2991 2992
2991 2990 2993
2994 2991 2993
2995 2994 2993
2994 2995 2996
2991 2994 2997
2998 2990 2992
2990 2998 2999
2998 3000 2999
3000 3001 2999
3001 3000 3002
3000 2998 3003
3004 3005 3006
3005 3004 3007
3005 3008 3006
3008 3005 3009
3004 3010 3007
3010 3004 3011
3012 3010 3011
3010 3012 3013
3014 3015 3016
3015 3014 3017
3018 3015 3017
3015 3018 3019
3020 3021 3022
3021 3020 3023
3024 3025 3026
3025 3024 3027
3028 3025 3027
3025 3028 3029
3030 3031 3032
3033 3034 3035
3034 3033 3036
3037 3034 3036
3034 3037 3038
3039 3040 3041
3040 3039 3042
3040 3043 3041
3043 3044 3041
3044 3043 3045
3043 3040 3046
3039 3047 3042
3047 3039 3048
3049 3047 3048
3050 3049 3048
3049 3050 3051
3047 3049 3052
3053 3054 3055
3054 3053 3056
3054 3057 3055
3057 3054 3058
3059 3060 3061
3060 3059 3062
3060 3063 3061
3063 3060 3064
3065 3066 3067
3068 3069 3070
3069 3068 3071
3068 3072 3071
3072 3068 3073
3074 3075 3076
3075 3074 3077
3076 3078 3074
3078 3079 3074
3079 3080 3074
3079 3081 3080
3082 3081 3079
3083 3081 3082
3084 3081 3083
3081 3084 3085
3086 3087 3088
3087 3086 3089
3090 3087 3089
3087 3090 3091
3092 3093 3094
3093 3092 3095
3096 3097 3098
3096 3099 3097
3099 3100 3097
3101 3102 3103
3102 3101 3104
3105 3106 3107
3105 3108 3106
3108 3109 3106
3110 3111 3112
3111 3110 3113
3111 3114 3112
3114 3111 3115
3116 3117 3118
3117 3116 3119
3119 3116 3120
3116 3121 3120
3116 3122 3121
3123 3121 3122
3123 3124 3121
3125 3124 3123
3123 3126 3125
3126 3123 3127
3128 3129 3130
3129 3128 3131
3132 3133 3134
3133 3132 3135
3136 3132 3134
3132 3136 3137
3138 3139 3140
3139 3138 3141
3139 3142 3140
3142 3139 3143
3144 3145 3146
3145 3144 3147
3148 3149 3150
3149 3148 3151
3152 3151 3148
3151 3152 3153
3152 3154 3153
3154 3152 3155
3155 3156 3154
3156 3155 3157
3158 3159 3160
3159 3158 3161
3161 3162 3159
3162 3161 3163
3160 3164 3158
3164 3160 3165
3165 3166 3164
3165 3167 3166
3165 3168 3167
3167 3168 3169
3164 3166 3170
3170 3166 3171
3171 3172 3170
3172 3171 3173
3174 3162 3163
3162 3174 3175
3176 3175 3174
3175 3176 3177
3178 3177 3176
3177 3178 3179
3180 3172 3173
3172 3180 3181
3181 3180 3182
3178 3181 3182
3179 3178 3182
3179 3182 3183
3179 3183 3184
3183 3185 3184
3186 3187 3188
3187 3186 3189
3190 3189 3186
3189 3190 3191
3190 3192 3191
3192 3190 3193
3194 3192 3193
3192 3194 3195
3196 3197 3198
3197 3196 3199
3200 3201 3202
3201 3200 3203
3204 3205 3206
3205 3204 3207
3208 3209 3210
3209 3208 3211
3212 3213 3214
3213 3212 3215
3216 3217 3218
3217 3216 3219
3220 3221 3222
3221 3220 3223
3224 3225 3226
3225 3224 3227
3228 3229 3230
3229 3228 3231
3232 3228 3230
3233 3228 3232
3234 3228 3233
3235 3229 3231
3229 3235 3236
3237 3236 3235
3238 3237 3235
3239 3238 3235
3240 3241 3242
3241 3240 3243
3242 3244 3240
3244 3242 3245
3246 3244 3245
3244 3246 3247
3246 3248 3247
3248 3246 3249
3250 3251 3252
3252 3251 3253
3253 3251 3254
3255 3256 3257
3256 3255 3258
3259 3255 3257
3255 3259 3260
3261 3260 3259
3260 3261 3262
3263 3264 3265
3264 3263 3266
3267 3268 3269
3268 3267 3270
3271 3272 3273
3272 3271 3274
3275 3276 3277
3276 3275 3278
3279 3280 3281
3280 3279 3282
3283 3284 3285
3284 3283 3286
3287 3288 3289
3288 3287 3290
3291 3292 3293
3292 3291 3294
3295 3296 3297
3296 3295 3298
3299 3300 3301
3300 3299 3302
3303 3304 3305
3304 3303 3306
3307 3308 3309
3308 3307 3310
3311 3312 3313
3312 3311 3314
3315 3316 3317
3316 3315 3318
3319 3320 3321
3319 3321 3322
3319 3322 3323
3324 3325 3326
3325 3324 3327
3324 3328 3327
3328 3324 3329
3330 3331 3332
3331 3330 3333
3334 3335 3336
3337 3338 3339
3340 3341 3342
3341 3340 3343
3344 3345 3346
3344 3346 3347
3347 3346 3348
3349 3350 3351
3350 3349 3352
3353 3354 3355
3353 3355 3356
3356 3355 3357
3358 3359 3360
3359 3358 3361
3362 3363 3364
3363 3362 3365
3366 3367 3368
3369 3367 3366
3370 3367 3369
3371 3370 3369
3370 3372 3367
3373 3367 3372
3368 3367 3373
3368 3373 3374
3375 3370 3371
3376 3375 3371
3375 3377 3370
3377 3372 3370
3377 3378 3372
3379 3372 3378
3373 3372 3379
3380 3373 3379
3374 3373 3380
3374 3380 3381
3382 3375 3376
3383 3375 3382
3384 3375 3383
3384 3377 3375
3385 3377 3384
3385 3378 3377
3386 3378 3385
3379 3378 3387
3388 3379 3387
3380 3379 3388
3387 3378 3389
3389 3378 3386
3390 3380 3388
3381 3380 3390
3381 3390 3391
3388 3387 3392
3392 3387 3393
3393 3387 3389
3394 3388 3392
3395 3388 3394
3390 3388 3395
3394 3392 3396
3396 3392 3393
3397 3390 3395
3391 3390 3397
3398 3395 3394
3399 3395 3398
3397 3395 3399
3398 3394 3400
3400 3394 3396
3401 3399 3398
3402 3401 3398
3402 3398 3400
3401 3403 3399
3403 3404 3399
3399 3404 3397
3404 3405 3397
3397 3405 3391
3406 3371 3407
3407 3371 3408
3407 3408 3409
3376 3371 3406
3371 3369 3408
3408 3369 3410
3408 3410 3409
3369 3366 3410
3411 3412 3413
3412 3411 3414
3415 3414 3411
3414 3415 3416
3417 3416 3415
3416 3417 3418
3419 3418 3417
3418 3419 3420
3419 3421 3420
3421 3419 3422
3422 3423 3421
3423 3422 3424
3424 3425 3423
3425 3424 3426
3426 3427 3425
3427 3426 3428
3428 3429 3427
3429 3428 3430
3430 3431 3429
3431 3430 3432
3432 3433 3431
3433 3432 3434
3434 3435 3433
3435 3434 3436
3437 3438 3439
3438 3437 3440
3441 3440 3437
3440 3441 3442
3443 3442 3441
3442 3443 3444
3443 3445 3444
3445 3443 3446
3446 3447 3445
3447 3446 3448
3448 3449 3447
3449 3448 3450
3450 3451 3449
3451 3450 3452
3452 3412 3451
3412 3452 3413
3453 3454 3455
3454 3453 3456
3457 3455 3454
3455 3457 3458
3459 3458 3457
3458 3459 3460
3461 3460 3459
3460 3461 3462
3463 3453 3455
3458 3463 3455
3453 3463 3464
3465 3464 3463
3464 3465 3466
3463 3467 3465
3467 3463 3468
3460 3468 3458
3463 3458 3468
3468 3469 3467
3469 3468 3470
3462 3470 3460
3468 3460 3470
3471 3469 3470
3470 3462 3471
3469 3471 3472
3466 3473 3464
3474 3464 3473
3473 3475 3474
3475 3473 3476
3476 3477 3475
3477 3476 3478
3464 3474 3453
3476 3479 3478
3479 3476 3480
3481 3476 3473
3476 3481 3480
3481 3482 3480
3482 3483 3480
3482 3481 3484
3481 3485 3484
3485 3481 3466
3473 3466 3481
3466 3486 3485
3486 3466 3465
3465 3487 3486
3487 3465 3467
3467 3488 3487
3488 3467 3469
3472 3488 3469
3488 3472 3489
3490 3479 3480
3483 3490 3480
3491 3489 3472
3489 3491 3492
3472 3493 3491
3493 3472 3471
3471 3494 3493
3494 3471 3462
3461 3494 3462
3494 3461 3495
3474 3496 3497
3496 3474 3475
3497 3453 3474
3453 3497 3456
3477 3496 3475
3498 3499 3500
3501 3499 3498
3502 3499 3501
3503 3502 3501
3502 3504 3499
3505 3499 3504
3500 3499 3505
3500 3505 3506
3507 3502 3503
3508 3507 3503
3507 3509 3502
3509 3504 3502
3509 3510 3504
3511 3504 3510
3505 3504 3511
3512 3505 3511
3506 3505 3512
3506 3512 3513
3514 3507 3508
3515 3507 3514
3516 3507 3515
3516 3509 3507
3517 3509 3516
3517 3510 3509
3518 3510 3517
3511 3510 3519
3520 3511 3519
3512 3511 3520
3519 3510 3521
3521 3510 3518
3522 3512 3520
3513 3512 3522
3513 3522 3523
3520 3519 3524
3524 3519 3525
3525 3519 3521
3526 3520 3524
3527 3520 3526
3522 3520 3527
3526 3524 3528
3528 3524 3525
3529 3522 3527
3523 3522 3529
3530 3527 3526
3531 3527 3530
3529 3527 3531
3530 3526 3532
3532 3526 3528
3533 3531 3530
3534 3533 3530
3534 3530 3532
3533 3535 3531
3535 3536 3531
3531 3536 3529
3536 3537 3529
3529 3537 3523
3538 3503 3539
3539 3503 3540
3539 3540 3541
3508 3503 3538
3503 3501 3540
3540 3501 3542
3540 3542 3541
3501 3498 3542
3543 3544 3545
3544 3543 3546
3547 3546 3543
3546 3547 3548
3549 3548 3547
3548 3549 3550
3551 3550 3549
3550 3551 3552
3551 3553 3552
3553 3551 3554
3554 3555 3553
3555 3554 3556
3556 3557 3555
3557 3556 3558
3558 3559 3557
3559 3558 3560
3560 3561 3559
3561 3560 3562
3562 3563 3561
3563 3562 3564
3564 3565 3563
3565 3564 3566
3566 3567 3565
3567 3566 3568
3569 3570 3571
3570 3569 3572
3573 3572 3569
3572 3573 3574
3575 3574 3573
3574 3575 3576
3575 3577 3576
3577 3575 3578
3578 3579 3577
3579 3578 3580
3580 3581 3579
3581 3580 3582
3582 3583 3581
3583 3582 3584
3584 3544 3583
3544 3584 3545
3585 3586 3587
3586 3585 3588
3589 3587 3586
3587 3589 3590
3591 3590 3589
3590 3591 3592
3593 3592 3591
3592 3593 3594
3595 3585 3587
3590 3595 3587
3585 3595 3596
3597 3596 3595
3596 3597 3598
3595 3599 3597
3599 3595 3600
3592 3600 3590
3595 3590 3600
3600 3601 3599
3601 3600 3602
3594 3602 3592
3600 3592 3602
3603 3601 3602
3602 3594 3603
3601 3603 3604
3598 3605 3596
3606 3596 3605
3605 3607 3606
3607 3605 3608
3608 3609 3607
3609 3608 3610
3596 3606 3585
3608 3611 3610
3611 3608 3612
3613 3608 3605
3608 3613 3612
3613 3614 3612
3614 3615 3612
3614 3613 3616
3613 3617 3616
3617 3613 3598
3605 3598 3613
3598 3618 3617
3618 3598 3597
3597 3619 3618
3619 3597 3599
3599 3620 3619
3620 3599 3601
3604 3620 3601
3620 3604 3621
3622 3611 3612
3615 3622 3612
3623 3621 3604
3621 3623 3624
3604 3625 3623
3625 3604 3603
3603 3626 3625
3626 3603 3594
3593 3626 3594
3626 3593 3627
3606 3628 3629
3628 3606 3607
3629 3585 3606
3585 3629 3588
3609 3628 3607
3630 3631 3632
3633 3631 3630
3634 3631 3633
3635 3634 3633
3634 3636 3631
3637 3631 3636
3632 3631 3637
3632 3637 3638
3639 3634 3635
3640 3639 3635
3639 3641 3634
3641 3636 3634
3641 3642 3636
3643 3636 3642
3637 3636 3643
3644 3637 3643
3638 3637 3644
3638 3644 3645
3646 3639 3640
3647 3639 3646
3648 3639 3647
3648 3641 3639
3649 3641 3648
3649 3642 3641
3650 3642 3649
3643 3642 3651
3652 3643 3651
3644 3643 3652
3651 3642 3653
3653 3642 3650
3654 3644 3652
3645 3644 3654
3645 3654 3655
3652 3651 3656
3656 3651 3657
3657 3651 3653
3658 3652 3656
3659 3652 3658
3654 3652 3659
3658 3656 3660
3660 3656 3657
3661 3654 3659
3655 3654 3661
3662 3659 3658
3663 3659 3662
3661 3659 3663
3662 3658 3664
3664 3658 3660
3665 3663 3662
3666 3665 3662
3666 3662 3664
3665 3667 3663
3667 3668 3663
3663 3668 3661
3668 3669 3661
3661 3669 3655
3670 3635 3671
3671 3635 3672
3671 3672 3673
3640 3635 3670
3635 3633 3672
3672 3633 3674
3672 3674 3673
3633 3630 3674
3675 3676 3677
3676 3675 3678
3679 3678 3675
3678 3679 3680
3681 3680 3679
3680 3681 3682
3683 3682 3681
3682 3683 3684
3683 3685 3684
3685 3683 3686
3686 3687 3685
3687 3686 3688
3688 3689 3687
3689 3688 3690
3690 3691 3689
3691 3690 3692
3692 3693 3691
3693 3692 3694
3694 3695 3693
3695 3694 3696
3696 3697 3695
3697 3696 3698
3698 3699 3697
3699 3698 3700
3701 3702 3703
3702 3701 3704
3705 3704 3701
3704 3705 3706
3707 3706 3705
3706 3707 3708
3707 3709 3708
3709 3707 3710
3710 3711 3709
3711 3710 3712
3712 3713 3711
3713 3712 3714
3714 3715 3713
3715 3714 3716
3716 3676 3715
3676 3716 3677
3717 3718 3719
3718 3717 3720
3721 3719 3718
3719 3721 3722
3723 3722 3721
3722 3723 3724
3725 3724 3723
3724 3725 3726
3727 3717 3719
3722 3727 3719
3717 3727 3728
3729 3728 3727
3728 3729 3730
3727 3731 3729
3731 3727 3732
3724 3732 3722
3727 3722 3732
3732 3733 3731
3733 3732 3734
3726 3734 3724
3732 3724 3734
3735 3733 3734
3734 3726 3735
3733 3735 3736
3730 3737 3728
3738 3728 3737
3737 3739 3738
3739 3737 3740
3740 3741 3739
3741 3740 3742
3728 3738 3717
3740 3743 3742
3743 3740 3744
3745 3740 3737
3740 3745 3744
3745 3746 3744
3746 3747 3744
3746 3745 3748
3745 3749 3748
3749 3745 3730
3737 3730 3745
3730 3750 3749
3750 3730 3729
3729 3751 3750
3751 3729 3731
3731 3752 3751
3752 3731 3733
3736 3752 3733
3752 3736 3753
3754 3743 3744
3747 3754 3744
3755 3753 3736
3753 3755 3756
3736 3757 3755
3757 3736 3735
3735 3758 3757
3758 3735 3726
3725 3758 3726
3758 3725 3759
3738 3760 3761
3760 3738 3739
3761 3717 3738
3717 3761 3720
3741 3760 3739
3762 3763 3764
3763 3762 3765
3766 3767 3768
3767 3766 3769
3770 3771 3772
3771 3770 3773
3774 3775 3776
3777 3774 3776
3774 3777 3778
3778 3777 3779
3780 3781 3782
3781 3780 3783
3784 3785 3786
3787 3784 3786
3784 3787 3788
3788 3787 3789
3790 3791 3792
3791 3790 3793
3794 3795 3796
3795 3794 3797
3798 3799 3800
3799 3798 3801
3801 3798 3802
3802 3798 3803
3803 3798 3804
3803 3804 3805
3806 3803 3805
3807 3806 3805
3805 3808 3807
3808 3805 3809
3810 3811 3812
3811 3810 3813
3811 3814 3812
3814 3811 3815
3816 3817 3818
3817 3816 3819
3820 3821 3822
3820 3822 3823
3823 3822 3824
3825 3826 3827
3826 3825 3828
3829 3830 3831
3829 3831 3832
3832 3831 3833
3834 3835 3836
3835 3834 3837
3838 3834 3836
3834 3838 3839
3840 3841 3842
3841 3840 3843
3843 3844 3841
3841 3844 3845
3841 3845 3846
3847 3846 3845
3847 3845 3848
3849 3847 3848
3850 3847 3849
3847 3850 3851
3852 3853 3854
3853 3852 3855
3856 3857 3858
3857 3856 3859
3857 3860 3858
3860 3857 3861
3862 3863 3864
3863 3862 3865
3866 3863 3865
3863 3866 3867
3868 3869 3870
3869 3868 3871
3872 3873 3874
3873 3872 3875
3876 3877 3878
3876 3879 3877
3879 3880 3877
3881 3882 3883
3882 3881 3884
3885 3886 3887
3885 3888 3886
3888 3889 3886
3890 3891 3892
3891 3890 3893
3894 3895 3896
3895 3894 3897
3898 3899 3900
3899 3898 3901
3899 3902 3900
3902 3903 3900
3903 3902 3904
3902 3899 3905
3898 3906 3901
3906 3898 3907
3908 3906 3907
3909 3908 3907
3908 3909 3910
3906 3908 3911
3912 3913 3914
3913 3912 3915
3916 3912 3914
3912 3916 3917
3918 3913 3915
3913 3918 3919
3918 3920 3919
3920 3918 3921
3922 3923 3924
3923 3922 3925
3922 3926 3925
3926 3922 3927
3928 3929 3930
3929 3928 3931
3932 3933 3934
3933 3932 3935
3933 3936 3934
3936 3933 3937
3938 3939 3940
3941 3942 3943
3942 3941 3944
3941 3945 3944
3945 3941 3946
3947 3948 3949
3948 3947 3950
3951 3948 3950
3952 3951 3950
3951 3952 3953
3948 3951 3954
3955 3947 3949
3947 3955 3956
3955 3957 3956
3957 3958 3956
3958 3957 3959
3957 3955 3960
3961 3962 3963
3962 3961 3964
3965 3961 3963
3961 3965 3966
3967 3968 3969
3968 3967 3970
3971 3968 3970
3968 3971 3972
3973 3974 3975
3976 3977 3978
3977 3976 3979
3980 3977 3979
3977 3980 3981
3982 3983 3984
3983 3982 3985
3986 3983 3985
3983 3986 3987
3988 3989 3990
3989 3988 3991
3992 3993 3994
3995 3996 3997
3998 3999 4000
3999 3998 4001
4000 4002 3998
4002 4000 4003
4003 4004 4002
4004 4003 4005
4005 4006 4004
4006 4005 4007
4008 4006 4007
4006 4008 4009
4010 4009 4008
4009 4010 4011
4012 4011 4010
4011 4012 4013
4014 4013 4012
4013 4014 4015
4014 4016 4015
4016 4014 4017
4017 4018 4016
4018 4017 4019
4019 4020 4018
4020 4019 4021
4021 4022 4020
4022 4021 4023
4024 4022 4023
4022 4024 4025
4026 4025 4024
4025 4026 4027
4028 4027 4026
4027 4028 4029
3999 4029 4028
4029 3999 4001
4030 4031 4032
4031 4030 4033
4032 4034 4030
4034 4032 4035
4035 4036 4034
4036 4035 4037
4037 4038 4036
4038 4037 4039
4040 4031 4033
4031 4040 4041
4042 4041 4040
4041 4042 4043
4044 4043 4042
4043 4044 4045
4046 4045 4044
4045 4046 4047
4048 4038 4039
4038 4048 4049
4050 4049 4048
4049 4050 4051
4052 4051 4050
4051 4052 4053
4054 4053 4052
4053 4054 4055
4054 4056 4055
4056 4054 4057
4057 4058 4056
4058 4057 4059
4059 4060 4058
4060 4059 4061
4046 4061 4047
4061 4046 4060
4062 4063 4064
4063 4062 4065
4064 4066 4062
4066 4064 4067
4067 4068 4066
4068 4067 4069
4069 4070 4068
4070 4069 4071
4072 4070 4071
4070 4072 4073
4074 4073 4072
4073 4074 4075
4076 4075 4074
4075 4076 4077
4078 4077 4076
4077 4078 4079
4078 4080 4079
4080 4078 4081
4081 4082 4080
4082 4081 4083
4083 4084 4082
4084 4083 4085
4085 4086 4084
4086 4085 4087
4088 4086 4087
4086 4088 4089
4090 4089 4088
4089 4090 4091
4092 4091 4090
4091 4092 4093
4063 4093 4092
4093 4063 4065
4094 4095 4096
4095 4094 4097
4098 4097 4094
4097 4098 4099
4100 4099 4098
4099 4100 4101
4102 4101 4100
4101 4102 4103
4095 4104 4096
4104 4095 4105
4105 4106 4104
4106 4105 4107
4107 4108 4106
4108 4107 4109
4109 4110 4108
4110 4109 4111
4102 4112 4103
4112 4102 4113
4113 4114 4112
4114 4113 4115
4115 4116 4114
4116 4115 4117
4117 4118 4116
4118 4117 4119
4120 4118 4119
4118 4120 4121
4122 4121 4120
4121 4122 4123
4124 4123 4122
4123 4124 4125
4110 4125 4124
4125 4110 4111
4126 4127 4128
4129 4127 4126
4130 4127 4129
4131 4130 4129
4130 4132 4127
4133 4127 4132
4128 4127 4133
4128 4133 4134
4135 4130 4131
4136 4135 4131
4135 4137 4130
4137 4132 4130
4137 4138 4132
4139 4132 4138
4133 4132 4139
4140 4133 4139
4134 4133 4140
4134 4140 4141
4142 4135 4136
4143 4135 4142
4144 4135 4143
4144 4137 4135
4145 4137 4144
4145 4138 4137
4146 4138 4145
4139 4138 4147
4148 4139 4147
4140 4139 4148
4147 4138 4149
4149 4138 4146
4150 4140 4148
4141 4140 4150
4141 4150 4151
4148 4147 4152
4152 4147 4153
4153 4147 4149
4154 4148 4152
4155 4148 4154
4150 4148 4155
4154 4152 4156
4156 4152 4153
4157 4150 4155
4151 4150 4157
4158 4155 4154
4159 4155 4158
4157 4155 4159
4158 4154 4160
4160 4154 4156
4161 4159 4158
4162 4161 4158
4162 4158 4160
4161 4163 4159
4163 4164 4159
4159 4164 4157
4164 4165 4157
4157 4165 4151
4166 4131 4167
4167 4131 4168
4167 4168 4169
4136 4131 4166
4131 4129 4168
4168 4129 4170
4168 4170 4169
4129 4126 4170
4171 4172 4173
4172 4171 4174
4175 4174 4171
4174 4175 4176
4177 4176 4175
4176 4177 4178
4179 4178 4177
4178 4179 4180
4179 4181 4180
4181 4179 4182
4182 4183 4181
4183 4182 4184
4184 4185 4183
4185 4184 4186
4186 4187 4185
4187 4186 4188
4188 4189 4187
4189 4188 4190
4190 4191 4189
4191 4190 4192
4192 4193 4191
4193 4192 4194
4194 4195 4193
4195 4194 4196
4197 4198 4199
4198 4197 4200
4201 4200 4197
4200 4201 4202
4203 4202 4201
4202 4203 4204
4203 4205 4204
4205 4203 4206
4206 4207 4205
4207 4206 4208
4208 4209 4207
4209 4208 4210
4210 4211 4209
4211 4210 4212
4212 4172 4211
4172 4212 4173
4213 4214 4215
4214 4213 4216
4217 4215 4214
4215 4217 4218
4219 4218 4217
4218 4219 4220
4221 4220 4219
4220 4221 4222
4223 4213 4215
4218 4223 4215
4213 4223 4224
4225 4224 4223
4224 4225 4226
4223 4227 4225
4227 4223 4228
4220 4228 4218
4223 4218 4228
4228 4229 4227
4229 4228 4230
4222 4230 4220
4228 4220 4230
4231 4229 4230
4230 4222 4231
4229 4231 4232
4226 4233 4224
4234 4224 4233
4233 4235 4234
4235 4233 4236
4236 4237 4235
4237 4236 4238
4224 4234 4213
4236 4239 4238
4239 4236 4240
4241 4236 4233
4236 4241 4240
4241 4242 4240
4242 4243 4240
4242 4241 4244
4241 4245 4244
4245 4241 4226
4233 4226 4241
4226 4246 4245
4246 4226 4225
4225 4247 4246
4247 4225 4227
4227 4248 4247
4248 4227 4229
4232 4248 4229
4248 4232 4249
4250 4239 4240
4243 4250 4240
4251 4249 4232
4249 4251 4252
4232 4253 4251
4253 4232 4231
4231 4254 4253
4254 4231 4222
4221 4254 4222
4254 4221 4255
4234 4256 4257
4256 4234 4235
4257 4213 4234
4213 4257 4216
4237 4256 4235
4258 4259 4260
4259 4258 4261
4262 4261 4258
4261 4262 4263
4264 4263 4262
4263 4264 4265
4266 4265 4264
4265 4266 4267
4268 4267 4266
4267 4268 4269
4270 4269 4268
4269 4270 4271
4272 4271 4270
4271 4272 4273
4274 4273 4272
4273 4274 4275
4274 4276 4275
4276 4274 4277
4277 4278 4276
4278 4277 4279
4279 4280 4278
4280 4279 4281
4281 4282 4280
4282 4281 4283
4283 4284 4282
4284 4283 4285
4285 4286 4284
4286 4285 4287
4287 4288 4286
4288 4287 4289
4289 4290 4288
4290 4289 4291
4291 4292 4290
4292 4291 4293
4260 4292 4293
4292 4260 4259
4294 4295 4296
4296 4295 4297
4297 4295 4298
4298 4295 4299
4299 4295 4300
4300 4295 4301
4301 4295 4302
4302 4295 4303
4304 4295 4294
4305 4303 4295
4306 4305 4295
4307 4306 4295
4308 4307 4295
4309 4308 4295
4310 4309 4295
4311 4310 4295
4312 4311 4295
4304 4312 4295
4313 4314 4315
4314 4313 4316
4317 4314 4316
4314 4317 4318
4319 4318 4317
4318 4319 4320
4321 4320 4319
4320 4321 4322
4323 4322 4321
4322 4323 4324
4325 4324 4323
4324 4325 4326
4327 4326 4325
4326 4327 4328
4329 4328 4327
4328 4329 4330
4331 4330 4329
4330 4331 4332
4331 4333 4332
4333 4331 4334
4334 4335 4333
4335 4334 4336
4336 4337 4335
4337 4336 4338
4338 4339 4337
4339 4338 4340
4340 4341 4339
4341 4340 4342
4342 4343 4341
4343 4342 4344
4344 4345 4343
4345 4344 4346
4346 4347 4345
4347 4346 4348
4313 4347 4348
4347 4313 4315
4349 4350 4351
4350 4349 4352
4353 4351 4350
4351 4353 4354
4355 4354 4353
4354 4355 4356
4357 4356 4355
4356 4357 4358
4359 4358 4357
4358 4359 4360
4361 4360 4359
4360 4361 4362
4363 4362 4361
4362 4363 4364
4363 4365 4364
4365 4363 4366
4367 4365 4366
4365 4367 4368
4367 4369 4368
4369 4367 4370
4370 4371 4369
4371 4370 4372
4372 4373 4371
4373 4372 4374
4374 4375 4373
4375 4374 4376
4376 4377 4375
4377 4376 4378
4378 4379 4377
4379 4378 4380
4380 4381 4379
4381 4380 4382
4382 4383 4381
4383 4382 4384
4352 4383 4384
4383 4352 4349
4385 4386 4387
4387 4386 4388
4387 4389 4385
4389 4387 4390
4387 4388 4391
4387 4391 4392
4392 4391 4393
4392 4393 4394
4392 4394 4395
4395 4394 4396
4395 4397 4392
4397 4395 4398
4395 4396 4399
4395 4399 4400
4400 4399 4401
4400 4401 4402
4403 4400 4402
4400 4403 4404
4405 4403 4402
4403 4405 4406
4405 4402 4407
4405 4407 4408
4409 4405 4408
4409 4408 4410
4409 4410 4411
4412 4409 4411
4413 4409 4412
4409 4413 4414
4412 4411 4415
4412 4415 4416
4417 4412 4416
4417 4416 4418
4417 4418 4419
4420 4417 4419
4421 4417 4420
4417 4421 4422
4420 4419 4423
4420 4423 4424
4425 4420 4424
4425 4424 4426
4425 4426 4427
4428 4425 4427
4429 4428 4427
4429 4427 4430
4428 4429 4431
4429 4430 4432
4429 4432 4385
4385 4432 4433
4385 4433 4386
4425 4428 4434
4435 4436 4437
4438 4436 4435
4438 4439 4436
4440 4439 4438
4437 4436 4441
4437 4441 4442
4442 4441 4443
4443 4441 4444
4443 4444 4445
4445 4444 4446
4446 4444 4447
4446 4447 4448
4448 4447 4449
4449 4447 4450
4449 4450 4451
4451 4450 4452
4452 4450 4453
4452 4453 4454
4440 4455 4439
4455 4456 4439
4455 4457 4456
4457 4458 4456
4458 4459 4456
4458 4460 4459
4460 4461 4459
4461 4462 4459
4461 4463 4462
4463 4464 4462
4464 4465 4462
4464 4466 4465
4466 4467 4465
4467 4468 4465
4467 4469 4468
4469 4470 4468
4470 4453 4468
4470 4454 4453
4471 4472 4473
4472 4471 4474
4471 4475 4474
4475 4471 4476
4477 4478 4479
4478 4477 4480
4481 4482 4483
4481 4483 4484
4485 4486 4487
4486 4485 4488
4489 4490 4491
4490 4489 4492
4493 4494 4495
4494 4493 4496
4497 4498 4499
4498 4497 4500
4501 4502 4503
4502 4501 4504
4505 4506 4507
4506 4505 4508
4509 4510 4511
4509 4511 4512
4513 4514 4515
4514 4513 4516
4517 4518 4519
4518 4517 4520
4521 4522 4523
4522 4521 4524
4525 4526 4527
4526 4525 4528
4529 4530 4531
4530 4529 4532
4533 4534 4535
4534 4533 4536
4537 4538 4539
4538 4537 4540
4541 4542 4543
4542 4541 4544
4545 4546 4547
4546 4545 4548
4549 4550 4551
4550 4549 4552
4553 4554 4555
4554 4553 4556
4557 4553 4555
4553 4557 4558
4559 4560 4561
4560 4559 4562
4563 4564 4565
4564 4563 4566
4567 4568 4569
4568 4567 4570
4571 4572 4573
4572 4571 4574
4575 4571 4573
4571 4575 4576
4577 4578 4579
4578 4577 4580
4577 4581 4580
4581 4577 4582
4583 4584 4585
4583 4585 4586
4585 4584 4587
4587 4588 4585
4587 4589 4588
4588 4589 4590
4590 4589 4591
4591 4592 4590
4592 4591 4593
4594 4592 4593
4594 4595 4592
4594 4596 4595
4595 4596 4597
4596 4598 4597
4586 4585 4599
4600 4597 4598
4600 4601 4597
4597 4601 4602
4601 4603 4602
4603 4601 4604
4605 4603 4604
4603 4605 4606
4607 4606 4605
4608 4607 4605
4608 4609 4607
4610 4607 4609
4611 4607 4610
4612 4611 4610
4612 4613 4611
4612 4614 4613
4615 4613 4614
4613 4615 4616
4616 4615 4617
4618 4616 4617
4619 4618 4617
4619 4620 4618
4620 4619 4621
4622 4620 4621
4622 4623 4620
4623 4624 4620
4623 4625 4624
4625 4623 4626
4586 4625 4626
4625 4586 4599
4627 4628 4629
4628 4627 4630
4631 4630 4627
4630 4631 4632
4632 4631 4633
4628 4634 4629
4634 4628 4635
4635 4636 4634
4636 4635 4637
4637 4638 4636
4639 4640 4641
4640 4639 4642
4643 4644 4645
4643 4646 4644
4647 4648 4649
4648 4647 4650
4651 4652 4653
4652 4651 4654
4655 4656 4657
4656 4655 4658
4659 4660 4661
4660 4659 4662
4663 4664 4665
4664 4663 4666
4667 4668 4669
4668 4667 4670
4671 4672 4673
4671 4674 4672
4675 4676 4677
4676 4675 4678
4679 4680 4681
4680 4679 4682
4683 4684 4685
4684 4683 4686
4687 4688 4689
4688 4687 4690
4691 4692 4693
4692 4691 4694
4695 4696 4697
4696 4695 4698
4699 4700 4701
4700 4699 4702
4703 4704 4705
4704 4703 4706
4707 4708 4709
4708 4707 4710
4711 4712 4713
4712 4711 4714
4715 4716 4717
4716 4715 4718
4719 4720 4721
4720 4719 4722
4723 4724 4725
4724 4723 4726
4727 4728 4729
4728 4727 4730
4730 4731 4728
4731 4730 4732
4732 4733 4731
4733 4732 4734
4734 4735 4733
4735 4734 4736
4736 4737 4735
4737 4736 4738
4738 4739 4737
4739 4738 4740
4740 4741 4739
4741 4740 4742
4742 4743 4741
4743 4742 4744
4745 4743 4744
4743 4745 4746
4747 4746 4745
4746 4747 4748
4749 4748 4747
4748 4749 4750
4751 4750 4749
4750 4751 4752
4753 4752 4751
4752 4753 4754
4755 4754 4753
4754 4755 4756
4757 4756 4755
4756 4757 4758
4759 4758 4757
4758 4759 4760
4761 4760 4759
4760 4761 4762
4761 4729 4762
4729 4761 4727
4763 4764 4765
4764 4766 4765
4766 4767 4765
4767 4768 4765
4768 4769 4765
4769 4770 4765
4770 4771 4765
4771 4772 4765
4773 4763 4765
4774 4765 4772
4775 4765 4774
4776 4765 4775
4777 4765 4776
4778 4765 4777
4779 4765 4778
4780 4765 4779
4781 4765 4780
4773 4765 4781
4782 4783 4784
4783 4782 4785
4783 4786 4784
4786 4783 4787
4787 4788 4786
4788 4787 4789
4789 4790 4788
4790 4789 4791
4791 4792 4790
4792 4791 4793
4793 4794 4792
4794 4793 4795
4795 4796 4794
4796 4795 4797
4797 4798 4796
4798 4797 4799
4799 4800 4798
4800 4799 4801
4802 4800 4801
4800 4802 4803
4804 4803 4802
4803 4804 4805
4806 4805 4804
4805 4806 4807
4808 4807 4806
4807 4808 4809
4810 4809 4808
4809 4810 4811
4812 4811 4810
4811 4812 4813
4814 4813 4812
4813 4814 4815
4816 4815 4814
4815 4816 4817
4816 4782 4817
4782 4816 4785
4818 4819 4820
4819 4818 4821
4820 4822 4818
4822 4820 4823
4823 4824 4822
4824 4823 4825
4825 4826 4824
4826 4825 4827
4827 4828 4826
4828 4827 4829
4829 4830 4828
4830 4829 4831
4831 4832 4830
4832 4831 4833
4834 4832 4833
4832 4834 4835
4834 4836 4835
4836 4834 4837
4838 4836 4837
4836 4838 4839
4840 4839 4838
4839 4840 4841
4842 4841 4840
4841 4842 4843
4844 4843 4842
4843 4844 4845
4846 4845 4844
4845 4846 4847
4848 4847 4846
4847 4848 4849
4850 4849 4848
4849 4850 4851
4852 4851 4850
4851 4852 4853
4852 4821 4853
4821 4852 4819
4854 4855 4856
4855 4857 4856
4858 4855 4854
4855 4858 4859
4855 4860 4857
4855 4861 4860
4861 4862 4860
4861 4863 4862
4861 4864 4863
4864 4865 4863
4866 4864 4861
4864 4866 4867
4864 4868 4865
4864 4869 4868
4869 4870 4868
4869 4871 4870
4869 4872 4871
4872 4869 4873
4872 4874 4871
4874 4872 4875
4874 4876 4871
4874 4877 4876
4878 4877 4874
4878 4879 4877
4878 4880 4879
4881 4880 4878
4878 4882 4881
4882 4878 4883
4881 4884 4880
4881 4885 4884
4886 4885 4881
4886 4887 4885
4886 4888 4887
4889 4888 4886
4886 4890 4889
4890 4886 4891
4889 4892 4888
4889 4893 4892
4894 4893 4889
4894 4895 4893
4894 4896 4895
4894 4897 4896
4897 4898 4896
4898 4899 4896
4898 4897 4900
4898 4901 4899
4898 4854 4901
4854 4902 4901
4854 4856 4902
4897 4894 4903
4904 4905 4906
4907 4904 4906
4907 4906 4908
4909 4907 4908
4905 4910 4906
4905 4911 4910
4911 4912 4910
4912 4913 4910
4912 4914 4913
4914 4915 4913
4915 4916 4913
4915 4917 4916
4917 4918 4916
4918 4919 4916
4918 4920 4919
4920 4921 4919
4921 4922 4919
4921 4923 4922
4909 4908 4924
4925 4922 4923
4925 4926 4922
4927 4926 4925
4928 4926 4927
4928 4929 4926
4930 4929 4928
4931 4929 4930
4931 4932 4929
4933 4932 4931
4934 4932 4933
4934 4935 4932
4936 4935 4934
4937 4935 4936
4937 4938 4935
4939 4938 4937
4924 4938 4939
4924 4908 4938
4940 4941 4942
4941 4940 4943
4944 4941 4943
4941 4944 4945
4946 4947 4948
4947 4946 4949
4950 4951 4952
4950 4953 4951
4954 4955 4956
4955 4954 4957
4958 4959 4960
4959 4958 4961
4962 4963 4964
4963 4962 4965
4966 4967 4968
4967 4966 4969
4970 4971 4972
4971 4970 4973
4974 4975 4976
4975 4974 4977
4978 4979 4980
4978 4981 4979
4982 4983 4984
4983 4982 4985
4986 4987 4988
4987 4986 4989
4990 4991 4992
4991 4990 4993
4994 4995 4996
4995 4994 4997
4998 4999 5000
4999 4998 5001
5002 5003 5004
5003 5002 5005
5006 5007 5008
5007 5006 5009
5010 5011 5012
5011 5010 5013
5014 5015 5016
5015 5014 5017
5018 5019 5020
5019 5018 5021
5022 5023 5024
5023 5022 5025
5022 5026 5025
5026 5022 5027
5028 5029 5030
5029 5028 5031
5032 5033 5034
5033 5032 5035
5036 5037 5038
5037 5036 5039
5040 5041 5042
5041 5040 5043
5041 5044 5042
5044 5041 5045
5046 5047 5048
5047 5046 5049
5050 5046 5048
5046 5050 5051
5052 5053 5054
5052 5055 5053
5053 5056 5054
5056 5053 5057
5056 5057 5058
5057 5059 5058
5059 5060 5058
5061 5060 5059
5060 5061 5062
5063 5062 5061
5063 5061 5064
5063 5064 5065
5064 5066 5065
5065 5066 5067
5055 5068 5053
5069 5067 5066
5069 5066 5070
5066 5071 5070
5072 5070 5071
5070 5072 5073
5072 5074 5073
5074 5072 5075
5076 5074 5075
5077 5074 5076
5077 5076 5078
5079 5078 5076
5080 5079 5076
5081 5079 5080
5081 5080 5082
5081 5082 5083
5082 5084 5083
5084 5082 5085
5085 5086 5084
5087 5086 5085
5088 5086 5087
5088 5087 5089
5089 5090 5088
5091 5090 5089
5091 5089 5092
5092 5089 5093
5094 5092 5093
5092 5094 5095
5094 5055 5095
5055 5094 5068
5096 5097 5098
5097 5096 5099
5099 5100 5097
5100 5099 5101
5101 5102 5100
5103 5096 5098
5096 5103 5104
5105 5104 5103
5104 5105 5106
5106 5105 5107
5108 5109 5110
5109 5108 5111
5112 5113 5114
5112 5114 5115
5116 5117 5118
5117 5116 5119
5120 5121 5122
5121 5120 5123
5124 5125 5126
5125 5124 5127
5128 5129 5130
5129 5128 5131
5132 5133 5134
5133 5132 5135
5136 5137 5138
5137 5136 5139
5140 5141 5142
5140 5142 5143
5144 5145 5146
5145 5144 5147
5148 5149 5150
5149 5148 5151
5152 5153 5154
5153 5152 5155
5156 5157 5158
5157 5156 5159
5160 5161 5162
5161 5160 5163
5164 5165 5166
5165 5164 5167
5168 5169 5170
5169 5168 5171
5172 5173 5174
5173 5172 5175
5176 5177 5178
5177 5176 5179
5180 5181 5182
5181 5180 5183
5184 5185 5186
5185 5184 5187
5188 5189 5190
5189 5188 5191
5192 5193 5194
5193 5192 5195
5196 5197 5198
5197 5196 5199
5200 5198 5197
5198 5200 5201
5200 5202 5201
5202 5200 5203
5203 5204 5202
5204 5203 5205
5206 5204 5205
5204 5206 5207
5208 5207 5206
5207 5208 5209
5208 5210 5209
5210 5208 5211
5211 5212 5210
5212 5211 5213
5214 5212 5213
5212 5214 5215
5216 5215 5214
5215 5216 5217
5216 5218 5217
5218 5216 5219
5219 5220 5218
5220 5219 5221
5222 5220 5221
5220 5222 5223
5224 5223 5222
5223 5224 5225
5224 5226 5225
5226 5224 5227
5227 5196 5226
5196 5227 5199
5228 5229 5230
5229 5228 5231
5232 5230 5229
5230 5232 5233
5232 5234 5233
5234 5232 5235
5235 5236 5234
5236 5235 5237
5238 5236 5237
5236 5238 5239
5240 5239 5238
5239 5240 5241
5240 5242 5241
5242 5240 5243
5243 5244 5242
5244 5243 5245
5246 5244 5245
5244 5246 5247
5248 5247 5246
5247 5248 5249
5248 5250 5249
5250 5248 5251
5251 5252 5250
5252 5251 5253
5254 5252 5253
5252 5254 5255
5256 5255 5254
5255 5256 5257
5256 5258 5257
5258 5256 5259
5259 5228 5258
5228 5259 5231
5260 5261 5262
5261 5260 5263
5264 5262 5261
5262 5264 5265
5266 5265 5264
5265 5266 5267
5268 5267 5266
5267 5268 5269
5268 5270 5269
5270 5268 5271
5271 5272 5270
5272 5271 5273
5273 5274 5272
5274 5273 5275
5275 5276 5274
5276 5275 5277
5278 5276 5277
5276 5278 5279
5280 5279 5278
5279 5280 5281
5282 5281 5280
5281 5282 5283
5284 5283 5282
5283 5284 5285
5284 5286 5285
5286 5284 5287
5287 5288 5286
5288 5287 5289
5289 5290 5288
5290 5289 5291
5291 5260 5290
5260 5291 5263
5292 5293 5294
5293 5292 5295
5294 5296 5292
5296 5294 5297
5298 5294 5293
5294 5298 5299
5299 5297 5294
5297 5299 5300
5301 5299 5298
5299 5301 5302
5302 5300 5299
5300 5302 5303
5304 5302 5301
5302 5304 5305
5305 5303 5302
5303 5305 5306
5304 5307 5305
5307 5304 5308
5308 5309 5307
5309 5308 5310
5310 5311 5309
5311 5310 5312
5312 5313 5311
5313 5312 5314
5315 5311 5313
5311 5315 5316
5316 5309 5311
5309 5316 5317
5317 5307 5309
5307 5317 5318
5305 5318 5306
5318 5305 5307
5319 5313 5314
5313 5319 5320
5320 5315 5313
5315 5320 5321
5322 5320 5319
5320 5322 5323
5323 5321 5320
5321 5323 5324
5325 5323 5322
5323 5325 5326
5326 5324 5323
5324 5326 5327
5328 5326 5325
5326 5328 5329
5329 5327 5326
5328 5330 5329
5330 5328 5331
5331 5332 5330
5332 5331 5333
5333 5334 5332
5334 5333 5335
5335 5292 5334
5292 5335 5295
5296 5334 5292
5334 5296 5336
5336 5332 5334
5332 5336 5337
5337 5330 5332
5330 5337 5338
5338 5329 5330
5329 5338 5339
5327 5329 5339
5340 5341 5342
5341 5340 5343
5344 5342 5341
5342 5344 5345
5346 5345 5344
5345 5346 5347
5348 5347 5346
5347 5348 5349
5348 5350 5349
5350 5348 5351
5351 5352 5350
5352 5351 5353
5353 5354 5352
5354 5353 5355
5355 5356 5354
5356 5355 5357
5358 5356 5357
5356 5358 5359
5360 5359 5358
5359 5360 5361
5362 5361 5360
5361 5362 5363
5364 5363 5362
5363 5364 5365
5364 5366 5365
5366 5364 5367
5367 5368 5366
5368 5367 5369
5369 5370 5368
5370 5369 5371
5371 5340 5370
5340 5371 5343
5372 5373 5374
5373 5372 5375
5376 5374 5373
5374 5376 5377
5378 5377 5376
5377 5378 5379
5380 5379 5378
5379 5380 5381
5380 5382 5381
5382 5380 5383
5383 5384 5382
5384 5383 5385
5385 5386 5384
5386 5385 5387
5387 5388 5386
5388 5387 5389
5390 5388 5389
5388 5390 5391
5392 5391 5390
5391 5392 5393
5394 5393 5392
5393 5394 5395
5396 5395 5394
5395 5396 5397
5396 5398 5397
5398 5396 5399
5399 5400 5398
5400 5399 5401
5401 5402 5400
5402 5401 5403
5403 5372 5402
5372 5403 5375
5404 5405 5406
5405 5407 5406
5407 5408 5406
5408 5409 5406
5409 5410 5406
5410 5411 5406
5411 5412 5406
5412 5413 5406
5414 5404 5406
5415 5414 5406
5416 5415 5406
5417 5416 5406
5413 5418 5406
5418 5419 5406
5419 5420 5406
5420 5417 5406
5421 5422 5423
5422 5421 5424
5425 5423 5422
5423 5425 5426
5427 5426 5425
5426 5427 5428
5427 5429 5428
5429 5427 5430
5431 5429 5430
5429 5431 5432
5431 5433 5432
5433 5431 5434
5434 5435 5433
5435 5434 5436
5436 5437 5435
5437 5436 5438
5439 5440 5424
5440 5439 5441
5441 5442 5440
5442 5441 5443
5443 5444 5442
5444 5443 5445
5446 5444 5445
5444 5446 5447
5446 5448 5447
5448 5446 5449
5450 5448 5449
5448 5450 5451
5452 5451 5450
5451 5452 5453
5454 5453 5452
5453 5454 5438
5455 5456 5457
5457 5456 5458
5459 5458 5456
5459 5456 5460
5456 5461 5460
5461 5456 5462
5463 5462 5456
5464 5463 5456
5455 5465 5456
5465 5466 5456
5467 5456 5466
5456 5467 5468
5464 5456 5469
5469 5456 5470
5471 5470 5456
5471 5456 5468
5472 5473 5474
5473 5472 5475
5475 5476 5473
5476 5475 5477
5477 5478 5476
5478 5477 5479
5479 5480 5478
5480 5479 5481
5481 5482 5480
5482 5481 5483
5483 5484 5482
5484 5483 5485
5485 5486 5484
5486 5485 5487
5487 5488 5486
5488 5487 5489
5489 5490 5488
5490 5489 5491
5491 5492 5490
5492 5491 5493
5493 5494 5492
5494 5493 5495
5495 5496 5494
5496 5495 5497
5497 5498 5496
5498 5497 5499
5499 5500 5498
5500 5499 5501
5501 5502 5500
5502 5501 5503
5503 5474 5502
5474 5503 5472
