byte offset: 0
first index: 0
index count: 5418
topology: trianglelist
format: DXGI_FORMAT_R16_UINT

0 1 2
3 2 1
3 1 4
3 4 5
3 5 6
6 5 7
8 6 7
3 9 2
10 3 6
10 6 8
11 8 7
12 11 7
13 12 7
2 9 14
2 14 15
15 0 2
15 16 0
3 17 9
3 10 17
18 8 11
18 10 8
9 19 14
9 17 19
20 11 12
18 11 20
12 13 21
10 22 17
10 18 22
20 12 23
12 21 23
17 24 19
17 22 24
22 18 25
18 20 26
18 26 25
23 27 20
20 27 26
24 22 28
25 28 22
23 29 27
23 30 29
28 25 31
31 25 32
27 33 26
25 26 33
32 25 33
33 27 34
29 34 27
34 29 35
36 35 29
30 36 29
35 36 37
36 38 37
38 36 39
36 40 39
40 36 30
40 41 39
41 38 39
38 41 42
32 43 31
44 43 32
45 44 32
34 45 33
32 33 45
31 43 46
31 46 28
28 46 47
44 45 48
45 49 48
49 45 50
51 49 50
49 51 52
53 52 51
52 53 54
55 54 53
54 55 56
57 56 55
56 57 58
47 24 28
57 59 58
59 57 60
60 61 59
61 60 62
62 63 61
63 62 64
64 65 63
65 64 66
67 65 66
65 67 68
55 42 57
42 60 57
42 55 38
60 42 69
69 62 60
41 69 42
69 41 70
40 70 41
71 70 40
71 69 70
69 71 72
62 69 72
72 64 62
71 73 72
64 72 73
73 66 64
73 71 74
74 75 73
66 73 75
75 67 66
75 74 76
77 76 74
77 78 76
78 77 79
79 77 21
78 79 80
79 7 80
80 7 81
81 7 82
82 7 5
83 82 5
83 5 4
83 4 1
83 1 84
0 84 1
83 84 85
86 82 83
86 81 82
13 7 79
79 21 13
84 87 85
84 88 87
88 84 0
88 0 16
83 85 89
83 89 86
90 81 86
90 80 81
85 87 91
85 91 89
86 89 92
86 92 90
90 78 80
89 91 93
89 93 92
92 94 90
90 95 78
90 94 95
93 96 92
94 92 96
78 95 76
96 97 94
97 98 94
99 76 95
98 99 94
99 95 94
98 67 99
76 99 75
67 75 99
67 98 100
98 97 101
100 98 101
97 96 102
97 102 101
96 103 102
103 96 93
103 93 104
105 103 104
105 104 106
107 106 104
91 107 104
107 108 106
108 107 109
107 87 109
107 91 87
108 109 110
110 109 111
109 88 111
109 87 88
110 111 112
111 113 112
113 114 112
114 113 115
111 16 113
111 88 16
113 16 116
113 116 115
117 115 116
117 116 118
119 117 118
119 118 120
121 119 120
122 121 120
123 121 122
123 122 47
122 24 47
19 24 122
19 122 120
14 19 120
118 14 120
15 14 118
116 15 118
16 15 116
124 125 126
124 127 125
124 128 127
129 126 125
126 129 130
131 127 128
125 127 132
125 132 129
133 132 127
133 127 131
129 132 134
134 132 133
129 134 135
129 135 136
130 129 136
135 137 136
135 134 138
135 139 137
135 138 139
138 140 139
140 138 141
141 138 134
134 133 141
131 128 142
143 131 142
144 140 141
133 131 145
133 146 141
145 146 133
141 146 144
145 131 147
143 142 148
149 140 144
150 140 149
150 151 140
151 152 140
152 153 140
140 153 154
139 140 154
155 139 154
155 154 153
155 156 139
151 157 152
151 158 157
158 159 157
155 153 160
161 155 160
162 155 161
162 156 155
157 159 163
163 159 164
161 160 165
157 166 152
163 166 157
152 167 153
165 160 168
153 167 168
160 153 168
152 166 167
169 163 164
169 164 170
168 171 165
168 167 171
165 171 172
172 171 173
174 172 173
174 173 175
163 176 166
176 167 166
169 176 163
177 175 173
178 175 177
167 179 171
176 179 167
180 169 170
180 170 181
178 177 182
178 182 183
183 182 184
183 184 185
184 186 185
186 187 185
186 188 187
188 186 189
189 190 188
190 189 191
191 189 192
186 193 189
184 193 186
189 193 192
193 184 194
193 194 195
193 195 196
196 192 193
184 182 197
184 197 194
182 198 197
190 199 188
199 190 200
188 201 187
201 188 199
201 185 187
201 199 202
203 185 201
203 201 202
183 185 203
183 203 204
178 183 204
202 205 203
202 206 205
202 207 206
208 207 202
199 208 202
208 199 200
209 208 200
207 208 210
209 210 208
211 207 210
178 204 212
178 212 175
212 213 175
174 175 213
174 213 214
214 213 215
216 214 215
217 216 215
216 217 218
219 216 218
219 218 220
162 219 220
220 218 221
218 217 221
220 221 222
217 215 223
217 223 221
224 221 223
224 225 221
222 221 225
226 222 225
220 222 226
220 226 156
162 220 156
227 226 225
225 228 227
229 226 227
229 227 230
228 230 227
231 229 230
136 229 231
231 230 232
233 231 232
231 233 126
126 233 234
234 233 235
233 232 235
234 235 236
126 130 231
130 136 231
237 236 235
238 235 232
230 238 232
238 237 235
230 228 238
229 136 137
229 137 226
237 239 236
240 239 237
238 241 237
241 242 237
242 240 237
240 243 239
241 238 244
238 228 244
228 245 244
245 228 225
246 245 225
247 246 225
247 225 248
248 225 224
248 224 249
248 249 250
250 249 251
249 252 251
252 253 251
249 224 254
252 249 254
224 223 254
255 253 252
255 256 253
252 254 257
257 254 223
255 252 257
258 256 255
258 259 256
257 223 260
259 258 261
262 259 261
263 259 262
259 263 264
256 259 264
265 264 263
266 263 262
262 261 267
267 211 262
211 266 262
257 268 255
257 260 268
268 258 255
268 260 269
269 260 215
269 215 213
212 269 213
269 212 270
212 204 270
204 271 270
203 271 204
203 205 271
272 268 269
272 269 270
272 273 268
258 268 273
273 274 258
258 274 261
275 266 211
275 211 210
210 209 275
211 267 207
23 276 277
77 277 276
21 276 23
77 276 21
23 277 30
277 40 30
278 40 277
77 278 277
77 74 278
74 71 278
278 71 40
279 280 281
279 281 282
280 279 283
284 279 282
279 284 285
279 285 286
279 286 287
283 279 287
285 150 286
150 149 286
149 287 286
150 285 288
151 150 288
151 288 289
285 289 288
289 285 284
151 289 158
158 289 290
290 291 158
292 158 291
293 158 292
158 293 159
159 293 294
159 294 164
164 294 295
164 295 170
170 295 296
170 296 181
181 296 297
298 297 296
297 299 181
300 299 297
299 300 301
302 301 300
302 303 301
304 303 302
303 304 192
299 305 181
181 305 180
299 306 305
306 299 301
180 305 307
308 180 307
180 308 309
169 180 309
310 309 308
310 311 309
309 311 179
311 171 179
311 173 171
177 173 311
176 309 179
176 169 309
311 198 177
310 198 311
177 198 182
196 306 301
303 196 301
192 196 303
304 191 192
312 313 314
313 312 315
312 316 315
316 312 317
312 318 317
314 319 312
312 319 318
319 314 320
319 321 318
319 320 321
316 322 315
315 322 323
323 313 315
322 316 324
320 325 321
326 325 320
320 314 326
314 327 326
323 327 313
314 313 327
323 328 327
327 329 326
329 330 326
325 326 330
331 327 328
331 329 327
332 329 331
333 329 332
333 330 329
334 335 336
335 334 337
338 337 334
337 338 339
339 338 340
341 339 340
339 341 342
340 343 341
342 341 344
341 343 344
344 345 342
346 345 344
346 344 343
345 346 347
345 347 348
349 335 337
337 339 349
342 349 339
350 349 342
345 348 350
345 350 342
350 351 349
351 350 352
352 350 348
335 349 351
352 348 353
353 348 354
348 347 354
355 353 354
356 357 358
359 356 358
358 357 360
359 358 361
362 359 361
362 361 363
364 362 363
361 358 365
358 360 365
364 363 366
363 361 367
361 365 367
360 368 365
366 363 369
369 363 367
365 370 367
365 368 370
367 370 371
371 369 367
356 372 357
359 372 356
362 373 359
359 373 372
364 374 362
362 374 373
373 375 372
372 375 376
372 376 357
364 377 374
374 378 373
373 378 375
376 375 379
375 378 380
375 380 379
378 381 380
381 378 382
378 374 382
382 374 377
383 382 377
383 377 384
385 383 384
385 384 386
366 386 384
386 366 369
364 366 384
377 364 384
387 388 389
389 388 390
387 391 388
392 391 387
388 391 393
390 388 393
392 394 391
393 391 394
395 394 392
396 393 394
397 394 395
393 396 398
397 399 394
400 399 397
400 401 399
396 402 398
402 401 403
402 403 404
398 402 404
401 405 399
405 401 402
394 399 405
396 405 402
396 394 405
406 404 403
398 404 406
406 403 407
393 398 408
408 398 406
393 408 409
408 410 409
410 406 407
408 406 410
407 411 410
410 411 409
412 411 407
412 413 411
413 409 411
413 414 409
414 415 409
415 416 409
415 417 416
417 418 416
417 389 418
389 390 418
393 416 418
390 393 418
416 393 409
419 44 420
420 44 48
48 421 420
421 48 49
52 421 49
421 52 422
54 422 52
422 54 423
56 423 54
423 56 424
58 424 56
424 58 425
58 426 425
426 58 59
59 427 426
427 59 61
61 428 427
428 61 63
63 429 428
429 63 65
68 429 65
429 68 430
430 68 100
431 430 100
68 67 100
290 432 433
433 291 290
433 142 291
290 289 432
148 142 433
284 432 289
282 432 284
432 282 433
282 148 433
148 282 281
143 148 281
280 143 281
143 280 147
147 131 143
280 145 147
145 280 283
283 146 145
287 146 283
146 287 144
287 149 144
434 435 436
437 435 434
438 435 437
438 439 435
440 439 438
441 439 440
435 439 442
436 435 442
442 439 443
443 439 441
443 441 444
441 445 444
445 446 444
447 445 441
448 441 440
447 441 448
449 445 447
450 446 445
445 451 450
451 445 449
450 452 446
452 450 453
454 450 451
451 449 454
455 453 450
449 456 454
456 457 454
457 458 454
454 458 459
450 459 455
450 454 459
460 458 457
460 457 461
457 462 461
463 460 461
462 464 461
464 465 461
465 463 461
466 462 457
456 466 457
464 467 465
467 468 465
468 469 465
469 463 465
470 471 472
471 473 472
471 474 473
474 471 475
475 476 474
476 475 477
471 478 475
478 471 470
479 475 478
477 475 479
477 479 480
481 476 477
482 481 477
482 477 483
477 480 483
480 484 483
480 485 484
484 485 486
484 486 487
484 488 483
488 482 483
488 484 489
489 484 487
487 486 490
488 489 491
489 487 491
491 487 492
487 490 492
491 492 493
494 491 493
494 495 491
491 495 488
496 495 494
497 495 496
488 495 497
496 494 498
496 498 499
500 496 499
499 501 500
498 502 499
503 501 499
502 503 499
501 503 504
503 505 504
506 505 503
503 502 506
507 496 500
497 496 507
508 509 510
508 511 509
510 512 508
513 511 508
508 514 513
508 515 514
508 516 515
512 516 508
247 514 515
247 515 246
516 246 515
514 247 517
248 517 247
248 518 517
518 514 517
514 518 513
248 250 518
250 519 518
519 250 520
521 520 250
522 521 250
250 251 522
251 523 522
251 253 523
253 524 523
253 256 524
256 264 524
525 519 520
519 525 526
519 526 518
525 520 239
243 525 239
513 518 526
526 511 513
511 526 525
243 511 525
511 243 509
240 509 243
240 510 509
510 240 242
241 510 242
510 241 512
512 241 244
244 516 512
516 244 245
246 516 245
527 528 529
528 527 530
531 528 530
528 531 532
528 532 533
529 528 534
528 533 534
534 535 529
534 533 536
534 536 535
537 531 530
530 538 537
538 530 527
531 537 539
535 536 540
540 541 535
535 541 529
529 541 542
538 527 542
529 542 527
538 542 543
542 541 544
544 541 545
541 540 545
546 543 542
546 542 544
547 546 544
548 547 544
548 544 545
549 550 551
550 549 552
551 553 549
553 551 554
554 555 553
556 555 554
554 557 556
555 556 558
557 559 556
556 559 558
559 557 560
560 561 559
561 558 559
561 560 562
560 563 562
550 564 551
551 564 554
557 554 564
565 557 564
560 565 563
560 557 565
566 565 564
565 566 567
567 563 565
564 550 566
567 568 563
568 569 563
563 569 562
570 569 568
571 572 573
572 571 574
571 575 574
575 571 576
577 575 576
575 577 578
579 578 577
578 579 580
581 573 572
573 581 582
583 582 581
582 583 584
583 585 584
585 583 586
586 587 585
587 586 588
588 589 587
589 588 590
590 591 589
591 590 592
577 593 579
584 594 582
595 582 594
582 595 573
596 573 595
573 596 571
597 571 596
571 597 576
598 576 597
576 598 577
593 577 598
599 589 591
589 599 600
600 587 589
587 600 601
601 585 587
585 601 602
602 584 585
584 602 603
594 584 603
604 605 606
605 604 607
608 605 607
605 608 609
608 610 609
610 608 611
611 612 610
612 611 613
613 614 612
614 613 615
616 614 615
614 616 617
618 617 616
617 618 619
620 619 618
619 620 621
622 621 620
621 622 623
624 611 608
608 625 624
625 608 607
607 626 625
626 607 604
604 627 626
627 604 628
606 628 604
628 606 629
620 630 622
630 620 631
618 631 620
631 618 632
616 632 618
632 616 633
615 633 616
633 615 634
615 635 634
635 615 613
613 636 635
636 613 611
611 624 636
606 637 629
637 605 609
610 637 609
612 637 610
614 637 612
637 614 617
619 637 617
621 637 619
623 637 621
605 637 606
638 574 575
578 638 575
580 638 578
574 638 572
572 638 581
581 638 583
638 586 583
586 638 588
588 638 590
590 638 592
215 260 223
156 137 139
226 137 156
639 124 126
639 126 234
91 104 93
640 641 642
641 640 643
641 643 644
642 645 640
645 642 646
646 647 645
647 646 648
641 649 642
649 641 650
651 649 650
650 652 651
652 650 653
649 651 654
654 655 649
642 655 646
655 642 649
655 654 656
656 657 655
646 657 648
657 646 655
657 656 658
653 659 652
659 653 660
660 661 659
661 660 662
662 663 661
663 662 664
664 665 663
665 664 666
664 667 666
667 664 668
662 668 664
669 667 668
667 669 670
668 671 669
671 668 672
668 662 672
660 672 662
672 673 671
673 672 674
672 660 674
674 644 673
644 674 675
674 653 675
653 674 660
650 675 653
675 650 641
641 644 675
676 667 670
667 676 677
678 677 676
677 678 679
680 679 678
679 680 681
682 681 680
681 682 683
684 683 682
685 677 679
677 685 686
685 687 686
665 686 687
686 665 666
687 685 688
689 688 685
689 679 681
679 689 685
688 689 690
691 690 689
691 681 683
681 691 689
690 691 692
693 692 691
693 683 684
683 693 691
692 693 694
695 694 693
684 695 693
694 695 696
697 696 695
696 697 698
657 698 697
698 657 658
699 697 695
695 684 699
684 700 699
700 684 701
702 699 700
699 702 703
697 699 703
703 657 697
647 703 702
703 647 648
657 703 648
684 682 701
704 705 706
705 704 707
708 706 705
706 708 709
710 709 708
709 710 711
712 711 710
711 712 713
714 707 704
707 714 715
716 715 714
715 716 717
718 717 716
717 718 719
720 719 718
719 720 721
712 722 713
722 712 723
723 724 722
724 723 725
725 726 724
726 725 727
727 728 726
728 727 729
720 730 721
730 720 731
731 732 730
732 731 733
733 734 732
734 733 735
729 735 728
735 729 734
736 737 738
737 739 738
739 740 741
742 741 740
743 736 744
745 743 744
746 745 744
747 746 748
749 747 748
749 748 750
750 748 751
752 753 742
754 753 752
751 755 756
756 755 757
757 755 754
686 667 677
667 686 666
758 759 760
759 758 761
762 760 759
760 762 763
764 763 762
763 764 765
766 758 760
758 766 767
766 768 767
769 767 768
767 769 770
768 766 771
772 771 766
772 760 763
760 772 766
771 772 773
774 773 772
774 763 765
763 774 772
773 774 775
776 770 769
770 776 777
778 777 776
777 778 779
780 779 778
779 780 781
782 781 780
781 782 783
784 781 783
781 784 785
785 779 781
784 786 785
786 784 787
788 785 786
785 788 789
779 785 789
789 777 779
790 789 788
789 790 791
777 789 791
792 791 790
791 792 793
758 793 792
770 791 793
791 770 777
767 793 758
793 767 770
784 794 787
794 784 795
795 796 794
796 795 797
797 798 796
798 797 799
799 800 798
800 799 801
795 802 797
802 795 803
804 802 803
803 782 804
782 803 783
802 804 805
805 806 802
797 806 799
806 797 802
806 805 807
807 808 806
799 808 801
808 799 806
808 807 809
809 810 808
810 801 808
810 809 811
811 812 810
812 811 813
813 814 812
814 813 815
815 774 814
774 815 775
812 816 810
816 812 817
814 817 812
818 816 817
816 818 819
816 819 800
817 820 818
820 817 821
817 814 821
774 821 814
821 764 820
764 821 765
821 774 765
816 800 801
801 810 816
822 823 824
824 823 825
825 823 826
826 823 827
828 823 822
829 823 828
830 823 829
831 823 830
827 823 832
832 823 833
833 823 834
834 823 835
836 823 831
837 823 836
838 823 837
835 823 838
839 840 841
841 840 842
842 843 844
845 844 843
846 847 839
848 847 846
849 847 848
850 851 849
852 851 850
852 853 851
853 854 851
855 845 856
857 855 856
854 858 859
858 860 859
860 857 859
784 803 795
803 784 783
861 862 863
864 862 861
865 862 864
866 862 865
867 862 866
868 862 867
869 862 868
870 862 869
871 862 870
872 862 871
873 862 872
874 862 873
875 862 874
876 862 875
877 862 876
863 862 877
878 879 880
879 878 881
880 882 878
882 880 883
883 884 882
884 883 885
885 886 884
886 885 887
888 886 887
886 888 889
890 889 888
889 890 891
892 891 890
891 892 893
894 893 892
893 894 895
896 895 894
895 896 897
898 897 896
897 898 899
900 899 898
899 900 901
902 901 900
901 902 903
902 904 903
904 902 905
905 906 904
906 905 907
907 908 906
908 907 909
909 881 908
881 909 879
910 911 912
911 910 913
911 913 914
912 915 910
915 912 916
916 917 915
917 916 918
911 919 912
919 911 920
921 919 920
920 922 921
922 920 923
919 921 924
924 925 919
912 925 916
925 912 919
925 924 926
926 927 925
916 927 918
927 916 925
927 926 928
923 929 922
929 923 930
930 931 929
931 930 932
932 933 931
933 932 934
934 935 933
935 934 936
934 937 936
937 934 938
932 938 934
939 937 938
937 939 940
938 941 939
941 938 942
938 932 942
930 942 932
942 943 941
943 942 944
942 930 944
944 914 943
914 944 945
944 923 945
923 944 930
920 945 923
945 920 911
911 914 945
946 937 940
937 946 947
948 947 946
947 948 949
950 949 948
949 950 951
952 951 950
951 952 953
954 953 952
955 947 949
947 955 956
955 957 956
935 956 957
956 935 936
957 955 958
959 958 955
959 949 951
949 959 955
958 959 960
961 960 959
961 951 953
951 961 959
960 961 962
963 962 961
963 953 954
953 963 961
962 963 964
965 964 963
954 965 963
964 965 966
967 966 965
966 967 968
927 968 967
968 927 928
969 967 965
965 954 969
954 970 969
970 954 971
972 969 970
969 972 973
967 969 973
973 927 967
917 973 972
973 917 918
927 973 918
954 952 971
974 975 976
975 974 977
978 976 975
976 978 979
980 979 978
979 980 981
982 981 980
981 982 983
984 977 974
977 984 985
986 985 984
985 986 987
988 987 986
987 988 989
990 989 988
989 990 991
982 992 983
992 982 993
993 994 992
994 993 995
995 996 994
996 995 997
997 998 996
998 997 999
990 1000 991
1000 990 1001
1001 1002 1000
1002 1001 1003
1003 1004 1002
1004 1003 1005
999 1005 998
1005 999 1004
1006 1007 1008
1007 1009 1008
1009 1010 1008
1011 1006 1008
1012 1011 1008
1013 1012 1008
1014 1013 1008
1015 1014 1008
1016 1008 1010
1017 1008 1016
1018 1008 1017
1015 1008 1019
1019 1008 1020
1020 1008 1021
1021 1008 1022
1022 1008 1018
956 937 947
937 956 936
1023 1024 1025
1026 1024 1023
1027 1024 1026
1028 1024 1027
1029 1024 1028
1030 1024 1029
1031 1024 1030
1032 1024 1031
1033 1024 1032
1034 1024 1033
1035 1024 1034
1036 1024 1035
1037 1024 1036
1038 1024 1037
1039 1024 1038
1025 1024 1039
1040 1041 1042
1041 1040 1043
1044 1042 1041
1042 1044 1045
1046 1045 1044
1045 1046 1047
1048 1040 1042
1040 1048 1049
1048 1050 1049
1051 1049 1050
1049 1051 1052
1050 1048 1053
1054 1053 1048
1054 1042 1045
1042 1054 1048
1053 1054 1055
1056 1055 1054
1056 1045 1047
1045 1056 1054
1055 1056 1057
1058 1052 1051
1059 1052 1058
1058 1060 1059
1060 1061 1059
1061 1060 1062
1063 1062 1060
1062 1063 1064
1065 1064 1063
1064 1065 1066
1067 1059 1061
1059 1067 1068
1040 1068 1067
1069 1065 1063
1065 1069 1070
1069 1071 1070
1071 1069 1072
1073 1072 1069
1073 1063 1060
1063 1073 1069
1072 1073 1074
1058 1074 1073
1074 1058 1075
1060 1058 1073
1049 1068 1040
1068 1049 1052
1052 1059 1068
1071 1076 1070
1076 1071 1077
1077 1078 1076
1078 1077 1079
1079 1080 1078
1080 1079 1081
1081 1082 1080
1082 1081 1083
1083 1084 1082
1084 1083 1085
1085 1086 1084
1086 1085 1087
1087 1088 1086
1088 1087 1089
1089 1056 1088
1056 1089 1057
1086 1090 1084
1090 1086 1091
1088 1091 1086
1092 1090 1091
1090 1092 1093
1090 1093 1094
1091 1095 1092
1095 1091 1096
1091 1088 1096
1056 1096 1088
1096 1046 1095
1046 1096 1047
1096 1056 1047
1097 1084 1090
1084 1097 1082
1098 1082 1097
1099 1098 1097
1090 1099 1097
1098 1099 1100
1100 1101 1098
1101 1100 1102
1102 1103 1101
1103 1102 1104
1104 1065 1103
1065 1104 1066
1065 1076 1103
1076 1065 1070
1103 1078 1101
1078 1103 1076
1101 1080 1098
1080 1101 1078
1082 1098 1080
1105 1106 1107
1107 1106 1108
1108 1106 1109
1109 1106 1110
1111 1110 1106
1112 1111 1106
1113 1112 1106
1114 1113 1106
1115 1106 1116
1116 1106 1117
1117 1106 1118
1118 1106 1119
1115 1120 1106
1120 1121 1106
1121 1122 1106
1122 1123 1106
1124 1125 1126
1126 1125 1127
1127 1125 1128
1129 1125 1124
1130 1125 1129
1131 1125 1130
1132 1125 1131
1133 1125 1132
1128 1125 1134
1134 1125 1135
1135 1125 1136
1137 1125 1133
1138 1125 1137
1139 1125 1138
1140 1125 1139
1136 1125 1140
1141 1142 1143
1142 1141 1144
1145 1144 1141
1144 1145 1146
1147 1146 1145
1146 1147 1148
1147 1149 1148
1149 1147 1150
1150 1151 1149
1151 1150 1152
1152 1153 1151
1153 1152 1154
1154 1155 1153
1155 1154 1156
1156 1157 1155
1157 1156 1158
1158 1159 1157
1159 1158 1160
1160 1161 1159
1161 1160 1162
1162 1163 1161
1163 1162 1164
1165 1163 1164
1163 1165 1166
1167 1166 1165
1166 1167 1168
1169 1168 1167
1168 1169 1170
1171 1170 1169
1170 1171 1172
1143 1172 1171
1172 1143 1142
1173 1174 1175
1174 1173 1176
1174 1176 1177
1175 1178 1173
1178 1175 1179
1179 1180 1178
1180 1179 1181
1174 1182 1175
1182 1174 1183
1184 1182 1183
1183 1185 1184
1185 1183 1186
1182 1184 1187
1187 1188 1182
1175 1188 1179
1188 1175 1182
1188 1187 1189
1189 1190 1188
1179 1190 1181
1190 1179 1188
1190 1189 1191
1192 1185 1186
1186 1193 1192
1194 1192 1193
1195 1194 1193
1194 1195 1196
1196 1197 1194
1197 1196 1198
1198 1199 1197
1199 1198 1200
1193 1201 1195
1201 1193 1202
1199 1203 1197
1203 1199 1204
1205 1203 1204
1203 1205 1206
1206 1207 1203
1197 1207 1194
1207 1197 1203
1192 1194 1207
1207 1206 1208
1208 1192 1207
1192 1208 1209
1210 1199 1200
1199 1210 1211
1212 1211 1210
1211 1212 1213
1214 1213 1212
1213 1214 1215
1216 1215 1214
1215 1216 1217
1218 1217 1216
1219 1205 1204
1219 1199 1211
1199 1219 1204
1220 1211 1213
1211 1220 1219
1220 1221 1219
1205 1219 1221
1221 1220 1222
1223 1222 1220
1223 1213 1215
1213 1223 1220
1222 1223 1224
1225 1224 1223
1225 1215 1217
1215 1225 1223
1224 1225 1226
1227 1226 1225
1227 1217 1218
1217 1227 1225
1226 1227 1228
1229 1228 1227
1218 1229 1227
1228 1229 1230
1231 1230 1229
1230 1231 1232
1190 1232 1231
1232 1190 1191
1233 1231 1229
1229 1218 1233
1218 1234 1233
1234 1218 1235
1236 1233 1234
1233 1236 1237
1231 1233 1237
1237 1190 1231
1180 1237 1236
1237 1180 1181
1190 1237 1181
1218 1238 1235
1193 1186 1202
1183 1202 1186
1202 1183 1174
1174 1201 1202
1239 1240 1241
1240 1242 1241
1242 1243 1241
1243 1244 1241
1245 1241 1244
1246 1241 1245
1247 1241 1246
1248 1241 1247
1249 1250 1241
1250 1251 1241
1251 1252 1241
1252 1253 1241
1249 1241 1254
1254 1241 1255
1255 1241 1256
1256 1241 1257
1258 1259 1260
1259 1261 1260
1261 1262 1260
1263 1258 1260
1264 1263 1260
1265 1264 1260
1266 1265 1260
1267 1266 1260
1262 1268 1260
1268 1269 1260
1269 1270 1260
1271 1267 1260
1272 1271 1260
1273 1272 1260
1274 1273 1260
1270 1274 1260
1275 1276 1277
1276 1275 1278
1277 1279 1275
1279 1277 1280
1280 1281 1279
1281 1280 1282
1283 1281 1282
1281 1283 1284
1285 1284 1283
1284 1285 1286
1287 1286 1285
1286 1287 1288
1289 1288 1287
1288 1289 1290
1291 1290 1289
1290 1291 1292
1293 1292 1291
1292 1293 1294
1295 1294 1293
1294 1295 1296
1297 1296 1295
1296 1297 1298
1297 1299 1298
1299 1297 1300
1300 1301 1299
1301 1300 1302
1302 1303 1301
1303 1302 1304
1304 1305 1303
1305 1304 1306
1306 1278 1305
1278 1306 1276
758 792 761
1040 1307 1043
1058 1051 1075
1192 1209 1185
45 34 50
35 50 34
50 35 51
37 51 35
51 37 53
38 53 37
53 38 55
