byte offset: 0
first index: 0
index count: 5217
topology: trianglelist
format: DXGI_FORMAT_R16_UINT

0 1 2
1 3 4
4 3 5
6 4 5
6 5 7
7 8 6
7 9 8
10 11 12
12 13 10
12 14 13
13 14 15
13 15 16
17 16 15
17 18 16
19 18 17
19 20 18
21 11 10
21 22 11
21 23 22
24 16 18
24 18 25
23 21 26
23 26 27
27 28 23
28 29 23
29 30 23
31 30 29
31 32 30
33 34 35
33 35 36
37 36 35
37 38 36
38 37 39
40 41 42
40 42 43
41 40 44
41 44 45
44 46 45
44 47 46
48 49 50
48 50 51
51 52 48
51 53 52
53 51 54
53 54 55
53 55 56
57 56 55
58 57 55
58 59 57
57 60 56
58 55 61
62 58 61
48 52 63
62 61 64
62 64 65
65 64 66
66 64 67
65 66 68
69 70 71
69 71 72
69 72 73
69 73 74
74 73 75
74 75 76
76 75 77
76 77 78
79 78 77
79 80 78
79 81 80
70 82 71
83 84 85
83 85 86
84 87 85
84 88 87
87 88 89
90 83 86
90 91 83
92 91 90
92 93 91
93 92 94
91 93 95
96 94 92
96 97 94
96 98 97
99 97 98
99 98 100
101 99 100
96 102 98
96 103 102
100 104 101
101 104 105
100 106 104
107 98 102
108 98 107
109 98 108
103 96 110
96 111 110
96 112 111
111 113 110
114 110 113
115 113 111
115 111 116
115 116 117
118 117 116
118 119 117
119 120 117
119 121 120
122 118 116
123 118 122
124 123 122
111 112 124
124 125 123
123 125 126
127 125 124
127 124 112
127 112 128
126 129 123
126 130 129
131 130 126
131 132 130
90 132 131
90 133 132
86 133 90
134 135 89
134 89 136
134 136 137
137 136 138
137 138 139
87 89 135
140 141 89
140 142 141
142 140 143
142 143 144
145 146 147
148 145 147
148 149 145
148 150 149
148 151 150
151 152 150
151 153 152
154 155 156
154 156 157
158 154 157
158 159 154
159 158 160
159 160 161
161 160 162
163 164 165
163 165 166
166 165 167
166 167 168
169 164 163
169 170 164
168 171 172
168 172 173
174 175 176
176 177 174
178 179 180
178 180 181
181 180 182
181 182 183
184 185 186
184 186 187
187 186 188
187 188 189
190 191 192
190 192 193
194 195 196
194 196 197
198 199 200
198 200 201
202 203 204
202 204 205
206 207 208
206 208 209
210 211 212
210 212 213
214 215 216
214 216 217
218 219 220
218 220 221
222 223 224
222 224 225
225 224 226
225 226 227
227 226 228
227 228 229
229 228 230
229 230 231
232 233 234
232 234 235
236 237 238
236 238 239
240 241 242
243 244 245
243 245 246
247 246 245
247 245 248
245 249 248
250 249 245
251 252 253
251 253 254
251 255 252
251 256 255
257 256 258
259 260 261
259 261 262
263 264 265
263 265 266
266 265 267
266 267 268
268 267 269
268 269 270
271 272 273
271 273 274
275 276 277
275 277 278
279 280 281
282 283 284
282 284 285
286 287 288
286 288 289
290 291 292
290 292 293
294 295 296
294 296 297
297 296 298
297 298 299
300 301 302
300 302 303
304 301 300
304 305 301
306 307 308
306 308 309
310 311 312
310 312 313
314 315 316
314 316 317
318 319 320
321 319 318
321 318 322
323 324 318
323 318 325
326 327 328
326 328 329
330 331 332
330 332 333
334 335 336
337 334 336
338 337 336
338 339 337
337 340 334
341 342 343
341 343 344
345 346 347
345 347 348
349 350 351
349 351 352
353 350 349
353 354 350
352 351 355
352 355 356
356 355 357
356 357 358
357 355 359
360 361 362
360 362 363
364 365 366
364 366 367
368 369 370
368 370 371
372 373 374
372 374 375
376 377 378
376 378 379
380 381 382
380 382 383
384 385 386
384 386 387
388 389 390
388 390 391
390 389 392
393 394 395
393 395 396
397 398 399
397 399 400
401 402 403
401 403 404
405 406 407
405 407 408
409 410 411
409 411 412
413 412 411
413 411 414
415 416 417
415 417 418
419 420 421
419 421 422
423 424 425
423 425 426
427 428 429
427 429 430
431 432 433
431 433 434
435 436 437
435 437 438
439 440 441
439 441 442
443 444 445
443 445 446
446 445 447
446 447 448
443 449 444
443 450 449
451 452 453
451 453 454
455 456 457
458 457 456
458 459 457
460 461 462
460 462 463
464 465 466
467 468 469
96 92 112
470 471 472
470 472 473
474 475 476
474 476 477
478 479 480
478 480 481
482 483 484
482 484 485
486 487 488
486 488 489
490 491 492
490 492 493
494 495 496
494 496 497
498 495 494
499 497 496
499 496 500
501 499 500
501 502 499
500 496 503
500 503 504
503 505 504
503 506 505
503 507 506
508 506 507
508 507 495
508 495 509
509 495 498
508 509 510
511 508 510
511 512 508
513 509 498
513 514 509
515 506 508
508 516 515
508 517 516
515 518 506
518 515 519
520 506 518
521 520 518
518 522 521
523 521 522
524 523 522
524 525 523
523 526 521
523 527 526
528 526 527
528 527 529
528 530 526
530 528 531
530 531 532
532 531 533
534 533 531
534 531 535
535 536 534
535 537 536
537 535 538
536 537 539
540 541 504
540 504 542
542 504 505
542 505 543
543 544 542
543 545 544
544 545 546
545 547 546
548 547 545
549 547 548
550 547 549
550 551 547
551 552 547
553 547 552
553 554 547
551 555 552
555 556 552
552 556 557
558 559 560
558 561 559
562 561 558
562 563 561
564 563 562
564 562 565
566 567 568
566 568 569
570 571 572
573 572 571
573 571 574
575 573 574
575 574 576
577 570 572
577 578 570
578 577 579
578 579 580
579 581 580
580 581 582
576 583 575
584 585 586
584 586 587
587 588 584
587 589 588
588 589 590
588 590 591
592 591 590
593 592 590
586 585 594
585 595 594
596 595 585
596 597 595
596 598 597
598 599 597
600 597 599
600 599 601
598 602 599
602 603 599
604 593 590
605 604 590
606 604 605
606 607 604
608 609 610
608 610 611
608 612 609
612 613 609
612 614 613
612 615 614
616 614 615
616 615 617
618 614 616
618 616 619
619 620 618
620 621 618
620 622 621
623 621 622
623 624 621
625 620 619
620 625 626
623 627 624
628 624 627
628 627 629
623 630 627
630 623 631
630 631 632
632 631 633
632 633 634
635 633 631
636 633 635
636 637 633
634 633 637
635 631 638
638 631 639
638 639 640
637 641 634
642 641 637
642 637 643
644 642 643
645 644 643
645 643 646
644 647 642
647 644 648
649 642 647
649 647 650
651 645 646
651 646 652
653 652 646
648 654 647
648 655 654
648 656 655
656 657 655
658 655 657
658 659 655
660 659 658
658 661 660
658 662 661
662 663 661
662 664 663
664 657 656
665 663 664
660 666 659
664 656 667
665 664 667
667 656 668
667 668 669
661 670 660
661 671 670
660 670 672
661 673 671
661 674 673
673 674 675
666 660 676
666 677 678
677 679 678
677 680 679
666 678 681
666 681 682
666 682 659
683 684 685
686 685 684
686 687 685
686 688 687
686 689 688
689 690 688
689 691 690
690 691 692
693 690 692
693 694 690
695 694 693
695 693 696
696 697 695
696 698 697
698 699 697
700 701 702
700 702 703
701 704 702
701 705 704
706 707 708
706 708 709
707 710 708
707 711 710
712 713 714
712 714 715
716 717 718
717 719 718
719 720 718
719 721 720
717 722 719
723 724 725
723 725 726
727 725 724
727 728 725
727 729 728
727 730 729
727 731 730
732 731 727
723 726 733
725 728 734
735 736 737
735 737 738
738 737 739
738 739 740
741 736 735
741 742 736
743 742 741
743 744 742
742 744 745
746 747 748
746 748 749
750 747 746
750 751 747
749 748 752
749 752 753
754 755 750
754 756 755
757 758 759
757 759 760
761 762 763
761 763 764
765 766 767
765 767 768
769 770 771
769 771 772
773 774 775
773 775 776
777 778 779
777 779 780
781 782 783
781 783 784
785 783 786
785 786 787
788 787 786
789 790 791
789 791 792
793 794 795
793 795 796
797 798 799
797 799 800
801 802 803
801 803 804
805 806 807
805 807 808
809 810 811
809 811 812
813 814 815
813 815 816
815 814 817
818 819 820
818 820 821
822 823 824
822 824 825
826 827 828
826 828 829
830 831 832
830 832 833
834 831 830
834 835 831
834 836 835
834 837 836
838 839 840
838 840 841
841 840 842
841 842 843
844 843 842
844 842 845
846 847 848
846 848 849
850 847 846
850 851 847
852 851 850
852 853 851
854 855 856
854 856 857
857 856 858
857 858 859
859 858 860
859 860 861
862 863 864
864 865 862
864 863 866
864 866 867
868 869 870
868 870 871
872 869 868
872 873 869
874 873 872
874 875 873
876 875 874
876 877 875
878 879 880
878 880 881
882 883 884
882 884 885
885 884 886
885 886 887
887 886 888
887 888 889
889 888 890
889 890 891
892 893 894
892 894 895
896 897 898
896 898 899
900 901 902
900 902 903
904 905 906
904 906 907
907 906 908
907 908 909
910 909 908
911 912 913
911 913 914
915 916 917
915 917 918
919 920 921
919 921 922
923 924 925
923 925 926
927 928 929
927 929 930
931 932 933
931 933 934
935 934 936
937 938 939
937 939 940
941 942 943
941 943 944
941 944 945
946 947 948
946 948 949
950 951 952
950 952 953
954 955 956
954 956 957
958 959 960
958 960 961
962 963 964
962 964 965
966 967 968
966 968 969
968 970 969
971 972 973
974 975 976
974 976 977
978 979 980
981 982 983
981 983 984
624 628 985
624 985 986
987 988 989
987 989 990
991 992 993
991 993 994
995 996 997
995 997 998
999 1000 1001
999 1001 1002
1003 1004 1005
1006 1007 1008
1006 1008 1009
1008 1007 1010
1011 1012 1013
1011 1013 1014
1011 1015 1012
1016 1013 1012
1017 1018 1019
1017 1019 1020
1021 1022 1023
1021 1023 1024
1025 1022 1021
1026 1022 1025
1026 1025 1027
1028 1029 1030
1028 1030 1031
1032 1033 1034
1032 1034 1035
1036 1037 1038
1036 1038 1039
1040 1041 1042
1040 1042 1043
1044 1045 1046
1044 1046 1047
1048 1049 1050
1048 1050 1051
1050 1049 1052
1053 1054 1055
1056 1053 1055
1056 1057 1053
1056 1058 1057
1056 1059 1058
1060 1061 1062
1060 1062 1063
1062 1061 1064
1064 1065 1062
1066 1067 1068
1066 1068 1069
1070 1071 1072
1070 1072 1073
1074 1075 1076
1077 1076 1075
1077 1078 1076
1079 1080 1081
1079 1081 1082
1083 1084 1085
1083 1085 1086
1087 1088 1089
1087 1089 1090
1091 1092 1093
1094 1095 1096
1097 1098 1099
1097 1099 1100
1098 1101 1099
1098 1102 1101
1099 1101 1103
1099 1103 1104
1100 1105 1097
1100 1106 1105
1100 1107 1106
1100 1108 1107
1103 1109 1104
1108 1104 1109
1108 1109 1107
1103 1110 1109
1103 1111 1110
1103 1112 1111
1113 1109 1110
1113 1110 1114
1114 1115 1113
1114 1116 1115
1117 1109 1113
1117 1118 1109
1117 1119 1118
1117 1113 1120
1119 1121 1118
1122 1121 1119
1119 1123 1122
1122 1124 1121
1125 1124 1122
1126 1125 1122
1126 1127 1125
1125 1128 1124
1128 1125 1129
1125 1130 1129
1125 1131 1130
1125 1132 1131
1125 1133 1132
1107 1134 1135
1107 1135 1136
1136 1135 1137
1136 1137 1138
1138 1137 1139
1139 1137 1140
1137 1141 1140
1137 1142 1141
1143 1141 1142
1143 1144 1141
1143 1145 1144
1143 1146 1145
1145 1146 1147
1148 1135 1134
1148 1134 1149
1148 1149 1150
1148 1150 1151
1151 1152 1148
1153 1148 1152
1153 1154 1148
1151 1155 1152
1155 1151 1156
1157 1151 1150
1157 1150 1158
1158 1159 1157
1158 1160 1159
1161 1159 1160
1161 1162 1159
1163 1159 1162
1163 1164 1159
1163 1165 1164
1159 1164 1166
1167 1168 1169
1167 1169 1170
1171 1172 1173
1171 1173 1174
1175 1176 1177
1176 1175 1178
1179 1178 1175
1179 1175 1180
1179 1180 1181
1181 1180 1182
1183 1184 1185
1183 1185 1186
1187 1188 1189
1187 1189 1190
1191 1192 1193
1191 1193 1194
1194 1193 1195
1194 1195 1196
1196 1197 1194
1198 1197 1196
1198 1199 1197
1200 1197 1199
1201 1197 1200
1201 1200 1202
1202 1203 1201
1202 1204 1203
1203 1204 1205
1205 1206 1203
1205 1207 1206
1208 1209 1210
1208 1210 1211
1211 1210 1212
1211 1212 1213
1213 1212 1214
1213 1214 1215
1215 1214 1216
1215 1216 1217
1218 1219 1220
1218 1220 1221
1221 1220 1222
1223 1222 1220
1223 1220 1224
1223 1224 1225
1226 1227 1228
1226 1228 1229
1230 1227 1226
1230 1231 1227
1232 1231 1230
1232 1233 1231
1226 1234 1230
1235 1236 1237
1235 1237 1238
1239 1240 1241
1239 1241 1242
1240 1243 1241
1244 1243 1240
1244 1245 1243
1246 1247 1248
1246 1248 1249
1249 1248 1250
1248 1247 1251
1252 1253 1254
1252 1254 1255
1256 1257 1258
1256 1258 1259
1260 1261 1262
1260 1262 1263
1264 1265 1266
1264 1266 1267
1268 1269 1270
1268 1270 1271
1106 1107 1136
1106 1136 1272
1273 1274 1275
1273 1275 1276
1277 1274 1273
1277 1278 1274
1279 1278 1277
1279 1280 1278
1281 1280 1279
1281 1282 1280
1283 1282 1281
1283 1284 1282
1285 1284 1283
1285 1286 1284
1275 1274 1287
1288 1289 1287
1288 1290 1289
1291 1288 1287
1291 1287 1292
1293 1291 1292
1293 1292 1294
1295 1293 1294
1295 1294 1296
1297 1295 1296
1297 1296 1298
1299 1297 1298
1299 1298 1300
1301 1302 1303
1301 1303 1304
1305 1303 1302
1305 1302 1306
1301 1304 1307
1301 1307 1308
1308 1307 1309
1308 1309 1310
1310 1309 1311
1310 1311 1312
1312 1311 1313
1312 1313 1314
1315 1303 1305
1316 1317 1315
1316 1315 1318
1319 1318 1315
1319 1320 1318
1316 1321 1317
1316 1322 1321
1322 1323 1321
1322 1324 1323
1324 1325 1323
1324 1326 1325
1326 1327 1325
1326 1328 1327
1329 1330 1331
1329 1331 1332
1333 1334 1335
1333 1335 1336
1336 1335 1337
1336 1337 1338
1338 1337 1339
1338 1339 1340
1341 1342 1343
1341 1343 1344
1344 1343 1345
1344 1345 1346
1346 1345 1347
1346 1347 1348
1349 1350 1351
1349 1351 1352
1353 1351 1350
1353 1354 1351
1355 1356 1357
1355 1357 1358
1359 1360 1361
1359 1361 1362
1360 1363 1361
1360 1364 1363
1364 1365 1363
1364 1366 1365
1367 1368 1369
1367 1369 1370
1368 1371 1369
1368 1372 1371
1372 1373 1371
1372 1374 1373
1375 1376 1377
1375 1377 1378
1379 1380 1381
1379 1381 1382
1383 1382 1381
1383 1381 1384
1385 1383 1384
1385 1384 1386
1385 1386 1387
1385 1387 1388
1389 1388 1387
1389 1387 1390
1391 1389 1390
1391 1390 1392
1393 1391 1392
1393 1392 1394
1395 1393 1394
1395 1394 1396
1397 1398 1399
1397 1399 1400
1401 1397 1400
1401 1400 1402
1403 1401 1402
1403 1402 1404
1403 1404 1405
1403 1405 1406
1407 1406 1405
1407 1405 1408
1409 1407 1408
1409 1408 1410
1411 1409 1410
1411 1410 1412
1413 1411 1412
1413 1412 1414
1415 1416 1417
1415 1417 1418
1419 1420 1421
1419 1421 1422
1423 1420 1419
1423 1424 1420
1425 1424 1423
1425 1426 1424
1427 1426 1425
1427 1428 1426
1429 1428 1427
1429 1430 1428
1431 1432 1433
1431 1433 1434
1434 1433 1435
1434 1435 1436
1436 1435 1437
1436 1437 1438
1439 1440 1441
1439 1441 1442
1443 1439 1442
1443 1442 1444
1445 1443 1444
1445 1444 1446
1447 1448 1449
1447 1449 1450
1448 1451 1449
1448 1452 1451
1453 1447 1450
1453 1450 1454
1455 1453 1454
1455 1454 1456
1451 1452 1457
1451 1457 1458
1459 1460 1461
1459 1461 1462
1463 1464 1465
1466 1463 1465
1466 1465 1467
1468 1466 1467
1468 1467 1469
1470 1468 1469
1471 1470 1469
1471 1469 1472
1471 1472 1473
1471 1473 1474
1475 1474 1473
1475 1473 1476
1477 1475 1476
1477 1476 1478
1479 1477 1478
1479 1478 1480
1481 1482 1483
1481 1484 1482
1485 1486 1483
1485 1483 1487
1488 1485 1487
1488 1487 1489
1490 1488 1489
1490 1489 1491
1490 1491 1492
1490 1492 1493
1494 1493 1492
1494 1492 1495
1496 1494 1495
1496 1495 1497
1496 1497 1498
1496 1498 1499
1500 1501 1502
1500 1502 1503
1503 1502 1504
1503 1504 1505
1505 1504 1506
1507 1508 1509
1507 1509 1510
1511 1509 1508
1511 1512 1509
1513 1514 1515
1515 1514 1516
1515 1517 1513
1515 1516 1518
1518 1516 1519
1518 1519 1520
1521 1522 1523
1521 1523 1524
1522 1521 1525
1521 1524 1526
1527 1522 1525
1522 1527 1528
1527 1525 1529
1530 1527 1529
1530 1529 1531
1526 1524 1532
1526 1532 1533
1530 1531 1534
1530 1534 1535
1535 1534 1536
1535 1536 1537
1537 1536 1538
1538 1539 1537
1538 1540 1539
1538 1541 1540
1537 1542 1535
1541 1543 1540
1541 1544 1543
1545 1546 1547
1545 1547 1548
1545 1548 1549
1549 1548 1550
1549 1550 1551
1550 1548 1552
1546 1553 1554
1555 1556 1557
1558 1555 1557
1558 1557 1559
1555 1558 1560
1557 1556 1561
1561 1556 1562
1561 1562 1563
1555 1560 1564
1564 1560 1565
1566 1563 1562
1566 1562 1567
1568 1566 1567
1569 1568 1567
1570 1568 1569
1570 1571 1568
1569 1572 1570
1569 1573 1572
1573 1574 1572
1575 1576 1577
1575 1577 1578
1578 1577 1579
1578 1579 1580
1580 1579 1581
1580 1581 1582
1575 1583 1576
1575 1584 1583
1584 1585 1583
1584 1586 1585
1586 1587 1585
1586 1588 1587
1589 1590 1591
1589 1591 1592
1593 1594 1595
1593 1595 1596
1597 1598 1599
1597 1599 1600
1601 1602 1603
1601 1603 1604
1605 1606 1607
1605 1607 1608
1609 1610 1611
1609 1611 1612
1613 1614 1615
1613 1615 1616
1616 1615 1617
1616 1617 1618
1618 1617 1619
1618 1619 1620
1620 1619 1621
1620 1621 1622
1620 1622 1623
1624 1623 1622
1624 1622 1625
1624 1625 1626
1627 1624 1626
1627 1626 1628
1629 1627 1628
1629 1628 1630
1631 1629 1630
1631 1630 1632
1633 1634 1635
1633 1635 1636
1637 1638 1639
1637 1639 1640
1641 1642 1637
1641 1643 1642
1639 1644 1645
1646 1647 1648
1646 1648 1649
1650 1648 1647
1650 1651 1648
1652 1653 1654
1652 1654 1655
1656 1657 1658
1656 1658 1659
1660 1661 1657
1662 1663 1664
1662 1664 1665
1666 1667 1668
1666 1668 1669
1670 1669 1668
1670 1668 1671
1671 1672 1670
1671 1673 1672
1670 1672 1674
1666 1675 1676
1666 1676 1677
1678 1676 1675
1678 1679 1676
1679 1678 1680
1679 1680 1681
1678 1682 1680
1683 1684 1685
1685 1684 1686
1685 1686 1687
1688 1689 1690
1691 1692 1689
1691 1689 1693
1694 1695 1696
1697 1698 1699
1700 1701 1702
1700 1702 1703
1702 1701 1704
1704 1705 1702
1704 1706 1707
1708 1709 1710
1708 1710 1711
1712 1713 1714
1715 1712 1714
1715 1714 1716
1717 1718 1719
1717 1719 1720
1720 1719 1721
1720 1721 1722
1722 1721 1723
1722 1723 1724
1725 1718 1717
1725 1726 1718
1727 1726 1725
1727 1728 1726
1729 1728 1727
1729 1730 1728
1719 1718 1731
1721 1719 1731
1723 1721 1731
1728 1730 1731
1726 1728 1731
1718 1726 1731
1730 1729 1732
1733 1724 1723
1733 1723 1734
1723 1731 1734
1735 1733 1734
1735 1734 1736
1734 1731 1736
1737 1735 1736
1737 1736 1738
1736 1731 1738
1739 1737 1738
1739 1738 1740
1738 1731 1740
1741 1739 1740
1741 1740 1742
1742 1731 1730
1740 1731 1742
1743 1741 1742
1743 1742 1730
1730 1732 1743
1744 1745 1746
1747 1745 1744
1747 1748 1745
1749 1748 1747
1749 1750 1748
1744 1746 1751
1744 1751 1752
1749 1753 1750
1749 1754 1753
1754 1755 1753
1754 1756 1755
1756 1757 1755
1756 1758 1757
1756 1759 1758
1760 1761 1762
1760 1762 1763
1761 1760 1764
1765 1766 1767
1765 1767 1768
1767 1769 1768
1767 1770 1769
1765 1771 1766
1765 1772 1771
1771 1772 1773
1771 1773 1774
1775 1776 1777
1775 1777 1778
1775 1778 1779
1779 1778 1780
1777 1780 1778
1779 1780 1781
1777 1782 1780
1783 1777 1776
1783 1784 1777
1783 1785 1784
1785 1786 1784
1777 1784 1786
1777 1786 1782
1785 1787 1786
1788 1789 1790
1791 1790 1789
1792 1793 1794
1792 1795 1793
1795 1796 1793
1795 1797 1796
1797 1798 1796
1799 1800 1801
1800 1802 1801
1800 1799 1803
1800 1804 1802
1804 1805 1802
1804 1806 1805
1807 1808 1809
1807 1810 1808
1807 1811 1810
1811 1812 1810
1811 1813 1812
1812 1814 1810
1809 1815 1816
1817 1818 1819
1817 1819 1820
1821 1822 1823
1821 1823 1824
1825 1826 1827
1825 1827 1828
1829 1830 1831
1829 1831 1832
1833 1834 1835
1833 1835 1836
1837 1838 1839
1837 1839 1840
1841 1842 1843
1841 1843 1844
1845 1846 1847
1845 1847 1848
1849 1845 1850
1849 1850 1851
1847 1852 1853
1854 1855 1856
1854 1856 1857
1858 1859 1860
1858 1860 1861
1862 1861 1863
1864 1865 1866
1864 1866 1867
1868 1869 1870
1869 1871 1870
1869 1872 1871
1873 1874 1875
1876 1877 1875
1876 1875 1878
1879 1880 1881
1882 1883 1884
1885 1886 1887
1885 1887 1888
1887 1889 1888
1889 1887 1890
1889 1891 1892
1893 1894 1895
1893 1895 1896
1897 1898 1899
1900 1898 1897
1900 1901 1898
1902 1903 1904
1902 1904 1905
1905 1906 1902
1907 1908 1909
1907 1909 1910
1908 1907 1911
1908 1911 1912
1910 1909 1913
1910 1913 1914
1910 1914 1915
1916 1917 1918
1916 1918 1919
1916 1920 1917
1919 1921 1916
1919 1922 1921
1923 1924 650
650 1924 1925
1924 1926 1925
649 650 1925
608 1927 612
1928 1927 608
1929 1930 1931
1932 1933 1934
1932 1935 1933
1936 1937 1938
1936 1938 1939
1940 1941 1942
1940 1942 1943
1944 1945 1946
1944 1946 1947
1948 1949 1950
1948 1950 1951
1952 1953 1954
1952 1954 1955
1956 1957 1958
1956 1958 1959
1956 1959 1960
1958 1957 1961
1961 1957 1962
1961 1962 1963
1964 1965 1966
1964 1966 1967
1968 1969 1970
1971 1970 1969
1971 1969 1972
1968 1970 1973
1974 1968 1973
1974 1973 1975
1976 1977 1978
1976 1978 1979
1980 646 643
1980 643 637
642 1981 1982
642 1982 641
1983 1984 1985
1983 1985 1986
1985 1984 1987
1985 1987 1988
1989 1988 1987
1989 1987 1990
1989 1990 1991
1992 1993 1994
1992 1994 1995
1994 1993 1996
1994 1996 1997
1998 1996 1993
1998 1999 1996
1999 1997 1996
1998 2000 1999
2001 1999 2000
2002 2001 2000
1999 2001 2003
2004 1994 1997
2004 1997 2005
1999 2005 1997
2004 2005 2006
2007 2006 2005
2008 2006 2007
2005 2009 2007
2005 1999 2010
2005 2010 2009
2011 1999 2003
2012 2013 2014
2013 2012 2015
2013 2015 2016
2017 2014 2013
2017 2013 2018
2017 2018 2019
2018 2020 2019
2018 2021 2020
2022 2023 2024
2022 2024 2025
2026 2027 2028
2026 2028 2029
2030 2029 2028
2030 2028 2031
2031 2032 2030
2031 2033 2032
2032 2033 2034
2032 2034 2035
2036 2037 2035
2036 2035 2038
2038 2035 2039
2040 2037 2036
2040 2041 2037
2042 2041 2040
2042 2040 2043
2028 2044 2045
2046 2045 2047
2046 2047 2048
2048 2047 2049
2048 2049 2050
2028 2045 2046
2051 2052 2040
2051 2040 2053
2053 2054 2051
2053 2055 2054
2055 2056 2054
2055 2057 2056
2058 2059 2060
2058 2060 2061
2062 2063 2064
2062 2064 2065
2066 2067 2068
2066 2068 2069
2067 2070 2068
2067 2071 2070
2072 2070 2071
2072 2073 2070
2067 2066 2074
2069 2068 2075
2076 2077 2078
2076 2078 2079
2078 2080 2079
2078 2081 2080
2082 2079 2080
2082 2080 2083
2083 2080 2081
2082 2083 2084
2085 2084 2083
2086 2084 2085
2083 2087 2085
2088 2081 2078
2088 2089 2081
2083 2081 2089
2088 2090 2089
2091 2089 2090
2092 2091 2090
2089 2091 2093
2089 2094 2083
2089 2093 2094
2095 2087 2083
2096 2097 2098
2096 2098 2099
2100 2101 2102
2103 2104 2105
2103 2105 2106
2107 2108 2109
2110 2109 2108
2110 2108 2111
2112 2113 2114
2112 2114 2115
2116 2117 2118
2119 2120 2121
2122 2121 2120
2122 2120 2123
2124 2125 2126
2124 2126 2127
2128 2129 2130
2131 2128 2130
2131 2130 2132
2130 2133 2132
2130 2134 2133
2131 2132 2135
2136 2137 2138
2136 2138 2139
2140 2141 2142
2140 2142 2143
2142 2144 2143
2142 2145 2144
2140 2143 2146
2146 2143 2147
2148 2149 2150
2148 2150 2151
2152 2153 2154
2152 2154 2155
2156 2157 2158
2159 2160 2161
2162 2163 2164
2162 2164 2165
2163 2162 2166
2165 2164 2167
2168 2169 2170
2168 2170 2171
2172 2173 2174
2172 2174 2175
2176 2177 2178
2176 2178 2179
2180 2179 2178
2180 2178 2181
2182 2180 2181
2182 2181 2183
2184 2185 2186
2184 2186 2187
2188 2189 2190
2188 2190 2191
2192 2193 2194
2192 2194 2195
2196 2197 2198
2196 2198 2199
2200 2201 2202
2200 2202 2203
2204 2205 2206
2204 2206 2207
2208 2209 2210
2208 2210 2211
2212 2213 2214
2212 2214 2215
2216 2212 2215
2216 2215 2217
2218 2219 2220
2218 2220 2221
2222 2223 2224
2222 2224 2225
2226 2227 2228
2226 2228 2229
2230 2231 2232
2230 2232 2233
2234 2235 2236
2234 2236 2237
2238 2239 2240
2238 2240 2241
2242 2243 2244
2242 2244 2245
2246 2247 2248
2246 2248 2249
2250 2251 2252
2250 2252 2253
2254 2255 2256
2254 2256 2257
2258 2259 2260
2258 2260 2261
2262 2263 2264
2262 2264 2265
2266 2267 2268
2266 2268 2269
2269 2268 2270
2269 2270 2271
2272 2273 2274
2272 2274 2275
2276 2277 2278
2276 2278 2279
2280 2278 2277
2280 2277 2281
2282 2283 2284
2282 2284 2285
2286 2287 2288
2286 2288 2289
2290 2291 2292
2290 2292 2293
2294 2295 2296
2294 2296 2297
2298 2299 2300
2298 2300 2301
2302 2303 2304
2302 2304 2305
2306 2307 2308
2306 2308 2309
2310 2311 2312
2310 2312 2313
2314 2315 2316
2314 2316 2317
2318 2319 2320
2318 2321 2319
2318 2322 2321
2319 2323 2320
2323 2324 2320
2323 2325 2324
2326 2327 2328
2326 2328 2329
2330 2331 2332
2330 2332 2333
2330 2333 2334
2330 2334 2335
2332 2331 2336
2332 2336 2337
2338 2339 2340
2341 2342 2343
2341 2343 2344
2345 2346 2347
2345 2347 2348
2345 2349 2346
2345 2350 2349
2349 2351 2346
2352 2353 2354
2352 2354 2355
2352 2355 2356
2352 2356 2357
2356 2355 2358
2359 2360 2361
2359 2361 2362
2362 2361 2363
2362 2363 2364
2364 2363 2365
2364 2365 2366
2365 2367 2366
2368 2369 2370
2368 2370 2371
2371 2372 2368
2368 2372 2373
2374 2368 2373
2374 2375 2368
2374 2376 2375
2374 2373 2377
2378 2374 2377
2378 2379 2374
2380 2381 2382
2380 2382 2383
2381 118 2382
2381 119 118
118 2384 2382
2385 2386 2387
2385 2387 2388
2389 2390 2391
2389 2391 2392
2393 2394 2395
2396 2393 2395
2396 2397 2393
2398 2399 2400
2398 2400 2401
2402 2403 2404
2402 2404 2405
2406 2407 2408
2406 2408 2409
2410 2411 2412
2410 2412 2413
2414 2410 2413
2414 2413 2415
2416 2417 2415
2418 2416 2415
2418 2419 2416
2420 2421 2422
2420 2422 2423
2421 2420 2424
2423 2425 2426
2425 2427 2426
2425 2428 2427
2429 2430 2431
2429 2431 2432
