byte offset: 0
first index: 0
index count: 5394
topology: trianglelist
format: DXGI_FORMAT_R16_UINT

0 1 2
1 3 2
4 0 2
1 5 3
5 6 3
6 5 7
5 8 7
7 8 9
8 10 9
9 10 11
10 12 11
11 12 13
12 14 13
13 14 15
14 16 15
15 16 17
16 18 17
8 5 19
19 5 20
5 1 20
20 1 21
1 0 21
4 21 0
12 10 22
22 10 23
23 8 19
10 8 23
24 16 14
25 24 14
25 14 12
26 12 22
26 25 12
24 27 16
27 18 16
27 28 18
28 29 18
18 29 30
17 18 30
29 28 31
28 32 31
30 29 33
29 31 33
34 35 36
37 35 34
38 37 34
34 39 38
39 40 38
38 40 41
40 42 41
41 42 43
42 44 43
43 44 45
44 46 45
41 47 38
47 37 38
43 48 41
48 47 41
45 49 43
49 48 43
39 34 50
51 50 36
34 36 50
49 45 52
45 46 53
53 52 45
46 54 53
46 55 54
56 49 52
56 57 49
57 56 58
59 57 58
60 59 58
60 61 59
61 62 59
63 60 58
61 60 63
64 61 63
65 66 67
66 68 67
65 67 69
70 65 69
70 69 71
72 70 71
73 68 66
74 73 66
75 73 74
76 75 74
77 75 76
78 77 76
79 77 78
80 70 72
65 70 80
81 80 72
81 72 82
76 74 83
83 74 84
74 66 84
84 66 85
85 65 80
66 65 85
86 76 83
78 76 86
87 78 86
79 78 87
88 79 87
89 82 90
82 72 90
72 71 90
91 92 93
92 94 93
95 92 91
93 94 96
97 93 96
97 96 98
99 97 98
99 98 100
101 99 100
101 100 102
103 101 102
103 102 104
102 105 104
104 105 106
105 107 106
106 107 108
107 109 108
110 97 99
97 110 93
110 111 93
93 111 91
111 112 91
95 91 112
113 101 103
113 114 101
114 110 99
114 99 101
115 104 106
115 116 104
116 113 103
116 103 104
108 109 117
109 118 117
117 118 119
120 117 119
121 117 120
121 122 117
122 108 117
122 123 108
123 115 106
123 106 108
124 121 120
122 121 125
121 126 125
121 124 126
124 127 126
118 128 119
129 128 118
109 129 118
128 130 119
131 132 133
131 133 134
135 131 134
136 131 135
137 136 135
137 135 138
139 137 138
139 138 140
141 139 140
141 140 142
143 141 142
138 135 144
135 134 144
140 138 145
138 144 145
142 140 146
140 145 146
132 131 147
148 132 147
131 136 147
146 149 142
143 142 150
143 150 151
142 152 150
152 142 149
153 149 146
153 146 154
155 153 154
156 155 154
157 155 156
158 157 156
159 158 156
160 155 157
158 160 157
161 160 158
162 163 164
163 165 164
164 165 166
165 167 166
166 167 168
167 169 168
163 162 170
171 163 170
171 170 172
173 171 172
173 172 174
175 173 174
176 175 174
167 177 169
177 167 165
177 178 169
178 179 169
180 177 165
180 165 163
181 180 163
181 163 171
182 181 171
182 171 173
183 182 173
183 173 175
184 183 175
184 175 176
185 184 176
186 187 179
169 179 187
168 169 187
188 189 190
190 189 191
192 190 191
192 191 193
194 192 193
194 193 195
196 194 195
196 195 197
195 198 197
197 198 199
198 200 199
199 200 201
202 203 204
205 206 207
208 209 210
209 211 210
212 209 208
213 212 208
214 215 216
215 217 216
217 215 218
219 217 218
218 220 219
220 221 219
222 220 218
218 223 222
222 224 220
224 225 220
221 220 225
224 226 225
226 227 225
225 227 228
228 221 225
227 229 228
226 230 227
230 231 227
229 227 231
230 232 231
232 233 231
234 231 233
234 229 231
235 234 233
232 230 236
230 237 236
230 226 237
236 237 238
237 239 238
237 240 239
226 240 237
240 241 239
240 226 224
242 240 224
241 240 242
242 224 222
243 242 222
244 241 242
244 242 243
234 235 245
246 234 245
229 234 246
247 229 246
228 229 247
248 228 247
221 228 248
249 221 248
221 249 250
219 221 250
250 251 219
251 217 219
217 251 252
216 217 252
252 253 216
253 254 216
216 254 214
254 255 214
256 214 255
257 256 255
255 254 258
259 255 258
257 255 259
260 257 259
258 261 259
261 262 259
259 262 260
263 262 261
264 263 261
262 263 265
266 262 265
262 266 260
265 263 267
263 268 267
268 263 264
267 268 269
268 270 269
270 268 271
271 268 264
272 270 271
269 270 273
270 274 273
270 272 274
273 274 275
274 276 275
276 274 277
272 277 274
277 272 278
279 277 278
280 277 279
280 276 277
278 272 281
272 271 281
281 271 282
271 264 282
282 264 283
264 261 283
283 261 258
284 283 258
258 254 284
254 253 284
279 285 280
286 280 285
286 287 280
286 288 287
288 289 287
289 288 290
289 291 287
289 292 291
292 293 291
291 293 294
291 294 295
296 295 294
297 296 294
298 291 295
287 291 298
296 297 299
300 296 299
300 299 301
302 300 301
302 301 303
304 302 303
305 304 303
306 305 303
301 299 307
299 308 307
303 301 309
301 307 309
306 303 310
303 309 310
297 311 299
311 308 299
312 311 297
294 312 297
293 312 294
313 300 302
313 275 300
275 313 314
313 315 314
314 315 316
315 317 316
317 318 316
319 318 317
319 320 318
321 320 319
322 320 321
323 322 321
323 321 324
325 323 324
326 323 325
327 326 325
328 326 327
329 328 327
330 328 329
331 330 329
331 332 330
333 332 331
333 334 332
334 335 332
334 336 335
336 337 335
336 338 337
338 339 337
340 339 338
341 340 338
337 339 342
339 343 342
342 343 344
343 345 344
343 339 346
339 340 346
343 346 345
239 340 341
238 239 341
346 340 241
340 239 241
335 337 347
337 342 347
335 347 348
347 342 349
342 344 349
348 347 350
347 349 350
350 349 351
349 352 351
352 349 344
348 350 353
350 351 353
330 348 353
332 348 330
332 335 348
351 354 353
330 353 328
353 355 328
353 354 355
354 356 355
354 357 356
354 351 357
357 358 356
357 256 358
256 257 358
328 355 326
355 359 326
355 356 359
356 358 360
356 360 359
358 361 360
358 257 361
257 260 361
326 359 323
359 322 323
359 360 322
360 361 362
360 362 322
361 363 362
361 260 363
260 266 363
362 363 364
363 365 364
363 266 365
266 265 365
322 362 320
362 364 320
364 365 366
366 365 265
318 364 366
320 364 318
318 366 316
267 366 265
316 366 267
269 316 267
314 316 269
273 314 269
275 314 273
275 276 296
276 295 296
298 295 276
280 298 276
275 296 300
287 298 280
290 367 368
367 369 368
369 292 368
290 370 367
367 370 371
370 372 371
369 373 292
374 373 369
371 374 367
374 369 367
292 373 293
293 373 312
312 373 311
311 373 308
308 373 307
307 373 309
309 373 310
292 289 368
289 290 368
374 375 373
371 372 376
377 371 376
371 377 374
377 375 374
377 378 375
379 378 377
379 377 376
378 380 375
375 380 373
380 381 373
382 381 380
382 383 381
384 383 382
384 385 383
385 386 383
387 384 382
386 385 388
385 389 388
388 389 390
389 391 390
392 390 391
393 392 391
393 305 392
305 306 392
388 390 394
395 388 394
394 390 396
390 392 396
396 392 310
392 306 310
386 388 397
388 395 397
386 397 398
383 386 398
383 398 381
389 399 391
399 400 391
400 399 401
402 400 401
402 403 400
404 403 402
404 405 403
406 405 404
405 406 407
406 408 407
406 409 408
409 324 408
325 324 409
410 325 409
327 325 410
411 327 410
329 327 411
412 329 411
412 413 329
413 331 329
413 333 331
408 324 414
324 321 414
407 408 415
408 414 415
407 415 416
414 321 319
415 414 417
414 319 417
416 415 418
415 417 418
416 418 419
420 416 419
420 407 416
405 407 420
421 405 420
421 420 422
422 420 419
423 421 422
418 313 419
417 319 317
317 315 417
315 418 417
313 418 315
419 313 302
422 419 302
304 422 302
423 422 304
305 423 304
405 421 403
403 421 424
421 423 424
403 424 400
400 424 391
424 393 391
424 423 393
423 305 393
425 243 223
243 222 223
223 426 425
426 223 218
218 215 426
215 214 426
214 256 426
427 426 256
426 427 425
357 427 256
351 427 357
428 243 425
428 244 243
352 428 425
425 427 352
427 351 352
428 352 344
344 345 428
345 244 428
345 346 244
346 241 244
429 430 431
431 430 432
430 433 432
432 433 434
435 432 434
434 436 435
436 437 435
438 437 436
436 439 438
438 439 440
441 438 440
440 442 441
442 443 441
444 438 441
445 444 441
441 443 445
446 444 445
447 446 445
447 445 448
443 448 445
448 443 449
450 448 449
451 448 450
451 447 448
452 451 450
446 453 444
453 454 444
452 450 455
456 452 455
455 457 456
457 455 458
455 459 458
449 459 450
459 455 450
457 460 456
461 457 458
462 461 458
461 462 463
462 464 463
463 464 465
465 466 463
466 467 463
463 467 461
464 468 465
465 468 469
468 470 469
469 470 471
470 472 471
471 472 473
472 474 473
473 475 471
475 476 471
477 475 473
478 477 473
473 474 478
479 477 478
480 479 478
480 478 481
474 481 478
481 482 480
483 479 480
484 483 480
480 482 484
485 483 484
486 485 484
484 487 486
482 487 484
487 488 486
485 489 483
489 490 483
479 483 490
489 491 490
491 492 490
493 490 492
493 479 490
494 493 492
477 479 493
495 477 493
495 493 494
475 477 495
496 475 495
497 495 494
498 488 487
491 499 492
499 500 492
494 492 500
499 501 500
501 502 500
502 501 503
501 504 503
503 505 502
505 506 502
505 507 506
507 508 506
506 509 502
509 500 502
506 508 509
509 494 500
494 509 510
497 494 510
503 504 511
504 512 511
505 503 513
503 511 513
511 512 514
512 515 514
513 511 516
511 514 516
514 515 517
515 518 517
516 514 519
514 517 519
507 505 520
505 513 520
507 520 521
520 522 521
520 513 523
513 516 523
522 520 524
520 523 524
522 524 525
523 516 526
516 519 526
523 526 524
524 527 525
525 527 528
526 529 524
517 518 530
517 530 519
518 531 530
530 532 519
519 532 526
531 533 530
533 534 530
530 534 532
534 535 532
533 536 534
536 537 534
534 537 535
537 538 535
537 536 539
539 540 537
537 540 538
540 541 538
540 539 542
539 543 542
541 540 544
540 542 544
532 535 545
532 545 526
526 545 529
545 546 529
529 546 547
546 548 547
547 548 466
548 467 466
546 549 548
549 550 548
548 550 467
550 551 467
467 551 461
457 461 551
460 457 551
545 552 546
552 549 546
535 552 545
535 538 552
538 553 552
552 553 549
549 554 550
553 554 549
554 555 550
550 555 551
555 460 551
538 541 553
541 556 553
553 556 554
554 557 555
556 557 554
557 558 555
555 558 460
558 456 460
556 541 559
541 544 559
558 557 560
456 558 560
557 561 560
557 556 561
556 559 561
562 559 544
563 562 544
544 542 563
542 564 563
542 543 564
543 565 564
564 565 566
565 567 566
563 564 568
564 566 568
566 567 569
567 570 569
568 566 571
566 569 571
569 570 572
570 573 572
571 569 574
569 572 574
575 571 574
576 575 574
446 575 576
453 446 576
568 571 577
571 575 577
563 568 577
562 563 577
575 446 578
579 575 578
577 579 562
575 579 577
579 578 580
581 579 580
579 581 562
562 581 559
581 561 559
581 580 561
580 560 561
560 580 452
452 456 560
580 451 452
451 580 578
447 451 578
446 447 578
576 582 453
574 582 576
572 582 574
573 582 572
453 582 454
454 582 583
454 583 437
437 438 454
438 444 454
437 583 435
583 584 435
583 582 584
435 584 432
584 585 432
584 582 585
432 585 431
431 585 586
585 587 586
431 586 429
585 582 587
476 588 471
471 588 589
469 471 589
589 528 469
528 465 469
466 465 528
466 528 527
527 547 466
547 527 524
524 529 547
588 476 590
496 590 476
475 496 476
590 496 591
496 592 591
496 495 592
592 495 497
449 443 593
443 442 593
449 593 594
459 449 594
459 594 595
458 459 595
462 458 595
596 462 595
462 596 464
596 597 464
464 597 468
597 598 468
468 598 470
598 599 470
470 599 472
599 600 472
472 600 474
600 601 474
601 602 474
602 481 474
481 602 603
482 481 603
603 604 482
604 487 482
604 498 487
507 521 508
605 606 607
606 608 607
606 605 609
610 606 609
610 609 611
612 610 611
612 611 613
614 612 613
614 613 615
616 614 615
616 615 617
618 616 617
618 617 619
620 618 619
620 619 621
622 620 621
622 621 623
624 622 623
624 623 625
626 624 625
627 626 625
628 627 625
629 627 628
630 629 628
631 629 630
632 631 630
633 631 632
634 633 632
635 633 634
636 635 634
635 636 637
638 635 637
638 637 639
640 638 639
640 639 641
642 640 641
643 642 641
644 643 641
645 643 644
646 645 644
647 648 649
647 649 650
650 649 651
650 651 652
653 650 652
653 652 654
655 653 654
654 656 655
656 657 655
649 658 651
648 658 649
655 657 659
657 660 659
659 661 655
661 653 655
661 662 653
662 650 653
662 647 650
663 648 647
664 663 647
664 647 665
647 662 665
665 662 666
662 661 666
666 661 667
661 659 667
667 659 668
659 660 668
669 663 664
670 669 664
664 665 670
665 671 670
666 672 665
672 671 665
667 673 666
673 672 666
668 674 667
674 673 667
663 669 675
675 676 663
676 648 663
676 677 648
678 677 676
678 651 677
652 651 678
679 652 678
654 652 679
680 654 679
654 680 656
680 681 656
651 658 677
648 677 658
680 682 681
682 683 681
682 680 684
680 679 684
684 679 685
679 678 685
685 678 676
685 676 686
684 685 687
685 686 687
682 684 688
684 687 688
683 682 689
682 688 689
687 686 690
686 691 690
691 686 692
686 675 692
676 675 686
669 692 675
688 687 693
687 690 693
689 688 693
694 689 693
695 689 694
683 689 695
696 683 695
683 696 697
681 683 697
698 681 697
698 699 681
699 656 681
657 656 699
700 657 699
660 657 700
701 660 700
660 701 702
668 660 702
702 703 668
703 674 668
704 705 706
707 704 706
708 707 706
709 707 708
710 709 708
707 711 704
711 712 704
704 712 705
709 713 707
713 711 707
712 714 705
715 712 711
716 715 711
716 711 713
717 715 716
715 717 718
715 718 712
718 714 712
719 717 716
719 716 720
720 716 713
721 719 720
721 720 722
723 721 722
713 724 720
724 722 720
724 713 709
709 710 725
726 709 725
726 724 709
726 725 727
728 729 730
729 731 730
730 731 732
731 733 732
732 733 734
733 735 734
732 734 736
736 737 732
738 736 734
739 738 734
734 735 739
740 738 739
741 740 739
739 742 741
735 742 739
742 743 741
744 740 741
745 744 741
741 743 745
232 744 745
233 232 745
745 746 233
743 746 745
746 235 233
232 236 744
236 747 744
740 744 747
236 238 747
238 748 747
749 747 748
749 740 747
750 749 748
738 740 749
751 738 749
751 749 750
736 738 751
752 736 751
753 751 750
752 751 753
245 235 746
754 245 746
754 746 743
755 754 743
743 742 755
742 756 755
756 742 735
757 756 735
758 757 735
733 758 735
759 758 733
731 759 733
760 759 731
729 760 731
761 760 729
762 761 729
762 729 728
763 762 728
728 764 763
764 765 763
766 762 763
767 766 763
763 765 767
765 768 767
766 767 769
767 770 769
770 767 768
770 771 769
771 772 769
771 770 773
770 774 773
774 770 768
773 775 771
775 776 771
772 771 776
775 777 776
777 778 776
776 778 779
779 772 776
778 780 779
777 781 778
781 782 778
780 778 782
781 783 782
783 784 782
782 784 785
785 780 782
786 780 785
787 786 785
787 785 788
784 788 785
779 780 789
780 786 789
779 789 790
772 779 790
772 790 791
769 772 791
766 769 791
792 766 791
766 792 762
792 761 762
788 793 787
794 793 788
794 788 795
794 795 796
796 795 797
797 379 796
797 795 382
797 382 380
795 387 382
795 788 387
788 784 387
784 384 387
385 384 784
783 385 784
385 783 389
783 399 389
399 783 798
799 399 798
799 798 800
801 799 800
801 800 802
801 802 803
804 803 802
804 805 803
805 804 806
807 805 806
808 805 807
809 808 807
809 807 810
811 809 810
811 810 812
813 811 812
813 812 814
815 813 814
816 815 814
816 333 815
334 333 816
817 334 816
336 334 817
818 336 817
338 336 818
819 338 818
338 819 820
341 338 820
818 821 819
821 822 819
821 823 822
823 824 822
822 825 819
825 820 819
822 824 825
341 820 748
238 341 748
825 750 820
750 748 820
821 818 826
818 817 826
826 817 827
823 821 828
821 826 828
828 826 829
826 827 829
828 829 830
831 828 830
828 831 823
829 827 832
829 832 830
827 814 832
827 816 814
817 816 827
832 833 830
814 812 832
812 834 832
832 834 833
834 835 833
833 835 836
830 833 836
835 837 836
836 837 764
837 765 764
812 810 834
810 838 834
834 838 835
835 839 837
838 839 835
839 840 837
837 840 765
840 768 765
810 807 838
807 806 838
838 806 839
839 841 840
806 841 839
841 842 840
840 842 768
842 774 768
841 843 842
843 844 842
842 844 774
844 773 774
806 804 841
804 843 841
844 843 845
773 844 845
843 802 845
843 804 802
800 845 802
775 773 845
845 800 775
800 777 775
777 800 798
781 777 798
783 781 798
333 413 815
815 413 813
413 412 813
412 411 813
411 811 813
411 410 811
410 809 811
410 409 809
409 808 809
808 409 846
409 406 846
808 846 847
805 808 847
846 406 404
847 846 848
846 404 848
848 404 402
805 847 803
848 849 847
849 803 847
849 848 401
848 402 401
849 801 803
401 799 849
799 801 849
399 799 401
736 752 737
752 850 737
851 737 850
732 737 851
851 730 732
728 730 851
764 728 851
851 852 764
852 851 850
852 836 764
852 830 836
752 853 850
853 752 753
853 831 850
830 852 831
852 850 831
831 853 823
753 824 853
824 823 853
825 824 753
750 825 753
854 855 856
855 857 856
857 858 856
858 857 859
857 860 859
861 859 860
862 861 860
861 862 863
863 864 861
864 863 865
863 866 865
865 866 867
866 868 867
863 869 866
869 870 866
868 866 870
870 869 871
872 870 871
873 870 872
873 868 870
868 873 874
873 875 874
875 873 876
876 873 872
877 875 876
871 869 878
869 879 878
880 875 877
881 880 877
882 880 881
880 882 883
884 880 883
874 875 884
875 880 884
885 882 881
883 882 886
887 883 886
886 888 887
888 889 887
889 888 890
891 890 888
892 891 888
892 888 886
893 889 890
890 894 893
894 895 893
895 894 896
897 895 896
896 898 897
898 899 897
900 898 896
901 900 896
900 902 898
902 903 898
899 898 903
902 904 903
904 905 903
906 903 905
906 899 903
905 907 906
904 908 905
908 909 905
907 905 909
908 910 909
910 911 909
912 909 911
912 907 909
913 912 911
910 908 914
908 915 914
908 904 915
914 915 491
915 916 491
915 917 916
904 917 915
917 918 916
917 904 902
919 917 902
918 917 919
919 902 900
920 919 900
921 918 919
922 912 913
491 916 499
916 923 499
923 916 918
499 923 501
923 924 501
501 924 925
504 501 925
925 924 926
924 927 926
926 927 928
927 929 928
927 924 930
924 923 930
927 930 929
930 923 918
918 931 930
921 931 918
504 925 932
512 504 932
932 925 933
925 926 933
512 932 934
515 512 934
934 932 935
932 933 935
515 934 936
518 515 936
936 934 937
934 935 937
933 926 938
926 928 938
928 939 938
939 940 938
935 933 941
933 938 941
941 938 942
938 940 942
940 943 942
937 935 944
935 941 944
941 942 944
942 943 945
943 946 945
942 947 944
518 936 948
936 937 948
531 518 948
937 949 948
937 944 949
531 948 533
948 950 533
948 949 950
949 951 950
533 950 536
950 952 536
950 951 952
951 953 952
954 536 952
952 955 954
952 953 955
953 956 955
954 955 957
958 954 957
957 955 959
955 956 959
949 960 951
944 960 949
944 947 960
947 961 960
947 962 961
962 963 961
962 891 963
891 892 963
961 963 964
963 965 964
963 892 965
892 966 965
966 892 886
886 882 966
882 885 966
960 961 967
961 964 967
960 967 951
951 967 953
967 968 953
967 964 968
964 965 969
964 969 968
965 970 969
965 966 970
966 885 970
953 968 956
968 971 956
968 969 971
969 970 972
969 972 971
970 973 972
970 885 973
885 881 973
956 971 974
959 956 974
972 973 975
975 973 881
976 972 975
974 971 976
971 972 976
959 974 977
978 959 977
957 959 978
979 957 978
958 957 979
980 958 979
980 979 981
982 980 981
981 979 983
979 978 983
982 981 984
985 982 984
984 981 986
981 983 986
985 984 987
988 985 987
987 984 989
984 986 989
986 990 989
990 991 989
990 871 991
871 878 991
983 992 986
992 990 986
983 978 992
978 977 992
871 990 993
990 994 993
994 992 977
990 992 994
993 994 995
994 996 995
996 994 977
977 974 996
974 976 996
996 976 995
976 975 995
995 975 877
877 975 881
876 995 877
993 995 876
872 993 876
871 993 872
991 878 997
989 991 997
987 989 997
988 987 997
878 879 997
879 998 997
879 862 998
863 862 879
869 863 879
862 860 998
860 999 998
999 997 998
860 857 999
857 1000 999
1000 997 999
857 855 1000
1000 855 1001
1002 1000 1001
855 854 1001
997 1000 1002
901 896 1003
1004 1003 896
894 1004 896
946 1004 894
890 946 894
891 946 890
945 946 891
891 962 945
942 945 962
962 947 942
1003 1005 901
1005 920 901
920 900 901
1005 1006 920
920 1006 1007
920 1007 919
1007 921 919
867 868 1008
868 874 1008
1008 874 1009
874 884 1009
1009 884 1010
884 883 1010
1010 883 887
1011 1010 887
887 889 1011
889 1012 1011
1012 889 893
1013 1012 893
893 895 1013
895 1014 1013
1014 895 897
1015 1014 897
897 899 1015
899 1016 1015
1016 899 1017
899 906 1017
1017 906 1018
906 907 1018
1018 907 1019
907 912 1019
1019 912 922
928 929 939
1020 1021 1022
1021 1023 1022
1024 1023 1021
1025 1024 1021
1026 1024 1025
1027 1026 1025
1028 1026 1027
1029 1028 1027
1030 1028 1029
1031 1030 1029
1032 1030 1031
1033 1032 1031
1034 1032 1033
1035 1034 1033
1036 1034 1035
1037 1036 1035
1038 1036 1037
1039 1038 1037
1040 1038 1039
1041 1040 1039
1041 1042 1040
1042 1043 1040
1042 1044 1043
1044 1045 1043
1044 1046 1045
1046 1047 1045
1046 1048 1047
1048 1049 1047
1048 1050 1049
1050 1051 1049
1052 1051 1050
1053 1052 1050
1054 1052 1053
1055 1054 1053
1056 1054 1055
1057 1056 1055
1057 1058 1056
1058 1059 1056
1058 1060 1059
1060 1061 1059
1062 1063 1064
1065 1063 1062
1065 1066 1063
1067 1066 1065
1068 1067 1065
1069 1067 1068
1070 1069 1068
1069 1070 1071
1070 1072 1071
1066 1073 1063
1064 1063 1073
1070 1074 1072
1074 1075 1072
1074 1070 1076
1070 1068 1076
1076 1068 1077
1068 1065 1077
1077 1065 1062
1062 1064 1078
1076 1077 1079
1077 1080 1079
1077 1062 1080
1081 1062 1078
1062 1081 1080
1074 1076 1082
1076 1079 1082
1075 1074 1083
1074 1082 1083
1078 1084 1081
1084 1085 1081
1080 1081 1085
1086 1080 1085
1079 1080 1087
1080 1086 1087
1082 1079 1088
1079 1087 1088
1083 1082 1089
1082 1088 1089
1084 1078 1090
1090 1078 1091
1078 1064 1091
1091 1064 1092
1091 1092 1093
1093 1092 1066
1093 1066 1067
1094 1093 1067
1094 1067 1069
1095 1094 1069
1069 1071 1095
1071 1096 1095
1092 1073 1066
1064 1073 1092
1095 1096 1097
1096 1098 1097
1097 1099 1095
1099 1094 1095
1099 1100 1094
1100 1093 1094
1100 1091 1093
1091 1100 1101
1101 1100 1102
1100 1099 1102
1102 1099 1103
1099 1097 1103
1103 1097 1104
1097 1098 1104
1102 1105 1101
1105 1106 1101
1101 1106 1107
1090 1101 1107
1090 1091 1101
1107 1084 1090
1103 1108 1102
1108 1105 1102
1103 1104 1108
1104 1109 1108
1110 1109 1104
1104 1098 1110
1098 1111 1110
1098 1112 1111
1096 1112 1098
1113 1112 1096
1114 1113 1096
1071 1114 1096
1114 1071 1072
1115 1114 1072
1115 1072 1075
1116 1115 1075
1116 1075 1117
1075 1083 1117
1118 1117 1083
1089 1118 1083
1119 1120 1121
1120 1119 1122
1123 1120 1122
1123 1122 1124
1125 1123 1124
1122 1119 1126
1119 1127 1126
1119 1121 1127
1124 1122 1128
1122 1126 1128
1121 1129 1127
1126 1127 1130
1131 1126 1130
1128 1126 1131
1131 1130 1132
1130 1133 1132
1130 1127 1133
1127 1129 1133
1134 1131 1132
1135 1131 1134
1135 1128 1131
1136 1135 1134
1137 1135 1136
1138 1137 1136
1137 1139 1135
1139 1128 1135
1128 1139 1124
1125 1124 1140
1124 1141 1140
1139 1141 1124
1141 1142 1140
394 396 373
395 394 373
397 395 373
398 397 373
381 398 373
396 310 373
797 378 379
380 378 797
