byte offset: 0
first index: 0
index count: 7104
topology: trianglelist
format: DXGI_FORMAT_R16_UINT

0 1 2
2 3 0
4 1 0
1 5 2
1 6 5
5 7 2
8 7 5
7 8 9
10 9 8
9 10 11
5 12 8
12 5 6
8 13 10
13 8 12
10 14 11
14 10 15
13 15 10
15 16 14
16 15 17
18 17 15
15 13 18
17 18 19
20 17 19
20 21 17
21 16 17
21 20 22
22 20 23
20 19 24
22 25 21
26 27 28
27 26 29
26 30 29
31 28 27
26 32 30
33 28 31
26 28 33
26 33 34
32 26 34
34 33 35
34 36 32
34 37 36
34 38 37
35 38 34
35 39 38
35 40 39
39 40 41
42 43 44
43 42 45
42 46 45
46 42 47
48 46 47
48 49 46
49 50 46
51 46 50
45 46 51
52 51 50
51 52 53
50 49 54
54 55 50
50 55 52
55 54 56
54 49 57
57 58 54
54 58 56
58 57 59
60 45 51
51 53 60
45 60 61
48 62 49
62 57 49
57 62 63
63 59 57
45 61 43
64 65 66
65 64 67
68 66 65
66 68 69
67 70 65
70 67 71
66 72 64
73 64 72
64 73 74
74 67 64
72 66 75
69 75 66
65 76 68
76 65 70
75 69 77
68 78 69
78 68 79
76 79 68
79 76 80
69 81 77
81 69 78
67 74 82
82 71 67
71 82 83
80 84 79
84 80 85
86 79 84
79 86 78
84 87 86
87 84 88
85 88 84
88 89 87
89 88 90
91 87 89
87 91 92
92 86 87
86 92 93
78 93 81
93 78 86
90 88 94
88 85 94
95 90 94
83 82 96
97 83 96
82 98 96
98 82 74
74 99 98
99 74 73
100 101 102
101 100 103
104 103 100
105 100 102
100 105 106
104 100 106
102 107 105
107 102 108
109 107 108
107 109 110
108 111 109
111 108 112
102 112 108
112 102 101
112 113 111
113 112 114
101 114 112
114 101 115
103 115 101
115 103 116
116 103 117
104 117 103
118 111 113
111 118 119
119 109 111
109 119 120
120 110 109
121 120 119
120 121 122
122 123 120
110 120 123
123 122 124
125 119 118
119 125 121
126 127 128
129 127 126
127 129 130
131 130 129
130 131 132
129 133 131
133 129 134
135 127 130
135 130 136
132 136 130
127 135 137
138 129 126
129 138 134
126 139 138
139 126 140
140 126 128
134 141 133
134 142 141
142 134 138
139 142 138
143 141 142
142 144 143
144 142 145
142 139 145
144 146 143
146 144 147
141 143 148
146 148 143
148 146 149
150 149 146
147 150 146
150 147 151
150 151 152
127 137 153
154 127 153
155 156 153
157 158 155
128 127 159
160 161 157
160 162 161
163 162 160
162 163 164
165 164 163
164 165 166
167 166 165
166 167 168
169 168 167
168 169 170
171 170 169
170 171 172
171 173 172
173 171 174
173 174 175
176 177 178
177 179 178
176 178 180
180 181 176
181 180 182
182 183 181
180 184 182
182 184 183
184 180 185
185 180 178
185 178 186
186 178 187
188 189 190
189 188 191
192 189 191
191 193 192
191 194 193
195 189 192
196 188 190
188 196 197
197 198 188
198 191 188
199 191 198
194 191 199
200 194 199
198 197 201
201 202 198
198 202 199
202 201 203
204 192 193
192 204 205
192 206 195
206 192 205
207 200 199
199 202 207
200 207 208
207 209 208
207 210 209
207 202 210
203 210 202
211 209 210
210 203 211
209 211 212
213 209 212
209 213 214
215 209 214
215 208 209
215 200 208
200 215 216
215 214 217
216 215 217
218 216 217
216 218 219
217 220 218
220 217 221
214 221 217
221 214 213
222 218 220
218 222 223
218 223 219
223 224 219
224 223 225
226 219 224
219 226 193
219 193 194
216 219 194
200 216 194
227 226 224
223 228 225
228 223 222
226 204 193
204 226 229
226 230 229
230 226 227
231 225 228
225 231 232
227 233 230
233 227 234
235 225 232
225 235 224
224 235 227
227 235 234
235 236 234
232 236 235
231 237 232
236 232 237
237 238 236
237 231 239
238 240 236
241 240 238
237 242 238
239 242 237
242 239 243
243 244 242
244 241 238
242 244 238
244 243 245
245 246 244
247 241 244
246 247 244
234 248 233
248 234 236
240 248 236
241 249 240
250 251 252
253 251 250
251 253 254
255 254 253
256 252 251
251 257 256
257 251 254
255 257 254
250 252 258
256 259 252
260 261 262
260 263 261
263 260 264
265 263 264
263 265 266
265 267 266
267 265 268
269 265 264
269 264 270
260 270 264
268 265 271
272 271 265
269 272 265
272 269 273
269 274 273
274 269 270
260 262 275
260 275 270
276 267 268
277 278 271
277 279 278
279 280 278
280 279 281
279 277 282
283 282 277
282 283 284
285 284 283
284 285 286
287 283 277
283 287 288
283 289 285
289 283 288
280 290 278
278 290 271
287 277 271
271 291 287
291 271 292
287 293 288
293 287 291
288 294 289
294 288 293
284 295 282
296 282 295
295 297 296
297 295 298
299 297 298
297 299 300
301 299 298
299 301 302
298 303 301
303 298 295
304 300 299
302 304 299
300 304 305
304 302 306
307 306 302
306 307 308
309 305 304
305 309 310
311 305 310
305 311 312
312 300 305
304 313 309
313 304 306
308 313 306
313 308 314
301 315 302
303 315 301
307 302 315
316 315 303
311 317 312
317 311 318
284 316 303
295 284 303
316 284 286
307 319 308
320 317 318
317 320 321
320 322 321
323 321 322
324 323 322
323 324 325
325 326 323
326 325 327
325 328 327
328 325 329
324 329 325
329 324 319
330 326 327
326 330 331
327 332 330
332 327 328
319 307 329
322 333 324
333 322 334
322 320 334
335 324 333
324 335 319
335 308 319
308 335 314
328 329 336
332 328 336
307 336 329
337 332 336
326 331 338
338 331 339
331 281 339
281 296 339
340 339 296
297 340 296
300 340 297
340 300 341
300 312 341
296 281 279
282 296 279
342 280 281
280 342 343
342 344 343
344 342 345
345 346 344
346 345 347
347 285 346
285 347 286
346 348 344
348 349 344
349 343 344
348 346 350
346 289 350
289 346 285
280 343 351
343 349 351
352 349 348
349 352 353
348 354 352
354 348 350
350 294 354
294 350 289
330 347 345
345 331 330
331 345 342
281 331 342
347 330 332
354 355 352
355 356 352
356 353 352
356 357 353
358 349 359
359 360 358
360 359 361
359 362 361
362 359 363
364 362 363
362 364 365
364 366 365
367 363 359
367 368 363
364 363 368
369 359 349
367 359 369
369 370 367
367 370 371
371 368 367
364 372 366
364 368 372
373 358 360
374 375 376
374 377 375
378 379 380
379 378 381
382 380 379
380 382 383
379 384 382
384 379 385
385 379 381
385 381 386
386 381 387
388 387 381
381 378 389
385 390 384
390 385 391
386 391 385
391 386 392
392 386 393
386 387 393
382 394 383
394 382 395
384 395 382
395 396 394
396 395 397
398 397 395
395 384 398
390 398 384
398 390 399
399 400 398
398 400 397
400 401 397
400 399 402
403 401 400
402 403 400
397 401 404
396 397 405
401 406 407
408 409 410
410 409 411
408 412 409
412 413 409
409 413 414
411 409 414
415 411 414
414 413 415
411 415 416
408 417 412
413 412 417
418 413 417
413 418 415
417 408 419
419 408 420
408 421 420
421 408 410
421 410 422
422 410 423
423 410 411
424 423 411
424 411 416
421 422 425
420 421 425
423 424 426
422 423 426
427 428 429
428 427 430
430 431 428
431 430 432
433 431 432
431 433 434
435 434 433
434 435 436
437 436 435
436 437 438
439 438 437
438 439 440
440 439 441
442 440 441
442 441 443
443 444 442
444 443 445
446 444 445
447 448 449
448 447 450
451 450 447
450 451 452
448 453 449
454 452 451
452 454 455
454 456 455
456 454 457
457 458 456
458 457 459
460 448 450
448 460 461
448 461 453
450 462 460
462 450 452
456 463 455
452 463 462
463 452 455
463 456 464
458 464 456
464 458 465
466 467 468
467 466 469
469 470 467
470 469 471
472 466 468
466 472 473
471 474 470
474 471 475
475 476 474
476 475 477
478 476 477
467 479 468
479 472 468
479 467 480
470 480 467
478 481 476
480 470 482
474 482 470
472 479 483
484 476 481
476 484 474
482 474 484
485 486 487
488 485 487
485 488 489
489 488 490
429 489 490
429 490 427
491 492 493
494 492 491
492 494 495
491 496 494
496 491 497
497 498 496
498 497 499
499 497 500
501 499 500
500 502 501
502 500 503
503 500 504
491 504 497
497 504 500
499 505 498
505 499 506
501 506 499
504 491 507
508 504 507
503 504 508
509 507 493
507 509 510
507 510 511
512 507 511
508 507 512
511 513 512
514 501 502
501 514 515
506 501 515
516 515 514
515 516 517
517 518 515
518 506 515
518 517 519
520 506 518
518 519 520
519 521 520
522 509 493
493 523 522
492 523 493
523 492 495
524 513 525
525 526 524
526 527 524
526 525 528
526 528 529
526 530 527
531 527 530
532 530 526
530 532 533
534 530 533
531 530 534
532 535 533
535 532 536
534 537 531
537 534 538
538 534 539
539 534 533
538 540 537
540 538 541
542 533 535
533 542 539
543 539 542
539 543 544
538 539 544
541 538 544
541 544 545
546 544 543
544 546 545
541 547 540
547 541 548
545 548 541
548 545 549
546 549 545
546 550 549
551 536 532
552 551 532
552 553 551
553 554 551
555 553 552
552 529 555
552 526 529
526 552 532
536 551 554
556 557 558
557 556 559
557 560 558
557 561 560
561 557 562
557 563 562
563 557 564
564 557 559
565 566 567
568 565 567
569 565 568
565 569 570
571 566 565
571 565 570
570 572 571
572 570 573
574 571 572
571 574 575
571 576 566
576 571 575
577 572 573
572 577 578
578 574 572
574 578 579
578 580 579
580 578 581
578 582 581
578 577 582
582 583 581
584 582 577
582 584 585
585 583 582
585 586 583
573 587 577
587 573 588
589 587 588
577 590 584
590 577 587
590 587 589
589 591 592
573 592 591
592 573 570
570 593 592
589 592 593
593 570 569
594 595 596
595 594 597
598 596 595
596 598 599
594 600 597
594 601 600
601 602 600
602 601 603
604 594 596
594 604 601
605 606 607
606 605 608
609 606 608
606 609 610
607 611 605
611 607 612
608 613 609
613 608 614
615 614 608
605 615 608
614 615 616
615 617 616
617 615 618
605 618 615
618 605 611
606 619 607
619 606 620
606 621 620
621 606 610
607 622 612
622 607 619
623 620 621
620 623 624
625 620 624
619 620 625
624 626 625
627 625 626
625 627 628
619 628 622
628 619 625
629 630 631
630 629 632
629 633 632
634 632 633
632 634 635
633 629 636
637 636 629
629 631 637
636 637 638
639 638 637
638 639 640
641 640 639
640 641 642
643 641 639
643 639 644
639 637 644
631 644 637
644 645 643
646 644 631
644 646 647
645 644 647
648 645 647
646 630 649
630 646 631
649 630 650
630 651 650
651 652 650
651 630 632
651 632 635
195 653 654
189 195 654
654 190 189
190 654 655
656 190 655
190 656 196
657 656 655
656 657 658
659 658 657
658 659 660
655 661 657
661 655 654
653 661 654
657 661 662
657 662 659
653 663 661
663 653 664
195 664 653
661 663 665
662 661 665
662 666 659
666 660 659
660 666 667
667 666 668
666 669 668
669 666 670
662 670 666
670 662 665
670 665 671
664 195 206
672 673 674
675 676 677
678 679 680
679 678 681
682 678 680
678 682 683
683 684 678
684 681 678
684 683 685
681 684 686
687 688 689
687 689 690
687 691 688
689 692 690
692 693 690
692 694 693
694 695 693
694 696 695
697 695 696
695 697 698
687 699 691
699 700 691
700 699 701
700 701 702
703 704 705
704 703 706
706 707 704
707 706 708
709 707 708
707 709 710
711 705 704
705 711 712
704 713 711
713 704 707
713 707 710
714 713 710
710 715 714
715 710 716
716 710 709
717 716 709
718 714 715
714 718 719
719 713 714
713 719 720
720 711 713
721 712 711
711 720 721
712 721 722
717 723 716
724 715 716
723 724 716
723 725 724
725 723 726
727 725 726
725 727 728
703 728 727
728 703 705
705 729 728
729 705 712
730 728 729
728 730 725
724 725 730
731 712 722
712 731 729
732 729 731
729 732 730
733 730 732
730 733 734
734 724 730
715 724 734
718 734 733
734 718 715
735 736 737
738 737 736
737 738 739
740 739 738
739 740 741
742 739 741
739 742 743
743 737 739
744 735 737
744 745 735
745 744 746
744 747 746
747 744 737
743 747 737
740 748 741
748 742 741
748 740 749
742 748 750
749 751 748
750 748 751
751 749 752
753 751 752
754 751 753
754 753 755
755 756 754
754 756 757
757 751 754
750 751 757
758 759 760
758 761 759
762 759 761
761 763 762
764 762 763
762 764 765
763 761 766
767 766 761
761 758 767
766 767 768
763 769 764
769 763 770
766 770 763
770 771 769
771 770 772
773 772 770
770 766 773
768 773 766
772 773 774
775 774 773
773 768 775
774 775 776
772 777 771
777 772 778
774 778 772
778 779 777
779 778 780
781 780 778
778 774 781
776 781 774
780 781 782
783 782 781
781 776 783
782 783 784
780 785 779
785 780 786
782 786 780
786 787 785
787 786 788
789 788 786
786 782 789
784 789 782
788 789 790
791 790 789
789 784 791
790 791 792
788 793 787
793 788 794
790 794 788
794 795 793
795 794 796
797 796 794
794 790 797
792 797 790
796 797 798
797 792 799
799 800 797
800 798 797
800 801 798
796 802 795
802 796 803
803 796 798
803 804 802
804 803 805
805 803 806
803 798 806
801 806 798
791 807 792
795 808 793
808 795 809
802 809 795
809 810 808
799 810 800
807 808 810
810 809 811
800 810 811
800 811 812
808 807 813
814 813 807
807 791 814
813 814 815
815 787 813
787 815 785
816 785 815
785 816 779
817 779 816
816 818 817
818 816 819
815 819 816
819 815 814
819 783 818
783 819 784
784 814 791
814 784 819
779 817 777
820 777 817
777 820 771
821 771 820
820 822 821
822 820 823
817 823 820
823 817 818
823 775 822
775 823 776
776 818 783
818 776 823
771 821 769
824 769 821
769 824 764
825 764 824
764 825 765
824 826 825
826 824 827
821 827 824
827 821 822
827 767 826
767 827 768
768 822 775
822 768 827
828 765 825
765 828 829
830 765 829
765 830 762
759 762 830
831 830 829
831 829 832
831 833 830
833 759 830
834 831 832
833 835 759
759 835 760
836 832 829
836 829 828
836 828 837
838 832 836
837 828 839
825 839 828
839 825 826
826 758 839
758 760 840
758 841 839
758 840 841
758 826 767
839 841 842
837 839 842
843 844 845
845 846 843
847 844 843
843 848 847
844 847 849
848 850 847
848 851 850
851 848 852
852 848 853
846 853 843
848 843 853
847 854 855
856 854 847
857 856 847
856 858 854
858 859 854
860 858 856
854 861 855
859 861 854
862 858 863
864 862 863
862 864 865
862 865 866
867 858 862
866 867 862
858 867 868
863 858 869
863 869 870
870 871 863
871 864 863
872 873 874
874 873 875
874 875 876
874 876 877
876 875 878
875 873 878
879 877 876
877 879 880
879 881 880
882 881 879
883 882 879
878 883 876
883 879 876
872 884 873
884 885 873
885 878 873
878 885 886
884 886 885
884 887 886
887 888 886
889 886 888
886 889 878
888 887 890
888 890 891
892 888 891
889 888 892
893 894 895
895 896 893
893 896 897
893 897 898
897 899 898
899 900 898
901 894 893
893 902 901
893 903 902
893 898 903
903 898 904
904 898 900
895 905 906
906 907 895
908 906 905
908 909 906
909 908 910
911 906 909
911 907 906
909 912 911
912 909 913
909 910 913
913 914 912
914 913 915
913 916 915
910 916 913
916 917 915
917 914 915
918 919 920
918 920 921
920 922 921
922 923 921
924 921 923
923 925 924
921 924 926
926 918 921
918 926 927
928 918 927
929 923 922
923 929 930
923 930 925
929 931 930
932 930 931
930 932 925
933 932 931
934 933 931
932 933 935
934 936 933
936 935 933
936 937 935
936 934 938
938 939 936
937 936 939
940 937 939
939 941 940
941 939 942
939 938 942
941 943 940
944 943 941
941 942 945
946 941 945
946 944 941
947 948 949
948 947 950
951 949 948
949 951 952
953 952 951
953 951 954
948 955 951
951 955 954
955 948 956
950 956 948
956 950 957
958 957 950
959 958 950
947 959 950
960 958 959
958 960 961
961 962 958
962 957 958
963 961 960
960 964 963
964 965 963
963 965 966
965 967 966
967 965 968
969 968 965
969 965 964
968 969 970
970 971 968
971 970 972
973 971 972
973 974 971
975 968 971
968 975 967
971 974 975
961 963 976
976 963 966
977 978 979
978 977 980
981 980 977
980 981 982
983 979 978
979 983 984
983 985 984
985 983 986
986 987 985
987 986 988
988 989 987
989 988 990
991 989 990
989 991 992
980 993 978
993 980 994
982 994 980
994 995 993
995 994 996
997 996 994
994 982 997
996 997 998
999 993 995
993 999 1000
999 1001 1000
1001 988 986
986 1000 1001
1001 999 1002
1002 1003 1001
1003 990 988
988 1001 1003
1003 1002 1004
1004 1005 1003
990 1003 1005
1005 1004 1006
1006 1007 1005
1007 1006 1008
1007 990 1005
990 1007 991
1000 986 983
978 1000 983
1000 978 993
1009 1010 1011
1010 1009 1012
1012 1013 1010
1013 1012 1014
1014 1015 1013
1015 1014 1016
1017 1018 1019
1020 1017 1019
1021 1020 1019
1022 1021 1019
1018 1023 1019
1023 1024 1019
1024 1025 1019
1025 1022 1019
1026 1027 1028
1027 1026 1029
1026 1028 1030
1031 1027 1029
1026 1030 1032
1033 1031 1029
1026 1033 1029
1034 1026 1032
1026 1034 1033
1034 1035 1033
1032 1036 1034
1034 1036 1037
1034 1037 1038
1035 1034 1038
1035 1038 1039
1035 1039 1040
1039 1041 1040
1042 1043 1044
1043 1042 1045
1046 1043 1045
1043 1046 1047
1048 1047 1046
1048 1046 1049
1050 1049 1046
1051 1050 1046
1045 1051 1046
1051 1052 1050
1052 1051 1053
1049 1050 1054
1055 1054 1050
1050 1052 1055
1054 1055 1056
1054 1057 1049
1058 1057 1054
1054 1056 1058
1057 1058 1059
1045 1060 1051
1051 1060 1053
1060 1045 1061
1048 1049 1062
1057 1062 1049
1062 1057 1063
1063 1057 1059
1045 1042 1061
1064 1065 1066
1065 1064 1067
1068 1065 1067
1065 1069 1066
1069 1065 1070
1068 1070 1065
1071 1066 1069
1066 1071 1072
1071 1073 1072
1073 1071 1074
1075 1072 1073
1072 1075 1076
1076 1066 1072
1066 1076 1064
1077 1076 1075
1076 1077 1078
1078 1064 1076
1064 1078 1079
1079 1067 1064
1067 1079 1080
1080 1081 1067
1068 1067 1081
1075 1082 1077
1082 1075 1083
1073 1083 1075
1083 1073 1084
1074 1084 1073
1084 1085 1083
1085 1084 1086
1087 1086 1084
1084 1074 1087
1086 1087 1088
1083 1089 1082
1089 1083 1085
1090 1091 1092
1091 1090 1093
1093 1094 1091
1094 1093 1095
1095 1096 1094
1096 1095 1097
1097 1098 1096
1098 1097 1099
1099 1100 1098
1100 1099 1101
1102 1100 1101
1100 1102 1103
1104 1103 1102
1092 1105 1090
1092 1106 1105
1106 1107 1108
1109 1107 1110
1111 1109 1110
1111 1110 1112
1113 1111 1112
1111 1113 1114
1115 1111 1114
1114 1116 1115
1116 1114 1117
1118 1115 1116
1115 1118 1119
1111 1115 1120
1121 1115 1119
1115 1121 1120
1119 1118 1122
1123 1119 1122
1119 1123 1121
1122 1124 1123
1124 1122 1125
1125 1126 1124
1126 1125 1127
1128 1126 1127
1129 1117 1114
1117 1129 1130
1128 1131 1126
1131 1128 1132
1133 1126 1131
1126 1133 1124
1133 1123 1124
1123 1133 1134
1123 1135 1121
1135 1123 1134
1135 1120 1121
1120 1135 1136
1128 1137 1132
1113 1129 1114
1120 1136 1138
1120 1138 1111
1111 1138 1139
1140 1141 1142
1141 1140 1143
1144 1142 1141
1142 1144 1145
1144 1146 1145
1146 1144 1147
1147 1148 1146
1148 1147 1149
1149 1150 1148
1150 1149 1151
1151 1152 1150
1152 1151 1153
1153 1154 1152
1155 1154 1153
1155 1156 1154
1157 1156 1155
1156 1157 1158
1159 1158 1157
1160 1161 1162
1160 1163 1161
1163 1160 1164
1164 1165 1163
1143 1165 1164
1143 1140 1165
1166 1167 1168
1169 1168 1167
1168 1169 1170
1171 1168 1170
1168 1171 1172
1172 1173 1168
1173 1174 1168
1166 1168 1174
1175 1176 1177
1176 1178 1177
1178 1176 1179
1176 1175 1180
1175 1181 1180
1175 1182 1181
1183 1181 1182
1181 1183 1184
1177 1185 1175
1175 1185 1182
1186 1187 1188
1187 1186 1189
1190 1188 1187
1188 1190 1191
1192 1188 1191
1188 1192 1193
1193 1186 1188
1186 1193 1194
1195 1196 1197
1197 1198 1195
1199 1195 1198
1198 1200 1199
1200 1198 1201
1195 1199 1202
1202 1203 1195
1195 1203 1196
1203 1202 1204
1204 1205 1203
1205 1204 1206
1206 1207 1205
1207 1206 1208
1209 1205 1207
1209 1210 1205
1203 1210 1196
1205 1210 1203
1210 1209 1211
1210 1212 1196
1212 1210 1213
1213 1210 1211
1212 1197 1196
1197 1212 1214
1214 1215 1197
1215 1216 1197
1216 1198 1197
1216 1201 1198
1215 1217 1216
1218 1213 1211
1219 1220 1221
1222 1223 1224
1222 1225 1223
1225 1226 1223
1226 1225 1227
1226 1227 1228
1228 1227 1229
1228 1229 1230
1229 1231 1230
1231 1229 1232
1222 1224 1233
1222 1233 1234
1234 1233 1235
1235 1236 1234
1235 1237 1236
1238 1239 1240
1240 1239 1241
1242 1239 1238
1241 1239 1242
1238 1243 1242
1244 1243 1238
1243 1244 1245
1245 1244 1246
1244 1247 1246
1247 1244 1248
1244 1238 1248
1248 1238 1240
1247 1249 1246
901 1246 1249
1246 901 1250
1245 1246 1250
793 813 787
813 793 808
792 810 799
810 792 807
804 1251 802
1251 804 1252
1252 1253 1251
809 802 1251
1251 811 809
1251 1253 811
812 811 1253
1254 1255 1256
1255 1254 1257
1256 1258 1254
1258 1256 1259
1257 1260 1255
1260 1257 1261
1262 1260 1261
1260 1262 1263
1264 1263 1262
1263 1264 1265
1266 1265 1264
1265 1266 1267
1266 1268 1267
1268 1266 1269
1270 1256 1255
1256 1270 1271
1271 1259 1256
1259 1271 1272
1268 1273 1267
1273 1268 1274
1267 1275 1265
1275 1267 1273
1265 1276 1263
1276 1265 1275
1277 1263 1276
1263 1277 1260
1255 1277 1270
1277 1255 1260
1278 1269 1266
1269 1278 1279
1264 1278 1266
1278 1264 1280
1262 1280 1264
1280 1262 1281
1261 1281 1262
1281 1261 1282
1261 1283 1282
1283 1261 1257
1257 1284 1283
1284 1257 1254
1254 1285 1284
1285 1254 1258
1286 1287 1288
1287 1286 1289
1290 1288 1287
1288 1290 1291
1292 1289 1286
1289 1292 1293
1294 1295 1296
1297 1295 1294
1298 1295 1297
1299 1295 1298
1296 1295 1300
1300 1295 1301
1301 1295 1302
1302 1295 1299
1303 1304 1305
1304 1303 1306
1304 1307 1305
1307 1304 1308
1309 1310 1311
1310 1309 1312
1313 1314 1315
1314 1313 1316
1317 1313 1315
1313 1317 1318
1319 1320 1321
1320 1319 1322
1323 1319 1321
1319 1323 1324
1325 1326 1327
1325 1328 1329
918 928 1330
919 918 1330
136 132 1331
1332 1333 1334
506 520 505
387 1335 1336
568 567 1337
507 491 493
6 1 1338
1339 1340 1341
1342 1339 1341
1339 1342 1343
1339 1343 1344
1340 1339 1345
1345 1339 1344
1345 1346 1340
1347 1340 1346
1340 1347 1348
1346 1345 1349
1350 1348 1347
1348 1350 1351
1351 1352 1348
1353 1351 1350
1351 1353 1354
1354 1352 1351
1355 1354 1353
1354 1355 1356
1357 1356 1355
1356 1357 1358
1359 1358 1357
1358 1359 1360
1358 1360 1361
1356 1358 1362
1362 1358 1361
1361 1363 1362
1363 1361 1364
1365 1362 1363
1362 1365 1366
1365 1352 1366
1366 1352 1354
1366 1356 1362
1356 1366 1354
1367 1364 1361
1368 1367 1361
1359 1368 1360
1361 1360 1368
1368 1369 1367
1364 1367 1370
1368 1359 1371
1368 1371 1369
1352 1365 1372
1372 1373 1352
1373 1372 1374
1374 1341 1373
1341 1374 1342
1341 1340 1373
1373 1340 1348
1352 1373 1348
1349 1345 1375
1345 1344 1375
1376 1377 1378
1376 1379 1377
1379 1376 1380
1376 1381 1380
1378 1382 1376
1382 1381 1376
1383 1382 1378
1378 1384 1383
1384 1378 1385
1382 1383 1386
1385 1387 1384
1387 1385 1388
1388 1389 1387
1389 1388 1390
1390 1391 1389
1391 1390 1392
1392 1393 1391
1393 1392 1394
1394 1395 1393
1395 1394 1396
1397 1395 1396
1397 1396 1398
1398 1396 1394
1399 1398 1394
1399 1394 1392
1400 1398 1399
1398 1400 1401
1399 1402 1400
1402 1399 1403
1403 1399 1392
1392 1390 1403
1401 1404 1398
1398 1404 1397
1404 1401 1405
1395 1397 1406
1397 1407 1406
1397 1404 1407
1408 1402 1403
1402 1408 1409
1410 1409 1408
1409 1410 1411
1385 1410 1408
1410 1385 1378
1377 1411 1410
1377 1410 1378
1411 1377 1379
1390 1408 1403
1390 1388 1408
1388 1385 1408
1386 1412 1382
1382 1412 1381
1413 1414 1415
1414 1413 1416
1416 1417 1414
1417 1416 1418
1415 1419 1413
1419 1415 1420
1421 1415 1414
1415 1421 1422
1422 1420 1415
1414 1423 1421
1423 1414 1417
1424 1422 1421
1422 1424 1425
1426 1425 1424
1425 1426 1427
1426 1428 1427
1429 1428 1426
1424 1429 1426
1428 1429 1430
1431 1425 1427
1425 1431 1432
1429 1424 1433
1421 1433 1424
1433 1421 1423
1420 1422 1434
1425 1434 1422
1434 1425 1432
1435 1434 1432
1431 1436 1432
1436 1435 1432
1429 1437 1430
1437 1429 1438
1429 1439 1438
1439 1429 1433
1433 1440 1439
1441 1439 1440
1440 1442 1441
1442 1440 1443
1423 1443 1440
1440 1433 1423
1443 1423 1417
1417 1444 1443
1444 1417 1418
1445 1444 1418
1445 1418 1446
1447 1446 1418
1447 1418 1416
1447 1416 1448
1447 1448 1449
1450 1448 1416
1450 1416 1413
1450 1451 1448
1451 1449 1448
1451 1452 1449
1449 1452 1453
1450 1413 1419
1445 1454 1444
1445 1455 1454
1456 1444 1454
1454 1455 1457
1456 1454 1457
1455 1458 1457
1455 1459 1458
1456 1460 1444
1456 1461 1460
1461 1442 1460
1442 1461 1462
1462 1441 1442
1441 1462 1463
1443 1460 1442
1460 1443 1444
1463 1464 1441
1439 1441 1464
1464 1438 1439
1438 1464 1465
1464 1466 1465
1466 1464 1467
1464 1463 1467
1467 1468 1466
1468 1467 1469
1467 1463 1469
1438 1465 1437
1470 1471 1472
1471 1470 1473
1474 1471 1473
1475 1470 1472
1476 1475 1472
1475 1476 1477
1477 1478 1475
1470 1475 1478
1478 1477 1479
1480 1477 1476
1477 1480 1481
1482 1481 1480
1481 1482 1483
1481 1483 1484
1485 1481 1484
1485 1477 1481
1483 1482 1486
1483 1487 1484
1487 1483 1486
1487 1486 1488
1477 1485 1489
1479 1477 1489
1490 1485 1484
1491 1485 1490
1485 1491 1492
1493 1492 1491
1492 1493 1494
1495 1492 1494
1492 1495 1496
1496 1485 1492
1485 1496 1489
1496 1479 1489
1486 1482 1497
1498 1486 1497
1498 1499 1486
1497 1500 1498
1501 1500 1497
1482 1501 1497
1501 1482 1480
1480 1502 1501
1503 1501 1502
1500 1501 1503
1504 1500 1503
1502 1480 1476
1476 1505 1502
1505 1476 1472
1506 1502 1505
1502 1506 1507
1508 1506 1505
1505 1472 1508
1472 1471 1508
1507 1509 1502
1509 1503 1502
1509 1507 1510
1510 1503 1509
1503 1511 1504
1511 1503 1512
1503 1510 1512
1512 1513 1511
1513 1512 1514
1515 1512 1510
1512 1515 1514
1508 1471 1516
1471 1474 1516
1517 1518 1519
1520 1517 1519
1519 1521 1520
1522 1520 1521
1523 1520 1522
1520 1523 1524
1525 1520 1524
1520 1525 1517
1526 1517 1525
1517 1526 1527
1527 1528 1517
1518 1517 1528
1528 1527 1529
1529 1530 1528
1530 1518 1528
1530 1529 1531
1532 1530 1531
1529 1533 1531
1533 1529 1534
1527 1534 1529
1535 1533 1534
1534 1527 1536
1527 1537 1536
1537 1527 1526
1537 1538 1536
1538 1537 1539
1540 1539 1537
1526 1540 1537
1539 1540 1541
1542 1541 1540
1541 1542 1543
1544 1543 1542
1543 1544 1545
1546 1545 1544
1545 1546 1547
1548 1547 1546
1540 1549 1542
1549 1544 1542
1549 1540 1550
1540 1526 1550
1544 1549 1551
1549 1552 1551
1552 1549 1553
1550 1553 1549
1544 1554 1546
1554 1544 1551
1555 1551 1552
1551 1555 1554
1556 1554 1555
1557 1548 1546
1557 1546 1558
1546 1554 1558
1558 1554 1556
1558 1556 1559
1560 1558 1559
1560 1557 1558
1557 1560 1561
1552 1562 1555
1552 1563 1562
1563 1552 1553
1553 1564 1563
1565 1564 1553
1564 1565 1524
1553 1550 1565
1550 1525 1565
1565 1525 1524
1525 1550 1526
1566 1557 1561
1557 1566 1567
1566 1568 1567
1568 1569 1567
1569 1568 1570
1569 1570 1571
1571 1572 1569
1573 1572 1571
1572 1573 1574
1573 1575 1574
1576 1572 1574
1574 1577 1576
1576 1577 1578
1574 1579 1577
1577 1580 1578
1580 1577 1581
1581 1582 1580
1582 1581 1583
1583 1584 1582
1584 1583 1585
1585 1586 1584
1586 1585 1587
1587 1538 1586
1538 1587 1588
1587 1589 1588
1589 1590 1588
1590 1589 1591
1591 1592 1590
1593 1590 1592
1592 1591 1594
1589 1587 1595
1585 1595 1587
1595 1596 1589
1596 1595 1597
1596 1597 1598
1599 1597 1595
1595 1585 1599
1597 1599 1600
1599 1601 1600
1601 1599 1602
1585 1602 1599
1602 1585 1583
1581 1602 1583
1602 1581 1603
1581 1604 1603
1604 1581 1577
1577 1579 1604
1579 1605 1604
1605 1606 1604
1606 1603 1604
1579 1607 1605
1608 1607 1579
1608 1579 1574
1603 1606 1609
1609 1602 1603
1602 1609 1601
1609 1610 1601
1610 1611 1601
1610 1609 1612
1606 1612 1609
1611 1600 1601
1600 1611 1613
1600 1613 1597
1613 1598 1597
1575 1608 1574
1614 1598 1613
1614 1613 1615
1614 1615 1616
1598 1614 1617
1614 1618 1617
1618 1619 1617
1619 1598 1617
1598 1619 1620
1620 1596 1598
1596 1620 1621
1621 1622 1596
1622 1621 1623
1622 1589 1596
1589 1622 1591
1623 1591 1622
1591 1623 1594
1624 1594 1623
1625 1594 1624
1594 1625 1592
1523 1626 1627
1523 1627 1524
1523 1522 1628
1628 1522 1521
1538 1629 1630
1536 1538 1630
1534 1536 1630
1535 1534 1630
1538 1631 1629
1631 1538 1588
1631 1588 1590
1593 1631 1590
1531 1632 1532
1632 1531 1533
1548 1557 1567
1633 1634 1635
1634 1633 1636
1634 1637 1635
1637 1634 1638
1633 1635 1639
1636 1640 1634
1640 1636 1641
1642 1634 1640
1634 1642 1638
1641 1643 1640
1643 1641 1644
1644 1645 1643
1637 1646 1635
1635 1646 1639
1646 1637 1647
1642 1640 1648
1640 1649 1648
1649 1650 1648
1650 1649 1651
1650 1651 1652
1650 1653 1648
1648 1653 1642
1642 1653 1654
1650 1654 1653
1655 1650 1652
1650 1655 1656
1655 1657 1656
1657 1655 1658
1652 1658 1655
1650 1656 1659
1650 1659 1660
1650 1660 1661
1654 1650 1661
1658 1652 1662
1663 1651 1649
1663 1664 1651
1651 1664 1665
1652 1651 1665
1652 1665 1662
1661 1666 1654
1654 1666 1667
1668 1666 1661
1668 1661 1669
1661 1660 1669
1670 1666 1668
1667 1666 1671
1670 1671 1666
1671 1670 1672
1673 1671 1672
1673 1638 1671
1667 1671 1638
1638 1673 1637
1674 1673 1672
1673 1674 1675
1664 1676 1665
1676 1664 1677
1677 1678 1676
1679 1678 1677
1679 1680 1678
1680 1681 1678
1681 1676 1678
1676 1681 1682
1681 1680 1683
1683 1684 1681
1685 1681 1684
1682 1681 1685
1686 1685 1684
1685 1686 1687
1688 1686 1684
1684 1683 1688
1686 1688 1689
1680 1679 1690
1691 1685 1687
1662 1676 1682
1662 1665 1676
1658 1662 1682
1682 1657 1658
1685 1657 1682
1685 1691 1692
1657 1685 1692
1691 1693 1692
1693 1691 1694
1695 1694 1691
1695 1691 1687
1694 1695 1696
1697 1694 1696
1698 1694 1697
1694 1698 1693
1659 1693 1698
1698 1660 1659
1693 1659 1656
1656 1692 1693
1692 1656 1657
1698 1697 1699
1699 1669 1698
1698 1669 1660
1695 1700 1696
1700 1695 1701
1702 1696 1700
1700 1703 1702
1703 1700 1704
1701 1704 1700
1704 1701 1705
1706 1705 1701
1687 1706 1701
1686 1706 1687
1706 1686 1707
1706 1707 1708
1686 1709 1707
1709 1686 1689
1710 1707 1709
1707 1710 1708
1711 1708 1710
1708 1711 1712
1711 1679 1712
1679 1711 1690
1679 1713 1712
1708 1712 1714
1713 1714 1712
1714 1715 1708
1715 1706 1708
1716 1714 1713
1714 1716 1717
1718 1717 1716
1719 1718 1716
1719 1720 1718
1721 1718 1720
1720 1722 1721
1723 1722 1720
1723 1720 1719
1721 1724 1718
1724 1717 1718
1721 1722 1725
1721 1725 1726
1727 1726 1725
1727 1722 1723
1722 1727 1725
1728 1727 1723
1723 1636 1728
1633 1728 1636
1728 1633 1729
1730 1728 1729
1728 1730 1731
1727 1728 1731
1633 1639 1729
1636 1723 1641
1732 1641 1723
1641 1732 1644
1644 1732 1733
1734 1730 1729
1729 1639 1734
1730 1734 1735
1726 1727 1736
1727 1731 1736
1737 1731 1730
1731 1737 1738
1731 1738 1736
1737 1739 1738
1738 1739 1740
1740 1741 1738
1738 1741 1736
1644 1733 1742
1743 1735 1734
1734 1744 1743
1744 1745 1743
1745 1744 1746
1744 1747 1746
1747 1744 1748
1748 1749 1747
1749 1748 1750
1751 1746 1747
1746 1751 1752
1751 1753 1752
1754 1747 1749
1747 1754 1751
1754 1755 1751
1751 1755 1753
1744 1646 1748
1646 1744 1756
1748 1647 1750
1647 1748 1646
1757 1750 1647
1757 1647 1758
1758 1647 1637
1646 1756 1639
1758 1637 1673
1753 1759 1752
1753 1755 1760
1761 1760 1755
1758 1762 1757
1673 1675 1758
1734 1639 1756
1744 1734 1756
1763 1752 1759
1764 1752 1763
1764 1746 1752
1746 1764 1745
1765 1745 1764
1765 1764 1766
1764 1763 1766
1745 1765 1767
1767 1743 1745
1743 1767 1768
1735 1743 1768
1769 1735 1768
1769 1770 1735
1770 1730 1735
1770 1737 1730
1737 1770 1771
1763 1772 1766
1773 1766 1772
1770 1769 1774
1737 1771 1775
1775 1739 1737
1776 1777 1778
1779 1776 1778
1780 1778 1777
1644 1779 1778
1644 1778 1645
1780 1645 1778
1643 1645 1780
1781 1643 1780
1782 1643 1781
1643 1782 1640
1663 1640 1782
1640 1663 1649
1776 1742 1777
1779 1742 1776
1644 1742 1779
1783 1777 1742
1783 1742 1733
1732 1783 1733
1784 1783 1732
1732 1785 1784
1785 1732 1723
1719 1785 1723
1654 1667 1642
1642 1667 1638
1786 1787 1788
1787 1786 1789
1788 1790 1786
1790 1788 1791
1789 1792 1787
1792 1789 1793
1793 1794 1792
1794 1793 1795
1788 1787 1796
1791 1788 1796
1792 1794 1796
1787 1792 1796
1797 1790 1791
1791 1796 1797
1790 1797 1798
1799 1798 1797
1797 1796 1799
1798 1799 1800
1801 1794 1795
1794 1801 1802
1802 1800 1799
1800 1802 1801
1802 1796 1794
1799 1796 1802
292 1803 1804
291 292 1804
1805 291 1804
293 291 1805
1806 1807 1808
1807 1806 1809
1810 1806 1808
1806 1810 1811
1812 1808 1807
1808 1812 1813
1808 1814 1810
1814 1808 1813
1806 1815 1809
1815 1806 1816
1817 1806 1811
1806 1817 1816
1816 1818 1815
1818 1816 1819
1820 1816 1817
1816 1820 1819
1821 1822 1823
1822 1821 1824
1721 1824 1821
1721 1825 1824
1721 1826 1825
1721 1827 1826
1828 1826 1827
1821 1724 1721
1823 1724 1821
1724 1823 1829
1726 1827 1721
1724 1829 1717
1827 1726 1741
1830 1827 1741
1830 1828 1827
1829 1714 1717
1829 1715 1714
1823 1715 1829
1715 1823 1822
1706 1715 1822
1703 1826 1828
1703 1825 1826
1831 1703 1828
1704 1825 1703
1825 1704 1824
1824 1705 1822
1705 1824 1704
1822 1705 1706
1703 1831 1702
1740 1830 1741
1726 1736 1741
1695 1687 1701
338 323 326
323 338 1832
321 323 1832
337 347 332
347 337 286
