byte offset: 0
first index: 1872
index count: 3936
topology: trianglelist
format: DXGI_FORMAT_R16_UINT

698 699 700
699 698 701
699 702 700
703 700 702
698 700 703
698 703 704
698 704 705
698 706 701
706 698 707
707 698 705
708 706 707
708 707 705
705 709 708
710 708 709
711 710 709
705 711 709
712 711 705
711 712 713
710 711 714
711 715 714
715 711 716
711 713 716
716 717 715
717 716 713
713 718 717
713 719 718
719 720 718
720 717 718
720 719 721
722 719 713
723 719 722
719 724 721
724 719 725
725 719 723
726 724 725
726 725 723
723 727 726
728 726 727
729 728 727
729 727 723
730 729 723
703 729 730
731 729 703
732 729 731
729 732 733
728 729 733
702 732 731
702 731 703
734 703 730
723 734 730
734 723 722
703 734 704
734 705 704
705 734 712
734 713 712
713 734 722
735 736 737
738 737 736
739 735 737
738 739 737
735 739 701
739 740 701
740 739 741
741 739 742
741 743 740
743 741 742
742 744 743
745 743 744
746 745 744
746 744 742
745 746 747
748 746 742
742 749 748
749 742 750
738 749 750
750 739 738
742 739 750
749 751 748
751 746 748
751 749 752
749 738 753
754 749 753
749 754 752
753 755 754
754 755 756
755 757 756
757 755 758
755 753 738
755 759 758
759 755 760
760 755 738
736 759 760
736 760 738
754 756 761
757 761 756
761 762 754
761 763 762
763 764 762
762 764 754
764 751 752
764 752 754
764 763 721
765 764 721
764 765 766
765 767 766
751 766 767
764 766 751
767 768 751
767 769 768
769 746 768
768 746 751
746 769 747
770 771 772
771 770 773
773 774 771
774 773 775
775 776 774
776 775 777
777 778 776
778 777 779
772 780 770
780 772 781
779 781 778
781 779 780
782 776 778
776 782 783
783 774 776
784 783 782
783 784 785
786 785 784
785 786 787
788 787 786
787 788 789
790 789 788
789 790 791
792 791 790
791 792 793
794 793 792
793 794 795
796 795 794
795 796 797
794 798 796
798 794 799
792 799 794
800 798 799
798 800 801
800 802 801
802 800 803
803 804 802
804 803 805
805 797 804
797 805 795
799 792 806
806 800 799
800 806 807
807 803 800
803 807 808
808 805 803
805 808 809
809 795 805
795 809 793
810 807 806
806 790 810
790 806 792
807 810 811
811 808 807
808 811 812
812 809 808
809 812 813
813 793 809
793 813 791
788 810 790
810 788 814
814 811 810
811 814 815
815 812 811
812 815 816
816 813 812
813 816 817
817 791 813
791 817 789
786 814 788
814 786 818
818 815 814
815 818 819
819 816 815
816 819 820
820 817 816
817 820 821
821 789 817
789 821 787
784 818 786
818 784 822
822 819 818
819 822 823
823 820 819
820 823 824
824 821 820
821 824 825
825 787 821
787 825 785
782 822 784
822 782 826
826 823 822
823 826 827
827 824 823
824 827 828
828 825 824
825 828 829
829 785 825
785 829 783
778 826 782
826 778 781
781 827 826
827 781 772
772 828 827
828 772 771
771 829 828
829 771 774
774 783 829
830 831 832
831 830 833
832 834 830
834 832 835
833 836 831
836 833 837
838 832 831
832 838 839
839 835 832
835 839 840
831 841 838
841 831 836
830 842 833
834 842 830
833 842 837
838 843 839
839 843 840
841 843 838
844 842 845
846 844 845
844 846 847
847 848 844
848 842 844
848 847 849
849 850 848
850 842 848
850 849 851
852 847 846
847 852 853
853 849 847
852 843 853
849 853 854
854 851 849
853 843 854
851 854 855
854 843 855
856 857 858
857 856 859
857 860 858
861 858 860
856 858 861
856 861 862
856 862 863
856 864 859
864 856 865
865 856 863
866 864 865
866 865 863
863 867 866
868 866 867
869 868 867
863 869 867
870 869 863
869 870 871
868 869 872
869 873 872
873 869 874
869 871 874
874 875 873
875 874 871
871 876 875
871 877 876
877 878 876
878 875 876
878 877 879
880 877 871
881 877 880
877 882 879
882 877 883
883 877 881
884 882 883
884 883 881
881 885 884
886 884 885
887 886 885
887 885 881
888 887 881
861 887 888
889 887 861
890 887 889
887 890 891
886 887 891
860 890 889
860 889 861
892 861 888
881 892 888
892 881 880
861 892 862
892 863 862
863 892 870
892 871 870
871 892 880
893 894 895
896 895 894
897 893 895
896 897 895
893 897 859
897 898 859
898 897 899
899 897 900
899 901 898
901 899 900
900 902 901
903 901 902
904 903 902
904 902 900
903 904 905
906 904 900
900 907 906
907 900 908
896 907 908
908 897 896
900 897 908
907 909 906
909 904 906
909 907 910
907 896 911
907 912 910
911 913 912
912 913 914
913 915 914
915 913 916
913 911 896
912 907 917
913 918 916
918 913 919
919 913 896
894 918 919
894 919 896
912 914 920
915 920 914
920 921 912
920 922 921
922 923 921
921 923 912
923 910 912
923 922 879
924 923 879
923 924 925
924 926 925
909 925 926
923 925 909
926 927 909
926 928 927
928 904 927
927 904 909
904 928 905
923 909 910
929 930 931
930 929 932
932 933 930
933 932 934
934 935 933
935 934 936
936 937 935
937 936 938
931 939 929
939 931 940
938 940 937
940 938 939
941 935 937
935 941 942
942 933 935
943 942 941
942 943 944
945 944 943
944 945 946
947 946 945
946 947 948
949 948 947
948 949 950
951 950 949
950 951 952
953 952 951
952 953 954
955 954 953
954 955 956
953 957 955
957 953 958
951 958 953
959 957 958
957 959 960
959 961 960
961 959 962
962 963 961
963 962 964
964 956 963
956 964 954
958 951 965
965 959 958
959 965 966
966 962 959
962 966 967
967 964 962
964 967 968
968 954 964
954 968 952
969 966 965
965 949 969
949 965 951
966 969 970
970 967 966
967 970 971
971 968 967
968 971 972
972 952 968
952 972 950
947 969 949
969 947 973
973 970 969
970 973 974
974 971 970
971 974 975
975 972 971
972 975 976
976 950 972
950 976 948
945 973 947
973 945 977
977 974 973
974 977 978
978 975 974
975 978 979
979 976 975
976 979 980
980 948 976
948 980 946
943 977 945
977 943 981
981 978 977
978 981 982
982 979 978
979 982 983
983 980 979
980 983 984
984 946 980
946 984 944
941 981 943
981 941 985
985 982 981
982 985 986
986 983 982
983 986 987
987 984 983
984 987 988
988 944 984
944 988 942
937 985 941
985 937 940
940 986 985
986 940 931
931 987 986
987 931 930
930 988 987
988 930 933
933 942 988
989 990 991
990 989 992
991 993 989
993 991 994
992 995 990
995 992 996
997 991 990
991 997 998
998 994 991
994 998 999
990 1000 997
1000 990 995
989 1001 992
993 1001 989
992 1001 996
997 1002 998
998 1002 999
1000 1002 997
1003 994 1004
994 1003 1005
1004 1006 1003
1006 1004 1007
1008 1007 995
1007 1008 1006
1009 1004 994
1004 1009 1010
1010 1007 1004
1007 1010 1011
1011 995 1007
995 1011 1012
1003 1013 1005
1006 1013 1003
1008 1013 1006
1009 1014 1010
1010 1014 1011
1011 1014 1012
1015 1016 1017
1016 1015 1018
1016 1019 1017
1020 1017 1019
1015 1017 1020
1015 1020 1021
1015 1021 1022
1015 1023 1018
1023 1015 1024
1024 1015 1022
1025 1023 1024
1025 1024 1022
1022 1026 1025
1027 1025 1026
1028 1027 1026
1022 1028 1026
1029 1028 1022
1028 1029 1030
1027 1028 1031
1028 1032 1031
1032 1028 1033
1028 1030 1033
1033 1034 1032
1034 1033 1030
1030 1035 1034
1030 1036 1035
1036 1037 1035
1037 1034 1035
1037 1036 1038
1039 1036 1030
1040 1036 1039
1036 1041 1038
1041 1036 1042
1042 1036 1040
1043 1041 1042
1043 1042 1040
1040 1044 1043
1045 1043 1044
1046 1045 1044
1046 1044 1040
1047 1046 1040
1020 1046 1047
1048 1046 1020
1049 1046 1048
1046 1049 1050
1045 1046 1050
1019 1049 1048
1019 1048 1020
1051 1020 1047
1040 1051 1047
1051 1040 1039
1020 1051 1021
1051 1022 1021
1022 1051 1029
1051 1030 1029
1030 1051 1039
1052 1053 1054
1055 1054 1053
1056 1052 1054
1055 1056 1054
1052 1056 1018
1056 1057 1018
1057 1056 1058
1058 1056 1059
1058 1060 1057
1060 1058 1059
1059 1061 1060
1062 1060 1061
1063 1062 1061
1063 1061 1059
1062 1063 1064
1065 1063 1059
1059 1066 1065
1066 1059 1067
1055 1066 1067
1067 1056 1055
1059 1056 1067
1066 1068 1065
1068 1063 1065
1068 1066 1069
1066 1055 1070
1071 1066 1070
1066 1071 1069
1070 1072 1071
1071 1072 1073
1072 1074 1073
1074 1072 1075
1072 1070 1055
1072 1076 1075
1076 1072 1077
1077 1072 1055
1053 1076 1077
1053 1077 1055
1071 1073 1078
1074 1078 1073
1078 1079 1071
1078 1080 1079
1080 1081 1079
1079 1081 1071
1081 1068 1069
1081 1069 1071
1081 1080 1038
1082 1081 1038
1081 1082 1083
1082 1084 1083
1068 1083 1084
1081 1083 1068
1084 1085 1068
1084 1086 1085
1086 1063 1085
1085 1063 1068
1063 1086 1064
1087 1088 1089
1088 1087 1090
1090 1091 1088
1091 1090 1092
1092 1093 1091
1093 1092 1094
1094 1095 1093
1095 1094 1096
1089 1097 1087
1097 1089 1098
1096 1098 1095
1098 1096 1097
1099 1093 1095
1093 1099 1100
1100 1091 1093
1101 1100 1099
1100 1101 1102
1103 1102 1101
1102 1103 1104
1105 1104 1103
1104 1105 1106
1107 1106 1105
1106 1107 1108
1109 1108 1107
1108 1109 1110
1111 1110 1109
1110 1111 1112
1113 1112 1111
1112 1113 1114
1111 1115 1113
1115 1111 1116
1109 1116 1111
1117 1115 1116
1115 1117 1118
1117 1119 1118
1119 1117 1120
1120 1121 1119
1121 1120 1122
1122 1114 1121
1114 1122 1112
1116 1109 1123
1123 1117 1116
1117 1123 1124
1124 1120 1117
1120 1124 1125
1125 1122 1120
1122 1125 1126
1126 1112 1122
1112 1126 1110
1127 1124 1123
1123 1107 1127
1107 1123 1109
1124 1127 1128
1128 1125 1124
1125 1128 1129
1129 1126 1125
1126 1129 1130
1130 1110 1126
1110 1130 1108
1105 1127 1107
1127 1105 1131
1131 1128 1127
1128 1131 1132
1132 1129 1128
1129 1132 1133
1133 1130 1129
1130 1133 1134
1134 1108 1130
1108 1134 1106
1103 1131 1105
1131 1103 1135
1135 1132 1131
1132 1135 1136
1136 1133 1132
1133 1136 1137
1137 1134 1133
1134 1137 1138
1138 1106 1134
1106 1138 1104
1101 1135 1103
1135 1101 1139
1139 1136 1135
1136 1139 1140
1140 1137 1136
1137 1140 1141
1141 1138 1137
1138 1141 1142
1142 1104 1138
1104 1142 1102
1099 1139 1101
1139 1099 1143
1143 1140 1139
1140 1143 1144
1144 1141 1140
1141 1144 1145
1145 1142 1141
1142 1145 1146
1146 1102 1142
1102 1146 1100
1095 1143 1099
1143 1095 1098
1098 1144 1143
1144 1098 1089
1089 1145 1144
1145 1089 1088
1088 1146 1145
1146 1088 1091
1091 1100 1146
1147 1148 1149
1148 1147 1150
1149 1151 1147
1151 1149 1152
1150 1153 1148
1153 1150 1154
1155 1149 1148
1149 1155 1156
1156 1152 1149
1152 1156 1157
1148 1158 1155
1158 1148 1153
1147 1159 1150
1151 1159 1147
1150 1159 1154
1155 1160 1156
1156 1160 1157
1158 1160 1155
1161 1159 1162
1163 1161 1162
1161 1163 1164
1164 1165 1161
1165 1159 1161
1165 1164 1166
1166 1167 1165
1167 1159 1165
1167 1166 1168
1169 1164 1163
1164 1169 1170
1170 1166 1164
1169 1160 1170
1166 1170 1171
1171 1168 1166
1170 1160 1171
1168 1171 1172
1171 1160 1172
1173 1174 1175
1174 1173 1176
1174 1177 1175
1178 1175 1177
1173 1175 1178
1173 1178 1179
1173 1179 1180
1173 1181 1176
1181 1173 1182
1182 1173 1180
1183 1181 1182
1183 1182 1180
1180 1184 1183
1185 1183 1184
1186 1185 1184
1180 1186 1184
1187 1186 1180
1186 1187 1188
1185 1186 1189
1186 1190 1189
1190 1186 1191
1186 1188 1191
1191 1192 1190
1192 1191 1188
1188 1193 1192
1188 1194 1193
1194 1195 1193
1195 1192 1193
1195 1194 1196
1197 1194 1188
1198 1194 1197
1194 1199 1196
1199 1194 1200
1200 1194 1198
1201 1199 1200
1201 1200 1198
1198 1202 1201
1203 1201 1202
1204 1203 1202
1204 1202 1198
1205 1204 1198
1178 1204 1205
1206 1204 1178
1207 1204 1206
1204 1207 1208
1203 1204 1208
1177 1207 1206
1177 1206 1178
1209 1178 1205
1198 1209 1205
1209 1198 1197
1178 1209 1179
1209 1180 1179
1180 1209 1187
1209 1188 1187
1188 1209 1197
1210 1211 1212
1213 1212 1211
1214 1210 1212
1213 1214 1212
1210 1214 1176
1214 1215 1176
1215 1214 1216
1216 1214 1217
1216 1218 1215
1218 1216 1217
1217 1219 1218
1220 1218 1219
1221 1220 1219
1221 1219 1217
1220 1221 1222
1223 1221 1217
1217 1224 1223
1224 1217 1225
1213 1224 1225
1225 1214 1213
1217 1214 1225
1224 1226 1223
1226 1221 1223
1226 1224 1227
1224 1213 1228
1229 1224 1228
1224 1229 1227
1228 1230 1229
1229 1230 1231
1230 1232 1231
1232 1230 1233
1230 1228 1213
1230 1234 1233
1234 1230 1235
1235 1230 1213
1211 1234 1235
1211 1235 1213
1229 1231 1236
1232 1236 1231
1236 1237 1229
1236 1238 1237
1238 1239 1237
1237 1239 1229
1239 1226 1227
1239 1227 1229
1239 1238 1196
1240 1239 1196
1239 1240 1241
1240 1242 1241
1226 1241 1242
1239 1241 1226
1242 1243 1226
1242 1244 1243
1244 1221 1243
1243 1221 1226
1221 1244 1222
1245 1246 1247
1246 1245 1248
1248 1249 1246
1249 1248 1250
1250 1251 1249
1251 1250 1252
1252 1253 1251
1253 1252 1254
1247 1255 1245
1255 1247 1256
1254 1256 1253
1256 1254 1255
1257 1251 1253
1251 1257 1258
1258 1249 1251
1259 1258 1257
1258 1259 1260
1261 1260 1259
1260 1261 1262
1263 1262 1261
1262 1263 1264
1265 1264 1263
1264 1265 1266
1267 1266 1265
1266 1267 1268
1269 1268 1267
1268 1269 1270
1271 1270 1269
1270 1271 1272
1269 1273 1271
1273 1269 1274
1267 1274 1269
1275 1273 1274
1273 1275 1276
1275 1277 1276
1277 1275 1278
1278 1279 1277
1279 1278 1280
1280 1272 1279
1272 1280 1270
1274 1267 1281
1281 1275 1274
1275 1281 1282
1282 1278 1275
1278 1282 1283
1283 1280 1278
1280 1283 1284
1284 1270 1280
1270 1284 1268
1285 1282 1281
1281 1265 1285
1265 1281 1267
1282 1285 1286
1286 1283 1282
1283 1286 1287
1287 1284 1283
1284 1287 1288
1288 1268 1284
1268 1288 1266
1263 1285 1265
1285 1263 1289
1289 1286 1285
1286 1289 1290
1290 1287 1286
1287 1290 1291
1291 1288 1287
1288 1291 1292
1292 1266 1288
1266 1292 1264
1261 1289 1263
1289 1261 1293
1293 1290 1289
1290 1293 1294
1294 1291 1290
1291 1294 1295
1295 1292 1291
1292 1295 1296
1296 1264 1292
1264 1296 1262
1259 1293 1261
1293 1259 1297
1297 1294 1293
1294 1297 1298
1298 1295 1294
1295 1298 1299
1299 1296 1295
1296 1299 1300
1300 1262 1296
1262 1300 1260
1257 1297 1259
1297 1257 1301
1301 1298 1297
1298 1301 1302
1302 1299 1298
1299 1302 1303
1303 1300 1299
1300 1303 1304
1304 1260 1300
1260 1304 1258
1253 1301 1257
1301 1253 1256
1256 1302 1301
1302 1256 1247
1247 1303 1302
1303 1247 1246
1246 1304 1303
1304 1246 1249
1249 1258 1304
1305 1306 1307
1306 1305 1308
1307 1309 1305
1309 1307 1310
1308 1311 1306
1311 1308 1312
1313 1307 1306
1307 1313 1314
1314 1310 1307
1310 1314 1315
1306 1316 1313
1316 1306 1311
1305 1317 1308
1309 1317 1305
1308 1317 1312
1313 1318 1314
1314 1318 1315
1316 1318 1313
1319 1317 1320
1321 1319 1320
1319 1321 1322
1322 1323 1319
1323 1317 1319
1323 1322 1324
1324 1325 1323
1325 1317 1323
1325 1324 1326
1327 1322 1321
1322 1327 1328
1328 1324 1322
1327 1318 1328
1324 1328 1329
1329 1326 1324
1328 1318 1329
1326 1329 1330
1329 1318 1330
1331 1332 1333
1332 1331 1334
1335 1332 1334
1331 1336 1334
1336 1331 1337
1338 1335 1334
1334 1336 1338
1335 1338 1339
1340 1336 1337
1336 1340 1341
1341 1338 1336
1338 1341 1342
1343 1338 1342
1338 1343 1339
1344 1339 1343
1342 1341 1345
1341 1346 1345
1341 1340 1346
1347 1342 1345
1344 1343 1347
1347 1343 1342
1333 1332 1348
1335 1349 1348
1349 1335 1339
1349 1339 1350
1350 1339 1344
1332 1335 1348
1345 1346 1351
1352 1345 1351
1352 1347 1345
1353 1347 1352
1344 1347 1353
1349 1350 1354
1350 1344 1354
1344 1355 1354
1353 1352 1356
1344 1356 1355
1344 1353 1356
1357 1348 1349
1349 1354 1357
1358 1357 1354
1358 1354 1355
1357 1358 1359
1357 1359 1360
1360 1348 1357
1331 1360 1359
1360 1331 1333
1361 1331 1359
1359 1358 1361
1331 1361 1337
1361 1340 1337
1340 1361 1362
1358 1362 1361
1355 1363 1358
1362 1358 1363
1356 1363 1355
1356 1364 1363
1363 1364 1362
1362 1364 1346
1362 1346 1340
1333 1348 1360
1364 1351 1346
1352 1351 1364
1352 1364 1356
1365 1366 1367
1368 1365 1367
1365 1368 1369
1370 1369 1368
1369 1370 1371
1369 1371 1372
1372 1365 1369
1373 1371 1370
1371 1373 1374
1374 1375 1371
1372 1371 1375
1365 1372 1376
1374 1377 1375
1365 1378 1366
1378 1365 1379
1379 1365 1380
1365 1376 1380
1379 1380 1381
1382 1379 1381
1383 1379 1382
1378 1379 1383
1383 1382 1384
1382 1385 1384
1385 1382 1386
1385 1386 1387
1388 1386 1382
1382 1389 1388
1382 1381 1389
1386 1388 1390
1386 1390 1391
1391 1390 1392
1388 1392 1390
1393 1386 1391
1394 1386 1393
1387 1386 1394
1394 1393 1395
1393 1391 1396
1392 1397 1391
1389 1398 1388
1398 1392 1388
1398 1389 1399
1396 1400 1393
1393 1400 1395
1395 1400 1401
1395 1401 1394
1394 1401 1402
1394 1402 1387
1391 1403 1396
1396 1403 1400
1391 1397 1403
1381 1399 1389
1399 1381 1404
1381 1405 1404
1380 1405 1381
1380 1406 1405
1380 1376 1406
1407 1402 1401
1399 1408 1398
1408 1399 1409
1404 1409 1399
1410 1408 1409
1408 1410 1411
1407 1412 1411
1407 1413 1412
1413 1407 1401
1414 1411 1410
1411 1414 1415
1415 1416 1411
1416 1407 1411
1417 1414 1410
1417 1410 1418
1410 1419 1418
1410 1409 1419
1418 1419 1420
1420 1406 1376
1418 1420 1421
1421 1420 1376
1422 1418 1421
1422 1417 1418
1411 1423 1408
1412 1424 1411
1411 1424 1423
1424 1425 1423
1412 1426 1424
1420 1419 1405
1427 1425 1424
1425 1427 1428
1392 1428 1427
1392 1429 1428
1425 1428 1429
1392 1398 1429
1398 1425 1429
1392 1427 1397
1424 1397 1427
1408 1423 1425
1425 1398 1408
1424 1426 1403
1424 1403 1397
1421 1366 1422
1421 1367 1366
1366 1430 1422
1366 1378 1430
1431 1430 1378
1378 1432 1431
1378 1433 1432
1422 1432 1433
1431 1432 1434
1431 1434 1435
1431 1435 1436
1431 1436 1430
1383 1433 1378
1383 1437 1433
1384 1437 1383
1384 1438 1437
1385 1438 1384
1385 1439 1438
1440 1439 1385
1440 1441 1439
1440 1442 1441
1387 1442 1440
1440 1385 1387
1387 1402 1442
1443 1439 1441
1443 1441 1442
1415 1438 1439
1443 1415 1439
1414 1437 1438
1415 1414 1438
1444 1436 1435
1416 1442 1402
1416 1443 1442
1443 1416 1415
1444 1435 1434
1444 1434 1432
1422 1444 1432
1444 1422 1430
1444 1430 1436
1407 1416 1402
1414 1417 1437
1417 1433 1437
1417 1422 1433
1445 1446 1447
1446 1445 1448
1448 1373 1446
1445 1449 1448
1449 1445 1450
1445 1451 1450
1445 1447 1451
1448 1449 1377
1374 1373 1448
1448 1377 1374
1446 1452 1447
1452 1450 1451
1452 1449 1450
1452 1451 1447
1452 1446 1453
1453 1446 1373
1449 1452 1453
1453 1377 1449
1454 1453 1373
1453 1454 1377
1370 1454 1373
1454 1370 1455
1370 1456 1455
1456 1372 1455
1456 1370 1368
1367 1456 1368
1456 1367 1421
1454 1455 1375
1454 1375 1377
1372 1375 1455
1376 1456 1421
1456 1376 1372
1426 1412 1400
1412 1413 1400
1413 1401 1400
1426 1400 1403
1419 1404 1405
1409 1404 1419
1420 1405 1406
1457 1458 1459
1458 1457 1460
1461 1458 1460
1461 1460 1462
1462 1463 1461
1463 1462 1464
1457 1465 1460
1465 1457 1466
1462 1467 1464
1467 1462 1468
1468 1460 1465
1460 1468 1462
1467 1468 1469
1468 1465 1470
1469 1468 1470
1465 1471 1470
1465 1466 1471
1459 1458 1472
1461 1463 1472
1458 1461 1472
1470 1471 1473
1469 1470 1473
1474 1463 1464
1467 1474 1464
1463 1474 1475
1475 1472 1463
1474 1476 1475
1476 1472 1475
1476 1474 1477
1477 1459 1476
1459 1472 1476
1459 1477 1457
1457 1478 1466
1478 1457 1477
1478 1471 1466
1474 1467 1479
1477 1479 1478
1479 1477 1474
1467 1469 1479
1478 1480 1471
1479 1480 1478
1480 1473 1471
1469 1473 1480
1469 1480 1479
