byte offset: 0
first index: 0
index count: 10014
topology: trianglelist
format: DXGI_FORMAT_R16_UINT

0 1 2
0 3 1
0 4 3
5 4 0
4 5 6
5 7 6
7 5 8
8 9 7
9 8 10
11 9 10
12 13 14
13 12 15
16 14 13
16 17 14
17 16 18
18 19 17
19 18 20
20 21 19
21 20 22
22 23 21
23 22 24
25 23 24
26 27 28
27 26 29
28 30 26
30 28 31
31 32 30
32 31 33
33 34 32
34 33 35
35 36 34
36 35 37
38 36 37
39 40 41
40 39 42
42 43 40
43 42 44
45 43 44
43 45 46
47 46 45
46 47 48
49 48 47
48 49 50
51 50 49
52 53 54
53 52 55
56 53 55
53 56 57
56 58 57
58 56 59
59 60 58
60 59 61
62 54 53
54 62 63
64 53 57
53 64 62
57 58 64
65 62 64
62 65 66
67 64 58
64 67 65
68 58 60
58 68 67
60 69 68
69 60 70
61 70 60
70 61 71
66 72 62
62 72 63
72 73 63
74 73 72
72 66 74
74 75 73
74 76 75
76 77 75
77 76 78
78 79 77
79 78 80
80 81 79
82 83 84
83 82 85
86 84 83
87 84 86
84 87 88
87 89 88
89 90 88
90 89 91
91 92 90
92 91 93
94 92 93
95 96 97
96 95 98
95 99 98
99 95 100
100 101 99
101 100 102
102 103 101
103 102 104
104 105 103
105 104 106
106 107 105
107 106 108
108 109 107
109 108 110
110 111 109
111 110 112
112 113 111
113 112 114
114 115 113
115 114 116
116 117 115
118 119 120
119 118 121
122 120 119
120 122 123
124 123 122
120 125 118
125 120 126
120 127 126
127 120 123
123 128 127
128 123 124
129 128 124
124 130 129
130 124 131
122 131 124
132 129 130
129 132 133
128 129 134
133 134 129
134 133 135
131 122 136
119 136 122
136 119 137
137 119 121
121 138 137
138 121 139
139 140 141
142 141 140
141 142 143
140 139 144
142 145 143
146 147 148
146 149 147
149 150 147
150 149 151
146 148 152
148 153 152
153 148 154
152 155 146
155 152 156
156 157 155
157 156 158
159 155 157
155 159 160
146 160 149
160 146 155
161 160 159
160 161 162
162 149 160
149 162 151
156 163 158
163 156 164
164 152 153
152 164 156
158 165 157
165 159 157
165 158 166
163 166 158
159 165 167
168 159 167
159 168 161
166 163 169
170 168 167
168 170 171
169 172 166
172 169 173
166 174 165
174 166 172
174 167 165
167 174 170
170 175 171
175 170 176
174 176 170
176 177 175
177 176 178
179 178 176
172 179 174
176 174 179
178 179 180
181 180 179
173 181 172
179 172 181
180 181 182
183 182 181
181 173 183
182 183 184
182 185 180
185 178 180
185 182 186
184 186 182
186 184 187
178 185 188
189 185 186
185 189 190
190 188 185
191 186 187
186 191 189
188 190 192
188 192 193
193 178 188
178 193 194
195 196 197
196 195 198
199 198 195
198 199 200
195 201 199
201 195 202
202 203 201
202 204 203
195 205 202
205 195 197
206 204 202
206 202 205
205 207 206
207 205 208
208 209 207
209 208 210
211 196 198
196 211 212
198 213 211
213 198 200
200 214 213
204 215 203
215 204 216
216 217 215
218 217 216
217 218 219
218 220 219
220 218 221
221 222 220
223 209 224
225 223 224
225 226 223
226 225 227
227 228 226
227 229 228
230 228 229
228 230 231
230 232 231
233 231 232
231 233 234
235 236 233
236 235 237
236 234 238
239 240 225
240 239 241
241 242 240
242 241 243
243 244 242
245 244 243
244 245 246
247 246 245
245 248 247
248 249 247
248 250 249
246 247 251
249 251 247
249 252 251
253 252 249
252 253 254
252 254 255
256 255 254
257 256 254
257 258 256
255 256 259
256 260 259
260 256 261
261 262 260
263 261 256
261 263 264
256 265 263
258 265 256
266 262 261
264 266 261
262 266 267
268 257 254
267 269 262
267 270 269
270 271 269
270 272 271
272 273 271
274 275 276
275 274 277
278 274 276
274 278 279
280 279 278
279 280 281
278 282 280
282 278 283
276 283 278
283 284 282
284 283 285
286 285 283
283 276 286
285 286 287
286 288 287
288 286 289
276 289 286
289 276 275
290 284 285
287 290 285
284 290 291
292 291 290
291 292 293
294 292 290
290 287 294
288 294 287
292 294 295
296 295 294
294 288 296
295 296 297
298 293 292
295 298 292
293 298 299
300 299 298
299 300 301
302 300 298
298 295 302
297 302 295
300 302 303
304 303 302
302 297 304
303 304 305
306 301 300
303 306 300
301 306 307
308 307 306
307 308 309
310 308 306
306 303 310
305 310 303
308 310 311
312 311 310
310 305 312
311 312 313
314 309 308
311 314 308
309 314 315
316 315 314
315 316 317
318 316 314
314 311 318
313 318 311
316 318 319
320 319 318
318 313 320
319 320 321
322 317 316
319 322 316
317 322 323
324 323 322
323 324 325
326 324 322
322 319 326
321 326 319
324 326 327
328 327 326
326 321 328
327 328 329
330 325 324
327 330 324
325 330 331
332 331 330
331 332 333
334 332 330
330 327 334
329 334 327
332 334 335
336 335 334
334 329 336
335 336 337
338 339 340
339 341 340
342 340 341
343 342 341
344 339 338
338 340 345
346 338 345
345 347 346
347 345 348
345 349 348
349 345 350
342 350 340
350 345 340
347 351 346
338 346 351
351 347 352
353 338 351
353 344 338
344 353 354
355 356 357
356 355 358
356 358 359
360 356 359
356 360 361
362 356 361
362 361 363
361 364 363
365 362 363
362 365 366
356 366 357
366 356 362
367 366 365
366 367 368
367 369 368
369 367 370
370 371 369
371 370 372
366 373 357
373 366 368
368 374 373
374 368 369
369 375 374
375 369 371
371 376 375
376 377 375
378 379 372
379 378 380
381 380 378
380 381 382
383 382 381
384 376 379
385 386 387
386 385 388
389 385 387
385 389 390
391 390 389
390 391 392
393 387 386
387 393 394
395 387 394
387 395 389
396 389 395
389 396 391
397 388 385
390 397 385
388 397 398
399 398 397
398 399 400
401 399 397
397 390 401
392 401 390
399 401 402
403 402 401
401 392 403
402 403 404
405 400 399
402 405 399
400 405 406
407 406 405
406 407 408
409 407 405
405 402 409
404 409 402
407 409 410
411 410 409
409 404 411
410 411 412
413 408 407
410 413 407
408 413 414
415 414 413
414 415 416
417 415 413
413 410 417
412 417 410
415 417 418
419 418 417
417 412 419
418 419 420
421 416 415
418 421 415
416 421 422
423 422 421
422 423 424
425 423 421
421 418 425
420 425 418
423 425 426
427 426 425
425 420 427
426 427 428
429 424 423
426 429 423
424 429 430
431 430 429
430 431 432
433 431 429
429 426 433
428 433 426
431 433 434
435 434 433
433 428 435
434 435 436
437 432 431
434 437 431
432 437 438
439 438 437
438 439 440
441 439 437
437 434 441
436 441 434
439 441 442
443 442 441
441 436 443
442 443 444
445 440 439
442 445 439
440 445 446
447 446 445
446 447 448
449 447 445
445 442 449
444 449 442
447 449 450
451 450 449
449 444 451
450 451 452
453 454 455
454 453 456
457 453 455
453 457 458
459 458 457
458 459 460
461 455 454
455 461 462
463 455 462
455 463 457
464 457 463
457 464 459
465 456 453
458 465 453
456 465 466
467 466 465
466 467 468
469 467 465
465 458 469
460 469 458
467 469 470
471 470 469
469 460 471
470 471 472
473 468 467
470 473 467
468 473 474
475 474 473
476 475 473
473 470 476
472 476 470
475 476 477
478 477 476
476 472 478
477 478 479
474 475 480
481 480 475
480 481 482
483 482 481
482 483 484
485 483 481
485 475 477
475 485 481
483 485 486
487 486 485
487 477 479
477 487 485
486 487 488
489 484 483
486 489 483
484 489 490
489 486 491
488 491 486
491 488 492
492 493 491
493 489 491
493 492 494
494 495 493
496 493 495
493 496 497
489 493 497
497 490 489
496 498 497
490 497 498
498 496 499
495 494 500
500 501 495
501 496 495
501 500 502
502 503 501
504 501 503
501 504 505
496 501 505
505 499 496
504 506 505
499 505 506
506 504 507
503 502 508
508 509 503
509 504 503
509 508 510
510 511 509
512 509 511
509 512 513
504 509 513
513 507 504
512 514 513
507 513 514
514 512 515
511 510 516
516 517 511
517 512 511
517 516 518
512 517 519
519 515 512
515 519 520
521 522 523
522 521 524
525 521 523
521 525 526
527 526 525
526 527 528
529 523 522
523 529 530
531 523 530
523 531 525
532 525 531
525 532 527
533 524 521
526 533 521
524 533 534
535 534 533
534 535 536
537 535 533
533 526 537
528 537 526
535 537 538
539 538 537
537 528 539
538 539 540
541 536 535
538 541 535
536 541 542
543 542 541
542 543 544
545 543 541
541 538 545
540 545 538
543 545 546
547 546 545
545 540 547
546 547 548
549 544 543
546 549 543
544 549 550
551 550 549
550 551 552
553 551 549
549 546 553
548 553 546
551 553 554
555 554 553
553 548 555
554 555 556
557 552 551
554 557 551
552 557 558
559 558 557
558 559 560
561 559 557
557 554 561
556 561 554
559 561 562
563 562 561
561 556 563
562 563 564
565 560 559
562 565 559
560 565 566
567 566 565
566 567 568
569 567 565
565 562 569
564 569 562
567 569 570
571 570 569
569 564 571
570 571 572
573 568 567
570 573 567
568 573 574
575 574 573
574 575 576
577 575 573
573 570 577
572 577 570
575 577 578
579 578 577
577 572 579
578 579 580
581 576 575
578 581 575
576 581 582
583 582 581
582 583 584
585 583 581
581 578 585
580 585 578
583 585 586
587 586 585
585 580 587
586 587 588
589 590 591
590 589 592
589 593 592
593 589 594
594 595 593
595 594 596
591 148 589
148 591 154
594 150 596
150 594 147
589 147 594
147 589 148
597 598 599
598 597 600
597 601 600
601 597 602
602 603 601
603 602 604
604 605 603
605 604 606
606 607 605
607 606 608
608 609 607
598 610 599
611 599 610
599 611 612
613 611 614
611 613 615
614 616 613
616 614 617
617 618 616
619 618 617
618 620 616
620 621 616
621 620 622
622 623 621
622 624 623
617 625 619
614 625 617
625 626 619
626 627 619
627 626 628
629 627 628
627 629 630
631 630 629
630 631 632
633 632 631
632 633 634
635 636 637
636 635 638
638 639 636
639 638 640
640 641 639
641 640 642
642 643 641
643 642 644
644 645 643
645 644 646
647 645 646
637 648 635
637 649 648
649 637 650
650 651 649
650 652 651
652 653 651
654 655 656
655 657 656
655 658 657
658 659 657
658 660 659
660 658 661
661 662 660
662 661 663
664 665 666
665 664 667
667 668 665
668 667 669
669 670 668
670 669 671
672 673 674
672 675 673
676 675 672
675 676 677
678 677 676
675 679 673
680 681 682
681 680 683
684 685 686
685 687 686
688 685 684
689 688 684
686 687 690
687 691 690
691 692 690
692 691 693
693 694 692
694 693 695
694 695 696
697 698 699
698 697 700
701 702 703
704 703 702
703 704 705
706 705 704
705 706 707
708 707 706
707 708 709
708 710 709
710 708 711
711 712 710
712 711 713
713 714 712
714 713 715
715 716 714
716 715 717
717 718 716
718 717 719
720 721 722
723 724 725
726 727 728
729 727 726
728 727 730
731 728 730
732 731 730
732 733 731
733 732 734
735 733 734
736 737 738
737 739 738
740 741 742
741 740 743
744 743 740
743 744 745
746 745 744
745 746 747
746 748 747
748 746 749
749 750 748
750 749 244
244 246 750
225 751 239
752 753 754
753 752 755
753 756 754
756 753 757
753 758 757
758 753 755
754 756 759
756 760 759
761 759 760
759 761 762
760 756 763
756 764 763
764 756 757
757 765 764
761 766 762
766 767 762
767 766 768
769 767 768
767 769 770
769 771 770
772 770 771
770 772 773
772 774 773
774 775 773
776 777 765
777 776 778
778 779 777
779 778 780
780 781 779
780 782 781
783 781 782
781 783 784
776 757 758
757 776 765
785 786 787
786 785 788
786 789 787
789 786 790
790 791 789
791 790 792
788 785 793
792 794 791
794 792 795
796 794 795
794 796 797
798 797 796
797 798 799
798 800 799
800 798 801
801 802 800
802 801 803
803 804 802
804 803 805
804 805 806
793 807 788
807 793 808
808 809 807
809 808 810
810 811 809
811 810 812
813 811 812
811 813 814
815 816 817
818 815 817
815 818 819
820 819 818
819 820 821
822 821 820
821 822 823
823 822 824
825 823 824
826 827 828
827 826 829
828 830 826
830 828 831
832 827 829
827 832 833
834 833 832
833 834 835
836 835 834
835 836 837
838 837 836
837 838 839
830 831 840
831 841 840
841 831 842
841 842 843
844 845 846
845 844 847
847 848 845
848 847 849
849 850 848
850 849 851
852 850 851
850 852 853
854 853 852
853 854 855
856 855 854
855 856 857
858 859 860
859 858 861
860 862 858
863 864 865
864 863 866
866 867 864
867 866 868
868 869 867
869 868 870
870 871 869
871 870 872
873 871 872
871 873 874
875 874 873
874 875 876
877 876 875
878 879 880
879 878 881
878 882 881
882 883 881
883 882 884
885 886 887
886 885 888
886 889 890
891 892 890
892 891 893
894 895 896
897 894 896
894 897 898
897 899 898
899 900 898
900 899 901
902 900 901
900 902 903
902 904 903
904 905 903
902 906 904
907 906 902
906 907 908
907 909 908
909 907 910
910 911 909
910 912 911
911 913 909
913 914 909
914 913 915
910 916 912
916 917 912
916 918 917
919 918 916
918 919 920
919 921 920
919 922 921
919 923 922
923 919 924
922 925 921
924 926 923
926 924 927
927 928 926
928 927 929
929 930 928
930 929 931
931 932 930
932 931 933
933 934 932
934 933 935
935 936 934
936 935 937
937 938 936
938 937 939
940 938 939
938 940 941
940 942 941
943 944 945
946 945 944
945 946 947
947 946 948
949 948 946
948 949 950
949 951 950
952 951 949
951 952 953
954 953 952
953 954 955
954 956 955
954 957 956
958 959 960
959 958 961
961 962 959
963 962 961
962 963 964
960 965 958
965 960 966
966 967 965
967 966 968
968 969 967
969 968 970
969 970 971
971 972 969
972 971 973
973 974 972
974 973 975
974 975 976
977 964 963
964 977 978
979 978 977
979 980 978
980 979 981
979 977 982
981 983 980
984 985 986
985 984 987
985 988 989
990 991 989
991 990 992
993 991 992
993 992 994
995 996 994
997 998 999
998 997 1000
999 1001 997
999 1002 1001
999 1003 1002
999 1004 1003
1005 1006 1007
1006 1005 1008
1007 1009 1005
1009 1007 1010
1007 1011 1010
1008 1012 1006
1012 1008 1013
1013 1014 1012
1014 1013 1015
1015 1016 1014
1016 1015 1017
1017 1018 1016
1018 1017 1019
1019 1020 1018
1020 1019 1021
1021 1022 1020
1022 1021 1023
1023 1024 1022
1024 1023 1025
1025 1026 1024
1026 1025 1027
1028 1026 1027
1026 1028 1029
1030 1031 1032
1031 1030 1033
1034 1033 1030
1033 1034 1035
1036 1035 1034
1035 1036 1037
1036 1038 1037
1038 1036 1039
1039 1040 1038
1040 1039 1041
1041 1042 1040
1042 1041 1043
1043 1044 1042
1044 1043 1045
1031 1046 1032
1046 1031 1047
1048 1046 1047
1045 1049 1044
1049 1045 1050
1050 1051 1049
1051 1050 1052
1052 1053 1051
1054 1055 1056
1055 1054 1057
1057 1058 1055
1058 1057 1059
1060 1058 1059
1058 1060 1061
1060 1062 1061
1062 1060 1063
1064 1062 1063
1062 1064 1065
1066 1065 1064
1065 1066 1067
1066 1068 1067
1068 1066 1069
1070 1068 1069
1068 1070 1071
1072 1071 1070
1071 1072 1073
1074 1073 1072
1073 1074 1075
1074 1076 1075
1077 1076 1074
1076 1077 1078
1077 1079 1078
1079 1077 1080
1080 1081 1079
1081 1080 1082
1083 1084 912
1084 1085 1086
1087 1086 1085
1086 1087 1088
1085 1084 1089
1090 1091 1092
1091 1090 1093
1093 1094 1091
1094 1093 1095
1095 1096 1094
1096 1095 1097
1097 1098 1096
1098 1097 1099
1099 1100 1098
1100 1099 1101
1102 1100 1101
1100 1102 1103
1104 1103 1102
1103 1104 1105
1106 1105 1104
1105 1106 1107
1108 1107 1106
1107 1108 1109
1110 1109 1108
1109 1110 1111
1112 1111 1110
1111 1112 1113
1114 1113 1112
1113 1114 1115
1116 1115 1114
1115 1116 1117
1116 1118 1117
1118 1116 1119
1120 1121 1122
1121 1120 1123
1123 1124 1121
1124 1123 1125
1125 1126 1124
1126 1125 1127
1127 1128 1126
1128 1127 1129
1129 1130 1128
1130 1129 1131
1132 1130 1131
1130 1132 1133
1134 1133 1132
1133 1134 1135
1136 1135 1134
1135 1136 1137
1138 1137 1136
1137 1138 1139
1138 1140 1139
1140 1138 1141
1142 1143 1144
1143 1142 1145
1142 1146 1145
1146 1147 1145
1146 1148 1147
1149 1144 1143
1144 1149 1150
1151 1150 1149
1150 1151 1152
1153 1152 1151
1152 1153 1154
1155 1154 1153
1154 1155 1156
1157 1150 1152
1150 1157 1158
1158 1144 1150
1152 1159 1157
1159 1152 1154
1154 1160 1159
1160 1154 1161
1144 1158 1162
1162 1163 1144
1163 1162 1164
1163 1164 1165
1164 1166 1165
1166 1167 1165
1168 1169 1170
1169 1168 1171
1171 1172 1169
1172 1171 1173
1174 1172 1173
1172 1174 1175
1174 1176 1175
1176 1174 1177
1170 1178 1168
1178 1170 1179
1179 1180 1178
1180 1179 1181
1182 1180 1181
1180 1182 1183
1184 1176 1177
1176 1184 1185
1186 1185 1184
1185 1186 1187
1188 1189 1190
1191 1056 1192
1056 1191 1054
1193 1194 1195
1196 1197 1198
1197 1196 1199
1198 1200 1196
1200 1198 1201
1201 1202 1200
1202 1201 1203
1204 1202 1203
1204 1203 1205
1206 1204 1205
1206 1207 1204
1207 1206 1208
1208 1209 1207
1209 1210 1207
1210 1209 1211
1212 1210 1211
1210 1212 1213
1212 1211 1214
1215 1216 1217
1216 1218 1217
1218 1216 1219
1220 1218 1219
1218 1220 1221
1220 1222 1221
1222 1223 1221
1223 1222 1224
1224 1225 1223
1225 1224 1226
1227 1225 1226
1225 1227 1228
1227 1229 1228
1229 1230 1228
1230 1229 1231
1229 1232 1231
1233 1234 1235
1234 1233 1236
1235 1237 1233
1238 1235 1234
1235 1238 1239
1239 1240 1235
1235 1240 1237
1240 1239 1241
1242 1243 1241
1243 1242 1244
1242 1245 1244
1245 1242 1246
1247 1248 1249
1248 1247 1250
1251 1248 1250
1252 1249 1248
1249 1252 1253
1254 1253 1252
1255 1254 1252
1254 1255 1256
1257 1256 1255
1258 1256 1257
1256 1258 1259
1260 1259 1258
1261 1262 1263
1262 1261 1264
1265 1262 1264
1262 1265 1266
1267 1266 1265
1268 1263 1269
1263 1268 1270
1269 1271 1268
1271 1269 1272
1268 1271 1273
1274 1275 1276
1275 1274 1277
1278 1276 1275
1276 1278 1279
1279 1280 1276
1276 1280 1274
1274 1280 1281
1280 1279 1282
1282 1283 1280
1283 1282 1284
1285 1278 1275
1278 1285 1286
1287 1275 1277
1275 1287 1288
1289 1280 1283
1280 1289 1290
1287 1291 1288
1291 1292 1288
1293 1292 1294
1295 1286 1293
1295 1292 1296
1286 1295 1297
1298 1297 1295
1297 1298 1299
1300 1299 1298
1299 1300 1301
1302 1298 1295
1295 1303 1302
1303 1295 1304
1295 1296 1304
1298 1302 1305
1306 1301 1300
1301 1306 1307
1306 1308 1307
1308 1306 1309
1309 1310 1308
1310 1309 1311
1311 1312 1310
1312 1311 1313
1313 1314 1312
1314 1313 1315
1316 1314 1315
1314 1316 1317
1318 1317 1316
1317 1318 1319
1320 1319 1318
1319 1320 1321
1318 1322 1320
1323 1320 1322
1320 1323 1324
1324 1321 1320
1325 1324 1323
1324 1325 1326
1327 1326 1325
1326 1327 1328
1322 1318 1329
1316 1329 1318
1315 1330 1316
1330 1315 1331
1329 1316 1332
1315 1333 1331
1333 1315 1313
1313 1334 1333
1334 1313 1311
1309 1335 1311
1335 1309 1336
1311 1335 1337
1338 1339 1336
1340 1339 1341
1306 1340 1341
1340 1306 1342
1306 1343 1342
1300 1343 1306
1343 1300 1344
1300 1345 1344
1345 1300 1346
1298 1346 1300
1346 1298 1305
1343 1344 1347
1348 1349 1350
1349 1348 1351
1352 1351 1348
1351 1352 1353
1354 1355 1356
1355 1354 1357
1358 1355 1357
1355 1358 1359
1360 1359 1358
1359 1360 1361
1362 1361 1360
1361 1362 1363
1364 1363 1362
1363 1364 1365
1366 1365 1364
1365 1366 1367
1368 1367 1366
1367 1368 1369
1370 1371 1372
1371 1373 1372
1374 1370 1372
1370 1374 1375
1376 1375 1374
1375 1376 1377
1378 1377 1376
1377 1378 1379
1380 1379 1378
1379 1380 1381
1380 1382 1381
1382 1380 1383
1383 1384 1382
1384 1383 1385
1385 1386 1384
1386 1385 1387
1388 1386 1387
1386 1388 1389
1390 1389 1388
1389 1390 1391
1392 1391 1390
1391 1392 1393
1394 1393 1392
1393 1394 1395
1394 1396 1395
1397 1398 1394
1399 1400 1401
1400 1399 1402
1403 1402 1399
1402 1403 1404
1405 1404 1403
1404 1405 1406
1406 1405 1407
1406 1407 1408
1409 1408 1407
1408 1409 1410
1411 1412 1413
1412 1411 1414
1415 1412 1414
1412 1415 1416
1417 1416 1415
1416 1417 1418
1419 1418 1417
1418 1419 1420
1421 1420 1419
1422 1421 1419
1421 1422 1423
1424 1423 1422
1413 1425 1411
1413 1426 1425
1426 1413 1427
1428 1426 1427
1426 1428 1429
1428 1430 1429
1428 1431 1430
1432 1431 1433
1433 1434 1432
1434 1433 1435
1435 1436 1434
1436 1435 1437
1431 1432 1438
1439 1436 1437
1436 1439 1440
1439 1441 1440
1442 1443 1444
1443 1442 1445
1446 1444 1443
1444 1446 1447
1446 1448 1447
1449 1448 1446
1448 1449 1450
1450 1449 1451
1452 1450 1451
1450 1452 1453
1454 1455 1456
1455 1454 1457
1455 1458 1456
1458 1455 1459
1459 1460 1458
1460 1459 1461
1462 1460 1461
1460 1462 1463
1464 1463 1462
1463 1464 1465
1466 1465 1464
1465 1466 1467
1468 1467 1466
1454 1469 1457
1454 1470 1469
1470 1454 1471
1471 1472 1470
1472 1471 1473
1474 1472 1473
1472 1474 1475
1476 1475 1474
1475 1476 1477
1478 1477 1476
1477 1478 1479
1480 1478 1481
1482 1481 1483
1482 1483 1484
1483 1485 1484
1485 1486 1484
1481 1482 1487
1486 1488 1484
1489 1490 1491
1490 1489 1492
1490 1493 1491
1494 1493 1490
1493 1494 1495
1496 1495 1494
1495 1496 1497
1498 1497 1496
1499 1498 1496
1494 1500 1496
1496 1500 1501
1499 1496 1501
1500 1494 1502
1502 1494 1503
1490 1503 1494
1503 1490 1504
1504 1490 1505
1492 1505 1490
1505 1492 1506
1507 1508 1509
1507 1509 1510
1511 1512 1513
1512 1511 1514
1514 1515 1512
1515 1514 1516
1517 1518 1519
1518 1517 1520
1521 1520 1517
1520 1521 1522
1523 1522 1521
1522 1523 1524
1525 1524 1523
1524 1525 1526
1527 1526 1525
1526 1527 1528
1529 1528 1527
1528 1529 1530
1529 1531 1530
1532 1533 1534
1535 1534 1533
1534 1535 1536
1537 1536 1535
1536 1537 1538
1539 1540 1541
1540 1539 1542
1543 1542 1539
1542 1543 1544
1543 1545 1544
1545 1543 1546
1545 1546 1547
1548 1541 1540
1549 1550 1551
1550 1549 1552
1551 1553 1549
1553 1551 1554
1554 1555 1553
1556 1550 1552
1550 1556 1557
1558 1557 1556
1557 1558 1559
1558 1560 1559
1560 1558 1561
1562 1556 1552
1556 1562 1563
1564 1561 1558
1556 1564 1558
1564 1556 1565
1563 1565 1556
1566 1562 1552
1549 1566 1552
1566 1549 1567
1553 1567 1549
1554 1568 1555
1568 1569 1555
1570 1569 1568
1569 1570 1571
1572 1571 1570
1571 1572 1573
1574 1573 1572
1573 1574 1575
1576 1575 1574
1575 1576 1577
1578 1577 1576
1577 1578 1579
1578 1580 1579
1580 1578 1581
1582 1580 1581
1580 1582 1583
1584 1583 1582
1583 1584 1585
1586 1587 1588
1589 1588 1587
1588 1589 1590
1590 1589 1591
1590 1591 1592
1592 1593 1590
1593 1592 1594
1594 1595 1593
1595 1594 1596
1595 1596 1597
1595 1597 1598
1597 1599 1598
1600 1598 1599
1598 1600 1601
1601 1600 1602
1601 1602 1603
1602 1604 1603
1604 1605 1603
1605 1604 1606
1605 1606 1607
1605 1607 1608
1607 1609 1608
1610 1608 1609
1608 1610 1611
1610 1612 1611
1612 1610 1613
1614 1615 1616
1615 1614 1617
1618 1616 1615
1616 1618 1619
1620 1619 1618
1619 1620 1621
1620 1622 1621
1622 1620 1623
1624 1625 1626
1625 1624 1627
1628 1627 1624
1627 1628 1629
1628 1630 1629
1628 1631 1630
1632 1633 1634
1633 1632 1635
1634 1636 1632
1636 1634 1637
1636 1637 1638
1639 1640 1641
1640 1639 1642
1643 1641 1640
1641 1643 1644
1639 1645 1642
1639 1646 1645
1647 1648 1649
1648 1647 1650
1651 1650 1647
1650 1651 1652
1653 1652 1651
1652 1653 1654
1655 1656 1657
1658 1659 1660
1661 1662 1663
1664 1662 1661
1662 1664 1665
1666 1665 1664
1667 1665 1666
1668 1669 1670
1669 1668 1671
1669 1671 1672
1672 1673 1669
1673 1672 1674
1675 1673 1674
1673 1675 1676
1677 1676 1675
1676 1677 1678
1679 1678 1677
1680 1681 1682
1681 1680 1683
1684 1681 1683
1685 1684 1683
1684 1685 1686
1687 1686 1685
1686 1687 1688
1689 1688 1687
1688 1689 1690
1691 1690 1689
1690 1691 1692
1693 1692 1691
1694 1695 1696
1695 1694 1697
1698 1696 1695
1696 1698 1699
1700 1699 1698
1699 1700 1701
1702 1701 1700
1701 1702 1703
1704 1703 1702
1703 1704 1705
1706 1705 1704
1707 1708 1709
1708 1707 1710
1711 1710 1707
1710 1711 1712
1711 1713 1712
1713 1711 1714
1714 1715 1713
1715 1714 1716
1716 1717 1715
1717 1716 1718
1719 1717 1718
1720 1721 1722
1721 1720 1723
1721 1724 1722
1724 1721 1725
1726 1724 1725
1724 1726 1727
1728 1727 1726
1727 1728 1729
1723 1730 1721
1730 1723 1731
1730 1731 1732
1733 1721 1730
1721 1733 1725
1725 1733 1726
1730 1734 1733
1734 1730 1735
1732 1735 1730
1736 1733 1734
1733 1736 1726
1737 1726 1736
1726 1737 1728
1738 1728 1737
1728 1738 1739
1739 1729 1728
1729 1739 1740
1735 1732 1741
1731 1742 1732
1732 1742 1741
1742 1743 1741
1743 1744 1741
1745 1744 1743
1744 1745 1746
1747 1746 1745
1746 1747 1748
1747 1749 1748
1750 1751 1752
1751 1750 1753
1754 1751 1753
1753 1755 1754
1755 1753 1756
1756 1757 1755
1758 1757 1756
1757 1758 1759
1760 1759 1758
1759 1760 1761
1762 1761 1760
1763 1764 1765
1764 1763 1766
1767 1763 1765
1763 1767 1768
1769 1768 1767
1768 1769 1770
1771 1770 1769
1770 1771 1772
1773 1772 1771
1772 1773 1774
1775 1774 1773
1774 1775 1776
1777 1776 1775
1776 1777 1778
1779 1778 1777
1778 1779 1780
1781 1780 1779
1780 1781 1782
1783 1782 1781
1782 1783 1784
1783 1785 1784
1786 1787 1788
1787 1786 1789
1788 1790 1786
1790 1788 1791
1792 1790 1791
1793 1788 1787
1788 1793 1794
1795 1788 1794
1788 1795 1791
1796 1791 1795
1791 1796 1792
1796 1797 1792
1798 1792 1797
1792 1798 1799
1799 1790 1792
1797 1800 1798
1800 1797 1801
1797 1796 1802
1802 1801 1797
1801 1802 1803
1790 1799 1804
1804 1786 1790
1786 1804 1805
1805 1789 1786
1806 1789 1805
1789 1806 1807
1808 1807 1809
1809 1810 1808
1810 1809 1811
1811 1812 1810
1807 1808 1813
1814 1815 1816
1814 1816 1817
1818 1817 1816
1817 1818 1819
1814 1820 1815
1821 1815 1820
1815 1821 1822
1823 1817 1819
1817 1823 1824
1824 1814 1817
1825 1824 1823
1824 1825 1826
1826 1827 1824
1814 1824 1827
1827 1820 1814
1827 1826 1828
1828 1829 1827
1820 1827 1829
1829 1828 1830
1831 1829 1830
1829 1831 1832
1820 1832 1821
1832 1820 1829
1833 1826 1825
1826 1833 1834
1826 1835 1828
1835 1826 1834
1835 1830 1828
1830 1835 1836
1836 1831 1830
1831 1836 1837
1833 1838 1834
1838 1833 1839
1834 1840 1835
1840 1834 1838
1840 1836 1835
1836 1840 1841
1841 1837 1836
1837 1841 1842
1843 1838 1839
1838 1843 1844
1844 1840 1838
1845 1844 1843
1844 1845 1846
1846 1847 1844
1840 1844 1847
1847 1841 1840
1847 1846 1848
1848 1849 1847
1841 1847 1849
1849 1842 1841
1849 1848 1850
1850 1851 1849
1842 1849 1851
1851 1850 1852
1853 1852 1850
1852 1853 1854
1850 1855 1853
1855 1850 1848
1846 1855 1848
1855 1846 1856
1846 1857 1856
1857 1846 1858
1853 1859 1854
1859 1853 1860
1855 1860 1853
1860 1855 1861
1856 1861 1855
1861 1856 1862
1857 1862 1856
1863 1864 1865
1864 1863 1866
1865 1867 1863
1867 1865 1868
1869 1863 1867
1863 1869 1870
1870 1869 1871
1870 1871 1872
1873 1863 1870
1863 1873 1866
1874 1870 1872
1874 1873 1870
1875 1873 1874
1873 1875 1876
1877 1876 1875
1876 1877 1878
1864 1879 1865
1879 1864 1880
1881 1865 1879
1865 1881 1868
1868 1881 1882
1883 1872 1871
1872 1883 1884
1884 1883 1885
1885 1886 1884
1886 1885 1887
1888 1886 1887
1886 1888 1889
1889 1888 1890
1891 1892 1877
1893 1892 1891
1894 1893 1891
1893 1894 1895
1895 1894 1896
1895 1896 1897
1896 1898 1897
1898 1896 1899
1898 1899 1900
1899 1901 1900
1901 1899 1902
1903 1901 1902
1903 1904 1901
1904 1903 1905
1906 1907 1893
1907 1906 1908
1893 1907 1909
1910 1908 1906
1908 1910 1911
1911 1910 1912
1912 1913 1911
1913 1912 1914
1914 1915 1913
1913 1915 1916
1916 1915 1917
1916 1917 1918
1915 1914 1919
1917 1915 1919
1917 1919 1920
1920 1921 1917
1921 1920 1922
1921 1922 1923
1923 1922 1924
1923 1924 1925
1926 1924 1922
1920 1926 1922
1924 1926 1927
1928 1924 1927
1924 1928 1929
1929 1928 1930
1929 1931 1924
1931 1929 1932
1924 1931 1933
1925 1924 1933
1930 1934 1929
1932 1929 1934
1934 1930 1935
1935 1930 1936
1935 1936 1937
1937 1936 1938
1937 1938 1939
1939 1938 1940
1941 1942 1943
1942 1941 1944
1941 1945 1944
1945 1941 1946
1946 1947 1945
1947 1946 1948
1949 1945 1947
1945 1949 1950
1950 1944 1945
1951 1950 1949
1950 1951 1952
1952 1953 1950
1944 1950 1953
1953 1952 1954
1955 1953 1954
1953 1955 1956
1944 1956 1942
1956 1944 1953
1951 1957 1952
1957 1954 1952
1957 1951 1958
1958 1959 1957
1959 1958 1960
1959 1961 1957
1954 1957 1961
1961 1955 1954
1961 1959 1962
1962 1963 1961
1955 1961 1963
1963 1962 1964
1960 1965 1959
1965 1962 1959
1965 1960 1966
1966 1967 1965
1967 1966 1968
1967 1969 1965
1962 1965 1969
1969 1964 1962
1969 1967 1970
1970 1971 1969
1964 1969 1971
1971 1970 1972
1968 1973 1967
1973 1970 1967
1973 1968 1974
1974 1975 1973
1975 1974 1976
1975 1977 1973
1970 1973 1977
1977 1972 1970
1977 1975 1978
1978 1979 1977
1972 1977 1979
1979 1978 1980
1976 1981 1975
1981 1978 1975
1981 1976 1982
1982 1983 1981
1983 1982 1984
1983 1985 1981
1978 1981 1985
1985 1980 1978
1985 1983 1986
1986 1987 1985
1980 1985 1987
1987 1986 1988
1984 1989 1983
1989 1986 1983
1989 1984 1990
1990 1991 1989
1991 1990 1992
1991 1993 1989
1986 1989 1993
1993 1988 1986
1993 1991 1994
1994 1995 1993
1988 1993 1995
1995 1994 1996
1992 1997 1991
1997 1994 1991
1997 1992 1998
1998 1999 1997
1999 1998 2000
1999 2001 1997
1994 1997 2001
2001 1996 1994
2001 1999 2002
2002 2003 2001
1996 2001 2003
2003 2002 2004
2005 2006 2007
2006 2008 2007
2005 2007 2009
2010 2005 2009
2011 2008 2006
2007 2008 2012
2008 2013 2012
2014 2012 2013
2012 2014 2015
2016 2012 2015
2012 2016 2017
2009 2007 2017
2007 2012 2017
2018 2014 2013
2013 2008 2018
2014 2018 2019
2008 2020 2018
2011 2020 2008
2020 2011 2021
2022 2023 2024
2023 2022 2025
2024 2023 2026
2023 2027 2026
2028 2027 2023
2029 2028 2023
2029 2030 2028
2030 2031 2028
2029 2032 2030
2032 2029 2033
2023 2033 2029
2033 2023 2025
2033 2034 2032
2034 2033 2035
2036 2034 2035
2034 2036 2037
2038 2037 2036
2037 2038 2039
2038 2040 2039
2040 2038 2041
2041 2042 2040
2042 2041 2043
2044 2042 2043
2033 2045 2035
2045 2033 2025
2035 2046 2036
2046 2035 2045
2047 2036 2046
2036 2047 2038
2038 2047 2048
2041 2038 2048
2048 2047 2049
2050 2051 2052
2051 2050 2053
2051 2054 2052
2054 2051 2055
2055 2056 2054
2056 2055 2057
2052 2058 2050
2058 2052 2059
2052 2060 2059
2060 2052 2054
2054 2061 2060
2061 2054 2056
2053 2062 2051
2062 2055 2051
2062 2053 2063
2063 2064 2062
2064 2063 2065
2064 2066 2062
2055 2062 2066
2066 2057 2055
2066 2064 2067
2067 2068 2066
2057 2066 2068
2068 2067 2069
2065 2070 2064
2070 2067 2064
2070 2065 2071
2071 2072 2070
2072 2071 2073
2072 2074 2070
2067 2070 2074
2074 2069 2067
2074 2072 2075
2075 2076 2074
2069 2074 2076
2076 2075 2077
2073 2078 2072
2078 2075 2072
2078 2073 2079
2079 2080 2078
2080 2079 2081
2080 2082 2078
2075 2078 2082
2082 2077 2075
2082 2080 2083
2083 2084 2082
2077 2082 2084
2084 2083 2085
2081 2086 2080
2086 2083 2080
2086 2081 2087
2087 2088 2086
2088 2087 2089
2088 2090 2086
2083 2086 2090
2090 2085 2083
2090 2088 2091
2091 2092 2090
2085 2090 2092
2092 2091 2093
2089 2094 2088
2094 2091 2088
2094 2089 2095
2095 2096 2094
2096 2095 2097
2096 2098 2094
2091 2094 2098
2098 2093 2091
2098 2096 2099
2099 2100 2098
2093 2098 2100
2100 2099 2101
2097 2102 2096
2102 2099 2096
2102 2097 2103
2103 2104 2102
2104 2103 2105
2104 2106 2102
2099 2102 2106
2106 2101 2099
2106 2104 2107
2107 2108 2106
2101 2106 2108
2108 2107 2109
2105 2110 2104
2110 2107 2104
2110 2105 2111
2111 2112 2110
2112 2111 2113
2112 2114 2110
2107 2110 2114
2114 2109 2107
2114 2112 2115
2115 2116 2114
2109 2114 2116
2116 2115 2117
2118 2119 2120
2119 2118 2121
2119 2122 2120
2122 2119 2123
2123 2124 2122
2124 2123 2125
2120 2126 2118
2126 2120 2127
2120 2128 2127
2128 2120 2122
2122 2129 2128
2129 2122 2124
2121 2130 2119
2130 2123 2119
2130 2121 2131
2131 2132 2130
2132 2131 2133
2132 2134 2130
2123 2130 2134
2134 2125 2123
2134 2132 2135
2135 2136 2134
2125 2134 2136
2136 2135 2137
2133 2138 2132
2138 2135 2132
2138 2133 2139
2139 2140 2138
2140 2141 2138
2135 2138 2141
2141 2137 2135
2141 2140 2142
2142 2143 2141
2137 2141 2143
2143 2142 2144
2140 2139 2145
2145 2146 2140
2146 2145 2147
2147 2148 2146
2148 2147 2149
2148 2150 2146
2140 2150 2142
2150 2140 2146
2150 2148 2151
2151 2152 2150
2142 2152 2144
2152 2142 2150
2152 2151 2153
2149 2154 2148
2154 2151 2148
2154 2149 2155
2151 2154 2156
2156 2153 2151
2153 2156 2157
2158 2157 2156
2154 2158 2156
2157 2158 2159
2160 2159 2158
2158 2161 2160
2161 2158 2162
2158 2154 2162
2155 2162 2154
2163 2161 2162
2162 2155 2163
2161 2163 2164
2159 2160 2165
2166 2165 2160
2161 2166 2160
2165 2166 2167
2168 2167 2166
2166 2169 2168
2169 2166 2170
2166 2161 2170
2164 2170 2161
2171 2169 2170
2170 2164 2171
2169 2171 2172
2167 2168 2173
2174 2173 2168
2169 2174 2168
2173 2174 2175
2176 2175 2174
2174 2177 2176
2177 2174 2178
2174 2169 2178
2172 2178 2169
2179 2177 2178
2178 2172 2179
2177 2179 2180
2175 2176 2181
2182 2181 2176
2177 2182 2176
2181 2182 2183
2182 2177 2184
2180 2184 2177
2184 2180 2185
2186 2187 2188
2187 2186 2189
2187 2190 2188
2190 2187 2191
2191 2192 2190
2192 2191 2193
2188 2194 2186
2194 2188 2195
2188 2196 2195
2196 2188 2190
2190 2197 2196
2197 2190 2192
2189 2198 2187
2198 2191 2187
2198 2189 2199
2199 2200 2198
2200 2199 2201
2200 2202 2198
2191 2198 2202
2202 2193 2191
2202 2200 2203
2203 2204 2202
2193 2202 2204
2204 2203 2205
2201 2206 2200
2206 2203 2200
2206 2201 2207
2207 2208 2206
2208 2207 2209
2208 2210 2206
2203 2206 2210
2210 2205 2203
2210 2208 2211
2211 2212 2210
2205 2210 2212
2212 2211 2213
2209 2214 2208
2214 2211 2208
2214 2209 2215
2215 2216 2214
2216 2215 2217
2216 2218 2214
2211 2214 2218
2218 2213 2211
2218 2216 2219
2219 2220 2218
2213 2218 2220
2220 2219 2221
2217 2222 2216
2222 2219 2216
2222 2217 2223
2223 2224 2222
2224 2223 2225
2224 2226 2222
2219 2222 2226
2226 2221 2219
2226 2224 2227
2227 2228 2226
2221 2226 2228
2228 2227 2229
2225 2230 2224
2230 2227 2224
2230 2225 2231
2231 2232 2230
2232 2231 2233
2232 2234 2230
2227 2230 2234
2234 2229 2227
2234 2232 2235
2235 2236 2234
2229 2234 2236
2236 2235 2237
2233 2238 2232
2238 2235 2232
2238 2233 2239
2239 2240 2238
2240 2239 2241
2240 2242 2238
2235 2238 2242
2242 2237 2235
2242 2240 2243
2243 2244 2242
2237 2242 2244
2244 2243 2245
2241 2246 2240
2246 2243 2240
2246 2241 2247
2247 2248 2246
2248 2247 2249
2248 2250 2246
2243 2246 2250
2250 2245 2243
2250 2248 2251
2251 2252 2250
2245 2250 2252
2252 2251 2253
2254 2255 2256
2255 2254 2257
2258 2255 2257
2255 2258 2259
2260 2259 2258
2259 2260 2261
1815 2256 2255
2256 1815 1822
1816 2255 2259
2255 1816 1815
2259 1818 1816
1818 2259 2261
2262 2263 2264
2263 2262 2265
2266 2263 2265
2263 2266 2267
2268 2267 2266
2267 2268 2269
2270 2269 2268
2269 2270 2271
2272 2271 2270
2271 2272 2273
2273 2272 2274
2262 2264 2275
2264 2276 2275
2276 2264 2277
2278 2276 2279
2276 2278 2280
2280 2278 2281
2280 2281 2282
2282 2281 2283
2284 2282 2283
2283 2281 2285
2286 2285 2281
2285 2286 2287
2287 2286 2288
2287 2288 2289
2290 2282 2284
2290 2280 2282
2291 2290 2284
2292 2291 2284
2291 2292 2293
2294 2293 2292
2293 2294 2295
2294 2296 2295
2296 2294 2297
2297 2298 2296
2298 2297 2299
2300 2301 2302
2301 2300 2303
2304 2303 2300
2303 2304 2305
2306 2305 2304
2305 2306 2307
2308 2307 2306
2307 2308 2309
2310 2309 2308
2309 2310 2311
2312 2311 2310
2302 2301 2313
2314 2302 2313
2302 2314 2315
2315 2314 2316
2315 2316 2317
2316 2318 2317
2319 2320 2321
2320 2322 2321
2321 2322 2323
2322 2324 2323
2325 2323 2324
2323 2325 2326
2327 2326 2325
2326 2327 2328
2329 2330 2331
2330 2329 2332
2333 2331 2330
2331 2333 2334
2335 2334 2333
2334 2335 2336
2337 2338 2339
2337 2339 2340
2340 2341 2337
2341 2340 2342
2343 2341 2342
2340 2339 2344
2345 2346 2347
2346 2345 2348
2349 2350 2351
2350 2352 2351
2349 2351 2353
2354 2349 2353
2350 2355 2352
2355 2356 2352
2357 2356 2355
2356 2357 2358
2359 2358 2357
2358 2359 2360
2359 2361 2360
2362 2363 2364
2363 2362 2365
2366 2367 2368
2367 2369 2368
2369 2367 2370
2370 2371 2369
2371 2370 2372
2372 2373 2371
2373 2372 2374
2375 2373 2374
2373 2375 2376
2377 2376 2375
2376 2377 2378
2379 2378 2377
2378 2379 2380
2381 2380 2379
2380 2381 2382
2383 2382 2381
2382 2383 2384
2385 2386 2387
2388 2389 2390
2391 2392 2393
2394 2391 2393
2392 2395 2393
2395 2392 2396
2397 2395 2396
2398 2397 2396
2397 2398 2399
2400 2399 2398
2401 2402 2403
2403 2402 2404
2405 2406 2407
2406 2405 2408
2408 2409 2406
2409 2408 2410
2410 2411 2409
2411 2410 2412
2413 2411 2412
2411 2413 2414
2415 2414 2413
2414 2415 1912
1912 2415 1914
2416 2417 2418
2417 2416 2419
2420 2417 2419
2417 2420 2421
2417 2422 2418
2422 2417 2421
2419 2423 2420
2424 2420 2423
2423 2425 2424
2425 2423 2426
2420 2424 2427
2428 2420 2427
2420 2428 2421
2421 2428 2429
2425 2426 2430
2431 2430 2426
2430 2431 2432
2431 2433 2432
2433 2431 2434
2433 2434 2435
2434 2436 2435
2436 2434 2437
2436 2437 2438
2438 2437 2439
2440 2441 2429
2441 2440 2442
2443 2442 2440
2442 2443 2444
2444 2443 2445
2444 2445 2446
2445 2447 2446
2447 2445 2448
2441 2422 2421
2421 2429 2441
2449 2450 2451
2450 2449 2452
2453 2449 2451
2449 2453 2454
2455 2454 2453
2454 2455 2456
2452 2457 2450
2458 2456 2455
2456 2458 2459
2458 2460 2459
2460 2458 2461
2461 2462 2460
2462 2461 2463
2464 2462 2463
2462 2464 2465
2466 2465 2464
2465 2466 2467
2468 2467 2466
2467 2468 2469
2468 2470 2469
2471 2457 2452
2457 2471 2472
2473 2472 2471
2472 2473 2474
2475 2474 2473
2474 2475 2476
2475 2477 2476
2477 2475 2478
2479 2480 2481
2479 2482 2480
2482 2479 2483
2483 2484 2482
2484 2483 2485
2485 2486 2484
2486 2485 2487
2487 2488 2486
2489 2488 2487
2490 2491 2492
2491 2490 2493
2494 2492 2491
2492 2494 2495
2490 2496 2493
2496 2490 2497
2497 2498 2496
2498 2497 2499
2499 2500 2498
2500 2499 2501
2501 2502 2500
2502 2501 2503
2494 2504 2495
2505 2495 2504
2495 2505 2506
2505 2507 2506
2508 2509 2510
2509 2508 2511
2512 2511 2508
2511 2512 2513
2514 2513 2512
2513 2514 2515
2514 2516 2515
2516 2514 2517
2517 2518 2516
2518 2517 2519
2519 2520 2518
2520 2519 2521
2522 2523 2524
2523 2522 2525
2525 2522 2526
2527 2528 2529
2528 2527 2530
2531 2530 2527
2530 2531 2532
2533 2532 2531
2532 2533 2534
2535 2534 2533
2534 2535 2536
2535 2537 2536
2537 2535 2538
2538 2539 2537
2539 2538 2540
2541 2539 2540
2542 2543 2544
2543 2542 2545
2542 2544 2546
2547 2546 2544
2546 2547 2548
2549 2550 2551
2550 2549 2552
2550 2553 2551
2554 2551 2553
2551 2554 2555
2556 2557 2558
2556 2559 2557
2559 2556 2560
2559 2560 2561
2562 2561 2560
2561 2562 2563
2562 2564 2563
2564 2562 2565
2564 2565 2566
2566 2565 2567
2564 2566 2568
2568 2569 2564
2569 2568 2570
2571 2569 2570
2569 2571 2572
2572 2571 2573
2572 2573 2574
2573 2571 2575
2576 2575 2571
2575 2576 2577
2572 2574 2578
2578 2574 2579
2578 2579 2580
2580 2581 2578
2581 2580 2582
2581 2582 2583
2579 2574 2584
2581 2583 2585
2586 2581 2585
2581 2586 2587
2585 2583 2588
2589 2587 2586
2587 2589 2590
2591 2590 2589
2590 2591 2592
2584 2593 2579
2593 2584 2594
2594 2595 2593
2595 2594 2596
2597 2592 2591
2592 2597 2598
2599 2598 2597
2598 2599 2600
2601 2600 2599
2600 2601 2602
2603 2602 2601
2602 2603 2604
2605 2604 2603
2604 2605 2606
2605 2607 2606
2607 2605 2608
2607 2608 2609
2610 2611 2612
2611 2613 2612
2613 2611 2614
2614 2615 2613
2615 2616 2613
2616 2615 2617
2616 2617 2618
2618 2619 2616
2619 2618 2620
2620 2621 2619
2621 2620 2622
2621 2622 2623
2621 2623 2624
2625 2626 2627
2626 2625 2628
2628 2625 2629
2629 2630 2628
2630 2629 2631
2632 2627 2626
2627 2632 2633
2634 2633 2632
2633 2634 2635
2636 2635 2634
2635 2636 2637
2636 2638 2637
2639 2638 2636
2638 2639 2640
2641 2640 2639
2640 2641 2642
2641 2643 2642
2631 2644 2630
2644 2631 2645
2646 2644 2645
2647 2646 2645
2646 2647 2648
2646 2649 2644
2648 2647 2650
2651 2652 2653
2652 2651 2654
2652 2655 2653
2656 2653 2655
2653 2656 2657
2658 2657 2656
2658 2659 2657
2657 2659 2660
2661 2662 2663
2662 2661 2664
2663 2662 2665
2663 2665 2666
2663 2666 2667
2663 2667 2668
2669 2670 2671
2670 2669 2672
2673 2671 2670
2671 2673 2674
2671 2674 2675
2676 2672 2669
2672 2676 2677
2678 2677 2676
2677 2678 2679
2680 2679 2678
2679 2680 2681
2682 2681 2680
2681 2682 2683
2684 2683 2682
2683 2684 2685
2686 2685 2684
2685 2686 2687
2688 2687 2686
2687 2688 2689
2690 2689 2688
2689 2690 2691
2690 2692 2691
2692 2690 2693
2694 2695 2696
2695 2694 2697
2696 2698 2694
2698 2696 2699
2699 2700 2698
2700 2699 2701
2702 2700 2701
2700 2702 2703
2704 2703 2702
2703 2704 2705
2706 2705 2704
2705 2706 2707
2708 2707 2706
2707 2708 2709
2710 2695 2697
2695 2710 2711
2712 2711 2710
2713 2709 2708
2709 2713 2714
2715 2714 2713
2714 2715 2716
2715 2717 2716
2718 2719 2720
2719 2718 2721
2722 2721 2718
2721 2722 2723
2722 2724 2723
2724 2722 2725
2726 2724 2725
2724 2726 2727
2726 2728 2727
2728 2726 2729
2729 2730 2728
2730 2729 2731
2732 2730 2731
2730 2732 2733
2732 2734 2733
2734 2732 2735
2735 2736 2734
2736 2735 2737
2737 2738 2736
2738 2737 2739
2738 2739 2740
2740 2741 2738
2741 2740 2742
2743 2741 2742
2741 2743 2744
2745 2744 2743
2744 2745 2746
2747 2748 2749
2748 2747 2750
2751 2749 2748
2749 2751 2752
2753 2752 2751
2752 2753 2754
2755 2754 2753
2754 2755 2756
2757 2756 2755
2756 2757 2758
2757 2759 2758
2759 2757 2760
2760 2761 2759
2761 2760 2762
2762 2763 2761
2763 2762 2764
2764 2765 2763
2765 2764 2766
2766 2767 2765
2767 2766 2768
2768 2769 2767
2769 2768 2770
2770 2771 2769
2771 2770 2772
2772 2773 2771
2773 2772 2774
2775 2773 2774
2773 2775 2776
2777 2778 2779
2778 2777 2780
2781 2780 2777
2780 2781 2782
2783 2782 2781
2782 2783 2784
2785 2784 2783
2784 2785 2786
2787 2786 2785
2786 2787 2788
2787 2789 2788
2789 2787 2790
2790 2791 2789
2791 2790 2792
2792 2793 2791
2793 2792 2794
2794 2795 2793
2795 2794 2796
2797 2795 2796
2795 2797 2798
2799 2800 2801
2800 2799 2802
2803 2802 2799
2802 2803 2804
2803 2805 2804
2805 2803 2806
2807 2805 2806
2805 2807 2808
2809 2801 2800
2801 2809 2810
2811 2810 2809
2810 2811 2812
2811 2813 2812
2813 2811 2814
2807 2815 2808
2815 2807 2816
2816 2817 2815
2817 2816 2818
2819 2820 2821
2822 2720 2719
2720 2822 2823
2824 2825 2826
2827 2828 2829
2828 2827 2830
2831 2830 2827
2830 2831 2832
2833 2832 2831
2832 2833 2834
2835 2834 2833
2835 2836 2834
2837 2836 2835
2838 2837 2835
2837 2838 2839
2839 2838 2840
2841 2840 2838
2840 2841 2842
2841 2843 2842
2843 2841 2844
2843 2845 2842
2846 2847 2848
2849 2848 2847
2848 2849 2850
2849 2851 2850
2851 2849 2852
2851 2852 2853
2854 2853 2852
2853 2854 2855
2856 2855 2854
2855 2856 2857
2856 2858 2857
2858 2856 2859
2858 2859 2860
2861 2860 2859
2860 2861 2862
2860 2862 2863
2864 2865 2866
2865 2864 2867
2867 2864 2868
2867 2869 2865
2869 2867 2870
2871 2870 2867
2867 2868 2871
2870 2871 2872
2873 2874 2875
2874 2873 2876
2877 2876 2873
2875 2878 2873
2878 2875 2879
2880 2878 2879
2880 2881 2878
2881 2880 2882
2883 2881 2882
2884 2883 2882
2882 2885 2884
2886 2884 2885
2887 2888 2889
2888 2887 2890
2891 2889 2888
2889 2891 2892
2893 2892 2891
2892 2893 2894
2887 2895 2890
2895 2887 2896
2897 2895 2896
2891 2898 2893
2899 2900 2901
2900 2899 2902
2902 2903 2900
2903 2902 2904
2905 2904 2902
2902 2899 2905
2899 2906 2905
2905 2906 2907
2904 2905 2908
2909 2908 2905
2907 2909 2905
2908 2909 2910
2903 2911 2900
2911 2903 2912
2900 2913 2901
2913 2900 2911
2913 2911 2914
2914 2911 2915
2911 2916 2915
2912 2916 2911
2916 2917 2915
2916 2912 2918
2918 2919 2916
2919 2918 2920
2920 2921 2919
2921 2920 2922
2923 2916 2919
2924 2916 2923
2916 2924 2925
2916 2925 2917
2919 2926 2923
2922 2927 2921
2927 2922 2928
2929 2927 2928
2927 2929 2930
2931 2930 2929
2930 2931 2932
2933 2932 2931
2932 2933 2934
2935 2934 2933
2934 2935 2936
2935 2937 2936
2937 2935 2938
2938 2939 2937
2939 2938 2940
2940 2941 2939
2941 2940 2942
2943 2939 2941
2941 2944 2943
2944 2941 2945
2945 2941 2942
2945 2946 2944
2946 2945 2947
2947 2948 2946
2948 2947 2949
2939 2943 2950
2950 2937 2939
2951 2936 2937
2937 2950 2951
2936 2951 2952
2953 2936 2952
2936 2953 2934
2954 2934 2953
2934 2954 2932
2932 2954 2955
2955 2930 2932
2930 2955 2956
2930 2956 2957
2958 2930 2957
2958 2927 2930
2927 2958 2959
2927 2959 2960
2960 2921 2927
2921 2960 2961
2962 2921 2961
2921 2962 2963
2963 2919 2921
2919 2963 2926
2960 2964 2961
2965 2966 2967
2966 2965 2968
2967 2969 2965
2969 2967 2970
2971 2972 2973
2972 2971 2974
2972 2975 2973
2975 2972 2976
2976 2977 2975
2977 2976 2978
2978 2979 2977
2979 2978 2980
2980 2981 2979
2981 2980 2982
2982 2983 2981
2983 2982 2984
2984 2985 2983
2985 2984 2986
2987 2988 2989
2989 2988 2990
2987 2991 2988
2991 2987 2992
2992 2993 2991
2993 2992 2994
2994 2995 2993
2995 2994 2996
2996 2997 2995
2997 2996 2998
2999 2997 2998
2997 2999 3000
3001 3000 2999
3000 3001 3002
3003 3002 3001
3002 3003 3004
3003 3005 3004
3005 3003 3006
3006 3007 3005
3007 3006 3008
3008 3009 3007
3009 3008 3010
3010 3011 3009
3011 3010 3012
3011 3012 3013
3014 3011 3015
3016 3017 3018
3017 3016 3019
3018 3020 3016
3020 3018 3021
3021 3022 3020
3022 3021 3023
3023 3024 3022
3023 3025 3024
3025 3026 3024
3026 3025 3027
3028 3029 3030
3029 3028 3031
3028 3032 3031
3032 3028 3033
3033 3034 3032
3034 3033 3035
3035 3036 3034
3036 3035 3037
3038 3036 3037
3038 3039 3036
3039 3038 3040
3041 3039 3040
3030 3029 3042
3043 3030 3042
3030 3043 3044
3043 3045 3044
3045 3043 3046
3045 3046 3047
3045 3047 3048
3049 3048 3047
3048 3049 3050
3051 3050 3049
3050 3051 3052
3053 3052 3051
3052 3053 3054
3053 3055 3054
3055 3053 3056
3055 3056 3057
3058 3059 3060
3059 3058 3061
3061 3062 3059
3062 3061 3063
3062 3063 3064
3064 3065 3062
3065 3064 3066
3066 3067 3065
3066 3068 3067
3068 3066 3069
3070 3071 3072
3071 3070 3073
3074 3071 3073
3071 3074 3075
3076 3075 3074
3075 3076 3077
3076 3078 3077
3078 3076 3079
3079 3080 3078
3080 3079 3081
3081 3082 3080
3082 3081 3083
3084 3082 3083
3070 3072 3085
3086 3070 3085
3070 3086 3087
3088 3087 3086
3087 3088 3089
3088 3090 3089
3090 3088 3091
3091 3092 3090
3092 3091 3093
3093 3094 3092
3094 3093 3095
3095 3096 3094
3097 3096 3095
3096 3097 3098
3097 3099 3098
3098 3099 3100
3100 3099 3101
3101 3099 3102
3103 3104 3105
3104 3103 3106
3104 3106 3107
3107 3108 3104
3108 3107 3109
3109 3110 3108
3110 3109 3111
3112 3110 3111
3113 3110 3112
3114 3108 3110
3110 3115 3114
3113 3115 3110
3108 3114 3116
3116 3117 3108
3117 3104 3108
3104 3117 3118
3118 3119 3104
3119 3105 3104
3105 3119 3120
3121 3122 3123
3122 3121 3124
3125 3122 3124
3122 3125 3126
3127 3128 3129
3127 3130 3128
3131 3132 3133
3132 3131 3134
3135 3133 3132
3133 3135 3136
3137 3138 3139
3138 3137 3140
3139 3141 3137
3141 3139 3142
3142 3143 3141
3143 3142 3144
3144 3145 3143
3145 3144 3146
3146 3147 3145
3147 3146 3148
3148 3149 3147
3149 3148 3150
3149 3150 3151
3152 3153 3154
3153 3155 3154
3155 3153 3156
3156 3157 3155
3157 3156 3158
3157 3158 3159
3158 3160 3159
3160 3158 3161
3161 3162 3160
3162 3161 3163
3164 3162 3163
3162 3164 3165
3164 3166 3165
3167 3168 3169
3168 3167 3170
3171 3169 3168
3169 3171 3172
3172 3171 3173
3172 3173 3174
3167 3175 3170
3175 3167 3176
3176 3177 3175
3177 3176 3178
3179 3177 3178
3177 3179 3180
3175 3181 3170
3181 3175 3182
3183 3177 3180
3183 3175 3177
3175 3183 3184
3182 3175 3184
3185 3170 3181
3185 3168 3170
3168 3185 3186
3171 3168 3186
3187 3188 3174
3188 3187 3189
3189 3190 3188
3190 3189 3191
3191 3192 3190
3192 3191 3193
3193 3194 3192
3194 3193 3195
3195 3196 3194
3196 3195 3197
3198 3196 3197
3196 3198 3199
3198 3200 3199
3200 3198 3201
3201 3202 3200
3202 3201 3203
3173 3187 3174
3204 3205 3206
3205 3207 3206
3207 3205 3208
3208 3209 3207
3208 3210 3209
3211 3210 3208
3210 3211 3212
3213 3212 3211
3212 3213 3214
3213 3215 3214
3213 3216 3215
3215 3216 3217
3216 3218 3217
3218 3216 3219
3219 3220 3218
3219 3221 3220
3220 3221 3222
3223 3222 3221
3222 3223 3224
3223 3225 3224
3223 3226 3225
3225 3226 3227
3226 3228 3227
3228 3226 3229
3230 3228 3229
3228 3230 3231
3232 3233 3234
3233 3232 3235
3234 3236 3232
3236 3234 3237
3237 3238 3236
3238 3237 3239
3240 3238 3239
3238 3240 3241
3242 3243 3244
3243 3242 3245
3244 3246 3242
3246 3244 3247
3246 3247 3248
3246 3248 3249
3250 3251 3252
3251 3250 3253
3254 3252 3251
3252 3254 3255
3254 3256 3255
3257 3258 3259
3258 3257 3260
3260 3261 3258
3261 3260 3262
3257 3259 3263
3257 3263 3264
3265 3266 3267
3266 3265 3268
3267 3269 3265
3269 3267 3270
3270 3271 3269
3271 3270 3272
3273 3274 3275
3276 3277 3278
3279 3280 3281
3281 3282 3279
3282 3281 3283
3284 3282 3283
3285 3284 3283
1845 3286 1846
178 3287 177
