byte offset: 0
first index: 0
index count: 5076
topology: trianglelist
format: DXGI_FORMAT_R16_UINT

0 1 2
0 2 3
1 4 2
1 5 4
5 6 4
5 7 6
7 8 6
7 9 8
8 9 10
8 10 11
10 12 11
10 13 12
14 15 16
17 16 15
18 17 15
18 19 17
18 20 19
21 19 20
20 22 21
21 22 23
24 14 16
25 26 27
28 27 29
29 30 28
29 31 30
29 32 31
32 33 31
32 34 33
32 35 34
36 37 38
36 38 39
40 41 42
40 42 43
43 44 40
43 45 44
46 44 45
46 45 47
48 43 42
48 42 49
50 48 49
50 51 48
52 51 50
52 53 51
54 53 52
54 55 53
56 47 57
58 59 60
60 59 61
61 59 62
58 60 63
58 63 64
63 65 64
63 66 65
65 66 67
65 67 68
69 68 67
70 71 72
70 72 73
74 75 76
74 76 77
78 79 80
78 81 79
82 79 81
81 83 82
78 84 81
84 85 81
81 85 86
81 86 87
83 81 87
84 88 85
82 83 89
82 89 90
91 82 90
92 91 90
93 94 95
95 94 96
96 94 97
97 98 96
97 99 98
97 100 99
100 101 99
99 101 102
98 99 102
98 103 104
104 103 105
105 103 106
106 107 105
104 105 108
106 109 107
109 110 107
109 111 110
111 112 110
111 113 112
110 112 114
113 115 112
113 116 115
113 117 116
118 119 120
118 120 121
122 118 121
122 121 123
124 123 121
124 125 123
126 124 121
126 127 124
125 128 123
128 122 123
125 129 128
130 129 125
131 130 125
131 132 130
133 132 131
133 131 134
130 132 135
135 132 136
135 136 137
130 135 138
130 139 129
139 130 138
139 138 140
141 140 138
141 138 142
138 143 142
144 142 143
144 145 142
145 141 142
146 144 143
146 147 144
138 148 143
148 149 143
148 150 149
145 151 141
152 151 145
153 152 145
153 154 152
155 154 153
155 153 156
152 154 157
157 154 158
157 158 159
152 157 122
152 160 151
160 152 122
160 122 161
128 161 122
162 163 164
162 164 165
166 162 165
166 165 167
168 169 170
168 170 171
168 172 169
168 171 173
173 171 174
175 169 172
176 175 172
177 173 174
178 179 180
178 180 181
182 183 184
182 184 185
183 186 184
183 187 186
188 189 190
188 190 191
192 193 194
192 194 195
196 197 198
196 198 199
200 201 202
200 202 203
204 205 206
204 206 207
206 205 208
206 208 209
209 210 206
206 210 211
206 211 207
209 212 210
213 214 212
213 215 214
215 216 214
215 213 217
215 217 218
219 215 218
219 220 215
215 220 216
221 222 208
221 208 223
224 221 223
224 225 221
222 221 226
221 227 226
221 225 227
222 226 228
229 230 217
231 230 229
231 229 232
229 217 233
233 228 234
233 234 229
229 234 235
229 235 232
236 237 238
237 239 238
239 240 241
239 241 242
243 244 245
243 245 246
247 248 249
247 249 250
250 249 251
250 251 252
252 253 250
250 253 254
250 254 255
252 256 253
252 257 256
252 251 258
258 259 252
252 259 257
260 258 261
262 263 261
262 261 264
265 262 264
265 264 266
263 262 267
262 268 267
262 269 268
263 267 270
263 270 271
263 272 261
272 263 273
263 271 273
274 251 272
275 276 277
275 277 278
279 280 281
279 281 282
283 284 285
283 285 286
287 288 289
287 289 290
291 292 293
291 293 294
293 295 294
293 296 295
297 298 299
297 299 300
301 302 303
301 303 304
305 306 307
305 307 308
307 309 308
307 310 309
311 312 313
311 313 314
315 316 317
315 317 318
319 320 321
319 321 322
323 324 325
323 325 326
327 328 329
327 329 330
331 332 333
331 333 334
335 336 337
335 337 338
339 340 341
339 341 342
343 341 340
343 344 341
345 346 347
345 347 348
349 346 345
349 350 346
351 350 349
351 352 350
353 348 347
354 352 351
354 355 352
356 355 354
357 356 354
356 357 358
359 360 361
362 363 364
362 364 365
365 364 366
365 366 367
367 366 368
367 368 369
369 368 370
369 370 371
370 372 371
370 373 372
372 373 374
372 374 375
376 377 378
377 379 378
380 379 377
381 379 380
381 380 382
381 382 383
384 383 382
383 384 385
384 386 385
387 388 389
390 391 388
391 390 392
391 392 393
391 393 394
394 393 395
394 395 396
394 396 397
398 399 400
398 400 401
402 403 404
402 404 405
403 402 406
403 406 407
408 407 406
408 409 407
410 404 403
410 403 411
412 410 411
412 411 413
414 412 413
414 413 415
416 414 415
416 415 417
418 419 409
420 421 422
421 423 422
423 424 422
420 425 421
420 426 425
426 427 425
426 428 427
428 429 427
428 430 429
431 429 430
432 433 434
432 434 435
436 437 438
439 440 441
439 441 442
443 444 445
443 445 446
447 446 445
446 447 448
443 446 449
449 446 450
446 451 450
446 452 451
448 452 446
449 450 453
447 454 448
447 455 454
456 455 447
457 455 456
458 459 460
459 461 460
462 460 461
461 463 462
462 463 464
462 464 465
465 464 466
464 467 466
463 467 464
463 468 469
468 470 469
470 471 469
471 470 472
468 473 470
471 472 474
474 472 475
474 475 476
476 475 477
476 477 478
475 479 477
478 477 480
478 480 481
478 481 482
483 484 485
483 485 486
487 484 483
487 488 484
489 490 491
489 491 492
493 494 495
493 495 496
496 495 497
496 497 498
499 500 501
499 501 502
503 504 505
503 505 506
507 508 509
507 509 510
511 512 513
511 513 514
515 516 517
517 516 518
518 519 520
518 520 521
522 523 524
522 524 525
526 527 528
526 528 529
530 531 532
530 532 533
534 535 536
534 536 537
538 539 540
538 540 541
542 543 544
542 544 545
544 543 546
544 546 547
548 549 550
548 550 551
552 553 554
552 554 555
556 557 558
556 558 559
558 557 560
558 560 561
562 563 564
562 564 565
566 567 568
566 568 569
570 571 572
570 572 573
574 575 576
574 576 577
578 579 580
578 580 581
582 583 584
582 584 585
586 587 588
586 588 589
590 591 592
590 592 593
594 590 593
594 593 595
596 594 595
596 595 597
598 592 591
599 596 597
599 597 600
601 599 600
602 599 601
601 603 602
604 605 606
604 606 607
607 606 608
607 608 609
609 608 610
609 610 611
611 610 612
611 612 613
612 614 613
612 615 614
614 615 616
614 616 617
618 619 620
619 621 620
622 621 619
623 621 622
623 622 624
623 624 625
626 625 624
625 626 627
626 628 627
629 630 631
632 633 630
633 632 634
633 634 635
633 635 636
636 635 637
636 637 638
636 638 639
640 641 642
640 642 643
644 645 646
644 646 647
645 644 648
645 648 649
650 649 648
650 651 649
652 646 645
652 645 653
654 652 653
654 653 655
656 654 655
656 655 657
658 656 657
658 657 659
660 661 651
662 663 664
663 665 664
665 666 664
662 667 663
662 668 667
668 669 667
668 670 669
670 671 669
670 672 671
673 671 672
674 675 676
674 676 677
678 679 680
681 682 683
681 683 684
685 686 687
685 687 688
689 688 687
688 689 690
685 688 691
691 688 692
688 693 692
688 694 693
690 694 688
691 692 695
689 696 690
689 697 696
698 697 689
699 697 698
700 701 702
701 703 702
704 702 703
703 705 704
704 705 706
704 706 707
707 706 708
706 709 708
705 709 706
705 710 711
710 712 711
712 713 711
713 712 714
710 715 712
713 714 716
716 714 717
716 717 718
718 717 719
718 719 720
717 721 719
720 719 722
720 722 723
720 723 724
725 726 727
725 727 728
729 726 725
729 730 726
731 732 733
731 734 732
731 735 734
731 736 735
737 735 736
733 732 738
739 733 738
740 737 736
741 742 743
741 743 744
745 746 747
745 747 748
748 747 749
748 749 750
751 752 753
751 753 754
755 756 757
755 757 758
759 760 761
759 761 762
763 764 765
763 765 766
767 768 769
769 768 770
770 771 772
770 773 771
774 775 776
774 776 777
778 779 780
778 780 781
779 782 780
779 783 782
783 779 784
779 785 784
779 786 785
783 784 787
783 787 788
783 789 782
789 783 790
783 788 790
791 792 789
793 794 792
795 794 793
795 796 794
793 792 797
797 798 793
793 798 799
793 799 800
797 801 798
797 802 801
797 792 803
803 804 797
797 804 802
805 803 782
806 807 808
806 808 809
810 811 812
810 812 813
814 815 816
814 816 817
818 819 820
818 820 821
822 823 824
822 824 825
824 823 826
824 826 827
828 829 830
828 830 831
832 833 834
832 834 835
836 837 838
836 838 839
838 837 840
838 840 841
842 843 844
842 844 845
846 847 848
846 848 849
850 851 852
850 852 853
854 855 856
854 856 857
858 859 860
858 860 861
862 863 864
862 864 865
866 867 868
866 868 869
870 871 872
870 872 873
874 873 872
874 872 875
876 877 878
876 878 879
880 876 879
880 879 881
882 880 881
882 881 883
884 878 877
885 882 883
885 883 886
887 885 886
888 885 887
887 889 888
890 891 892
890 892 893
891 894 892
891 895 894
895 896 894
895 897 896
897 898 896
897 899 898
898 899 900
898 900 901
900 902 901
900 903 902
904 905 906
907 906 905
908 907 905
908 909 907
908 910 909
911 909 910
910 912 911
911 912 913
914 904 906
915 916 917
918 917 919
919 920 918
919 921 920
919 922 921
922 923 921
922 924 923
922 925 924
926 927 928
926 928 929
930 931 932
930 932 933
933 934 930
933 935 934
936 934 935
936 935 937
938 933 932
938 932 939
940 938 939
940 941 938
942 941 940
942 943 941
944 943 942
944 945 943
946 937 947
948 949 950
950 949 951
951 949 952
948 950 953
948 953 954
953 955 954
953 956 955
955 956 957
955 957 958
959 958 957
960 961 962
960 962 963
964 965 966
964 966 967
968 969 970
968 971 969
972 969 971
971 973 972
968 974 971
974 975 971
971 975 976
971 976 977
973 971 977
974 978 975
972 973 979
972 979 980
981 972 980
982 981 980
983 984 985
985 984 986
986 984 987
987 988 986
987 989 988
987 990 989
990 991 989
989 991 992
988 989 992
988 993 994
994 993 995
995 993 996
996 997 995
994 995 998
996 999 997
999 1000 997
999 1001 1000
1001 1002 1000
1001 1003 1002
1000 1002 1004
1003 1005 1002
1003 1006 1005
1003 1007 1006
1008 1009 1010
1008 1010 1011
1012 1008 1011
1012 1011 1013
1014 1015 1016
1014 1016 1017
1018 1019 1020
1018 1020 1021
1019 1022 1020
1019 1023 1022
1024 1025 1026
1024 1026 1027
1028 1029 1030
1028 1030 1031
1032 1033 1034
1032 1034 1035
1036 1037 1038
1036 1038 1039
1040 1041 1042
1041 1043 1042
1043 1044 1045
1043 1046 1044
1047 1048 1049
1047 1049 1050
1051 1052 1053
1051 1053 1054
1055 1056 1057
1055 1057 1058
1059 1060 1061
1059 1061 1062
1063 1064 1065
1063 1065 1066
1067 1068 1069
1067 1069 1070
1069 1071 1070
1069 1072 1071
1073 1074 1075
1073 1075 1076
1077 1078 1079
1077 1079 1080
1081 1082 1083
1081 1083 1084
1083 1085 1084
1083 1086 1085
1087 1088 1089
1087 1089 1090
1091 1092 1093
1091 1093 1094
1095 1096 1097
1095 1097 1098
1099 1100 1101
1099 1101 1102
1103 1104 1105
1103 1105 1106
1107 1108 1109
1107 1109 1110
1111 1112 1113
1111 1113 1114
1115 1116 1117
1115 1117 1118
1119 1116 1115
1119 1120 1116
1121 1120 1119
1121 1122 1120
1123 1118 1117
1124 1122 1121
1124 1125 1122
1126 1125 1124
1127 1126 1124
1126 1127 1128
1129 1130 1131
1132 1133 1134
1132 1134 1135
1132 1136 1133
1132 1137 1136
1138 1137 1132
1138 1139 1137
1132 1135 1140
1132 1140 1138
1141 1135 1142
1141 1143 1135
1135 1144 1142
1145 1142 1144
1146 1145 1144
1146 1147 1145
1146 1148 1147
1147 1148 1149
1149 1148 1150
1150 1151 1149
1152 1151 1150
1153 1152 1150
1153 1150 1154
1154 1150 1155
1155 1148 1146
1150 1148 1155
1152 1156 1151
1157 1156 1152
1157 1152 1158
1158 1152 1159
1153 1159 1152
1159 1160 1158
1159 1161 1160
1157 1158 1162
1163 1157 1162
1163 1164 1157
1157 1164 1165
1157 1165 1166
1157 1166 1156
1165 1164 1167
1167 1168 1165
1169 1168 1167
1170 1168 1169
1170 1171 1168
1170 1172 1171
1170 1173 1172
1172 1173 1174
1175 1174 1173
1175 1173 1170
1176 1175 1170
1176 1170 1169
1177 1176 1169
1172 1174 1178
1178 1174 1179
1175 1179 1174
1178 1179 1180
1179 1181 1180
1179 1182 1181
1175 1183 1179
1182 1179 1183
1182 1183 1184
1185 1182 1184
1185 1186 1182
1181 1182 1186
1181 1186 1187
1188 1186 1185
1187 1186 1188
1183 1175 1189
1190 1176 1177
1190 1189 1175
1190 1175 1176
1190 1177 1191
1192 1191 1177
1193 1191 1192
1194 1193 1192
1192 1195 1194
1195 1192 1196
1195 1197 1194
1197 1195 1198
1167 1195 1196
1192 1169 1196
1169 1167 1196
1199 1197 1198
1199 1200 1197
1200 1199 1201
1199 1202 1201
1203 1202 1199
1203 1199 1198
1204 1203 1198
1204 1198 1195
1204 1195 1167
1167 1164 1204
1164 1163 1204
1192 1177 1169
1205 1206 1207
1205 1207 1208
1209 1210 1211
1209 1211 1212
1213 1209 1212
1213 1212 1214
1215 1213 1214
1215 1214 1216
1217 1215 1216
1212 1211 1218
1219 1218 1211
1219 1211 1220
1212 1218 1221
1222 1216 1214
1223 1216 1222
1223 1222 1224
1222 1214 1225
1226 1225 1214
1226 1221 1227
1212 1228 1225
1229 1228 1227
1229 1227 1230
1212 1227 1228
1219 1220 1231
1220 1232 1231
1233 1232 1220
1233 1220 1234
1232 1235 1231
1231 1235 1236
1236 1237 1231
1236 1235 1238
1236 1238 1239
1239 1238 1240
1239 1240 1241
1241 1240 1242
1241 1242 1243
1243 1244 1241
1241 1244 1239
1244 1245 1239
1245 1246 1239
1246 1236 1239
1236 1246 1237
1243 1242 1247
1247 1244 1243
1247 1242 1248
1247 1249 1244
1249 1247 1250
1249 1250 1251
1251 1250 1252
1251 1252 1253
1247 1254 1250
1247 1248 1254
1250 1254 1255
1250 1255 1252
1253 1252 1256
1252 1255 1256
1257 1237 1258
1257 1258 1259
1257 1231 1237
1219 1231 1257
1260 1257 1259
1261 1260 1259
1261 1259 1262
1263 1261 1262
1159 1264 1265
1159 1265 1161
1153 1264 1159
1266 1267 1268
1269 1270 1271
1269 1271 1228
1272 1228 1271
1272 1225 1228
1273 1272 1274
1273 1274 1275
1276 1272 1273
1276 1277 1272
1278 1277 1225
1278 1271 1279
1280 1277 1276
1280 1281 1277
1282 1281 1280
1272 1279 1283
1272 1283 1274
1284 1274 1283
1284 1285 1274
1222 1225 1277
1222 1277 1281
1286 1222 1281
1286 1287 1222
1284 1288 1285
1285 1288 1289
1290 1285 1289
1290 1291 1285
1284 1292 1288
1289 1288 1293
1288 1294 1293
1292 1295 1288
1294 1288 1295
1292 1296 1295
1294 1295 1297
1294 1298 1293
1294 1299 1298
1299 1294 1297
1299 1300 1298
1299 1301 1300
1301 1299 1302
1303 1301 1302
1304 1299 1297
1299 1304 1302
1301 1303 1305
1301 1305 1300
1303 1306 1305
1306 1303 1302
1306 1307 1305
1306 1308 1307
1306 1302 1309
1309 1310 1306
1306 1310 1308
1309 1311 1310
1311 1312 1310
1311 1313 1312
1310 1312 1314
1310 1314 1308
1313 1315 1312
1312 1315 1314
1316 1317 1318
1319 1318 1317
1317 1316 1320
1317 1320 1321
1320 1322 1321
1323 1317 1321
1323 1321 1324
1323 1325 1317
1325 1319 1317
1316 1318 1326
1327 1326 1318
1319 1327 1318
1327 1328 1326
1327 1329 1328
1328 1329 1330
1330 1329 1331
1324 1321 1332
1332 1333 1324
1324 1333 1334
1335 1332 1321
1335 1321 1322
1335 1336 1332
1337 1336 1335
1337 1335 1338
1335 1339 1338
1335 1340 1339
1341 1337 1338
1339 1342 1338
1342 1341 1338
1342 1339 1343
1341 1342 1344
1342 1345 1344
1341 1344 1346
1347 1346 1344
1344 1348 1347
1344 1349 1348
1349 1344 1345
1348 1349 1350
1351 1346 1347
1351 1347 1352
1352 1353 1351
1351 1353 1354
1355 1346 1351
1355 1351 1354
1341 1346 1355
1356 1345 1342
1356 1342 1343
1349 1345 1356
1357 1356 1343
1357 1343 1358
1357 1358 1359
1360 1349 1356
1361 1349 1360
1350 1349 1361
1362 1361 1360
1363 1356 1357
1363 1357 1359
1363 1360 1356
1362 1360 1363
1362 1363 1364
1359 1364 1363
1362 1364 1365
1364 1359 1366
1367 1364 1366
1368 1367 1366
1368 1369 1367
1367 1369 1370
1367 1370 1371
1370 1372 1371
1371 1373 1367
1373 1364 1367
1364 1373 1365
1374 1371 1372
1374 1375 1371
1371 1375 1373
1376 1374 1372
1377 1376 1372
1370 1377 1372
1378 1368 1366
1378 1366 1359
1358 1378 1359
1379 1380 1381
1382 1383 1292
1384 1383 1382
1384 1385 1383
1386 1385 1384
1383 1296 1292
1387 1388 1389
1387 1389 1390
1324 1391 1392
1324 1334 1391
1323 1324 1392
1335 1322 1340
1393 1394 1395
1393 1395 1396
1393 1397 1394
1393 1398 1397
1393 1396 1399
1393 1399 1400
1398 1393 1400
1398 1400 1401
1402 1403 1394
1404 1403 1402
1405 1403 1404
1405 1404 1406
1405 1406 1407
1408 1407 1406
1408 1409 1407
1410 1407 1409
1410 1405 1407
1409 1408 1411
1409 1411 1412
1413 1409 1412
1413 1412 1414
1413 1415 1409
1415 1410 1409
1411 1416 1412
1414 1412 1417
1417 1418 1414
1414 1418 1419
1420 1417 1412
1420 1412 1416
1420 1421 1417
1422 1421 1420
1422 1420 1423
1420 1424 1423
1420 1425 1424
1420 1416 1425
1426 1422 1423
1424 1427 1423
1427 1426 1423
1427 1424 1428
1426 1427 1429
1427 1430 1429
1429 1430 1431
1431 1432 1429
1429 1432 1433
1433 1434 1429
1426 1429 1434
1435 1434 1433
1435 1433 1436
1436 1437 1435
1435 1437 1438
1439 1434 1435
1439 1435 1438
1426 1434 1439
1440 1430 1427
1440 1427 1428
1431 1430 1440
1441 1440 1428
1441 1428 1442
1441 1442 1443
1441 1443 1444
1431 1440 1445
1441 1444 1446
1446 1444 1447
1443 1447 1444
1440 1441 1448
1448 1441 1446
1445 1440 1448
1443 1449 1447
1449 1450 1447
1446 1447 1450
1449 1451 1450
1450 1451 1452
1450 1452 1453
1452 1454 1453
1453 1455 1450
1446 1450 1455
1456 1453 1454
1456 1457 1453
1453 1457 1455
1458 1456 1454
1459 1458 1454
1452 1459 1454
1455 1460 1446
1461 1448 1446
1461 1446 1460
1461 1445 1448
1461 1462 1445
1431 1445 1462
1463 1431 1462
1432 1431 1463
1464 1465 1466
1464 1466 1467
1468 1464 1467
1468 1469 1464
1470 1464 1469
1470 1471 1464
1464 1471 1472
1464 1472 1473
1474 1468 1475
1474 1475 1476
1477 1468 1474
1477 1478 1468
1479 1478 1469
1479 1467 1480
1481 1478 1477
1481 1482 1478
1483 1482 1481
1468 1480 1484
1485 1475 1484
1485 1486 1475
1468 1484 1475
1487 1478 1482
1488 1487 1482
1488 1489 1487
1487 1469 1478
1485 1490 1486
1486 1490 1491
1492 1486 1491
1492 1493 1486
1485 1494 1490
1491 1490 1495
1490 1496 1495
1496 1497 1495
1496 1498 1497
1498 1499 1497
1498 1500 1499
1500 1498 1501
1502 1500 1501
1498 1496 1503
1496 1504 1503
1494 1504 1490
1496 1490 1504
1494 1505 1504
1500 1502 1506
1500 1506 1499
1502 1507 1506
1507 1502 1501
1507 1508 1506
1507 1509 1508
1507 1501 1510
1510 1511 1507
1507 1511 1509
1510 1512 1511
1512 1513 1511
1512 1514 1513
1511 1513 1515
1511 1515 1509
1514 1516 1513
1513 1516 1515
1517 1505 1494
1518 1517 1494
1519 1517 1518
1519 1520 1517
1521 1520 1519
1522 1523 1524
1522 1524 1525
1414 1526 1527
1414 1419 1526
1413 1414 1527
1528 1529 1530
1531 1532 1533
1531 1533 1534
1535 1536 1537
1537 1538 1535
1539 1538 1537
1539 1540 1538
1541 1539 1537
1541 1537 1542
1542 1537 1543
1537 1536 1543
1544 1540 1539
1544 1539 1545
1545 1539 1546
1541 1546 1539
1546 1547 1545
1546 1548 1547
1544 1545 1549
1550 1544 1549
1550 1551 1544
1544 1551 1552
1544 1552 1553
1544 1553 1540
1552 1551 1554
1554 1555 1552
1556 1555 1554
1557 1555 1556
1557 1558 1555
1556 1554 1559
1554 1560 1559
1561 1560 1554
1554 1551 1561
1551 1550 1561
1561 1562 1560
1563 1560 1562
1560 1563 1564
1560 1564 1565
1556 1559 1565
1565 1559 1560
1564 1566 1565
1567 1563 1562
1567 1568 1563
1568 1567 1569
1567 1570 1569
1571 1570 1567
1571 1567 1562
1561 1571 1562
1566 1572 1565
1572 1573 1565
1573 1556 1565
1574 1556 1573
1575 1574 1573
1575 1573 1572
1575 1576 1574
1575 1577 1576
1576 1577 1578
1578 1579 1576
1579 1580 1576
1581 1580 1579
1581 1579 1582
1579 1583 1582
1579 1584 1583
1584 1579 1578
1584 1578 1585
1586 1584 1585
1586 1587 1584
1583 1584 1587
1583 1587 1588
1589 1587 1586
1588 1587 1589
1576 1580 1590
1591 1590 1580
1591 1580 1581
1590 1591 1558
1557 1590 1558
1590 1557 1574
1574 1576 1590
1574 1557 1556
1592 1593 1594
1592 1594 1470
1595 1592 1470
1595 1470 1596
1597 1595 1596
1597 1596 1598
1599 1597 1598
1470 1594 1600
1601 1600 1594
1601 1594 1602
1470 1600 1603
1487 1598 1596
1604 1598 1487
1604 1487 1605
1487 1596 1469
1606 1469 1596
1606 1603 1471
1601 1602 1607
1602 1608 1607
1609 1608 1602
1609 1602 1610
1601 1607 1611
1608 1612 1607
1607 1612 1613
1613 1614 1607
1611 1607 1614
1611 1614 1615
1611 1615 1616
1613 1612 1617
1613 1617 1618
1618 1617 1619
1618 1619 1620
1621 1613 1618
1613 1621 1614
1620 1619 1622
1620 1622 1623
1623 1624 1620
1620 1624 1618
1624 1625 1618
1625 1621 1618
1623 1622 1626
1626 1624 1623
1626 1622 1627
1626 1628 1624
1628 1626 1629
1628 1629 1630
1630 1629 1631
1630 1631 1632
1626 1633 1629
1626 1627 1633
1629 1633 1634
1629 1634 1631
1632 1631 1635
1631 1634 1635
1636 1637 1638
1639 1640 1641
1640 1616 1641
1640 1642 1616
1642 1611 1616
1546 1643 1644
1546 1644 1548
1541 1643 1546
1645 1646 1647
1645 1647 1648
1647 1649 1648
1645 1536 1646
1646 1536 1535
1543 1536 1645
1650 1648 1649
1651 1650 1649
1651 1652 1650
1653 1394 1654
1653 1402 1394
1655 1331 1656
1655 1330 1331
1657 1658 1659
1658 1657 1660
1658 1660 1661
1662 1658 1661
1662 1661 1663
1664 1660 1657
1664 1657 1665
1660 1664 1666
1666 1667 1660
1662 1663 1668
1668 1669 1662
1662 1670 1659
1671 1659 1670
1659 1671 1672
1672 1671 1673
1673 1674 1672
1673 1675 1674
1674 1675 1676
1675 1677 1676
1675 1678 1677
1678 1679 1677
1680 1681 1665
1682 1683 1684
1684 1685 1682
1683 1686 1684
1687 1688 1689
1690 1688 1687
1690 1691 1688
1692 1691 1690
1692 1690 1693
1694 1695 1693
1694 1696 1695
1697 1696 1694
1697 1698 1696
1697 1699 1698
1695 1700 1701
1695 1701 1702
1701 1703 1702
1701 1704 1703
1704 1705 1703
1706 1700 1692
1706 1692 1707
1708 1706 1707
1708 1707 1709
1708 1709 1710
1711 1712 1713
1711 1713 1714
1712 1715 1713
1712 1716 1715
1711 1717 1712
1711 1718 1717
1712 1717 1719
1712 1719 1720
1721 1722 1723
1721 1723 1724
1723 1725 1724
1723 1726 1725
1726 1723 1727
1728 1726 1727
1729 1726 1728
1730 1731 1732
1733 1734 1735
1733 1735 1736
1737 1738 1736
1737 1739 1738
1739 1740 1738
1739 1741 1740
1742 1743 1740
1742 1744 1743
1744 1745 1743
1744 1746 1745
1746 1747 1745
1746 1748 1747
1749 1750 1751
1750 1752 1751
1749 1753 1750
1749 1754 1753
1753 1754 1755
1753 1755 1756
1756 1757 1753
1757 1750 1758
1759 1756 1755
1759 1760 1756
1761 1759 1755
1755 1762 1761
1757 1763 1750
1764 1763 1757
1757 1765 1764
1766 1764 1765
1765 1767 1766
1766 1767 1768
1767 1769 1768
1768 1769 1770
1768 1770 1771
1771 1770 1772
1773 1760 1774
1775 1776 1777
1777 1778 1775
1777 1779 1778
1780 1781 1782
1783 1780 1782
1783 1782 1784
1785 1783 1784
1785 1786 1783
1787 1786 1788
1787 1788 1789
1790 1787 1789
1790 1789 1791
1790 1791 1792
1788 1793 1794
1794 1793 1795
1794 1795 1796
1796 1795 1797
1788 1794 1798
1799 1785 1798
1799 1800 1785
1801 1800 1799
1801 1802 1800
1801 1803 1802
1804 1805 1806
1804 1806 1807
1807 1806 1808
1807 1808 1809
1804 1807 1810
1804 1810 1811
1807 1812 1810
1807 1813 1812
1814 1815 1816
1814 1816 1817
1816 1815 1818
1816 1818 1819
1819 1820 1816
1821 1820 1819
1822 1821 1819
1823 1824 1825
1826 1827 1828
1826 1828 1829
1830 1827 1831
1830 1831 1832
1832 1831 1833
1832 1833 1834
1835 1833 1836
1835 1836 1837
1837 1836 1838
1837 1838 1839
1839 1838 1840
1839 1840 1841
1842 1843 1844
1842 1844 1845
1845 1844 1846
1842 1847 1843
1847 1848 1843
1849 1848 1847
1848 1850 1843
1851 1850 1848
1848 1852 1851
1853 1851 1852
1852 1854 1853
1853 1854 1855
1854 1856 1855
1855 1856 1857
1855 1857 1858
1858 1857 1859
1860 1849 1847
1861 1849 1860
1861 1862 1849
1849 1862 1863
1864 1861 1860
1860 1865 1864
1866 1867 1860
1842 1867 1847
1868 1846 1869
1869 1870 1845
1871 1872 1873
1871 1873 1874
1873 1872 1875
1873 1875 1876
1876 1877 1873
1878 1877 1876
1879 1878 1876
1880 1881 1882
1883 1884 1885
1883 1885 1886
1887 1884 1888
1887 1888 1889
1889 1888 1890
1889 1890 1891
1892 1890 1893
1892 1893 1894
1894 1893 1895
1894 1895 1896
1896 1895 1897
1896 1897 1898
1899 1900 1901
1900 1899 1902
1903 1902 1899
1903 1899 1904
1899 1905 1904
1902 1903 1906
1906 1907 1902
1908 1901 1900
1908 1900 1909
1908 1909 1910
1908 1910 1911
1908 1911 1912
1908 1913 1901
1914 1901 1913
1901 1914 1915
1915 1914 1916
1916 1917 1915
1916 1918 1917
1917 1918 1919
1918 1920 1919
1918 1921 1920
1921 1922 1920
1923 1912 1911
1911 1924 1925
1925 1923 1926
1927 1928 1929
1927 1929 1930
1929 1931 1930
1929 1932 1931
1932 1929 1933
1934 1932 1933
1935 1932 1934
1936 1937 1938
1939 1940 1941
1939 1941 1942
1943 1944 1942
1943 1945 1944
1945 1946 1944
1945 1947 1946
1948 1949 1946
1948 1950 1949
1950 1951 1949
1950 1952 1951
1952 1953 1951
1952 1954 1953
1659 1955 1662
1902 1909 1956
1498 1957 1501
1957 1498 1503
