byte offset: 0
first index: 0
index count: 6552
topology: trianglelist
format: DXGI_FORMAT_R16_UINT

0 1 2
2 3 0
2 4 3
5 1 0
5 0 6
2 1 7
2 7 8
9 3 4
9 10 3
10 9 11
12 10 11
12 13 10
9 14 11
9 15 14
16 17 18
18 19 16
18 20 19
21 17 16
21 16 22
18 17 23
18 23 24
21 22 25
21 25 26
25 27 26
27 25 28
27 28 29
27 30 26
27 31 30
32 33 34
33 32 35
33 35 36
37 32 34
37 38 32
33 39 34
33 40 39
37 41 38
37 42 41
41 42 43
43 44 41
43 45 44
43 42 46
43 46 47
48 49 50
49 48 51
49 51 52
53 48 50
53 54 48
49 55 50
49 56 55
57 52 51
57 51 58
58 59 57
60 59 58
60 58 61
57 59 62
57 62 63
64 65 66
64 66 67
68 67 66
68 66 69
69 70 68
69 71 70
71 69 72
71 72 73
74 73 72
75 70 71
71 73 76
71 76 75
76 74 77
78 76 77
79 76 78
79 78 80
79 80 81
79 81 82
81 83 82
84 83 81
75 85 70
85 75 86
85 86 87
88 87 86
88 86 89
89 90 88
89 91 90
91 89 82
91 82 92
82 93 92
94 90 91
94 95 90
95 94 96
95 96 97
91 92 98
91 98 94
99 98 92
100 98 93
101 98 100
102 101 100
103 98 101
103 101 104
102 100 105
102 105 106
102 106 107
108 97 96
108 96 109
103 104 110
103 110 111
112 107 106
112 113 110
110 113 111
112 106 114
112 114 113
109 115 108
111 116 109
109 116 115
111 117 116
118 117 111
113 119 111
119 120 117
120 116 117
121 115 116
120 121 116
122 120 118
123 120 122
124 123 122
125 120 123
125 123 126
124 122 127
124 127 128
124 128 129
125 126 130
125 130 131
132 129 128
132 133 130
130 133 131
132 128 134
132 134 133
133 135 131
135 136 137
136 138 137
131 137 138
136 65 138
65 139 138
140 137 131
141 136 140
142 136 141
143 142 141
144 136 142
144 142 145
143 141 146
143 146 147
143 147 148
144 145 149
144 149 72
150 148 147
150 151 149
149 151 72
150 147 152
150 152 151
151 153 72
154 139 155
155 156 154
155 157 156
158 156 157
158 121 156
154 138 139
131 138 154
121 158 115
76 73 153
65 64 139
159 160 161
159 161 162
159 77 160
84 162 161
84 161 163
159 78 77
84 163 83
82 83 99
164 165 166
164 166 167
167 166 168
167 168 169
169 168 170
169 170 171
172 165 164
172 164 173
174 172 173
174 175 172
176 175 174
176 177 175
178 177 176
178 179 177
180 179 178
180 181 179
182 181 180
182 183 181
184 170 183
184 183 182
185 186 187
185 187 188
189 186 185
189 190 186
190 191 186
190 192 191
192 193 191
192 194 193
194 195 193
193 195 196
193 196 197
194 198 195
199 196 195
199 200 196
201 199 195
201 195 198
202 199 201
202 203 199
204 203 202
204 205 203
206 205 204
206 207 205
207 208 205
207 209 208
207 210 209
207 211 210
206 211 207
206 212 211
212 213 211
212 214 213
214 215 213
214 216 215
216 217 215
215 217 218
219 218 217
219 220 218
221 219 217
221 217 222
216 222 217
223 219 221
223 224 219
225 224 223
225 226 224
189 226 225
189 185 226
185 227 226
185 188 227
215 218 228
229 230 231
229 231 232
233 229 232
233 232 234
235 231 236
235 236 237
238 235 237
238 239 235
240 241 242
240 242 243
244 240 243
244 245 240
246 247 241
246 241 248
249 246 248
249 248 250
251 252 253
251 253 254
255 251 254
255 254 256
257 253 258
257 258 259
260 257 259
260 261 257
262 263 264
262 264 265
266 262 265
266 265 267
268 264 269
268 269 270
271 268 270
271 272 268
273 274 275
273 275 276
277 273 276
277 276 278
279 275 280
279 280 281
282 279 281
282 283 279
284 285 286
284 286 287
288 284 287
288 287 289
290 286 291
290 291 292
293 290 292
293 294 290
295 296 297
295 297 298
299 295 298
299 298 300
301 297 302
301 302 303
304 301 303
304 305 301
306 307 308
306 308 309
310 306 309
310 309 311
312 308 313
312 313 314
315 312 314
315 316 312
317 318 319
317 319 320
321 317 320
321 320 322
321 322 323
323 322 324
323 324 325
321 323 326
321 326 327
328 329 330
328 330 331
332 329 328
332 333 329
332 334 333
334 335 333
334 336 335
332 337 334
332 338 337
339 340 341
339 341 342
343 339 342
343 342 344
343 344 345
345 344 346
345 346 347
343 345 348
343 348 349
350 351 352
350 352 353
354 351 350
354 355 351
354 356 355
356 357 355
356 358 357
354 359 356
354 360 359
361 362 363
361 363 364
365 361 364
365 364 366
365 366 367
367 366 368
367 368 369
365 367 370
365 370 371
372 373 374
372 374 375
376 373 372
376 377 373
376 378 377
378 379 377
378 380 379
376 381 378
376 382 381
383 384 385
383 385 386
387 383 386
387 386 388
387 388 389
389 388 390
389 390 391
387 389 392
387 392 393
394 395 396
394 396 397
398 395 394
398 399 395
398 400 399
400 401 399
400 402 401
398 403 400
398 404 403
405 406 407
405 407 408
408 407 409
407 410 409
411 412 406
412 413 406
406 413 414
405 415 412
412 415 416
415 417 416
405 418 415
411 408 418
408 419 418
418 419 420
421 422 423
421 423 424
424 423 425
423 426 425
421 427 422
427 428 422
422 428 429
430 424 431
424 432 431
431 432 433
421 431 434
430 434 427
427 434 435
434 436 435
437 438 439
437 440 438
440 441 438
438 441 442
437 439 443
443 439 444
439 445 444
446 447 440
440 447 448
447 449 448
437 450 447
446 443 450
443 451 450
450 451 452
453 454 455
455 456 453
455 457 456
458 454 453
459 456 457
459 460 456
460 459 461
462 460 461
463 464 465
463 465 466
463 466 467
463 467 468
469 470 471
469 471 472
473 474 475
473 475 476
477 475 474
477 478 475
479 480 481
479 482 480
481 480 483
484 485 486
485 484 487
485 487 488
489 484 486
490 488 487
490 487 491
491 492 490
493 492 491
494 495 496
494 496 497
498 499 500
498 501 499
499 501 502
503 504 505
506 503 505
507 503 506
503 507 508
503 508 509
509 510 503
510 511 503
503 511 512
503 513 504
514 513 503
515 514 503
503 516 515
503 512 517
518 503 517
519 503 518
503 519 516
520 521 522
520 523 521
524 525 526
525 524 527
528 529 530
528 530 531
531 530 532
531 532 533
528 534 529
528 535 534
535 536 534
535 537 536
538 539 540
541 538 540
542 543 539
544 545 546
544 546 547
548 549 547
550 551 552
553 554 552
555 554 553
556 557 558
558 559 560
559 561 560
562 563 564
562 564 565
566 567 568
566 568 569
570 571 572
570 572 573
574 575 576
574 576 577
578 579 580
578 580 581
582 583 584
582 584 585
586 587 588
586 588 589
590 591 592
592 593 590
594 595 596
594 596 597
595 598 596
595 599 598
600 601 602
603 601 600
604 602 605
606 607 608
606 608 609
610 607 611
612 613 614
615 613 616
617 615 616
618 619 620
619 621 622
622 621 623
624 625 626
624 626 627
628 629 630
628 630 631
632 633 634
632 634 635
636 637 638
636 638 639
640 641 642
640 642 643
644 645 646
644 646 647
648 649 650
651 652 653
651 653 654
655 656 657
658 659 660
658 660 661
662 663 664
662 664 665
666 667 668
668 669 666
670 671 672
673 671 670
674 672 675
676 677 678
676 678 679
680 677 681
682 683 684
682 684 685
686 683 682
687 683 686
688 687 686
688 686 689
690 691 692
690 692 693
694 695 696
694 696 697
695 698 696
696 698 699
699 698 700
699 700 701
702 703 704
702 704 705
706 707 708
706 708 709
710 711 712
710 712 713
714 715 716
714 716 717
718 719 720
718 720 721
722 723 724
722 724 725
726 727 728
726 728 729
730 731 732
730 732 733
733 732 734
733 734 735
736 731 730
736 737 731
738 737 736
738 739 737
740 741 742
740 742 743
744 745 746
747 748 745
749 748 747
750 751 752
750 752 753
754 755 756
757 755 754
758 755 757
759 758 757
759 757 760
754 756 761
762 763 764
762 764 765
766 767 768
768 767 769
769 767 770
769 770 771
772 766 768
772 768 773
774 775 776
774 776 777
778 779 780
778 780 781
782 783 784
782 784 785
786 787 788
786 788 789
790 791 792
790 792 793
794 795 796
794 796 797
798 799 800
798 800 801
802 803 804
805 803 802
806 807 808
809 807 810
811 809 810
812 813 814
813 815 816
816 815 817
818 819 820
818 820 821
822 823 824
822 824 825
826 827 828
826 828 829
830 831 832
830 832 833
834 835 836
834 836 837
838 839 840
838 840 841
842 843 844
844 845 846
847 848 845
847 849 848
850 851 852
853 854 850
855 854 853
856 857 858
859 857 856
860 861 862
863 861 860
864 865 866
864 867 865
868 869 870
869 868 871
872 873 874
872 874 875
875 874 876
875 876 877
878 879 880
881 878 880
882 883 879
884 885 886
884 886 887
888 889 887
890 891 892
890 892 893
894 890 893
895 894 893
896 894 895
896 897 894
898 899 900
898 900 901
902 903 904
902 905 903
904 903 906
903 907 906
907 908 906
907 909 908
910 911 912
910 912 913
914 915 916
914 916 917
918 919 920
918 920 921
922 923 924
922 924 925
926 927 928
926 928 929
930 931 932
930 932 933
934 935 936
934 936 937
938 939 940
938 940 941
939 942 940
939 943 942
944 938 941
944 941 945
946 944 945
946 945 947
948 949 950
948 951 949
952 953 954
955 954 956
957 955 956
958 959 960
958 961 959
962 963 964
965 962 964
966 965 964
967 965 966
967 968 965
962 969 963
970 971 972
970 972 973
974 975 976
975 977 976
977 978 976
977 979 978
980 975 974
980 981 975
982 983 984
982 984 985
986 987 988
986 988 989
990 991 992
990 992 993
994 995 996
994 996 997
998 999 1000
998 1000 1001
1002 1003 1004
1002 1004 1005
1006 1007 1008
1006 1008 1009
1010 1011 1012
1013 1010 1012
1014 1015 1016
1017 1018 1016
1019 1018 1017
1020 1021 1022
1022 1023 1024
1023 1025 1024
1026 1027 1028
1026 1028 1029
1030 1031 1032
1030 1032 1033
1034 1035 1036
1034 1036 1037
1038 1039 1040
1038 1040 1041
1042 1043 1044
1042 1044 1045
1046 1047 1048
1046 1048 1049
1050 1051 1052
1051 1053 1054
1055 1054 1056
1055 1056 1057
1058 1059 1060
1061 1058 1062
1063 1061 1062
1064 1065 1066
1067 1064 1066
1068 1069 1070
1071 1068 1070
1072 1073 1074
1072 1074 1075
1072 1075 1076
1072 1076 1077
1078 1079 1080
1078 1080 1081
1082 1083 1084
1082 1084 1085
1086 1087 1088
1086 1088 1089
1090 1091 1092
1090 1092 1093
1090 1093 1094
1095 1096 1097
1095 1098 1096
1097 1096 1099
1100 1101 1102
1100 1103 1101
1100 1104 1103
1100 1105 1104
1106 1107 1108
1106 1109 1107
1106 1110 1109
1106 1111 1110
1112 1113 1114
1112 1114 1115
1112 1115 1116
1112 1116 1117
1118 1119 1120
1118 1120 1121
1122 1123 1124
1122 1124 1125
1126 1127 1128
1126 1128 1129
1130 1131 1132
1130 1132 1133
1134 1135 1136
1134 1137 1135
1138 1136 1139
1140 1141 1142
1140 1143 1141
1141 1143 1144
1145 1146 1147
1145 1148 1146
1145 1149 1148
1145 1150 1149
1151 1152 1153
1151 1154 1152
1151 1155 1154
1156 1157 1158
1156 1158 1159
1157 1160 1158
1161 1162 1163
1161 1163 1164
1161 1164 1165
1161 1165 1166
1167 1168 1169
1167 1169 1170
1171 1172 1173
1171 1173 1174
1175 1176 1177
1175 1177 1178
1179 1180 1181
1179 1181 1182
1179 1182 1183
1179 1183 1184
1185 1186 1187
1185 1187 1188
1189 1190 1191
1189 1191 1192
1193 1194 1195
1193 1195 1196
1197 1198 1199
1197 1200 1198
1197 1201 1200
1197 1202 1201
1203 1204 1205
1203 1205 1206
1207 1208 1209
1207 1209 1210
1211 1212 1208
1213 1214 1215
1213 1215 1216
1215 1217 1216
1218 1219 1220
1218 1220 1221
1222 1223 1224
1222 1224 1225
1226 1227 1228
1226 1228 1229
1230 1231 1232
1230 1232 1233
1234 1235 1236
1234 1236 1237
1238 1239 1240
1238 1240 1241
1242 1243 1244
1242 1244 1245
1246 1247 1248
1248 1247 1249
1249 1247 1250
1247 1251 1250
1247 1252 1251
1251 1252 1253
1254 1253 1252
1255 1254 1252
1255 1256 1254
1257 1256 1255
1258 1257 1255
1259 1258 1255
1260 1261 1262
1262 1261 1263
1260 1262 1264
1265 1264 1262
1266 1260 1264
1267 1268 1264
1269 1266 1268
1268 1270 1264
1266 1271 1272
1272 1271 1273
1272 1273 1274
1273 1275 1274
1276 1273 1271
1277 1271 1266
1278 1271 1277
1279 1277 1270
1280 1281 1282
1280 1282 1283
1284 1285 1286
1284 1286 1287
1288 1289 1290
1289 1288 1291
1289 1291 1292
1293 1288 1290
1294 1292 1291
1294 1291 1295
1295 1296 1294
1297 1296 1295
1298 1299 1300
1298 1300 1301
1298 1302 1299
1298 1303 1302
1304 1305 1306
1304 1306 1307
1308 1309 1310
1308 1310 1311
1312 1311 1310
1312 1310 1313
1314 1315 1316
1314 1316 1317
1315 1318 1316
1319 1320 1321
1319 1322 1320
1322 1319 1323
1321 1324 1319
1325 1326 1319
1327 1328 1325
1328 1327 1329
1328 1329 1330
1330 1331 1328
1328 1332 1324
1333 1334 1335
1333 1335 1336
1337 1338 1339
1337 1339 1340
1341 1342 1343
1341 1343 1344
1345 1346 1342
1345 1347 1346
1348 1349 1350
1348 1350 1351
1352 1353 1354
1352 1354 1355
1356 1357 1358
1356 1358 1359
1360 1361 1362
1360 1362 1363
1364 1365 1366
1365 1367 1366
1364 1368 1365
1369 1365 1368
1370 1368 1364
1371 1368 1370
1372 1368 1371
1373 1371 1374
1370 1375 1376
1375 1377 1376
1375 1378 1377
1377 1378 1379
1380 1376 1377
1381 1374 1376
1382 1381 1376
1383 1370 1381
1384 1385 1386
1384 1386 1387
1388 1389 1390
1388 1390 1391
1392 1393 1394
1392 1394 1395
1396 1397 1398
1396 1398 1399
1400 1401 1402
1400 1402 1403
1404 1405 1406
1404 1406 1407
1408 1409 1410
1408 1410 1411
1412 1413 1414
1412 1414 1415
1416 1417 1418
1416 1418 1419
1420 1421 1422
1420 1422 1423
1424 1425 1426
1425 1427 1426
1427 1428 1426
1426 1428 1429
1426 1429 1430
1429 1431 1430
1432 1430 1431
1433 1430 1432
1433 1432 1434
1435 1433 1434
1436 1433 1435
1437 1433 1436
1438 1439 1440
1438 1440 1441
1442 1443 1444
1442 1444 1445
1446 1447 1448
1446 1448 1449
1450 1451 1452
1452 1453 1450
1452 1454 1453
1455 1451 1450
1456 1453 1454
1456 1457 1453
1457 1456 1458
1459 1457 1458
1460 1461 1462
1461 1460 1463
1460 1462 1464
1464 1465 1460
1460 1466 1463
1467 1468 1466
1467 1469 1468
1467 1470 1469
1470 1467 1471
1468 1472 1473
1474 1475 1476
1474 1476 1477
1478 1479 1480
1478 1480 1481
1482 1483 1484
1482 1484 1485
1486 1485 1487
1486 1487 1488
1489 1490 1491
1489 1491 1492
1493 1494 1495
1493 1495 1496
1497 1498 1499
1497 1499 1500
1501 1502 1503
1501 1503 1504
1505 1506 1507
1505 1507 1508
1509 1510 1511
1509 1511 1512
1513 1514 1515
1513 1515 1516
1517 1518 1519
1518 1520 1519
1519 1520 1521
1521 1520 1522
1520 1523 1522
1524 1522 1523
1525 1520 1526
1526 1527 1518
1528 1523 1527
1520 1525 1529
1529 1530 1531
1525 1532 1531
1533 1534 1531
1534 1535 1531
1535 1536 1531
1536 1537 1531
1537 1538 1531
1539 1533 1540
1541 1542 1543
1541 1543 1544
1545 1546 1547
1545 1547 1548
1549 1550 1551
1549 1551 1552
1553 1554 1555
1553 1555 1556
1557 1558 1559
1557 1559 1560
1561 1562 1563
1561 1563 1564
1565 1566 1567
1565 1567 1568
1569 1570 1571
1570 1572 1571
1572 1573 1571
1571 1573 1574
1571 1574 1575
1574 1576 1575
1577 1575 1576
1578 1575 1577
1578 1577 1579
1580 1578 1579
1581 1578 1580
1582 1578 1581
1583 1584 1585
1584 1586 1585
1583 1587 1584
1588 1584 1587
1589 1587 1583
1590 1587 1589
1591 1587 1590
1592 1590 1593
1589 1594 1595
1594 1596 1595
1594 1597 1596
1596 1597 1598
1599 1595 1596
1600 1593 1595
1601 1600 1595
1602 1589 1600
1603 1604 1605
1603 1605 1606
1607 1608 1609
1607 1609 1610
1611 1612 1613
1611 1613 1614
1615 1616 1617
1618 1616 1615
1618 1619 1616
1615 1617 1620
1621 1622 1615
1623 1621 1624
1623 1624 1625
1626 1623 1625
1626 1625 1627
1621 1623 1628
1629 1630 1631
1629 1631 1632
1633 1634 1635
1633 1635 1636
1637 1638 1639
1637 1639 1640
1641 1642 1643
1641 1643 1644
1645 1646 1647
1645 1647 1648
1649 1650 1651
1649 1651 1652
1653 1654 1655
1655 1654 1656
1653 1655 1657
1658 1657 1655
1659 1653 1657
1660 1661 1657
1662 1659 1661
1661 1663 1657
1659 1664 1665
1665 1664 1666
1665 1666 1667
1666 1668 1667
1669 1666 1664
1670 1664 1659
1671 1664 1670
1672 1670 1663
1673 1674 1675
1673 1675 1676
1677 1678 1679
1677 1679 1680
1681 1682 1683
1681 1683 1684
1685 1686 1687
1688 1685 1687
1688 1687 1689
1685 1690 1686
1690 1685 1691
1690 1692 1693
1693 1694 1695
1696 1694 1693
1696 1697 1694
1693 1695 1698
1699 1700 1701
1699 1701 1702
1703 1704 1705
1703 1705 1706
1707 1708 1709
1707 1709 1710
1711 1712 1713
1711 1713 1714
1715 1716 1717
1715 1717 1718
1719 1720 1721
1719 1721 1722
1723 1724 1725
1723 1725 1726
1727 1728 1729
1729 1728 1730
1730 1728 1731
1728 1732 1731
1728 1733 1732
1732 1733 1734
1735 1734 1733
1736 1735 1733
1736 1737 1735
1738 1737 1736
1739 1738 1736
1740 1739 1736
1741 1742 1743
1741 1743 1744
1745 1746 1747
1745 1747 1748
1749 1750 1751
1749 1751 1752
1753 1754 1755
1753 1755 1756
1755 1757 1756
1758 1759 1760
1758 1760 1761
1762 1763 1764
1762 1764 1765
1766 1767 1768
1766 1768 1769
1770 1771 1772
1770 1772 1773
1774 1775 1776
1774 1776 1777
1778 1779 1780
1778 1780 1781
1782 1783 1784
1782 1784 1785
1786 1787 1788
1786 1788 1789
1790 1791 1792
1790 1792 1793
1794 1795 1796
1796 1795 1797
1795 1798 1797
1798 1799 1797
1797 1799 1800
1801 1800 1799
1802 1803 1797
1803 1796 1804
1805 1804 1800
1797 1806 1802
1806 1807 1808
1802 1807 1809
1810 1807 1811
1811 1807 1812
1812 1807 1813
1813 1807 1814
1814 1807 1815
1816 1817 1810
1818 1819 1820
1821 1818 1820
1822 1821 1820
1820 1823 1822
1820 1824 1823
1825 1826 1827
1825 1827 1828
1828 1827 1829
1828 1829 1830
1831 1832 1833
1831 1833 1834
1834 1833 1835
1834 1835 1836
1837 1838 1839
1840 1838 1837
1840 1841 1838
1842 1843 1844
1842 1844 1845
1846 1847 1848
1846 1848 1849
1848 1850 1849
1848 1851 1850
1852 1853 1854
1852 1854 1855
1852 1856 1853
1856 1852 1857
1856 1858 1853
1859 1860 1856
1859 1856 1861
1862 1863 1864
1862 1864 1865
1864 1866 1865
1864 1867 1866
1868 1869 1870
1871 1868 1870
1872 1873 1874
1872 1874 1875
1876 1877 1878
1876 1879 1877
1876 1880 1879
1880 1881 1879
1879 1881 1882
1879 1882 1883
1884 1885 1886
1884 1886 1887
1887 1888 1884
1887 1889 1890
1891 1892 1893
1891 1893 1894
1895 1896 1897
1895 1897 1898
1899 1900 1901
1899 1901 1902
1903 1904 1905
1903 1905 1906
1906 1905 1907
1906 1907 1908
1909 1910 1911
1912 1913 1914
1914 1915 1912
1915 1916 1912
1913 1917 1914
1912 1918 1913
1918 1919 1913
1920 1921 1922
1920 1922 1923
1924 1923 1922
1924 1925 1923
1926 1927 1928
1926 1928 1929
1930 1931 1932
1930 1932 1933
1934 1935 1936
1934 1936 1937
1937 1936 1938
1937 1938 1939
1940 1941 1942
1941 1943 1942
1941 1944 1943
1944 1945 1946
1945 1947 1946
1948 1949 1950
1948 1950 1951
1952 1953 1954
1952 1954 1955
1956 1957 1958
1956 1958 1959
1958 1960 1961
1958 1962 1960
1963 1964 1965
1963 1965 1966
1967 1968 1969
1967 1969 1970
1969 1971 1970
1969 1972 1971
1973 1974 1975
1973 1975 1976
1977 1978 1979
1977 1979 1980
1981 1982 1983
1981 1983 1984
1985 1986 1987
1985 1987 1988
1989 1990 1991
1992 1993 1991
1992 1994 1993
1992 1995 1994
1996 1997 1998
1996 1998 1999
1998 2000 1999
2001 2002 2003
2001 2003 2004
2005 2006 2007
2005 2007 2008
2009 2006 2005
2009 2010 2006
2010 2009 2011
2012 2010 2011
2013 2010 2012
2012 2011 2014
2015 2014 2011
2014 2016 2012
2017 2015 2011
2017 2018 2015
2015 2018 2019
2020 2015 2019
2020 2019 2021
2017 2022 2018
2017 2023 2022
2020 2021 2024
2020 2024 2025
2020 2025 2026
2027 2020 2026
2027 2028 2020
2029 2028 2027
2029 2030 2028
2029 2031 2030
2031 2032 2030
2033 2031 2029
2034 2033 2029
2034 2035 2033
2033 2035 2036
2035 2037 2038
2007 2035 2038
2037 2039 2038
2037 2040 2039
2041 2037 2035
2038 2042 2007
2038 2043 2042
2044 2042 2043
2043 2045 2044
2042 2008 2007
2042 2044 2046
2044 2047 2046
2048 2046 2047
2047 2049 2048
2048 2050 2046
2048 2051 2050
2052 2053 2039
2052 2054 2053
2055 2056 2057
2055 2058 2056
2059 2060 2061
2062 2063 2064
2065 2066 2067
2068 2069 2070
2068 2070 2071
2068 2071 2072
2073 2074 2075
2073 2075 2076
2077 2078 2079
2080 2079 2078
2080 2078 2081
2082 2083 2084
2082 2084 2085
2086 2087 2088
2086 2088 2089
2088 2090 2089
2091 2092 2093
2094 2092 2091
2094 2091 2095
2091 2093 2096
2093 2097 2096
2098 2091 2096
2095 2091 2098
2098 2096 2099
2100 2092 2094
2101 2096 2097
2101 2099 2096
2102 2097 2093
2103 2104 2105
2106 2107 2108
2106 2108 2109
2110 2111 2112
2110 2113 2111
2110 2112 2114
2115 2116 2117
2118 2115 2117
2119 2118 2120
2121 2118 2119
2121 2119 2122
2123 2116 2124
2125 2126 2127
2126 2125 2128
2129 2126 2128
2129 2130 2126
2129 2131 2130
2125 2127 2132
2132 2133 2125
2134 2135 2136
2136 2137 2134
2138 2139 2140
2141 2142 2143
2142 2141 2144
2145 2146 2147
2145 2147 2148
2149 2150 2151
2149 2151 2152
2153 2154 2155
2153 2155 2156
2157 2158 2159
2157 2159 2160
2161 2160 2159
2161 2162 2160
2163 2164 2165
2163 2165 2166
2167 2168 2169
2170 2171 2172
2173 2174 2175
2176 2177 2178
2179 2180 2181
2179 2182 2180
2179 2183 2182
2184 2185 2186
2187 2186 2185
2187 2188 2186
2189 2190 2191
2189 2191 2192
2193 2194 2195
2193 2195 2196
2195 2194 2197
2198 2199 2200
2201 2198 2200
2201 2202 2198
2198 2203 2199
2199 2203 2204
2205 2203 2198
2202 2205 2198
2205 2206 2203
2207 2201 2200
2208 2204 2203
2208 2203 2206
2209 2199 2204
2210 2211 2212
2213 2214 2215
2213 2215 2216
2217 2218 2219
2217 2219 2220
2217 2221 2218
2222 2223 2224
2225 2223 2222
2226 2227 2225
2228 2226 2225
2228 2229 2226
2230 2231 2224
2232 2233 2234
2234 2235 2232
2236 2235 2234
2236 2234 2237
2236 2237 2238
2232 2239 2233
2239 2232 2240
2241 2242 2243
2242 2241 2244
2245 2246 2247
2248 2249 2250
2250 2251 2248
2252 2253 2254
2252 2254 2255
2256 2257 2258
2256 2258 2259
2260 2261 2262
2260 2262 2263
2264 2265 2266
2264 2266 2267
2268 2266 2265
2268 2265 2269
2270 2271 2272
2270 2272 2273
2274 2275 2276
2277 2278 2279
2280 2281 2282
2283 2284 2285
2286 2287 2288
2289 2286 2288
2290 2289 2288
2288 2291 2290
2288 2292 2291
2293 2294 2295
2293 2295 2296
2296 2295 2297
2296 2297 2298
2299 2300 2301
2299 2301 2302
2302 2301 2303
2302 2303 2304
2305 2306 2307
2308 2306 2305
2308 2309 2306
2310 2311 2312
2310 2312 2313
2314 2315 2316
2314 2316 2317
2316 2318 2317
2316 2319 2318
2320 2321 2322
2320 2322 2323
2320 2324 2321
2324 2320 2325
2324 2326 2321
2327 2328 2324
2327 2324 2329
2330 2331 2332
2330 2332 2333
2332 2334 2333
2332 2335 2334
2336 2337 2338
2339 2336 2338
2340 2341 2342
2340 2342 2343
2344 2345 2346
2344 2347 2345
2344 2348 2347
2348 2349 2347
2347 2349 2350
2347 2350 2351
2352 2353 2354
2352 2354 2355
2355 2356 2352
2355 2357 2358
2359 2360 2361
2359 2361 2362
2363 2364 2365
2363 2365 2366
2367 2368 2369
2367 2369 2370
2371 2372 2373
2371 2373 2374
2374 2373 2375
2374 2375 2376
2377 2378 2379
2380 2381 2382
2382 2383 2380
2383 2384 2380
2381 2385 2382
2380 2386 2381
2386 2387 2381
2388 2389 2390
2388 2390 2391
2392 2391 2390
2392 2393 2391
2394 2395 2396
2394 2396 2397
2398 2399 2400
2398 2400 2401
2402 2403 2404
2402 2404 2405
2405 2404 2406
2405 2406 2407
2408 2409 2410
2409 2411 2410
2409 2412 2411
2412 2413 2414
2413 2415 2414
2416 2417 2418
2416 2418 2419
2420 2421 2422
2420 2422 2423
2424 2425 2426
2424 2426 2427
2426 2428 2429
2426 2430 2428
2431 2432 2433
2431 2433 2434
2435 2436 2437
2435 2437 2438
2437 2439 2438
2437 2440 2439
2441 2442 2443
2441 2443 2444
2445 2446 2447
2445 2447 2448
2449 2450 2451
2449 2451 2452
2453 2454 2455
2453 2455 2456
2457 2458 2459
2460 2461 2459
2460 2462 2461
2460 2463 2462
2464 2465 2466
2464 2466 2467
2466 2468 2467
2469 2470 2471
2469 2471 2472
2473 2474 2475
2473 2475 2476
2477 2474 2473
2477 2478 2474
2478 2477 2479
2480 2478 2479
2481 2478 2480
2480 2479 2482
2483 2482 2479
2482 2484 2480
2485 2483 2479
2485 2486 2483
2483 2486 2487
2488 2483 2487
2488 2487 2489
2485 2490 2486
2485 2491 2490
2488 2489 2492
2488 2492 2493
2488 2493 2494
2495 2488 2494
2495 2496 2488
2497 2496 2495
2497 2498 2496
2497 2499 2498
2499 2500 2498
2501 2499 2497
2502 2501 2497
2502 2503 2501
2501 2503 2504
2503 2505 2506
2475 2503 2506
2505 2507 2506
2505 2508 2507
2509 2505 2503
2506 2510 2475
2506 2511 2510
2512 2510 2511
2511 2513 2512
2510 2476 2475
2510 2512 2514
2512 2515 2514
2516 2514 2515
2515 2517 2516
2516 2518 2514
2516 2519 2518
2520 2521 2507
2520 2522 2521
2523 2524 2525
2523 2526 2524
2527 2528 2529
2530 2531 2532
2533 2534 2535
2533 2535 2536
2533 2536 2537
2538 2539 2540
2541 2540 2539
2541 2539 2542
2543 2544 2545
2543 2545 2546
2547 2548 2549
2547 2549 2550
2549 2551 2550
2552 2553 2554
2555 2553 2552
2555 2552 2556
2552 2554 2557
2554 2558 2557
2559 2552 2557
2556 2552 2559
2559 2557 2560
2561 2553 2555
2562 2557 2558
2562 2560 2557
2563 2558 2554
2564 2565 2566
2567 2568 2569
2567 2569 2570
2571 2572 2573
2571 2574 2572
2571 2573 2575
2576 2577 2578
2579 2576 2578
2580 2579 2581
2582 2579 2580
2582 2580 2583
2584 2577 2585
2586 2587 2588
2587 2586 2589
2590 2587 2589
2590 2591 2587
2590 2592 2591
2586 2588 2593
2593 2594 2586
2595 2596 2597
2597 2598 2595
2599 2600 2601
2602 2603 2604
2603 2602 2605
2606 2607 2608
2606 2608 2609
2610 2611 2612
2610 2612 2613
2614 2615 2616
2614 2616 2617
2618 2619 2620
2618 2620 2621
2622 2621 2620
2622 2623 2621
2624 2625 2626
2624 2626 2627
2628 2629 2630
2631 2632 2633
2634 2635 2636
2637 2638 2639
2640 2641 2642
2643 2644 2645
2643 2646 2644
2643 2647 2646
2648 2649 2650
2648 2650 2651
2652 2653 2654
2655 2654 2653
2655 2656 2654
2657 2658 2659
2657 2659 2660
2661 2662 2663
2661 2663 2664
2663 2662 2665
2666 2667 2668
2669 2666 2668
2669 2670 2666
2666 2671 2667
2667 2671 2672
2673 2671 2666
2670 2673 2666
2673 2674 2671
2675 2669 2668
2676 2672 2671
2676 2671 2674
2677 2667 2672
2678 2679 2680
2681 2682 2683
2681 2683 2684
2685 2686 2687
2685 2687 2688
2685 2689 2686
2690 2691 2692
2693 2691 2690
2694 2695 2693
2696 2694 2693
2696 2697 2694
2698 2699 2692
2700 2701 2702
2702 2703 2700
2704 2703 2702
2704 2702 2705
2704 2705 2706
2700 2707 2701
2707 2700 2708
2709 2710 2711
2710 2709 2712
2713 2714 2715
2716 2717 2718
2718 2719 2716
2720 2721 2722
2720 2722 2723
2724 2725 2726
2724 2726 2727
2728 2729 2730
2728 2730 2731
2732 2733 2734
2732 2734 2735
2736 2734 2733
2736 2733 2737
2738 2739 2740
2738 2740 2741
2742 2743 2744
2745 2746 2747
2748 2749 2750
2751 2752 2753
2754 2755 2756
2754 2756 2757
2758 2759 2760
2758 2760 2761
2762 2763 2764
2762 2764 2765
2766 2767 2768
2766 2768 2769
2770 2771 2772
2770 2772 2773
2774 2775 2776
2774 2776 2777
2778 2779 2780
2778 2780 2781
2782 2783 2784
2782 2784 2785
2786 2787 2788
2786 2788 2789
2790 2791 2792
2790 2792 2793
2794 2795 2796
2794 2796 2797
2798 2799 2800
2798 2800 2801
2802 2803 2804
2802 2804 2805
2804 2803 2806
2804 2806 2807
2807 2806 2808
2807 2808 2809
2810 2811 2812
2810 2812 2813
2814 2815 2816
2814 2816 2817
2818 2819 2820
2818 2820 2821
2822 2823 2824
2822 2824 2825
2826 2827 2828
2826 2828 2829
2830 2831 2832
2830 2832 2833
2834 2835 2836
2834 2836 2837
2838 2839 2840
2838 2840 2841
2842 2843 2844
2842 2844 2845
2846 2847 2848
2846 2848 2849
2850 2851 2852
2850 2853 2851
2850 2852 2854
2850 2854 2855
2850 2855 2856
2850 2856 2857
2850 2857 2858
2850 2858 2859
2850 2859 2860
2850 2860 2861
2850 2861 2862
2850 2862 2863
2850 2863 2864
2850 2864 2865
2850 2865 2866
2850 2866 2853
2867 2868 2869
2867 2869 2870
2871 2872 2873
2871 2873 2874
2875 2876 2877
2875 2877 2878
2878 2877 2879
2878 2879 2880
2881 2882 2883
2881 2883 2884
2885 2886 2887
2885 2887 2888
2887 2889 2888
2887 2890 2889
2890 2891 2889
2890 2892 2891
2893 2894 2895
2893 2895 2896
2897 2898 2899
2897 2899 2900
2901 2902 2903
2901 2903 2904
2905 2906 2907
2905 2907 2908
2909 2910 2911
2909 2911 2912
2913 2914 2915
2913 2915 2916
2917 2918 2919
2917 2919 2920
2921 2922 2923
2921 2923 2924
2925 2926 2927
2925 2927 2928
2929 2930 2931
2929 2931 2932
2933 2934 2935
2933 2935 2936
2937 2938 2939
2937 2939 2940
2941 2942 2943
2941 2943 2944
2942 2945 2943
2942 2946 2945
2947 2948 2949
2947 2949 2950
2951 2952 2953
2951 2953 2954
2953 2952 2955
2953 2955 2956
2956 2955 2957
2956 2957 2958
2959 2960 2961
2959 2961 2962
2963 2964 2965
2963 2965 2966
2967 2968 2969
2967 2969 2970
2971 2972 2973
2971 2973 2974
2975 2976 2977
2975 2977 2978
2979 2980 2981
2979 2981 2982
2983 2984 2985
2983 2985 2986
2987 2988 2989
2987 2989 2990
2991 2992 2993
2991 2993 2994
2995 2996 2997
2995 2997 2998
2999 3000 3001
2999 3001 3002
3003 3004 3005
3003 3005 3006
3007 3008 3009
3007 3009 3010
3010 3009 3011
3010 3011 3012
3013 3014 3015
3013 3015 3016
3017 3018 3019
3017 3019 3020
3019 3021 3020
3019 3022 3021
3022 3023 3021
3022 3024 3023
3025 3026 3027
3025 3027 3028
3029 3030 3031
3029 3031 3032
3033 3034 3035
3033 3035 3036
3037 3038 3039
3037 3039 3040
3041 3042 3043
3041 3043 3044
3045 3046 3047
3045 3047 3048
3049 3050 3051
3049 3051 3052
3053 3054 3055
3053 3055 3056
3057 3058 3059
3057 3059 3060
3061 3062 3063
3061 3063 3064
3065 3066 3067
3065 3067 3068
3069 3070 3071
3069 3071 3072
3073 3074 3075
3073 3075 3076
3074 3077 3075
3074 3078 3077
3079 3080 3081
3079 3081 3082
3083 3084 3085
3083 3085 3086
3085 3084 3087
3085 3087 3088
3088 3087 3089
3088 3089 3090
3091 3092 3093
3091 3093 3094
3095 3096 3097
3095 3097 3098
3099 3100 3101
3099 3101 3102
3103 3104 3105
3103 3105 3106
3107 3108 3109
3107 3109 3110
3111 3112 3113
3111 3113 3114
3115 3116 3117
3115 3117 3118
3119 3120 3121
3119 3121 3122
3123 3124 3125
3123 3125 3126
3127 3128 3129
3127 3129 3130
3131 3132 3133
3131 3133 3134
3135 3136 3137
3135 3137 3138
3139 3140 3141
3139 3141 3142
3142 3141 3143
3142 3143 3144
3145 3146 3147
3145 3147 3148
3149 3150 3151
3149 3151 3152
3151 3153 3152
3151 3154 3153
3154 3155 3153
3154 3156 3155
3157 3158 3159
3157 3159 3160
3161 3162 3163
3161 3163 3164
3165 3166 3167
3165 3167 3168
3169 3170 3171
3169 3171 3172
3173 3174 3175
3173 3175 3176
3177 3178 3179
3177 3179 3180
3181 3182 3183
3181 3183 3184
3185 3186 3187
3185 3187 3188
3189 3190 3191
3189 3191 3192
3193 3194 3195
3193 3195 3196
3197 3198 3199
3197 3199 3200
3201 3202 3203
3201 3203 3204
3205 3206 3207
3205 3207 3208
3206 3209 3207
3206 3210 3209
3211 3212 3213
3211 3213 3214
3215 3216 3217
3215 3217 3218
3217 3216 3219
3217 3219 3220
3220 3219 3221
3220 3221 3222
3223 3224 3225
3223 3225 3226
3227 3228 3229
3227 3229 3230
3231 3232 3233
3231 3233 3234
3235 3236 3237
3235 3237 3238
3239 3240 3241
3239 3241 3242
3243 3244 3245
3243 3245 3246
3247 3248 3249
3247 3249 3250
3251 3252 3253
3251 3253 3254
3255 3256 3257
3255 3257 3258
3259 3260 3261
3259 3261 3262
3263 3264 3265
3263 3265 3266
3267 3268 3269
3267 3269 3270
3271 3272 3273
3271 3273 3274
3274 3273 3275
3274 3275 3276
3277 3278 3279
3277 3279 3280
3281 3282 3283
3281 3283 3284
3283 3285 3284
3283 3286 3285
3286 3287 3285
3286 3288 3287
3289 3290 3291
3289 3291 3292
3293 3294 3295
3293 3295 3296
3297 3298 3299
3297 3299 3300
3301 3302 3303
3301 3303 3304
3305 3306 3307
3305 3307 3308
3309 3310 3311
3309 3311 3312
3313 3314 3315
3313 3315 3316
3317 3318 3319
3317 3319 3320
3321 3322 3323
3321 3323 3324
3325 3326 3327
3325 3327 3328
3329 3330 3331
3329 3331 3332
3333 3334 3335
3333 3335 3336
3337 3338 3339
3337 3339 3340
3338 3341 3339
3338 3342 3341
3343 3344 3345
3343 3345 3346
3347 3348 3349
3347 3349 3350
3351 3352 3353
3351 3353 3354
3355 3356 3357
3355 3357 3358
3359 3360 3361
3359 3361 3362
3363 3364 3365
3363 3365 3366
3367 3368 3369
3367 3369 3370
3371 3372 3373
3371 3373 3374
3375 3376 3377
3375 3377 3378
3379 3380 3381
3379 3381 3382
3383 3384 3385
3383 3385 3386
3387 3388 3389
3387 3390 3388
3390 3391 3388
3388 3391 3392
3393 3389 3394
3394 3389 3395
3389 3396 3395
3387 3394 3397
3394 3398 3397
3397 3398 3399
3387 3397 3400
3393 3400 3390
3390 3400 3401
3400 3402 3401
