byte offset: 0
first index: 76071
index count: 6783
topology: trianglelist
format: DXGI_FORMAT_R16_UINT

25178 25179 25180
25181 25180 25179
25179 25182 25181
25179 25183 25182
25183 25179 25184
25184 25179 25178
25178 25180 25185
25185 25186 25178
25186 25184 25178
25187 25180 25181
25188 25185 25180
25188 25180 25187
25189 25185 25188
25188 25187 25190
25188 25190 25189
25191 25182 25183
25182 25191 25192
25182 25192 25193
25192 25194 25193
25195 25194 25192
25192 25191 25195
25189 25190 25196
25197 25189 25196
25198 25189 25197
25189 25198 25185
25199 25197 25196
25199 25200 25197
25201 25200 25199
25202 25200 25201
25199 25203 25201
25203 25199 25204
25204 25199 25205
25199 25196 25205
25206 25205 25196
25190 25206 25196
25201 25207 25202
25208 25202 25207
25202 25208 25209
25207 25201 25210
25187 25206 25190
25200 25202 25211
25212 25202 25209
25202 25212 25211
25213 25211 25212
25200 25211 25197
25211 25214 25197
25211 25213 25214
25215 25209 25208
25209 25215 25216
25216 25217 25209
25217 25212 25209
25212 25217 25218
25219 25212 25218
25219 25213 25212
25220 25219 25218
25221 25219 25220
25222 25221 25220
25223 25222 25220
25222 25223 25224
25224 25225 25222
25221 25226 25219
25219 25226 25213
25213 25226 25214
25221 25227 25226
25226 25228 25214
25229 25214 25228
25230 25214 25229
25214 25230 25197
25226 25231 25228
25226 25232 25231
25232 25233 25231
25232 25234 25233
25235 25231 25233
25236 25231 25235
25231 25236 25228
25236 25229 25228
25229 25236 25237
25235 25237 25236
25229 25237 25230
25238 25232 25226
25227 25238 25226
25239 25232 25238
25232 25239 25234
25240 25234 25239
25237 25235 25241
25241 25235 25242
25242 25235 25233
25242 25233 25234
25241 25243 25237
25243 25244 25237
25245 25241 25242
25245 25243 25241
25246 25245 25242
25245 25246 25247
25248 25247 25246
25247 25248 25249
25250 25249 25248
25249 25250 25251
25230 25237 25244
25244 25198 25230
25244 25185 25198
25185 25244 25252
25252 25244 25253
25244 25243 25253
25254 25253 25243
25245 25254 25243
25245 25247 25254
25254 25255 25253
25254 25256 25255
25254 25247 25256
25256 25247 25249
25255 25257 25253
25252 25253 25257
25186 25252 25257
25185 25252 25186
25186 25257 25184
25258 25184 25257
25255 25258 25257
25259 25258 25255
25256 25259 25255
25260 25259 25256
25260 25251 25261
25262 25260 25261
25259 25260 25262
25259 25262 25263
25259 25263 25258
25264 25262 25261
25265 25264 25261
25264 25265 25266
25264 25266 25262
25266 25267 25262
25266 25268 25267
25269 25268 25266
25262 25267 25270
25262 25270 25263
25267 25271 25270
25271 25272 25270
25273 25272 25271
25263 25274 25258
25275 25274 25263
25272 25275 25270
25270 25275 25263
25273 25276 25272
25276 25273 25277
25278 25276 25277
25278 25279 25276
25276 25279 25195
25195 25280 25276
25276 25280 25272
25272 25280 25275
25279 25281 25195
25195 25281 25194
25194 25281 25193
25282 25193 25281
25193 25282 25283
25282 25284 25283
25284 25282 25285
25286 25284 25285
25284 25286 25287
25287 25286 25288
25286 25289 25288
25289 25286 25290
25285 25290 25286
25290 25285 25291
25282 25291 25285
25291 25282 25281
25287 25288 25292
25290 25293 25289
25293 25290 25294
25294 25290 25291
25294 25291 25281
25279 25294 25281
25294 25279 25295
25293 25294 25295
25278 25295 25279
25296 25297 25298
25298 25299 25296
25300 25299 25298
25300 25301 25299
25302 25301 25300
25302 25300 25303
25303 25304 25302
25304 25303 25305
25305 25306 25304
25300 25298 25307
25298 25248 25307
25298 25308 25248
25300 25307 25309
25303 25309 25305
25300 25309 25303
25310 25305 25309
25310 25311 25305
25312 25311 25310
25311 25312 25313
25314 25313 25312
25313 25314 25315
25310 25316 25312
25316 25310 25240
25310 25309 25240
25312 25317 25314
25317 25312 25316
25316 25318 25317
25318 25316 25239
25316 25240 25239
25309 25319 25240
25309 25307 25319
25307 25246 25319
25250 25248 25308
25307 25248 25246
25319 25246 25242
25319 25242 25234
25319 25234 25240
25318 25239 25238
25251 25320 25261
25260 25249 25251
25260 25256 25249
25321 25322 25323
25322 25321 25324
25323 25325 25321
25324 25326 25322
25326 25324 25327
25327 25328 25326
25328 25327 25329
25325 25330 25321
25330 25331 25321
25332 25328 25329
25328 25332 25333
25334 25335 25336
25335 25334 25337
25335 25338 25336
25339 25336 25338
25336 25339 25340
25338 25335 25341
25336 25342 25334
25342 25336 25340
25335 25343 25341
25343 25335 25344
25345 25335 25337
25335 25345 25344
25346 25342 25340
25339 25346 25340
25347 25344 25345
25344 25347 25348
25349 25344 25348
25344 25349 25343
25350 25348 25347
25348 25350 25351
25352 25351 25350
25352 25353 25351
25348 25353 25349
25353 25348 25351
25354 25341 25355
25354 25355 25356
25357 25354 25356
25358 25357 25356
25358 25356 25359
25359 25356 25360
25361 25358 25359
25362 25361 25359
25362 25359 25363
25359 25364 25363
25363 25365 25362
25365 25363 25366
25363 25367 25366
25367 25363 25368
25367 25368 25337
25363 25369 25368
25364 25369 25363
25356 25355 25370
25356 25370 25360
25358 25371 25357
25372 25362 25365
25362 25372 25373
25361 25362 25373
25374 25361 25373
25358 25361 25374
25375 25358 25374
25371 25358 25375
25371 25375 25376
25377 25378 25379
25378 25377 25380
25378 25381 25379
25382 25380 25377
25380 25382 25383
25384 25383 25382
25383 25384 25385
25386 25385 25384
25385 25386 25387
25378 25388 25381
25378 25389 25388
25390 25387 25386
25391 25390 25386
25392 25390 25391
25393 25394 25395
25394 25393 25396
25394 25397 25395
25397 25394 25398
25399 25397 25398
25397 25399 25400
25401 25400 25399
25400 25401 25402
25401 25403 25402
25393 25404 25396
25404 25393 25405
25405 25406 25404
25406 25405 25407
25408 25406 25407
25409 25410 25411
25412 25409 25411
25412 25413 25409
25413 25412 25268
25410 25277 25411
25413 25414 25409
25414 25415 25409
25409 25415 25410
25412 25267 25268
25412 25411 25271
25267 25412 25271
25277 25273 25411
25411 25273 25271
25414 25416 25415
25417 25418 25419
25419 25420 25417
25419 25421 25420
25420 25422 25417
25422 25423 25417
25423 25422 25424
25425 25418 25417
25424 25426 25423
25426 25427 25423
25426 25428 25427
25428 25426 25429
25429 25430 25428
25430 25431 25428
25429 25432 25430
25429 25433 25432
25433 25434 25432
25435 25432 25434
25434 25436 25435
25437 25435 25436
25435 25437 25438
25437 25439 25438
25438 25440 25435
25425 25417 25441
25442 25443 25444
25443 25442 25445
25443 25445 25446
25445 25447 25446
25447 25445 25448
25448 25449 25447
25450 25447 25449
25447 25451 25446
25447 25452 25451
25452 25447 25453
25450 25453 25447
25454 25452 25453
25453 25455 25454
25456 25455 25453
25455 25456 25457
25458 25454 25455
25459 25458 25455
25460 25459 25455
25461 25460 25455
25461 25455 25462
25463 25462 25455
25463 25455 25457
25463 25464 25462
25464 25465 25462
25465 25466 25462
25453 25467 25456
25467 25453 25450
25468 25463 25457
25468 25457 25469
25468 25469 25470
25470 25469 25471
25472 25471 25469
25472 25473 25471
25469 25474 25472
25474 25475 25472
25474 25476 25475
25476 25474 25456
25456 25467 25476
25456 25474 25457
25474 25469 25457
25475 25477 25472
25477 25473 25472
25477 25478 25473
25479 25470 25471
25479 25471 25480
25473 25480 25471
25473 25481 25480
25478 25481 25473
25482 25481 25478
25480 25483 25479
25484 25483 25480
25481 25484 25480
25485 25484 25481
25482 25485 25481
25482 25486 25485
25486 25487 25485
25485 25487 25484
25487 25488 25484
25484 25488 25483
25487 25489 25488
25486 25490 25487
25491 25492 25493
25492 25491 25494
25494 25491 25495
25496 25493 25492
25493 25496 25497
25498 25494 25495
25499 25500 25501
25500 25499 25502
25501 25503 25499
25503 25501 25504
25504 25505 25503
25504 25506 25505
25507 25505 25506
25506 25508 25507
25509 25510 25511
25510 25509 25512
25511 25513 25509
25513 25511 25514
25512 25515 25510
25515 25512 25516
25517 25515 25516
25517 25516 25518
25519 25517 25518
25520 25519 25518
25519 25520 25521
25522 25521 25520
25521 25522 25523
25514 25524 25513
25524 25525 25513
25522 25526 25523
25526 25522 25527
25527 25528 25526
25528 25527 25529
25530 25531 25532
25531 25533 25532
25531 25534 25533
25534 25535 25533
25534 25536 25535
25536 25537 25535
25536 25538 25537
25538 25536 25539
25540 25541 25542
25541 25540 25543
25544 25543 25540
25545 25546 25547
25546 25545 25548
25549 25547 25546
25547 25549 25550
25549 25551 25550
25551 25549 25552
25553 25449 25448
25554 25201 25203
25201 25554 25210
25555 25556 25557
25556 25555 25558
25555 25559 25558
25559 25555 25560
25561 25557 25556
25557 25561 25562
25563 25564 25565
25564 25563 25566
25565 25567 25563
25567 25565 25568
25568 25569 25567
25569 25568 25570
25571 25572 25573
25572 25571 25574
25571 25575 25574
25575 25571 25576
25577 25573 25572
25573 25577 25578
25579 25578 25577
25578 25579 25580
25581 25582 25583
25582 25581 25584
25585 25586 25587
25586 25585 25588
25585 25589 25588
25589 25585 25590
25591 25592 25593
25592 25591 25594
25595 25596 25597
25596 25595 25598
25599 25600 25601
25600 25599 25602
25603 25604 25605
25604 25603 25606
25607 25608 25609
25608 25607 25610
25611 25612 25613
25612 25611 25614
25615 25616 25617
25616 25615 25618
25619 25620 25621
25620 25619 25622
25623 25622 25619
25622 25623 25624
25625 25626 25627
25626 25625 25628
25625 25629 25628
25629 25625 25630
25631 25632 25633
25632 25631 25634
25635 25631 25633
25631 25635 25636
25637 25638 25639
25638 25637 25640
25641 25637 25639
25637 25641 25642
25643 25642 25641
25642 25643 25644
25645 25646 25647
25646 25645 25648
25649 25645 25647
25645 25649 25650
25649 25651 25650
25651 25649 25652
25652 25653 25651
25653 25652 25654
25655 25653 25654
25653 25655 25656
25657 25656 25655
25656 25657 25658
25659 25660 25661
25660 25659 25662
25662 25663 25660
25663 25662 25664
25664 25665 25663
25665 25664 25666
25666 25667 25665
25667 25666 25668
25669 25670 25671
25670 25669 25672
25673 25674 25675
25674 25673 25676
25677 25676 25673
25676 25677 25678
25679 25678 25677
25678 25679 25680
25681 25680 25679
25680 25681 25682
25675 25674 25683
25684 25685 25686
25685 25684 25687
25688 25689 25690
25689 25688 25691
25691 25692 25689
25692 25691 25693
25280 25191 25275
25191 25280 25195
25275 25191 25274
25191 25183 25274
25274 25183 25184
25258 25274 25184
25694 25695 25696
25696 25695 25697
25697 25698 25696
25699 25696 25698
25696 25699 25700
25694 25696 25700
25694 25701 25695
25702 25697 25695
25703 25695 25701
25703 25702 25695
25703 25704 25702
25698 25705 25699
25705 25698 25706
25698 25707 25706
25706 25707 25708
25709 25706 25708
25706 25709 25705
25709 25710 25705
25709 25711 25710
25703 25712 25704
25712 25703 25701
25712 25701 25713
25712 25714 25704
25715 25714 25712
25715 25712 25713
25716 25715 25713
25717 25714 25715
25717 25715 25718
25719 25717 25718
25720 25719 25718
25721 25717 25719
25717 25721 25722
25722 25723 25717
25717 25723 25714
25724 25714 25723
25704 25714 25724
25725 25719 25720
25720 25726 25725
25726 25720 25727
25719 25725 25728
25702 25704 25724
25718 25715 25729
25718 25729 25720
25729 25730 25720
25727 25720 25730
25731 25727 25730
25730 25732 25731
25733 25732 25730
25733 25730 25734
25730 25729 25734
25735 25732 25733
25736 25735 25733
25737 25735 25736
25737 25223 25735
25223 25737 25224
25224 25737 25225
25736 25733 25738
25733 25734 25738
25736 25738 25739
25734 25740 25738
25729 25740 25734
25729 25715 25740
25738 25740 25741
25742 25741 25740
25716 25742 25740
25740 25715 25716
25738 25741 25743
25738 25743 25744
25744 25743 25745
25746 25745 25743
25747 25746 25743
25743 25741 25747
25747 25741 25742
25742 25748 25747
25748 25746 25747
25748 25742 25716
25749 25738 25744
25739 25738 25749
25746 25748 25750
25750 25751 25746
25751 25745 25746
25750 25748 25752
25752 25748 25753
25716 25753 25748
25753 25716 25713
25753 25713 25701
25701 25754 25753
25701 25755 25754
25756 25752 25753
25754 25756 25753
25757 25756 25754
25755 25757 25754
25755 25700 25757
25755 25694 25700
25701 25694 25755
25758 25751 25750
25758 25750 25752
25758 25752 25759
25752 25756 25759
25758 25759 25760
25759 25761 25760
25761 25762 25760
25763 25762 25761
25763 25764 25762
25763 25765 25764
25766 25765 25763
25767 25766 25763
25763 25761 25767
25764 25765 25768
25769 25765 25766
25770 25765 25769
25769 25771 25770
25769 25766 25771
25771 25766 25772
25771 25772 25773
25774 25771 25773
25773 25772 25775
25772 25776 25775
25775 25776 25777
25777 25776 25778
25777 25778 25779
25711 25779 25778
25780 25779 25711
25780 25711 25781
25711 25709 25781
25781 25709 25782
25709 25708 25782
25708 25707 25782
25783 25782 25707
25707 25784 25783
25785 25783 25784
25783 25785 25786
25785 25787 25786
25787 25785 25788
25788 25789 25787
25790 25787 25789
25787 25790 25791
25791 25786 25787
25786 25791 25792
25783 25786 25792
25792 25782 25783
25788 25793 25789
25794 25791 25790
25791 25794 25795
25795 25792 25791
25795 25782 25792
25794 25796 25795
25796 25781 25795
25781 25782 25795
25780 25781 25796
25797 25798 25799
25798 25797 25800
25801 25798 25800
25801 25800 25802
25803 25801 25802
25803 25804 25801
25804 25803 25805
25805 25806 25804
25806 25805 25807
25801 25808 25798
25798 25808 25809
25798 25809 25810
25811 25810 25809
25801 25804 25812
25804 25806 25812
25801 25812 25808
25813 25812 25806
25813 25806 25814
25814 25815 25813
25815 25814 25816
25816 25817 25815
25817 25816 25818
25808 25819 25809
25812 25820 25808
25820 25819 25808
25820 25751 25819
25821 25813 25815
25813 25821 25822
25813 25822 25812
25822 25820 25812
25815 25823 25821
25823 25815 25817
25821 25824 25822
25821 25825 25824
25825 25821 25823
25825 25749 25824
25820 25822 25826
25824 25826 25822
25820 25826 25751
25744 25826 25824
25749 25744 25824
25751 25826 25745
25744 25745 25826
25751 25758 25819
25758 25760 25819
25819 25760 25809
25762 25809 25760
25811 25809 25762
25764 25811 25762
25827 25828 25829
25828 25827 25830
25830 25827 25831
25832 25829 25828
25829 25832 25833
25834 25833 25832
25833 25834 25835
25831 25827 25836
25836 25827 25837
25834 25838 25835
25838 25834 25839
25840 25841 25842
25841 25840 25843
25844 25841 25843
25843 25845 25844
25845 25843 25846
25841 25844 25847
25843 25848 25846
25848 25843 25840
25849 25841 25847
25841 25849 25850
25841 25851 25842
25851 25841 25850
25852 25846 25848
25845 25846 25852
25850 25853 25851
25853 25850 25854
25850 25855 25854
25855 25850 25849
25854 25856 25853
25856 25854 25857
25858 25856 25857
25858 25857 25859
25854 25859 25857
25859 25854 25855
25860 25861 25847
25860 25862 25861
25863 25862 25860
25864 25862 25863
25864 25865 25862
25865 25866 25862
25867 25865 25864
25868 25865 25867
25868 25869 25865
25865 25869 25870
25871 25869 25868
25869 25871 25872
25873 25869 25872
25869 25873 25874
25873 25842 25874
25869 25874 25875
25870 25869 25875
25862 25876 25861
25862 25866 25876
25868 25877 25871
25877 25868 25878
25867 25878 25868
25879 25878 25867
25864 25879 25867
25880 25879 25864
25881 25880 25864
25864 25863 25881
25881 25882 25880
25883 25884 25885
25884 25883 25886
25883 25885 25887
25886 25888 25884
25888 25886 25889
25889 25890 25888
25890 25889 25891
25891 25892 25890
25892 25891 25893
25883 25887 25894
25883 25894 25895
25896 25892 25893
25897 25892 25896
25898 25897 25896
25899 25900 25901
25900 25899 25902
25903 25900 25902
25900 25903 25904
25903 25905 25904
25905 25903 25906
25906 25907 25905
25907 25906 25908
25907 25908 25909
25910 25899 25901
25899 25910 25911
25912 25911 25910
25911 25912 25913
25914 25913 25912
25915 25916 25917
25915 25777 25916
25775 25777 25915
25775 25915 25918
25915 25919 25918
25919 25915 25917
25919 25917 25920
25918 25773 25775
25916 25777 25779
25766 25921 25922
25922 25921 25923
25922 25923 25924
25924 25923 25710
25924 25710 25711
25766 25922 25772
25772 25922 25776
25776 25922 25924
25776 25924 25778
25778 25924 25711
25923 25705 25710
25923 25925 25705
25921 25925 25923
25925 25699 25705
25767 25921 25766
25767 25926 25921
25926 25925 25921
25926 25700 25925
25700 25699 25925
25927 25926 25767
25761 25927 25767
25927 25757 25926
25757 25700 25926
25756 25757 25927
25759 25756 25927
25759 25927 25761
25216 25727 25731
25215 25727 25216
25727 25215 25726
25928 25929 25930
25929 25928 25931
25929 25931 25932
25931 25928 25933
25934 25933 25928
25933 25934 25935
25936 25928 25930
25937 25928 25936
25935 25934 25938
25938 25934 25939
25938 25939 25940
25940 25941 25938
25941 25940 25942
25942 25940 25943
25941 25942 25944
25941 25944 25945
25945 25944 25946
25947 25946 25944
25946 25947 25948
25947 25949 25948
25949 25947 25950
25949 25950 25951
25950 25947 25952
25953 25954 25955
25954 25953 25956
25956 25957 25954
25955 25958 25953
25958 25955 25959
25958 25959 25960
25954 25961 25955
25960 25959 25961
25961 25959 25955
25961 25962 25960
25962 25961 25963
25964 25963 25961
25961 25954 25965
25957 25965 25954
25964 25961 25965
25965 25957 25966
25966 25967 25965
25967 25966 25968
25969 25966 25957
25970 25966 25969
25971 25966 25970
25972 25966 25971
25972 25973 25966
25974 25966 25973
25974 25968 25966
25974 25973 25975
25975 25973 25976
25976 25973 25977
25978 25962 25963
25979 25965 25967
25965 25979 25964
25980 25968 25974
25980 25981 25968
25980 25982 25981
25968 25981 25983
25984 25983 25981
25983 25984 25985
25981 25986 25984
25986 25981 25982
25987 25986 25982
25988 25986 25987
25986 25988 25989
25984 25986 25989
25984 25989 25990
25985 25984 25990
25987 25991 25988
25983 25985 25992
25967 25983 25992
25967 25968 25983
25992 25979 25967
25990 25989 25993
25989 25994 25993
25989 25988 25994
25988 25995 25994
25995 25988 25991
25995 25991 25996
25997 25993 25994
25997 25994 25998
25998 25994 25995
25997 25998 25999
25998 25995 26000
26000 25995 25996
25999 25998 26000
25999 26000 26001
26000 25996 26002
26003 26004 26005
26004 26003 26006
26007 26006 26003
26006 26007 26008
26008 26007 26009
26008 26009 26010
26010 26009 26011
26011 26012 26010
26013 26014 26015
26014 26013 26016
26017 26016 26013
26016 26017 26018
26019 26015 26014
26015 26019 26020
26021 26020 26019
26021 26022 26020
26023 26022 26021
26023 26024 26022
26024 26023 26025
26025 26026 26024
26026 26025 26027
26018 26017 26028
26028 26017 26029
26030 26026 26027
26026 26030 26031
26032 26031 26030
26031 26032 26033
26034 26035 26036
26036 26035 26037
26036 26037 26038
26038 26037 26039
26038 26039 26040
26039 26041 26040
26042 26040 26041
26040 26042 26043
26044 26045 26046
26045 26044 26047
26048 26045 26047
26049 26050 26051
26052 26053 26054
26053 26052 26055
26055 26056 26053
26056 26055 26057
26058 26056 26057
26056 26058 26059
26060 25719 25728
25719 26060 25721
26061 26062 26063
26062 26061 26064
26065 26061 26063
26061 26065 26066
26064 26067 26062
26067 26064 26068
26069 26070 26071
26070 26069 26072
26073 26071 26070
26071 26073 26074
26075 26074 26073
26074 26075 26076
26077 26078 26079
26078 26077 26080
26081 26077 26079
26077 26081 26082
26080 26083 26078
26083 26080 26084
26084 26085 26083
26085 26084 26086
26087 26088 26089
26088 26087 26090
26091 26092 26093
26092 26091 26094
26095 26091 26093
26091 26095 26096
26097 26098 26099
26098 26097 26100
26101 26102 26103
26102 26101 26104
26105 26106 26107
26106 26105 26108
26109 26110 26111
26110 26109 26112
26113 26114 26115
26114 26113 26116
26117 26118 26119
26118 26117 26120
26121 26122 26123
26122 26121 26124
26125 26126 26127
26126 26125 26128
26127 26129 26125
26129 26127 26130
26131 26132 26133
26132 26131 26134
26135 26131 26133
26131 26135 26136
26137 26138 26139
26138 26137 26140
26138 26141 26139
26141 26138 26142
26143 26144 26145
26144 26143 26146
26144 26147 26145
26147 26144 26148
26148 26149 26147
26149 26148 26150
26151 26152 26153
26152 26151 26154
26152 26155 26153
26155 26152 26156
26157 26155 26156
26155 26157 26158
26159 26158 26157
26158 26159 26160
26159 26161 26160
26161 26159 26162
26162 26163 26161
26163 26162 26164
26165 26166 26167
26166 26165 26168
26169 26168 26165
26168 26169 26170
26171 26170 26169
26170 26171 26172
26173 26172 26171
26172 26173 26174
26175 26176 26177
26176 26175 26178
26179 26180 26181
26180 26179 26182
26182 26183 26180
26183 26182 26184
26184 26185 26183
26185 26184 26186
26186 26187 26185
26187 26186 26188
26181 26189 26179
26190 26191 26192
26191 26190 26193
26194 26195 26196
26195 26194 26197
26198 26196 26195
26196 26198 26199
26200 26201 26202
26203 26200 26202
26200 26203 26204
26200 26204 26205
26206 26204 26203
26204 26206 26207
26207 26205 26204
26208 26205 26207
26209 26208 26207
26208 26209 26210
26211 26210 26209
26210 26211 26212
26213 26212 26211
26212 26213 26214
26214 26215 26212
26215 26214 26216
26217 26212 26215
26212 26217 26210
26216 26218 26215
26218 26219 26215
26219 26217 26215
26218 26216 26220
26221 26213 26211
26209 26221 26211
26213 26221 26222
26221 26209 26223
26224 26217 26219
26217 26224 26225
26225 26224 26226
26225 26226 26227
26226 26228 26227
26228 26229 26227
26228 26230 26229
26228 26231 26230
26232 26230 26231
26232 26231 26233
26234 26233 26231
26234 26231 26219
26235 26232 26233
26236 26235 26233
26236 26233 26237
26238 26236 26237
26238 26239 26236
26239 26240 26236
26241 26238 26237
26242 26241 26237
26243 26242 26237
26242 26243 26244
26245 26242 26244
26243 26246 26244
26243 26247 26246
26243 26248 26247
26246 26247 26249
26250 26246 26249
26250 26251 26246
26249 26252 26250
26250 26252 26253
26254 26250 26253
26254 26253 26255
26256 26254 26255
26205 26256 26255
26205 26255 26257
26255 26258 26257
26256 26259 26254
26260 26256 26205
26261 26260 26205
26208 26261 26205
26261 26208 26262
26263 26262 26208
26264 26263 26208
26210 26264 26208
26217 26264 26210
26217 26265 26264
26266 26265 26217
26265 26266 26267
26264 26265 26268
26268 26265 26269
26268 26270 26264
26265 26267 26271
26262 26272 26261
26265 26273 26269
26273 26274 26269
26265 26241 26273
26241 26275 26273
26241 26265 26276
26271 26276 26265
26241 26276 26277
26241 26277 26238
26217 26225 26266
26278 26279 26280
26279 26278 26281
26282 26278 26280
26278 26282 26283
26281 26284 26279
26285 26284 26281
26284 26285 26286
26282 26287 26283
26287 26282 26288
26288 26289 26287
26290 26287 26289
26289 26291 26290
26291 26289 26292
26293 26292 26289
26289 26288 26293
26292 26293 26294
26294 26295 26292
26295 26294 26296
26297 26292 26295
26292 26297 26291
26298 26291 26297
26291 26298 26299
26287 26290 26300
26301 26300 26290
26291 26301 26290
26301 26291 26299
26300 26301 26302
26303 26300 26302
26300 26303 26304
26305 26304 26303
26304 26305 26306
26307 26306 26305
26306 26307 26308
26309 26308 26307
26307 26310 26309
26310 26307 26311
26305 26311 26307
26308 26309 26312
26313 26312 26309
26312 26313 26314
26283 26300 26304
26300 26283 26287
26304 26278 26283
26278 26304 26306
26306 26281 26278
26281 26306 26308
26285 26308 26312
26308 26285 26281
26315 26312 26314
26312 26315 26285
26311 26305 26316
26317 26285 26315
26285 26317 26286
26318 26309 26310
26309 26318 26313
26315 26319 26317
26319 26315 26320
26320 26321 26319
26321 26320 26322
26322 26323 26321
26323 26322 26324
26320 26325 26322
26325 26320 26326
26315 26326 26320
26326 26327 26325
26328 26325 26327
26325 26328 26329
26329 26322 26325
26322 26329 26324
26327 26330 26328
26330 26327 26331
26332 26331 26327
26327 26326 26332
26331 26332 26333
26334 26324 26329
26324 26334 26335
26214 26335 26334
26335 26214 26213
26334 26216 26214
26216 26334 26336
26336 26329 26328
26329 26336 26334
26336 26220 26216
26220 26336 26337
26337 26328 26330
26328 26337 26336
26222 26335 26213
26335 26222 26338
26338 26324 26335
26324 26338 26323
26313 26333 26332
26333 26313 26318
26332 26314 26313
26314 26332 26326
26326 26315 26314
26339 26340 26341
26340 26339 26342
26343 26341 26340
26341 26343 26344
26345 26344 26343
26344 26345 26346
26347 26339 26341
26339 26347 26348
26349 26344 26346
26344 26349 26350
26350 26341 26344
26341 26350 26347
26345 26351 26346
26351 26349 26346
26351 26345 26352
26352 26353 26351
26353 26352 26354
26354 26355 26353
26355 26354 26356
26356 26357 26355
26357 26356 26358
26357 26359 26355
26359 26357 26360
26361 26355 26359
26355 26361 26353
26349 26351 26362
26362 26353 26361
26353 26362 26351
26348 26363 26339
26363 26342 26339
26342 26363 26364
26363 26348 26365
26366 26367 26368
26367 26366 26369
26370 26369 26366
26369 26370 26371
26367 26372 26368
26372 26367 26373
26373 26374 26372
26374 26373 26375
26375 26376 26374
26376 26375 26377
26377 26378 26376
26378 26377 26379
26379 26380 26378
26380 26379 26381
26381 26382 26380
26382 26381 26383
26383 26384 26382
26384 26383 26385
26385 26386 26384
26386 26385 26387
26387 26388 26386
26388 26387 26389
26389 26390 26388
26390 26389 26391
26392 26390 26391
26393 26394 26395
26394 26393 26396
26396 26397 26394
26397 26396 26398
26399 26400 26401
26400 26399 26402
26403 26404 26405
26404 26403 26406
26407 26408 26409
26408 26407 26410
26411 26407 26409
26407 26411 26412
26413 26412 26411
26412 26413 26414
26415 26414 26413
26414 26415 26416
26417 26416 26415
26416 26417 26418
26419 26418 26417
26418 26419 26420
26421 26420 26419
26420 26421 26422
26423 26422 26421
26422 26423 26424
26425 26424 26423
26424 26425 26426
26427 26426 26425
26426 26427 26428
26429 26428 26427
26428 26429 26430
26431 26430 26429
26430 26431 26432
26431 26433 26432
26433 26431 26434
26435 26436 26437
26435 26437 26438
26439 26435 26438
26436 26440 26437
26440 26441 26437
26436 26442 26440
26442 26443 26440
26442 26444 26443
26444 26442 26445
26446 26439 26438
26439 26447 26435
26439 26448 26447
26448 26449 26447
26447 26449 26450
26451 26447 26450
26447 26451 26435
26449 26452 26450
26452 26453 26450
26452 26454 26453
26449 26455 26452
26448 26455 26449
26448 26456 26455
26448 26457 26456
26456 26458 26455
26456 26459 26458
26459 26460 26458
26459 26461 26460
26461 26462 26460
26461 26463 26462
26462 26463 26464
26463 26465 26464
26466 26462 26464
26467 26466 26464
26467 26453 26454
26467 26454 26468
26467 26468 26466
26453 26467 26469
26469 26470 26453
26470 26469 26471
26471 26472 26470
26472 26471 26473
26474 26470 26472
26470 26474 26475
26475 26453 26470
26476 26475 26474
26475 26476 26477
26478 26477 26476
26477 26478 26479
26479 26451 26477
26451 26479 26480
26453 26475 26450
26477 26450 26475
26450 26477 26451
26480 26435 26451
26435 26480 26436
26474 26481 26476
26481 26474 26482
26472 26482 26474
26482 26472 26483
26473 26483 26472
26483 26473 26484
26476 26485 26478
26485 26476 26481
26482 26486 26481
26486 26482 26487
26483 26487 26482
26484 26488 26483
26487 26483 26488
26488 26484 26489
26481 26490 26485
26490 26481 26486
26487 26491 26486
26491 26487 26492
26488 26492 26487
26492 26493 26491
26494 26491 26493
26491 26494 26495
26486 26495 26490
26495 26486 26491
26493 26492 26496
26497 26496 26492
26492 26488 26497
26489 26497 26488
26496 26497 26498
26499 26498 26497
26497 26489 26499
26498 26499 26500
26498 26501 26496
26501 26498 26502
26500 26502 26498
26502 26503 26501
26503 26502 26504
26505 26501 26503
26501 26505 26506
26496 26506 26493
26506 26496 26501
26507 26504 26502
26502 26500 26507
26504 26507 26508
26508 26509 26504
26509 26508 26510
26510 26511 26509
26511 26510 26512
26511 26512 26513
26513 26514 26511
26512 26515 26513
26515 26516 26513
26516 26515 26517
26518 26513 26516
26519 26518 26516
26517 26519 26516
26518 26519 26520
26521 26520 26519
26520 26521 26522
26521 26523 26522
26523 26521 26524
26524 26525 26523
26525 26524 26526
26527 26526 26524
26521 26527 26524
26526 26527 26528
26527 26521 26529
26521 26530 26529
26530 26521 26519
26519 26517 26530
26531 26520 26522
26520 26531 26532
26533 26532 26531
26531 26534 26533
26535 26533 26534
26533 26535 26536
26537 26536 26535
26536 26537 26538
26534 26531 26539
26535 26540 26537
26540 26535 26541
26534 26541 26535
26539 26542 26534
26541 26534 26542
26542 26539 26543
26544 26536 26538
26536 26544 26545
26532 26533 26546
26536 26546 26533
26546 26536 26545
26522 26539 26531
26539 26522 26523
26523 26543 26539
26543 26523 26525
26547 26545 26544
26545 26547 26548
26547 26549 26548
26546 26545 26550
26545 26551 26550
26545 26548 26551
26547 26552 26549
26547 26553 26552
26553 26554 26552
26554 26553 26555
26553 26556 26555
26553 26557 26556
26546 26550 26558
26553 26559 26557
26553 26560 26559
26560 26553 26561
26562 26558 26563
26562 26546 26558
26564 26546 26562
26546 26564 26532
26520 26532 26564
26520 26564 26518
26564 26513 26518
26513 26564 26514
26562 26514 26564
26514 26562 26565
26565 26562 26563
26565 26511 26514
26511 26565 26566
26566 26509 26511
26509 26566 26567
26568 26566 26565
26568 26565 26563
26566 26568 26569
26569 26567 26566
26567 26569 26570
26571 26570 26569
26570 26571 26572
26572 26505 26570
26505 26572 26573
26561 26571 26569
26568 26574 26569
26569 26574 26575
26569 26575 26561
26574 26568 26576
26576 26568 26577
26568 26563 26577
26563 26578 26577
26573 26506 26505
26506 26573 26579
26503 26570 26505
26570 26503 26567
26504 26567 26503
26567 26504 26509
26579 26493 26506
26493 26579 26494
26580 26581 26582
26581 26580 26583
26584 26581 26583
26581 26584 26585
26586 26583 26580
26583 26586 26587
26588 26587 26586
26587 26588 26589
26590 26587 26589
26587 26590 26591
26583 26591 26584
26591 26583 26587
26592 26589 26588
26589 26592 26593
26589 26594 26590
26594 26589 26593
26595 26596 26597
26598 26599 26600
26599 26598 26601
26600 26602 26598
26602 26600 26603
26603 26604 26602
26604 26603 26605
26605 26606 26604
26606 26605 26607
26601 26608 26599
26608 26609 26599
26608 26601 26610
26609 26608 26611
26609 26611 26612
26612 26611 26613
26612 26613 26614
26614 26613 26615
26613 26616 26615
26607 26617 26606
26617 26607 26618
26618 26619 26617
26619 26618 26620
26620 26621 26619
26621 26620 26622
26622 26623 26621
26623 26622 26624
26624 26625 26623
26625 26624 26626
26626 26627 26625
26627 26626 26628
26628 26629 26627
26629 26628 26630
26630 26631 26629
26631 26630 26632
26632 26633 26631
26633 26632 26634
26634 26635 26633
26635 26634 26636
26637 26635 26636
26635 26637 26638
26639 26640 26641
26640 26642 26641
26640 26643 26642
26644 26645 26646
26645 26644 26647
26647 26648 26645
26648 26647 26649
26646 26650 26644
26650 26646 26651
26652 26650 26651
26650 26652 26653
26648 26649 26654
26655 26654 26649
26656 26654 26655
26644 26657 26647
26650 26658 26644
26658 26657 26644
26650 26659 26658
26659 26650 26653
26658 26659 26660
26656 26661 26654
26661 26662 26654
26662 26648 26654
26663 26662 26661
26649 26664 26655
26665 26664 26649
26665 26649 26647
26665 26647 26666
26657 26666 26647
26667 26665 26666
26668 26667 26666
26657 26668 26666
26669 26668 26657
26669 26657 26658
26658 26660 26669
26670 26671 26672
26671 26670 26673
26674 26671 26673
26671 26674 26675
26676 26672 26671
26675 26676 26671
26672 26676 26677
26676 26675 26678
26677 26676 26679
26678 26679 26676
26679 26680 26677
26680 26679 26681
26681 26679 26682
26683 26684 26685
26684 26683 26686
26687 26684 26686
26688 26689 26690
26689 26688 26691
26692 26693 26694
26693 26692 26695
26696 26697 26698
26697 26696 26699
26698 26700 26696
26700 26698 26701
26701 26702 26700
26702 26701 26703
26704 26705 26706
26705 26704 26707
26708 26709 26710
26709 26708 26711
26712 26713 26714
26713 26712 26715
26716 26717 26718
26717 26716 26719
26720 26721 26722
26721 26720 26723
26724 26723 26720
26723 26724 26725
26722 26721 26726
26727 26722 26726
26728 26727 26726
26729 26727 26728
26730 26725 26724
26725 26730 26731
26732 26731 26730
26731 26732 26733
26734 26733 26732
26733 26734 26735
26736 26735 26734
26735 26736 26737
26738 26737 26736
26737 26738 26739
26740 26739 26738
26739 26740 26741
26742 26741 26740
26741 26742 26743
26744 26743 26742
26743 26744 26745
26746 26745 26744
26745 26746 26747
26746 26748 26747
26748 26746 26749
26749 26750 26748
26750 26749 26751
26752 26753 26754
26753 26752 26755
26756 26757 26758
26756 26759 26757
26759 26756 26760
26756 26761 26760
26760 26762 26759
26762 26760 26763
26763 26760 26761
26756 26758 26764
26757 26765 26758
26757 26766 26765
26763 26767 26762
26767 26763 26768
26769 26768 26763
26763 26761 26769
26768 26769 26770
26771 26770 26769
26770 26771 26772
26773 26772 26771
26772 26773 26774
26771 26775 26773
26775 26771 26776
26775 26776 26777
26776 26778 26777
26778 26776 26779
26771 26779 26776
26780 26775 26777
26781 26780 26777
26781 26777 26782
26783 26781 26782
26781 26783 26784
26785 26784 26783
26783 26786 26785
26787 26780 26785
26780 26787 26775
26786 26783 26788
26789 26786 26788
26788 26790 26789
26790 26788 26791
26785 26786 26792
26787 26785 26792
26785 26793 26784
26794 26790 26791
26794 26791 26795
26791 26796 26795
26791 26797 26796
26798 26796 26797
26798 26797 26771
26798 26799 26796
26779 26771 26797
26800 26794 26795
26801 26800 26795
26801 26802 26800
26801 26803 26802
26769 26798 26771
26761 26798 26769
26798 26761 26804
26761 26805 26804
26806 26807 26808
26807 26806 26809
26810 26808 26807
26808 26810 26811
26812 26808 26811
26808 26812 26813
26813 26806 26808
26814 26813 26812
26812 26815 26814
26815 26812 26816
26811 26816 26812
26813 26814 26817
26818 26817 26814
26817 26818 26819
26819 26820 26817
26820 26819 26821
26816 26822 26815
26823 26815 26822
26822 26824 26823
26824 26822 26825
26825 26826 26824
26826 26825 26827
26828 26827 26825
26827 26828 26829
26830 26829 26828
26829 26830 26831
26832 26825 26822
26825 26832 26828
26833 26831 26830
26831 26833 26834
26835 26833 26830
26828 26835 26830
26835 26828 26832
26833 26835 26836
26822 26816 26832
26832 26837 26835
26837 26832 26816
26837 26836 26835
26836 26837 26838
26816 26811 26837
26811 26838 26837
26838 26811 26810
26839 26279 26840
26279 26839 26280
26839 26282 26280
26282 26839 26841
26840 26279 26284
26284 26842 26840
26842 26284 26843
26844 26282 26841
26282 26844 26288
26845 26288 26844
26844 26846 26845
26847 26845 26846
26845 26847 26848
26848 26293 26845
26288 26845 26293
26293 26848 26294
26849 26294 26848
26294 26849 26296
26848 26850 26849
26850 26848 26847
26847 26851 26850
26851 26847 26852
26853 26851 26852
26851 26853 26854
26846 26844 26855
26855 26856 26846
26847 26856 26852
26856 26847 26846
26856 26855 26857
26852 26858 26853
26858 26852 26856
26857 26858 26856
26858 26857 26859
26855 26841 26860
26841 26855 26844
26839 26860 26841
26860 26839 26861
26840 26861 26839
26861 26840 26862
26842 26862 26840
26862 26842 26863
26864 26862 26863
26862 26864 26865
26866 26865 26864
26865 26866 26867
26863 26868 26864
26868 26863 26869
26863 26870 26869
26870 26863 26842
26869 26820 26868
26820 26869 26871
26870 26871 26869
26842 26872 26870
26872 26842 26843
26864 26873 26866
26873 26864 26868
26809 26870 26872
26870 26809 26806
26871 26870 26806
26806 26813 26871
26868 26821 26873
26821 26868 26820
26871 26817 26820
26817 26871 26813
26874 26875 26876
26876 26877 26874
26878 26877 26876
26878 26879 26877
26880 26877 26879
26874 26877 26880
26881 26874 26880
26879 26882 26880
26883 26882 26879
26879 26878 26884
26885 26882 26883
26885 26883 26886
26887 26885 26886
26887 26886 26888
26887 26888 26889
26890 26889 26888
26891 26889 26890
26889 26891 26892
26893 26889 26892
26893 26887 26889
26893 26892 26894
26894 26892 26895
26896 26894 26895
26894 26896 26897
26894 26897 26898
26894 26898 26899
26894 26899 26900
26901 26894 26900
26887 26893 26902
26874 26903 26901
26874 26901 26904
26874 26904 26875
26905 26906 26907
26906 26905 26908
26908 26909 26906
26909 26908 26910
26911 26905 26907
26905 26911 26912
26913 26912 26911
26912 26913 26914
26915 26916 26917
26918 26917 26916
26917 26918 26919
26920 26919 26918
26919 26920 26921
26922 26921 26920
26921 26922 26923
26924 26923 26922
26923 26924 26925
26926 26925 26924
26925 26926 26927
26928 26927 26926
26927 26928 26929
26930 26929 26928
26929 26930 26931
26932 26931 26930
26931 26932 26933
26934 26935 26936
26935 26934 26937
26938 26936 26935
26936 26938 26939
26940 26941 26942
26941 26940 26943
26944 26945 26946
26945 26944 26947
26944 26948 26947
26948 26944 26949
26949 26950 26948
26950 26949 26951
26951 26952 26950
26952 26951 26953
26954 26955 26956
26955 26954 26957
26957 26958 26955
26958 26957 26959
26959 26960 26958
26960 26959 26961
26961 26962 26960
26962 26961 26963
26963 26964 26962
26964 26963 26965
26965 26966 26964
26966 26965 26967
26967 26968 26966
26968 26967 26969
26969 26970 26968
26970 26969 26971
26971 26972 26970
26972 26971 26973
26298 26974 26299
26974 26298 26975
26976 26299 26974
26299 26976 26301
26977 26301 26976
26301 26977 26302
26978 26302 26977
26302 26978 26303
26316 26303 26978
26303 26316 26305
26979 26980 26981
26980 26979 26982
26983 26980 26982
26983 26982 26984
26985 26986 26987
26986 26985 26988
26985 26989 26988
26989 26985 26990
26991 26987 26986
26987 26991 26992
26993 26992 26991
26992 26993 26994
26995 26996 26997
26996 26995 26998
26999 26996 26998
26996 26999 27000
26999 27001 27000
27001 26999 27002
27002 27003 27001
27003 27002 27004
27005 27003 27004
27003 27005 27006
27007 27006 27005
27006 27007 27008
27009 27010 27011
27012 27009 27011
27011 27013 27012
27014 27013 27011
27013 27014 27015
27015 27014 27016
27017 27015 27016
27017 27016 27018
27015 27017 27019
27019 27017 27020
27019 27020 27021
27021 27022 27019
27021 27023 27022
27023 27024 27022
27024 27025 27022
27024 27026 27025
27024 27027 27026
27028 27029 27030
27029 27031 27030
27031 27032 27030
27033 27032 27031
27033 27034 27032
27034 27033 27035
27035 27036 27034
27033 27037 27035
27037 27038 27035
27037 27039 27038
27037 27040 27039
27041 27039 27040
27040 27042 27041
27042 27040 27043
27029 27044 27031
27042 27043 27045
27046 27042 27045
27047 27048 27049
27050 27051 27052
27051 27050 27053
27054 27055 27056
27055 27054 27057
27058 27059 27060
27059 27058 27061
27062 27063 27064
27063 27062 27065
27064 27066 27062
27066 27064 27067
27067 27068 27066
27068 27067 27069
27070 27068 27069
27068 27070 27071
27072 27073 27074
27073 27072 27075
27076 27077 27078
27077 27076 27079
27080 27081 27082
27081 27080 27083
27084 27085 27086
27087 27088 27089
27088 27087 27090
27089 27091 27087
27091 27089 27092
27093 27091 27092
27091 27093 27094
27095 27094 27093
27094 27095 27096
27097 27096 27095
27096 27097 27098
27099 27098 27097
27098 27099 27100
27101 27102 27103
27104 27105 27106
27107 27108 27109
27108 27107 27110
27111 27109 27108
27109 27111 27112
27107 27113 27110
27113 27107 27114
27108 27115 27111
27115 27108 27116
27117 27108 27110
27108 27117 27116
27110 27118 27117
27118 27110 27113
27119 27112 27111
27111 27120 27119
27120 27111 27115
27121 27119 27120
27122 27120 27115
27122 27121 27120
27121 27122 27123
27121 27124 27119
27125 27124 27121
27125 27121 27123
27125 27126 27124
27126 27125 27127
27125 27128 27127
27123 27128 27125
27129 27126 27127
27126 27129 27130
27128 27131 27127
27131 27128 27132
27133 27134 27135
27134 27133 27136
27136 27137 27134
27137 27136 27138
27134 27139 27135
27139 27134 27140
27141 27134 27137
27134 27141 27140
27142 27143 27144
27145 27146 27147
27146 27145 27148
27149 27150 27151
27152 27153 27154
27153 27152 27155
27156 27157 27158
27157 27156 27159
27160 27157 27159
27160 27159 27161
27162 27158 27157
27163 27162 27157
27164 27162 27163
27158 27162 27165
27164 27165 27162
27158 27166 27156
27167 27156 27166
27156 27167 27168
27159 27168 27161
27168 27159 27156
27166 27158 27169
27165 27169 27158
27165 27164 27170
27166 27171 27167
27171 27166 27172
27169 27172 27166
27170 27173 27165
27169 27165 27173
27173 27174 27169
27172 27169 27174
27174 27175 27172
27175 27174 27176
27176 27177 27175
27177 27176 27178
27179 27176 27174
27174 27173 27179
27176 27179 27180
27180 27178 27176
27181 27180 27179
27180 27181 27182
27183 27175 27177
27175 27183 27184
27184 27172 27175
27172 27184 27171
27185 27179 27173
27179 27185 27181
27173 27170 27185
27177 27186 27183
27186 27177 27187
27178 27187 27177
27187 27188 27186
27188 27187 27189
27190 27189 27187
27187 27178 27190
27189 27190 27191
27191 27192 27189
27192 27191 27193
27193 27194 27192
27194 27193 27195
27189 27196 27188
27196 27189 27192
27192 27197 27196
27197 27192 27194
27194 27198 27197
27198 27194 27199
27195 27199 27194
27199 27200 27198
27200 27199 27201
27202 27201 27199
27199 27195 27202
27201 27202 27203
27202 27204 27203
27204 27202 27205
27205 27206 27204
27206 27205 27207
27205 27208 27207
27208 27205 27209
27202 27209 27205
27209 27202 27195
27209 27210 27208
27210 27209 27211
27211 27212 27210
27212 27211 27213
27213 27214 27212
27214 27213 27215
27193 27213 27211
27213 27193 27191
27191 27215 27213
27211 27195 27193
27195 27211 27209
27215 27216 27214
27216 27215 27217
27215 27191 27190
27190 27217 27215
27217 27190 27178
27178 27180 27217
27182 27217 27180
27217 27182 27216
25230 25198 25197
27218 27219 25958
25958 25960 27218
27220 27221 27222
27221 27220 27223
27224 27225 27226
27225 27227 27226
27228 27229 27230
27229 27228 27231
26207 26223 26209
26223 26207 26206
26218 26234 26219
26815 26823 27232
27232 26814 26815
26814 27232 26818
