byte offset: 0
first index: 0
index count: 10014
topology: trianglelist
format: DXGI_FORMAT_R16_UINT

0 1 2
3 0 2
4 0 3
4 5 0
6 0 5
0 6 7
7 1 0
8 4 3
4 8 9
10 4 9
9 8 11
5 4 12
12 6 5
6 12 13
13 12 14
4 10 15
12 4 15
15 16 12
14 12 16
17 14 16
17 18 14
17 16 19
19 16 20
15 20 16
19 20 21
22 18 17
23 22 17
17 19 23
19 24 23
24 19 25
19 26 25
19 21 26
25 27 24
26 27 25
26 28 27
27 29 24
24 29 30
30 29 31
24 30 32
32 23 24
22 23 33
23 32 33
33 34 22
34 33 35
35 36 34
37 34 36
34 37 38
36 35 39
38 22 34
22 38 40
18 22 40
36 39 41
36 42 37
39 43 41
44 41 43
45 41 44
41 45 36
36 45 42
43 46 44
44 46 47
44 47 48
43 49 46
50 49 43
46 49 51
46 51 47
52 47 51
52 53 47
53 48 47
53 52 54
49 50 55
43 56 50
57 52 51
57 51 58
49 58 51
55 58 49
59 52 57
52 59 54
54 59 60
60 61 54
61 60 62
63 62 60
60 64 63
64 60 65
60 59 65
65 66 64
66 65 67
67 68 66
68 67 69
62 63 70
71 66 68
66 71 72
66 73 64
73 66 72
63 74 70
74 63 75
75 64 73
64 75 63
69 76 68
76 69 77
78 76 77
76 78 79
78 80 79
80 78 81
82 80 81
81 83 82
83 81 84
84 85 83
85 84 86
86 87 85
87 86 88
81 89 84
81 78 89
80 82 90
91 80 90
80 91 92
92 79 80
79 92 93
93 76 79
76 93 94
95 87 88
87 95 96
97 96 95
96 97 98
98 97 99
99 97 100
100 101 99
102 97 95
102 95 88
102 88 103
103 104 102
104 103 105
105 103 106
86 106 103
84 106 86
94 68 76
105 106 107
106 89 107
84 89 106
105 107 108
107 109 108
110 109 107
107 111 110
107 89 111
77 110 111
109 110 112
112 110 113
69 113 110
77 69 110
78 77 111
78 111 89
69 67 113
67 114 113
115 113 114
113 115 112
55 112 115
55 116 112
109 112 116
117 109 116
117 108 109
116 118 117
115 58 55
115 57 58
57 115 114
59 57 114
114 65 59
114 67 65
118 116 119
55 119 116
119 55 50
119 50 120
119 120 118
118 120 30
30 120 121
121 120 50
121 50 56
56 39 121
43 39 56
39 35 121
33 121 35
121 33 32
30 121 32
118 30 31
122 123 124
122 125 123
126 123 125
123 126 127
125 122 128
129 128 122
128 129 130
131 130 129
130 131 132
133 132 131
132 133 134
134 133 135
126 136 127
136 126 137
137 138 136
138 137 139
139 140 138
140 139 141
126 142 137
142 139 137
130 143 128
143 130 144
132 144 130
144 71 143
71 144 72
145 72 144
134 145 132
144 132 145
72 145 73
146 73 145
145 134 146
73 146 75
147 75 146
75 147 74
94 143 71
68 94 71
143 94 148
94 149 148
149 94 93
93 142 149
92 142 93
92 150 142
91 150 92
150 91 151
150 151 139
139 142 150
142 126 149
126 148 149
134 147 146
147 134 152
148 126 125
128 148 125
148 128 143
134 135 152
135 153 152
135 154 153
154 155 153
155 154 156
156 157 155
157 156 158
158 159 157
159 158 160
160 161 159
161 160 162
160 163 162
162 164 161
164 162 165
166 164 165
164 166 167
168 167 166
167 168 169
170 169 168
169 170 171
172 164 167
169 172 167
164 172 173
160 174 163
175 163 174
163 175 176
176 177 163
163 177 162
165 162 177
177 176 178
178 179 177
179 165 177
166 165 179
179 178 180
178 181 180
181 178 182
182 183 181
183 182 184
182 185 184
185 182 186
178 186 182
186 178 176
184 187 183
187 184 188
188 189 187
189 188 190
191 189 190
189 191 192
193 183 187
183 193 194
194 181 183
186 195 185
196 185 195
195 197 196
197 195 198
199 196 197
196 199 200
201 200 199
200 201 202
200 203 196
203 190 188
185 196 203
203 200 204
202 204 200
190 203 204
204 202 205
203 184 185
184 203 188
206 198 195
195 186 206
176 206 186
206 176 175
175 207 206
198 206 207
207 175 208
174 208 175
208 174 209
158 209 174
160 158 174
208 210 207
210 208 211
209 211 208
211 209 212
209 156 212
158 156 209
213 207 210
207 213 198
214 198 213
198 214 197
215 197 214
197 215 199
216 199 215
199 216 201
217 201 216
201 217 218
219 218 217
218 219 220
220 221 218
221 220 222
222 223 221
223 222 224
224 191 223
191 224 225
218 202 201
202 218 221
223 191 205
205 221 223
221 205 202
191 190 205
225 192 191
192 225 226
226 227 192
227 226 228
229 228 226
228 229 230
231 230 229
230 231 232
232 233 230
233 232 234
235 192 227
192 235 189
235 187 189
187 235 193
235 236 193
236 194 193
194 236 237
236 235 238
227 238 235
238 239 236
239 237 236
239 238 240
240 241 239
241 242 239
237 239 242
242 243 237
243 242 244
244 245 243
245 244 246
242 241 247
248 243 245
245 249 248
249 245 250
246 250 245
179 248 249
248 179 180
180 251 248
243 248 251
251 180 181
181 194 251
166 179 249
250 166 249
244 252 246
252 253 246
250 246 253
253 252 254
254 170 253
168 253 170
168 250 253
166 250 168
237 251 194
251 237 243
252 244 255
242 255 244
255 242 247
256 257 140
258 257 256
257 258 259
138 140 257
258 260 259
260 261 259
261 260 262
263 262 260
262 263 264
262 265 261
266 261 265
261 266 267
267 259 261
259 267 257
138 257 267
265 268 266
268 265 269
270 268 269
271 270 269
270 271 272
268 270 273
274 273 270
273 274 124
275 124 274
124 275 276
277 272 271
272 277 278
279 272 278
272 279 280
270 280 274
280 270 272
268 273 127
281 278 277
278 281 282
283 282 281
282 283 284
283 285 284
285 283 286
277 287 281
287 277 288
289 280 279
279 290 289
291 289 290
289 291 292
290 293 291
293 290 294
294 295 293
295 294 296
297 294 290
284 297 282
290 279 297
294 297 298
298 296 294
297 284 298
296 298 299
278 297 279
297 278 282
292 300 289
280 289 300
300 274 280
274 300 275
301 275 300
300 292 301
275 301 302
302 276 275
276 302 303
129 276 303
122 276 129
122 124 276
304 302 301
302 304 305
305 303 302
303 305 306
303 306 131
129 303 131
301 307 304
307 301 292
292 308 307
308 292 291
291 309 308
309 291 293
293 310 309
310 293 295
295 311 310
311 295 312
312 313 311
313 312 314
315 314 312
314 315 316
317 316 315
316 317 318
285 318 317
318 285 319
312 296 315
296 312 295
299 315 296
315 299 317
299 285 317
286 319 285
319 286 320
321 320 286
320 321 322
322 323 320
323 322 324
324 325 323
325 324 326
327 326 324
326 327 328
286 329 321
329 286 283
281 329 283
329 281 287
330 329 287
288 330 287
330 288 264
329 330 331
331 321 329
332 331 330
264 332 330
331 332 333
334 333 332
263 334 332
332 264 263
334 263 335
263 336 335
336 263 260
260 258 336
333 334 337
333 338 331
338 333 339
321 331 338
340 333 337
333 340 339
340 341 339
341 340 342
342 343 341
343 342 344
344 345 343
345 344 346
327 341 343
341 327 347
339 347 338
347 339 341
346 348 345
348 346 349
343 328 327
328 343 345
348 328 345
322 338 347
338 322 321
324 347 327
347 324 322
328 348 350
351 328 350
328 351 326
352 326 351
326 352 325
353 325 352
352 354 353
355 353 354
353 355 356
357 356 355
356 357 358
359 358 357
358 359 360
354 352 361
351 361 352
360 362 358
362 360 363
325 353 364
356 364 353
358 365 356
365 358 362
364 356 365
365 366 364
366 365 367
362 367 365
367 362 368
363 368 362
369 360 359
360 369 370
370 363 360
367 319 366
319 367 318
368 318 367
318 368 316
320 366 319
366 320 323
323 364 366
371 316 368
368 363 371
372 371 363
363 370 372
371 372 373
316 371 314
373 314 371
314 373 313
374 372 370
372 374 375
375 373 372
374 376 375
376 377 375
377 313 373
373 375 377
377 376 378
378 379 377
313 377 379
379 378 380
380 381 379
381 380 382
382 383 381
383 382 384
384 385 383
385 384 386
386 387 385
308 385 387
385 308 309
309 383 385
387 386 388
389 387 388
387 389 390
386 391 388
391 386 392
384 392 386
389 393 390
393 389 394
395 393 394
393 395 396
395 397 396
397 395 398
305 393 396
393 305 304
304 390 393
398 133 397
398 135 133
135 398 399
395 399 398
394 400 395
399 395 400
400 394 401
389 401 394
401 389 402
388 402 389
402 388 391
396 306 305
306 396 397
306 397 131
131 397 133
135 399 403
403 154 135
403 404 154
405 404 403
399 405 403
405 399 400
404 405 406
405 407 406
407 211 406
211 407 210
407 405 408
409 407 408
407 409 410
410 210 407
409 411 410
411 409 412
391 413 412
413 411 412
411 413 414
415 414 413
414 415 416
417 416 415
416 417 418
419 418 417
418 419 420
414 214 411
214 414 215
416 215 414
421 420 419
420 421 422
423 422 421
422 423 424
423 425 424
425 426 424
426 425 427
427 428 426
429 426 428
426 429 430
430 424 426
424 430 422
220 430 429
429 222 220
222 429 431
428 431 429
431 224 222
224 431 432
433 432 431
431 428 433
434 433 428
428 427 434
433 434 435
436 435 434
435 436 437
437 438 435
438 437 439
439 440 438
440 439 441
441 442 440
442 441 443
231 440 442
440 231 444
444 438 440
432 433 445
435 445 433
445 435 438
438 444 445
445 446 432
446 445 444
434 447 436
447 434 427
443 448 442
448 443 449
229 444 231
444 229 446
226 446 229
446 226 225
225 432 446
432 225 224
442 232 231
232 442 448
448 234 232
234 448 450
449 450 448
450 449 451
451 452 450
452 234 450
452 451 453
453 454 452
454 453 455
456 452 454
452 456 457
234 452 457
458 457 456
457 458 459
459 234 457
460 459 458
459 460 461
462 461 460
461 462 463
461 233 459
234 459 233
233 461 464
463 464 461
465 463 462
463 465 240
241 240 465
238 463 240
463 238 466
464 463 466
238 227 466
466 228 464
228 466 227
464 230 233
230 464 228
467 468 469
468 467 470
469 471 467
471 469 472
467 473 470
469 474 472
474 469 475
470 476 468
476 470 477
478 477 470
473 478 470
478 479 477
477 479 480
480 476 477
481 479 478
479 481 482
479 483 480
483 479 482
483 482 484
485 483 484
483 486 480
486 483 487
483 488 487
485 488 483
489 488 485
488 490 487
491 490 488
491 488 489
491 489 492
493 491 492
491 493 494
491 494 490
493 495 494
486 496 480
496 486 497
476 480 496
495 493 498
495 498 499
486 500 497
500 486 487
487 501 500
501 487 490
490 502 501
502 490 494
494 503 502
503 494 495
504 495 499
495 504 503
505 476 496
476 505 506
507 506 505
505 508 507
506 507 509
510 509 507
509 510 511
512 510 507
508 512 507
510 512 513
509 514 506
514 509 515
511 515 509
515 475 514
475 515 516
517 512 508
512 517 518
518 513 512
517 519 518
519 517 520
517 521 520
521 517 522
523 517 508
517 523 522
505 523 508
524 520 521
520 524 525
525 519 520
524 526 525
526 524 527
527 528 526
528 529 526
529 528 530
528 527 531
532 526 529
526 532 525
519 525 532
530 533 529
533 530 534
534 535 533
536 533 535
533 536 537
537 529 533
529 537 532
535 534 538
539 537 536
537 539 540
540 532 537
541 540 539
540 541 542
543 542 541
542 543 513
513 518 542
543 510 513
510 543 544
544 511 510
511 544 545
545 546 511
546 545 547
547 548 546
548 547 549
549 550 548
550 549 551
552 548 550
548 552 516
516 546 548
552 553 516
553 475 516
553 474 475
546 516 515
515 511 546
469 514 475
514 469 468
468 506 514
506 468 476
100 554 555
101 100 555
100 556 554
556 557 554
557 556 558
556 100 559
558 556 559
558 559 560
102 560 559
102 104 560
100 97 559
102 559 97
101 555 561
561 562 101
563 101 562
101 563 99
562 561 564
565 563 562
563 565 566
565 567 566
567 565 568
568 569 567
570 567 569
569 571 570
571 569 572
572 569 573
569 568 573
572 573 574
567 570 575
575 566 567
576 568 565
576 573 568
566 575 577
577 563 566
573 576 578
578 574 573
579 578 576
578 579 580
574 578 581
581 578 580
580 582 581
565 583 576
562 583 565
583 562 564
563 577 584
585 563 584
563 585 99
585 98 99
473 586 587
586 473 467
586 467 471
588 586 471
586 588 589
590 586 589
586 590 587
590 591 587
590 589 592
593 590 592
590 593 591
594 587 591
594 595 587
595 473 587
595 478 473
481 478 595
596 481 595
596 595 594
481 596 597
481 597 482
482 597 598
482 598 484
485 484 598
599 485 598
489 485 599
600 489 599
489 600 492
600 601 492
492 601 602
601 603 602
604 602 603
493 492 602
605 493 602
604 605 602
605 498 493
606 607 45
606 608 607
606 48 608
48 609 608
606 44 48
44 606 45
48 53 609
610 609 53
54 610 53
54 61 610
607 42 45
611 608 609
612 608 611
612 607 608
612 613 607
607 613 42
610 614 609
611 609 614
612 611 615
615 613 612
613 615 616
615 617 616
615 611 618
614 618 611
619 618 614
619 620 618
615 618 621
621 618 620
617 615 621
621 620 622
617 621 622
623 617 622
614 624 619
61 625 624
624 625 626
619 624 626
626 627 619
627 620 619
627 628 620
622 620 628
622 629 623
629 622 628
617 623 630
631 629 628
631 628 627
626 632 627
627 632 631
632 626 633
626 625 633
625 634 633
634 625 635
636 633 634
633 636 637
632 633 637
638 637 636
637 638 639
62 635 625
635 62 70
636 640 638
640 636 641
636 642 641
642 636 634
74 635 70
635 74 643
643 634 635
634 643 642
644 639 638
639 644 645
644 646 645
646 644 647
648 646 647
646 648 649
648 650 649
651 649 650
649 651 652
653 652 651
652 653 654
655 654 653
654 655 656
649 652 657
649 657 646
650 648 658
648 659 658
659 648 660
647 660 648
660 647 661
644 661 647
661 644 662
655 663 656
663 655 664
664 665 663
665 664 666
666 667 665
667 668 665
668 667 669
670 663 665
670 656 663
670 671 656
671 670 672
672 673 671
673 674 671
654 671 674
656 671 654
652 654 674
673 675 674
674 675 657
652 674 657
673 676 675
675 676 677
678 675 677
675 678 679
675 679 657
645 679 678
677 680 678
680 681 678
639 678 681
645 678 639
646 679 645
646 657 679
639 681 637
637 681 632
631 632 681
681 680 631
629 631 680
629 680 682
677 682 680
683 682 677
683 677 676
682 683 684
684 685 682
629 682 685
685 623 629
685 686 623
685 684 686
684 687 686
687 688 686
688 623 686
688 630 623
630 688 689
689 617 630
617 689 616
690 616 689
691 690 689
689 688 691
690 691 692
693 692 691
688 693 691
692 693 694
692 37 690
37 692 38
694 38 692
38 694 40
695 694 693
694 695 696
694 18 40
18 694 696
696 14 18
696 695 697
698 697 695
697 698 699
699 698 700
701 699 700
699 701 697
701 702 697
700 698 703
697 702 704
698 687 703
687 705 703
698 706 687
695 706 698
697 704 707
696 697 707
696 707 14
706 695 693
693 688 706
687 706 688
708 707 704
708 709 707
684 705 687
709 708 710
711 709 710
710 712 711
712 6 711
6 709 711
6 712 7
710 713 712
710 714 713
714 710 715
716 715 710
710 708 716
715 717 714
709 6 13
13 14 709
718 714 717
714 718 719
719 713 714
713 719 720
721 713 720
713 721 712
712 721 722
722 7 712
7 722 723
1 7 723
709 14 707
724 725 726
727 725 724
728 725 727
729 725 728
730 725 729
731 725 730
726 725 732
732 725 733
733 725 734
734 725 731
735 736 737
736 735 738
738 735 739
740 8 741
8 740 11
741 8 3
3 742 741
2 742 3
743 744 745
744 743 746
745 747 743
747 745 748
747 748 749
747 749 750
750 751 747
751 750 752
751 752 753
754 755 756
757 754 756
754 757 758
759 754 758
754 759 760
760 755 754
761 757 756
762 761 756
755 762 756
757 761 763
761 764 763
764 761 765
765 766 764
766 765 767
766 767 762
767 761 762
761 767 765
755 760 768
759 768 760
768 759 769
88 86 103
770 771 772
770 773 771
770 774 773
770 775 774
770 776 775
770 777 776
770 778 777
770 779 778
770 780 779
770 781 780
770 782 781
770 772 782
783 784 785
784 783 786
786 787 784
787 786 788
788 789 787
789 788 790
790 791 789
791 790 792
792 793 791
793 792 794
795 793 794
793 795 796
797 796 795
796 797 798
799 798 797
798 799 800
801 800 799
800 801 802
803 802 801
802 803 804
805 804 803
804 805 806
783 806 805
806 783 785
523 496 497
496 523 505
500 523 497
523 500 522
501 522 500
522 501 521
502 521 501
521 502 524
503 524 502
524 503 527
504 527 503
527 504 531
519 542 518
542 519 540
532 540 519
124 123 273
127 273 123
136 268 127
136 266 268
136 267 266
267 136 138
807 808 809
808 807 810
809 811 807
811 809 812
810 813 808
813 810 814
814 815 813
815 814 816
816 817 815
817 816 818
818 819 817
819 818 820
820 821 819
821 820 822
823 821 822
821 823 824
825 824 823
824 825 826
827 826 825
826 827 828
829 830 831
830 829 832
833 831 830
831 833 834
835 834 833
834 835 836
837 836 835
836 837 838
839 838 837
838 839 840
841 840 839
840 841 842
841 843 842
843 841 844
844 845 843
845 844 846
846 847 845
847 846 848
848 849 847
849 848 850
850 851 849
851 850 852
852 853 851
853 852 854
855 853 854
853 855 856
857 856 855
856 857 858
859 858 857
858 859 860
861 860 859
860 861 862
863 862 861
862 863 864
865 864 863
864 865 866
865 867 866
867 865 868
868 869 867
869 868 870
870 871 869
871 870 872
872 873 871
873 872 874
874 875 873
875 874 876
876 877 875
877 876 878
269 879 271
879 269 265
288 271 879
271 288 277
265 262 879
879 264 288
264 879 262
880 881 882
881 880 883
883 376 881
376 883 884
374 882 881
376 374 881
882 374 885
886 376 884
376 886 378
887 378 886
378 887 380
888 380 887
380 888 382
889 382 888
382 889 384
392 384 889
883 423 884
423 886 884
423 883 890
425 423 890
886 423 421
421 887 886
415 392 889
392 415 413
413 391 392
889 417 415
417 889 888
888 419 417
419 888 887
887 421 419
891 425 890
890 880 891
880 890 883
425 891 892
892 427 425
427 892 447
412 402 391
402 412 409
409 401 402
401 409 408
408 400 401
400 408 405
298 284 299
299 284 285
364 323 325
390 304 307
307 387 390
387 307 308
383 309 310
310 381 383
381 310 311
311 379 381
379 311 313
893 894 895
894 893 896
896 897 894
897 896 898
899 897 898
897 899 900
901 900 899
900 901 902
903 902 901
902 903 904
895 905 893
905 895 906
907 904 903
904 907 908
906 909 905
909 906 910
910 911 909
911 910 912
912 913 911
913 912 914
915 908 907
908 915 916
917 916 915
916 917 918
919 913 914
913 919 920
917 921 918
921 917 922
923 920 919
920 923 924
925 924 923
924 925 926
927 926 925
926 927 928
929 928 927
928 929 930
931 930 929
930 931 932
931 933 932
933 931 934
934 935 933
935 934 936
936 937 935
937 936 938
938 939 937
939 938 940
940 922 939
922 940 921
929 927 941
931 929 941
934 931 941
936 934 941
938 936 941
940 938 941
921 940 941
918 921 941
916 918 941
908 916 941
904 908 941
902 904 941
900 902 941
897 900 941
894 897 941
895 894 941
906 895 941
910 906 941
912 910 941
914 912 941
919 914 941
923 919 941
925 923 941
927 925 941
942 943 944
943 942 945
943 946 944
946 943 947
947 948 946
948 947 949
949 950 948
950 949 951
952 945 942
945 952 953
954 953 952
953 954 955
956 955 954
955 956 957
956 958 957
958 956 959
958 960 957
960 958 961
961 962 960
962 961 963
962 964 960
964 957 960
957 964 955
964 962 965
965 966 964
966 955 964
955 966 953
966 965 967
968 966 967
966 968 969
970 969 968
969 970 971
970 972 971
972 970 973
973 974 972
974 973 975
975 976 974
976 975 977
977 975 978
951 974 976
974 951 949
949 972 974
972 949 947
947 971 972
971 947 943
979 975 973
980 979 973
980 973 970
980 981 979
982 979 981
981 983 982
983 981 984
984 985 983
985 984 986
979 982 987
982 978 987
985 988 983
988 985 989
986 990 985
990 989 985
990 986 991
992 991 986
984 992 986
991 992 993
994 993 992
995 994 992
992 984 995
981 995 984
994 995 996
997 996 995
996 997 998
999 998 997
998 999 1000
1001 999 997
995 1001 997
999 1001 1002
999 1003 1000
993 994 1004
1004 1005 993
1005 991 993
1006 1005 1004
1005 1006 1007
1007 1008 1005
1008 1007 1009
1010 1009 1007
1009 1010 1011
1012 1009 1011
1009 1012 1013
1013 1008 1009
1014 1013 1012
1013 1014 1015
1015 1016 1013
1008 1013 1016
1016 1015 1017
990 1016 1017
989 990 1017
1018 1007 1006
1007 1018 1010
991 1005 1008
991 1016 990
1016 991 1008
1019 1020 1021
1020 1019 1022
1022 1023 1020
1023 1022 1024
1025 1023 1024
1023 1025 1026
1025 1027 1026
1027 1025 1028
1021 1029 1019
1029 1021 1030
1030 1031 1029
1031 1030 1032
1033 1021 1020
1021 1033 1034
1020 1035 1033
1035 1020 1023
1030 1036 1032
1036 1030 1037
1027 1038 1026
1023 1038 1035
1038 1023 1026
1038 1027 1039
1021 1037 1030
1037 1021 1034
1040 1032 1036
1032 1040 1041
1041 1031 1032
1042 1041 1040
1041 1042 1043
1031 1044 1029
1031 1045 1044
1046 1029 1044
1029 1046 1019
1046 1022 1019
1022 1046 1047
1022 1047 1024
1044 1048 1046
1048 1047 1046
1048 1044 1049
1050 1049 1044
1045 1050 1044
1049 1050 1051
1049 1052 1048
1052 1053 1048
1047 1048 1053
1053 1054 1047
1054 1055 1047
1055 1024 1047
1054 1053 1056
1053 1052 1057
1057 1056 1053
1057 1052 1058
1052 1049 1059
1051 1059 1049
1056 1057 1060
1057 1061 1060
1061 1057 1058
1062 1061 1058
1058 1063 1062
1063 1064 1062
1064 1063 1065
1063 1066 1065
1066 1063 1067
1065 1068 1064
1068 1069 1064
1069 1062 1064
1069 1068 1070
1068 1065 1071
1062 1069 1072
1061 1062 1072
1063 1058 1073
1074 1063 1073
1063 1074 1067
1074 1073 1052
1075 1068 1071
1068 1075 1070
1076 1070 1075
1075 1077 1076
1078 1076 1077
1076 1078 1079
1077 1075 1080
1071 1080 1075
1077 1081 1078
1081 1077 1082
1083 1081 1082
1081 1083 1084
1085 1084 1083
1086 1085 1083
1082 1086 1083
1085 1086 1087
1084 1085 1088
1085 1089 1088
1089 1085 1090
1087 1090 1085
1090 1087 1091
1086 1082 1092
1077 1092 1082
1092 1077 1080
1093 1092 1080
1092 1093 1066
1090 1094 1089
1051 1090 1091
1090 1051 1095
1090 1095 1094
1096 1095 1051
1051 1097 1096
1097 1051 1050
1095 1096 1098
1094 1095 1098
1098 1099 1094
1100 1094 1099
1099 1101 1100
1101 1099 1102
1094 1100 1103
1100 1104 1103
1104 1100 1105
1106 1098 1096
1098 1106 1107
1098 1107 1099
1108 1100 1101
1100 1108 1105
1109 1096 1097
1096 1109 1106
1110 1106 1109
1110 1109 1045
1097 1045 1109
1045 1097 1050
1110 1045 1031
1110 1031 1111
1031 1041 1111
1112 1110 1111
1112 1106 1110
1111 1113 1112
1106 1112 1114
1106 1114 1115
1107 1106 1115
1107 1115 1116
1099 1107 1116
1099 1116 1102
1111 1043 1113
1043 1111 1041
1117 1055 1118
1117 1118 1119
1118 1120 1119
1120 1118 1121
1055 1121 1118
1122 1119 1120
1119 1122 1123
1124 1123 1122
1117 1024 1055
1117 1025 1024
1025 1117 1125
1119 1125 1117
1120 1126 1122
1122 1126 1127
1124 1122 1127
1128 1124 1127
1124 1128 1129
1130 1129 1128
1129 1130 1131
1127 1126 1132
1133 1129 1131
1129 1133 1134
1134 1124 1129
1124 1134 1135
1132 1136 1127
1137 1136 1132
1136 1137 1138
1137 1139 1138
1139 1137 1140
1140 1141 1139
1141 1140 1142
1142 1143 1141
1143 1142 1144
1144 1079 1143
1079 1144 1076
1070 1076 1144
1060 1137 1132
1126 1060 1132
1060 1126 1056
1126 1120 1056
1137 1060 1061
1140 1061 1072
1072 1142 1140
1061 1140 1137
1142 1072 1069
1069 1144 1142
1144 1069 1070
1121 1056 1120
1056 1121 1054
1121 1055 1054
1145 1146 1147
1146 1145 1148
1146 1149 1147
1149 1146 1150
1150 1151 1149
1151 1150 1152
1152 1153 1151
1154 1155 1156
1155 1154 1157
1156 1155 1158
1159 1160 1119
1125 1119 1160
1159 1119 1123
1123 1161 1159
1123 1124 1161
1124 1135 1161
1028 1025 1125
1162 1163 1164
1163 1162 1165
1163 1166 1164
1166 1163 1167
1168 1169 1170
1169 1168 1171
1172 1171 1168
1171 1172 1173
1080 1071 1093
1065 1093 1071
1093 1065 1066
1067 1092 1066
1092 1067 1086
1067 1087 1086
1087 1067 1074
1074 1091 1087
1091 1074 1059
1059 1051 1091
1059 1074 1052
1052 1073 1058
1174 1175 1176
1174 1177 1175
1178 1177 1174
1177 1178 1179
1180 1179 1178
1179 1180 1181
1182 1179 1181
1179 1182 1183
1179 1184 1177
1184 1179 1183
1185 1181 1180
1181 1185 1186
1186 1182 1181
1187 1186 1185
1186 1187 1188
1189 1186 1188
1186 1189 1190
1182 1186 1190
1191 1188 1187
1188 1191 1192
1193 1192 1191
1192 1193 1194
1195 1192 1194
1192 1195 1196
1196 1188 1192
1188 1196 1189
1197 1184 1183
1184 1197 1198
1199 1198 1197
1198 1199 1200
1201 1200 1199
1200 1201 1202
1203 1202 1201
1202 1203 1204
1203 1205 1204
1205 1203 1206
1204 1207 1202
1207 1204 1208
1205 1208 1204
1208 1205 1209
1210 1205 1206
1205 1210 1211
1205 1212 1209
1212 1205 1211
1213 1211 1210
1211 1213 1214
1215 1214 1213
1214 1215 1216
1217 1214 1216
1214 1217 1218
1211 1218 1212
1218 1211 1214
1219 1220 1207
1220 1219 1221
1220 1222 1207
1223 1222 1220
1220 1224 1223
1224 1220 1225
1222 1223 1226
1227 1226 1223
1224 1227 1223
1226 1227 1228
1229 1222 1226
1229 1226 1228
1222 1229 1198
1230 1224 1225
1224 1230 1231
1230 1232 1231
1232 1230 1233
1234 1231 1232
1231 1234 1235
1236 1232 1233
1232 1236 1237
1238 1237 1236
1237 1238 1239
1240 1237 1239
1237 1240 1241
1232 1241 1234
1241 1232 1237
1242 1231 1235
1231 1242 1224
1227 1224 1242
1243 1244 1227
1244 1243 1245
1244 1228 1227
1246 1228 1244
1228 1246 1247
1248 1247 1246
1247 1248 1249
1249 1250 1247
1244 1251 1246
1251 1244 1252
1252 1253 1251
1253 1252 1254
1253 1255 1251
1255 1246 1251
1246 1255 1248
1255 1253 1256
1257 1253 1254
1253 1257 1258
1258 1256 1253
1256 1258 1259
1260 1258 1257
1258 1260 1261
1262 1261 1260
1261 1262 1263
1264 1261 1263
1261 1264 1265
1265 1258 1261
1258 1265 1259
1266 1229 1250
1229 1266 1267
1268 1267 1266
1266 1269 1268
1269 1266 1270
1250 1270 1266
1270 1271 1269
1271 1270 1272
1272 1273 1271
1273 1272 1274
1275 1274 1272
1274 1275 1276
1274 1276 1277
1278 1273 1274
1278 1274 1277
1277 1279 1278
1273 1278 1280
1278 1281 1280
1281 1278 1282
1282 980 1281
980 1282 1283
1284 1283 1282
1283 1284 1285
1286 1285 1284
1285 1286 1287
1284 1288 1286
1289 1287 1286
1290 1289 1286
1289 1290 1291
1291 1292 1289
1293 1292 1291
1292 1293 1294
1295 1294 1293
1295 1296 1294
1296 1295 1297
1298 1296 1297
1296 1298 1299
1298 1300 1299
1300 1301 1299
1301 1300 1302
1299 1303 1296
1303 1299 1301
1294 1303 1292
1303 1294 1296
1297 1304 1298
1304 1297 1305
1297 1306 1305
1306 1297 1295
1298 1307 1300
1307 1298 1304
1308 1295 1293
1295 1308 1306
1302 1309 1301
1003 1309 1302
1309 1003 1310
1287 1309 1310
1309 1287 1311
1311 1301 1309
1301 1311 1303
1287 1289 1311
1305 1312 1304
1312 1305 1313
1305 1314 1313
1314 1305 1306
1315 1304 1312
1304 1315 1307
1316 1306 1308
1306 1316 1314
1002 1287 1310
1287 1002 1285
1292 1311 1289
1311 1292 1303
1001 1285 1002
1285 1001 1283
1317 1283 1001
1283 1317 980
1001 995 1317
981 980 1317
995 981 1317
999 1002 1310
999 1310 1003
980 970 1281
1280 1281 970
968 1280 970
1280 968 1273
967 1273 968
1273 967 1271
967 1269 1271
1269 967 965
965 1268 1269
1268 965 962
962 1175 1268
1267 1268 1175
963 1175 962
1175 963 1176
1177 1267 1175
1267 1177 1184
1198 1267 1184
1267 1198 1229
1250 1229 1247
1229 1228 1247
1249 1318 1250
1249 1319 1318
1319 1249 1320
1320 1321 1319
1321 1320 1322
1321 1323 1319
1323 1321 1324
1325 1323 1324
1323 1325 1326
1327 1326 1325
1326 1327 1328
1329 1328 1327
1328 1329 1330
1329 1331 1330
1331 1329 1332
1319 1333 1318
1333 1319 1323
1333 1334 1318
1323 1275 1333
1275 1323 1326
1275 1334 1333
1334 1275 1272
1324 1335 1325
1336 1335 1324
1335 1336 1337
1338 1337 1336
1339 1337 1338
1337 1339 1340
1340 1335 1337
1339 1341 1340
1341 1339 1342
1342 1343 1341
1344 1342 1339
1338 1344 1339
1342 1344 1345
1335 1340 1346
1341 1346 1340
1344 1338 1347
1342 1348 1343
1348 1342 1345
1346 1341 1349
1343 1349 1341
1349 1343 1332
1350 1338 1336
1338 1350 1347
1336 1351 1350
1332 1329 1349
1344 1352 1345
1352 1344 1353
1344 1354 1353
1354 1344 1347
1351 1355 1350
1355 1347 1350
1347 1355 1354
1356 1354 1355
1355 1351 1356
1354 1356 1357
1356 1358 1357
1358 1356 1359
1351 1359 1356
1359 1351 1360
1351 1361 1360
1361 1351 1362
1362 1322 1361
1322 1362 1321
1351 1336 1362
1324 1362 1336
1362 1324 1321
1363 1345 1352
1345 1363 1348
1364 1365 1366
1365 1364 1367
1368 1366 1365
1366 1368 1288
1368 1369 1288
1369 1368 1370
1371 1367 1364
1367 1371 1372
1372 1373 1367
1373 1365 1367
1374 1373 1372
1373 1374 1375
1374 1376 1375
1377 1376 1374
1376 1377 1378
1378 1379 1376
1379 1378 1380
1381 1379 1380
1379 1381 1382
1383 1382 1381
1382 1383 1384
1385 1382 1384
1386 1382 1385
1382 1386 1379
1386 1376 1379
1376 1386 1375
1375 1387 1373
1387 1375 1386
1385 1387 1386
1365 1373 1387
1388 1365 1387
1384 1388 1385
1387 1385 1388
1365 1388 1368
1370 1368 1388
1388 1384 1370
1380 1389 1381
1389 1380 1390
1380 1391 1390
1391 1380 1378
1392 1381 1389
1381 1392 1383
1378 1393 1391
1393 1378 1377
1394 1320 1248
1320 1394 1395
1249 1248 1320
1396 1397 1364
1364 1398 1396
1398 1364 1366
1288 1398 1366
1398 1288 1284
1396 1399 1397
1400 1397 1399
1397 1400 1401
1401 1402 1397
1402 1401 1403
1400 1404 1401
1401 1404 1403
1404 1405 1403
1405 1404 1406
1407 1405 1406
1408 1407 1406
1407 1408 1409
1406 1410 1408
1410 1406 1404
1404 1400 1410
1409 1411 1407
1411 1409 1412
1413 1409 1408
1410 1413 1408
1409 1413 1414
1414 1413 1415
1416 1415 1413
1413 1410 1416
1415 1416 1417
1417 1416 1418
1418 1419 1417
1419 1418 1420
1416 1400 1418
1400 1416 1410
1418 1399 1420
1399 1418 1400
1409 1421 1412
1421 1409 1414
1422 1414 1415
1414 1422 1421
1412 1423 1411
1424 1411 1423
1411 1424 1425
1423 1412 1426
1427 1421 1422
1421 1427 1428
1412 1428 1426
1428 1412 1421
1279 1420 1399
1420 1279 1277
1277 1330 1420
1399 1396 1279
1277 1328 1330
1328 1277 1276
1276 1326 1328
1326 1276 1275
1278 1279 1396
1278 1396 1282
1282 1396 1398
1284 1282 1398
1407 1425 1405
1425 1407 1411
1429 982 983
978 982 1429
1429 983 988
978 975 987
975 979 987
1325 1346 1327
1346 1325 1335
1349 1327 1346
1327 1349 1329
1270 1334 1272
1270 1250 1334
1334 1250 1318
1222 1198 1200
1202 1222 1200
1222 1202 1207
971 945 969
945 971 943
953 969 945
969 953 966
1430 1431 1432
1431 1430 1433
1434 1433 1430
1433 1434 1435
1430 1432 1436
1437 1433 1435
1433 1437 1438
1439 1432 1431
1432 1439 1440
1441 1432 1440
1436 1432 1441
1441 1440 1442
1440 1443 1442
1439 1443 1440
1442 1443 1444
1445 1442 1444
1442 1445 1446
1441 1442 1446
1441 1446 1447
1436 1441 1447
1444 1443 1448
1448 1449 1444
1444 1449 1450
1444 1450 1451
1451 1450 1452
1452 1450 1453
1450 1449 1454
1453 1450 1454
1453 1454 1455
1453 1455 1456
1456 1455 1457
1458 1448 1443
1448 1458 1459
1457 1460 1456
1457 1461 1460
1456 1460 1462
1448 1463 1449
1463 1448 1459
1449 1464 1454
1464 1449 1463
1454 1465 1455
1465 1454 1464
1455 1466 1457
1466 1455 1465
1467 1457 1466
1457 1467 1461
1458 1468 1459
1468 1463 1459
1468 1458 1469
1469 1470 1468
1469 1471 1470
1472 1471 1469
1471 1472 1473
1473 1474 1471
1474 1473 1475
1474 1476 1471
1470 1471 1476
1476 1474 1477
1478 1473 1472
1473 1478 1479
1479 1475 1473
1438 1479 1478
1479 1438 1480
1476 1481 1470
1481 1468 1470
1481 1476 1482
1477 1482 1476
1483 1481 1482
1481 1483 1484
1485 1481 1484
1481 1485 1486
1468 1481 1486
1484 1487 1485
1487 1484 1488
1483 1488 1484
1489 1487 1488
1487 1489 1490
1491 1490 1489
1492 1491 1489
1491 1492 1493
1490 1491 1494
1495 1489 1488
1489 1495 1492
1488 1483 1495
1496 1493 1492
1493 1496 1497
1498 1497 1496
1496 1499 1498
1499 1496 1500
1500 1492 1495
1492 1500 1496
1497 1498 1501
1500 1502 1499
1502 1500 1503
1495 1503 1500
1503 1504 1502
1504 1503 1505
1505 1506 1504
1506 1505 1477
1482 1477 1505
1474 1506 1477
1506 1474 1507
1475 1507 1474
1507 1475 1508
1509 1508 1475
1508 1509 1510
1511 1510 1509
1510 1511 1512
1513 1512 1511
1512 1513 1514
1511 1515 1513
1515 1511 1480
1509 1480 1511
1515 1480 1516
1516 1480 1438
1516 1438 1437
1480 1509 1479
1475 1479 1509
1478 1433 1438
1433 1478 1431
1472 1431 1478
1431 1472 1439
1469 1439 1472
1439 1469 1458
1443 1439 1458
668 1517 1518
668 1518 1519
1520 1519 1518
1519 1520 1521
1519 1522 668
1521 1522 1519
1521 1523 1522
670 1522 1523
670 1523 672
668 1522 665
670 665 1522
669 1517 668
669 1524 1517
1525 1524 669
669 1526 1525
1526 669 667
1524 1525 1527
1526 1528 1525
1528 1526 1529
1530 1528 1529
1528 1530 1531
1532 1531 1530
1530 1533 1532
1534 1532 1533
1532 1534 1535
1535 1536 1532
1531 1532 1536
1535 1537 1536
1533 1530 1538
1529 1538 1530
1539 1528 1531
1536 1539 1531
1538 1529 1540
1526 1540 1529
1539 1536 1541
1537 1541 1536
1542 1539 1541
1541 1543 1542
1541 1537 1544
1544 1543 1541
1543 1544 1545
1528 1539 1546
1546 1525 1528
1525 1546 1527
1540 1526 1547
1526 1548 1547
1548 1526 667
1548 667 666
1549 1550 1551
1552 1551 1550
1553 1552 1550
1554 1553 1550
1555 1554 1550
1549 1555 1550
1556 1555 1549
1552 1557 1551
1557 1434 1551
1551 1434 1430
1551 1430 1436
1436 1549 1551
1436 1447 1549
1447 1556 1549
1558 1556 1447
1446 1558 1447
1559 1558 1446
1445 1559 1446
1559 1445 1560
1445 1561 1560
1451 1560 1561
1445 1444 1561
1444 1451 1561
1451 1562 1560
1562 1451 1452
1563 1562 1452
1563 1452 1564
1563 1564 1565
1452 1453 1564
1565 1564 1566
1564 1456 1566
1564 1453 1456
1565 1566 1567
1568 1567 1566
1568 1566 1462
1566 1456 1462
625 61 62
624 610 61
624 614 610
638 662 644
662 638 640
1569 662 640
640 1570 1569
1570 640 641
641 1571 1570
1571 641 642
642 1572 1571
1572 642 643
643 147 1572
147 643 74
662 1569 1573
173 662 1573
662 173 661
157 1569 1570
1569 157 159
159 1573 1569
153 1571 1572
147 153 1572
1571 153 155
1570 155 157
155 1570 1571
153 147 152
1573 164 173
164 1573 161
1573 159 161
661 173 172
660 661 172
660 172 1574
1574 659 660
659 1574 1575
1574 169 1575
172 169 1574
1575 169 171
1576 1577 1578
1579 1576 1578
1580 1579 1578
1581 1580 1578
1582 1581 1578
1583 1582 1578
1577 1584 1578
1584 1585 1578
1585 1586 1578
1586 1583 1578
690 37 42
690 42 613
616 690 613
1587 1588 1589
1589 1590 1587
1590 1591 1587
1592 1593 1594
1593 1592 1595
1596 1595 1592
1595 1596 1597
1596 1598 1597
1596 1599 1598
1600 1599 1596
1599 1600 1601
1600 1602 1601
1603 1604 1605
1603 1606 1604
1606 1603 1607
1603 1608 1607
1608 1603 1609
1605 1609 1603
1606 1610 1604
1611 1604 1610
1605 1604 1611
1610 1606 1612
1613 1610 1612
1610 1613 1614
1615 1614 1613
1614 1615 1616
1615 1611 1616
1616 1610 1614
1610 1616 1611
1609 1605 1617
1617 1608 1609
1608 1617 1618
1619 1620 1621
1619 1621 1622
1619 1622 1623
1619 1623 1624
1619 1624 1625
1619 1625 1626
1619 1626 1627
1619 1627 1628
1619 1628 1629
1619 1629 1630
1619 1630 1631
1619 1631 1620
1632 1633 1634
1633 1632 1635
1636 1634 1633
1634 1636 1637
1638 1637 1636
1637 1638 1639
1640 1639 1638
1639 1640 1641
1642 1641 1640
1641 1642 1643
1642 1644 1643
1644 1642 1645
1645 1646 1644
1646 1645 1647
1647 1648 1646
1648 1647 1649
1649 1650 1648
1650 1649 1651
1651 1652 1650
1652 1651 1653
1653 1654 1652
1654 1653 1655
1655 1632 1654
1632 1655 1635
1483 1505 1503
1505 1483 1482
1503 1495 1483
1463 1468 1486
1486 1464 1463
1464 1486 1485
1485 1465 1464
1465 1485 1487
1487 1466 1465
1466 1487 1490
1490 1467 1466
1467 1490 1494
1656 1657 1658
1657 1656 1659
1660 1659 1656
1659 1660 1661
1662 1658 1657
1658 1662 1663
1664 1663 1662
1663 1664 1665
1666 1665 1664
1665 1666 1667
1668 1667 1666
1667 1668 1669
1670 1669 1668
1669 1670 1671
1670 1672 1671
1672 1670 1673
1673 1674 1672
1674 1673 1675
1675 1676 1674
1676 1675 1677
430 220 219
219 422 430
422 219 420
217 420 219
420 217 418
216 418 217
418 216 416
215 416 216
212 156 404
406 212 404
212 406 211
404 156 154
210 410 213
411 213 410
213 411 214
1678 1679 1680
1679 1678 1681
1682 1679 1681
1679 1682 1683
1684 1683 1682
1683 1684 1685
1686 1685 1684
1685 1686 1687
1680 1688 1678
1688 1680 1689
1689 1690 1688
1690 1689 1691
1691 1692 1690
1692 1691 1693
1694 1692 1693
1692 1694 1695
1696 1694 1693
1694 1696 1697
1698 1697 1696
1697 1698 1699
1700 1698 1696
1700 1693 1691
1693 1700 1696
1698 1700 1701
1702 1701 1700
1702 1691 1689
1691 1702 1700
1701 1702 1703
1702 1704 1703
1704 1702 1705
1705 1706 1704
1706 1705 1707
1708 1706 1707
1706 1708 1709
1710 1709 1708
1709 1710 1711
1712 1711 1710
1711 1712 1713
1713 1714 1711
1710 1687 1712
1687 1710 1685
1708 1685 1710
1685 1708 1683
1707 1683 1708
1683 1707 1679
1711 1715 1709
1716 1709 1715
1716 1706 1709
1717 1716 1715
1715 1718 1717
1719 1717 1718
1717 1719 1720
1721 1720 1719
1720 1721 1722
1718 1715 1723
1714 1718 1723
1724 1721 1719
1721 1724 1725
1726 1722 1721
1725 1726 1721
1722 1726 1727
1727 1728 1722
1728 1720 1722
1728 1727 1729
1729 1730 1728
1730 1731 1728
1720 1728 1731
1731 1717 1720
1731 1730 1732
1732 1733 1731
1733 1732 1734
1734 1735 1733
1735 1734 1736
1735 1737 1733
1737 1731 1733
1737 1735 1738
1735 1736 1739
1730 1729 1740
1740 1729 1741
1727 1741 1729
1741 1742 1740
1742 1741 1743
1744 1743 1741
1743 1744 1745
1745 1746 1743
1746 1745 1747
1745 1748 1747
1748 1745 1749
1744 1749 1745
1749 1750 1748
1750 1749 1751
1752 1751 1749
1749 1744 1752
1751 1752 1753
1726 1753 1752
1726 1725 1753
1754 1743 1746
1743 1754 1742
1741 1727 1744
1727 1752 1744
1752 1727 1726
1755 1756 1757
1756 1755 1758
1759 1758 1755
1758 1759 1760
1759 1761 1760
1761 1759 1762
1763 1761 1762
1761 1763 1764
1765 1757 1756
1757 1765 1766
1767 1766 1765
1766 1767 1768
1757 1769 1755
1769 1757 1770
1771 1755 1769
1755 1771 1759
1772 1766 1768
1766 1772 1773
1774 1763 1762
1763 1774 1775
1774 1759 1771
1759 1774 1762
1757 1773 1770
1773 1757 1766
1768 1776 1772
1776 1768 1777
1767 1777 1768
1777 1778 1776
1778 1777 1779
1777 1767 1780
1780 1779 1777
1779 1780 1781
1780 1782 1781
1782 1780 1783
1783 1780 1767
1783 1767 1784
1767 1785 1784
1767 1765 1785
1765 1786 1785
1786 1765 1756
1758 1786 1756
1786 1758 1787
1758 1760 1787
1788 1785 1786
1787 1788 1786
1785 1788 1789
1789 1790 1785
1784 1785 1790
1790 1789 1791
1792 1789 1788
1793 1792 1788
1788 1787 1793
1794 1793 1787
1794 1787 1795
1795 1787 1760
1793 1794 1796
1792 1793 1797
1796 1797 1793
1797 1798 1792
1789 1792 1799
1799 1791 1789
1797 1796 1800
1797 1801 1798
1801 1797 1800
1801 1802 1798
1803 1798 1802
1804 1803 1802
1803 1804 1805
1806 1803 1805
1803 1806 1807
1808 1805 1804
1809 1808 1804
1802 1809 1804
1808 1809 1810
1805 1808 1811
1809 1802 1812
1802 1801 1812
1798 1803 1813
1814 1803 1807
1803 1814 1813
1814 1792 1813
1808 1815 1811
1815 1808 1810
1810 1816 1815
1817 1815 1816
1816 1818 1817
1818 1816 1819
1815 1817 1820
1820 1811 1815
1821 1817 1818
1817 1821 1822
1821 1823 1822
1823 1821 1824
1824 1825 1823
1825 1826 1823
1826 1822 1823
1826 1825 1827
1825 1824 1828
1829 1825 1828
1825 1829 1830
1830 1827 1825
1827 1830 1831
1822 1826 1832
1832 1817 1822
1817 1832 1820
1832 1833 1820
1833 1832 1806
1830 1829 1834
1830 1791 1831
1791 1830 1835
1830 1834 1835
1835 1836 1791
1837 1791 1836
1791 1837 1790
1836 1835 1838
1834 1838 1835
1838 1834 1839
1834 1840 1839
1841 1839 1840
1839 1841 1842
1840 1834 1843
1844 1840 1843
1840 1844 1845
1838 1846 1836
1846 1838 1847
1838 1839 1847
1840 1848 1841
1848 1840 1845
1836 1849 1837
1849 1836 1846
1783 1849 1846
1783 1784 1849
1837 1849 1784
1784 1790 1837
1846 1782 1783
1782 1846 1850
1846 1851 1850
1847 1851 1846
1847 1852 1851
1839 1842 1852
1839 1852 1847
1853 1854 1795
1853 1855 1854
1856 1854 1855
1854 1856 1857
1795 1854 1857
1855 1858 1856
1858 1855 1859
1860 1858 1859
1853 1795 1760
1853 1760 1761
1761 1861 1853
1861 1855 1853
1862 1856 1858
1858 1863 1862
1860 1863 1858
1860 1864 1863
1864 1860 1865
1865 1866 1864
1866 1865 1867
1863 1868 1862
1865 1869 1867
1869 1865 1870
1860 1870 1865
1870 1860 1871
1868 1863 1872
1872 1873 1868
1873 1872 1874
1875 1873 1874
1873 1875 1876
1877 1876 1875
1876 1877 1878
1879 1878 1877
1878 1879 1880
1819 1880 1879
1880 1819 1816
1816 1810 1880
1873 1800 1868
1800 1862 1868
1862 1800 1796
1856 1862 1796
1800 1873 1801
1801 1876 1812
1878 1812 1876
1876 1801 1873
1812 1878 1809
1880 1809 1878
1809 1880 1810
1796 1857 1856
1857 1796 1794
1857 1794 1795
1881 1882 1883
1882 1881 1884
1885 1882 1884
1882 1885 1886
1887 1886 1885
1886 1887 1888
1888 1887 1889
1890 1891 1892
1891 1890 1893
1893 1894 1891
1895 1855 1896
1855 1861 1896
1895 1859 1855
1859 1895 1897
1859 1897 1860
1860 1897 1871
1764 1861 1761
1898 1899 1900
1899 1898 1901
1902 1899 1901
1899 1902 1903
1904 1905 1906
1905 1904 1907
1907 1908 1905
1908 1907 1909
1811 1820 1833
1833 1805 1811
1805 1833 1806
1832 1807 1806
1807 1832 1826
1827 1807 1826
1807 1827 1814
1831 1814 1827
1814 1831 1799
1791 1799 1831
1799 1792 1814
1792 1798 1813
1910 1911 1912
1910 1912 1913
1913 1914 1910
1914 1913 1915
1915 1916 1914
1916 1915 1917
1915 1918 1917
1918 1915 1919
1920 1915 1913
1915 1920 1919
1917 1921 1916
1921 1917 1922
1918 1922 1917
1922 1923 1921
1923 1922 1924
1922 1925 1924
1925 1922 1926
1922 1918 1926
1924 1927 1923
1927 1924 1928
1928 1929 1927
1929 1928 1930
1928 1931 1930
1931 1928 1932
1924 1932 1928
1932 1924 1925
1920 1933 1919
1933 1920 1934
1934 1935 1933
1935 1934 1936
1936 1937 1935
1937 1936 1938
1938 1939 1937
1939 1938 1940
1941 1939 1940
1939 1941 1942
1943 1940 1938
1940 1943 1944
1944 1941 1940
1941 1944 1945
1941 1946 1942
1946 1941 1947
1941 1948 1947
1948 1941 1945
1947 1949 1946
1949 1947 1950
1950 1951 1949
1951 1950 1952
1950 1953 1952
1953 1950 1954
1947 1954 1950
1954 1947 1948
1955 1956 1943
1956 1955 1957
1955 1943 1958
1958 1959 1955
1960 1955 1959
1955 1960 1961
1959 1958 1962
1962 1963 1959
1963 1960 1959
1963 1962 1964
1965 1962 1958
1965 1964 1962
1958 1934 1965
1960 1966 1961
1966 1960 1967
1968 1966 1967
1966 1968 1969
1967 1970 1968
1970 1967 1971
1968 1972 1969
1972 1968 1973
1973 1974 1972
1974 1973 1975
1973 1976 1975
1976 1973 1977
1968 1977 1973
1977 1968 1970
1967 1978 1971
1978 1967 1960
1960 1963 1978
1979 1980 1963
1980 1979 1981
1979 1963 1964
1964 1982 1979
1982 1964 1983
1983 1984 1982
1984 1983 1985
1985 1983 1986
1987 1979 1982
1979 1987 1988
1989 1988 1987
1988 1989 1990
1991 1989 1987
1991 1982 1984
1982 1991 1987
1989 1991 1992
1989 1993 1990
1993 1989 1994
1992 1994 1989
1994 1992 1995
1994 1996 1993
1996 1994 1997
1997 1998 1996
1998 1997 1999
1997 2000 1999
2000 1997 2001
2001 1994 1995
1994 2001 1997
1965 2002 1986
2002 1965 2003
2003 2004 2002
2005 2002 2004
2002 2005 2006
2006 1986 2002
2007 2006 2005
2006 2007 2008
2009 2008 2007
2008 2009 2010
2010 2011 2008
2011 2010 2012
2010 2013 2012
2009 2014 2010
2014 2013 2010
2013 2014 2015
2014 2009 2016
2017 2014 2016
2014 2017 2018
1716 2018 2017
2018 1716 2019
2020 2018 2019
2019 2021 2020
2021 2022 2020
2022 2021 2023
2020 2022 2024
2023 2025 2022
2025 2026 2022
2026 2025 2027
2027 2025 2028
2028 2029 2027
2029 2028 2030
2031 2029 2030
2032 2031 2030
2031 2032 2033
2032 2034 2033
2034 2032 2035
2034 2035 2036
2037 2036 2035
2036 2037 2038
2035 2039 2037
2039 2035 2032
2039 2030 2028
2030 2039 2032
2040 2033 2034
2033 2040 2041
2042 2033 2041
2033 2042 2031
2034 2043 2040
2043 2034 2036
2044 2031 2042
2031 2044 2029
2038 2037 2045
2045 1739 2038
1739 2045 2046
2045 2023 2046
2023 2045 2047
2047 2037 2039
2037 2047 2045
2025 2023 2047
2048 2041 2040
2041 2048 2049
2050 2041 2049
2041 2050 2042
2051 2040 2043
2040 2051 2048
2052 2042 2050
2042 2052 2044
2023 1738 2046
1738 2023 2021
2047 2028 2025
2028 2047 2039
2021 1737 1738
1737 2021 2019
2019 2053 1737
2053 2019 1716
1731 1737 2053
1716 1717 2053
1717 1731 2053
1735 2046 1738
1735 1739 2046
1716 2017 1706
2016 1706 2017
2016 1704 1706
1704 2016 2009
2009 1703 1704
1703 2009 2007
2005 1703 2007
1703 2005 1701
2004 1701 2005
1701 2004 1698
1698 2004 1912
2004 2003 1912
1912 1699 1698
1699 1912 1911
2003 1913 1912
1913 2003 1920
2003 1934 1920
1934 2003 1965
1986 1983 1965
1965 1983 1964
1985 1986 2054
2055 1985 2054
1985 2055 2056
2057 2056 2055
2056 2057 2058
2059 2057 2055
2057 2059 2060
2059 2061 2060
2061 2059 2062
2062 2063 2061
2063 2062 2064
2064 2065 2063
2065 2064 2066
2067 2065 2066
2065 2067 2068
2069 2055 2054
2055 2069 2059
2069 2054 2070
2059 2011 2062
2011 2059 2069
2070 2011 2069
2011 2070 2008
2071 2058 2057
2060 2071 2057
2060 2061 2072
2072 2073 2060
2071 2060 2073
2073 2072 2074
2075 2073 2074
2074 2076 2075
2076 2074 2077
2072 2077 2074
2078 2076 2077
2076 2078 2079
2079 2078 2080
2079 2081 2076
2081 2075 2076
2081 2079 2082
2077 2072 2083
2083 2078 2077
2075 2081 2084
2079 2085 2082
2085 2079 2080
2078 2083 2086
2086 2080 2078
2080 2086 2068
2087 2075 2084
2075 2087 2073
2088 2073 2087
2073 2088 2071
2088 2089 2071
2058 2071 2089
2089 2088 2090
2068 2086 2065
2091 2081 2082
2081 2091 2092
2088 2093 2090
2093 2088 2094
2094 2095 2093
2095 2094 2096
2094 2097 2096
2097 2094 2098
2098 2088 2087
2088 2098 2094
2097 2081 2092
2081 2097 2084
2098 2084 2097
2084 2098 2087
2082 2099 2091
2099 2082 2085
2086 2063 2065
2063 2086 2083
2083 2061 2063
2061 2083 2072
2100 2101 2102
2101 2100 2103
2103 2104 2101
2104 2103 2024
2105 2104 2024
2104 2105 2106
2102 2107 2100
2107 2102 2108
2108 2102 2109
2101 2109 2102
2109 2110 2108
2110 2109 2111
2110 2111 2112
2112 2113 2110
2113 2112 2114
2115 2114 2112
2114 2115 2116
2115 2117 2116
2117 2115 2118
2118 2119 2117
2119 2118 2120
2121 2120 2118
2122 2118 2115
2118 2122 2121
2112 2122 2115
2122 2112 2111
2111 2123 2122
2123 2111 2109
2123 2121 2122
2109 2101 2123
2101 2124 2123
2124 2120 2121
2121 2123 2124
2124 2101 2104
2106 2124 2104
2120 2124 2106
2125 2116 2117
2116 2125 2126
2127 2116 2126
2116 2127 2114
2128 2117 2119
2117 2128 2125
2129 2114 2127
2114 2129 2113
2130 2056 2131
2056 2130 1984
1985 2056 1984
2132 2100 2133
2134 2100 2132
2100 2134 2103
2134 2024 2103
2024 2134 2020
2135 2132 2133
2133 2136 2135
2136 2133 2137
2138 2137 2133
2137 2138 2139
2140 2136 2137
2137 2139 2140
2141 2140 2139
2140 2141 2142
2143 2142 2141
2143 2144 2142
2144 2143 2145
2142 2146 2140
2146 2142 2144
2136 2140 2146
2147 2145 2143
2145 2147 2148
2145 2149 2144
2149 2146 2144
2149 2145 2150
2150 2151 2149
2151 2152 2149
2146 2149 2152
2152 2151 2153
2153 2154 2152
2155 2154 2153
2154 2155 2156
2136 2152 2154
2152 2136 2146
2135 2154 2156
2154 2135 2136
2157 2145 2148
2145 2157 2150
2158 2150 2157
2150 2158 2151
2159 2148 2147
2147 2160 2159
2160 2147 2161
2148 2159 2162
2157 2163 2158
2163 2157 2164
2164 2148 2162
2148 2164 2157
2156 2015 2135
2015 2156 2013
2013 2156 2066
2132 2135 2015
2064 2013 2066
2013 2064 2012
2062 2012 2064
2012 2062 2011
2014 2132 2015
2014 2018 2132
2018 2134 2132
2020 2134 2018
2143 2161 2147
2161 2143 2141
2165 1719 1718
1718 1714 2165
2165 1724 1719
1711 1714 1723
1715 1711 1723
2006 2008 2070
1986 2006 2070
2070 2054 1986
1958 1936 1934
1958 1938 1936
1938 1958 1943
1707 1680 1679
1680 1707 1705
1705 1689 1680
1689 1705 1702
348 2166 2167
2166 348 349
2167 350 348
350 2167 2168
2169 350 2168
350 2169 351
361 351 2169
885 370 369
370 885 374
205 190 204
701 700 2170
139 151 141
