byte offset: 0
first index: 0
index count: 7710
topology: trianglelist
format: DXGI_FORMAT_R16_UINT

0 1 2
3 0 2
0 3 4
0 4 5
0 5 6
0 6 7
0 7 8
0 9 1
2 10 3
10 2 11
1 11 2
11 12 10
12 11 13
13 14 12
14 13 15
16 14 15
14 16 17
16 18 17
18 16 19
19 20 18
20 19 21
22 21 19
21 22 23
23 24 21
20 21 24
24 23 25
25 26 24
26 25 27
28 26 27
26 28 29
30 29 28
29 30 31
32 31 30
33 32 30
32 33 34
31 32 35
36 35 32
34 36 32
35 36 37
38 37 36
37 38 39
40 39 38
39 40 41
42 39 41
39 42 43
44 41 40
41 44 45
46 45 44
45 46 47
48 45 47
45 48 49
49 41 45
41 49 42
50 47 46
47 50 51
52 51 50
51 52 53
54 51 53
51 54 55
55 47 51
47 55 48
54 56 55
56 54 57
58 56 57
56 58 59
48 60 49
60 48 61
55 61 48
61 55 56
59 61 56
62 60 61
61 59 62
60 62 63
64 49 60
63 64 60
49 64 42
65 42 64
66 65 64
64 63 66
65 66 67
42 65 43
68 43 65
43 68 69
70 43 69
43 70 39
39 70 37
71 37 70
69 71 70
37 71 35
72 35 71
71 73 72
73 71 74
71 69 74
35 72 31
69 75 74
75 69 68
74 75 76
73 74 76
66 77 67
78 67 77
67 78 79
80 67 79
67 80 65
65 80 68
81 68 80
81 75 68
82 79 78
79 82 83
83 84 79
84 81 80
84 80 79
85 84 83
84 85 86
86 81 84
87 83 82
83 87 88
77 89 78
90 89 77
77 91 90
91 77 92
77 66 92
63 92 66
92 63 93
62 93 63
93 62 94
95 93 94
93 95 96
96 92 93
92 96 91
59 94 62
94 59 97
58 97 59
97 58 98
99 97 98
97 99 100
100 94 97
94 100 95
101 98 58
57 101 58
101 57 102
102 103 101
103 102 104
102 105 104
105 102 106
57 106 102
107 105 106
105 107 108
107 109 108
109 107 110
103 111 101
98 101 111
111 103 112
113 111 112
111 113 114
115 109 110
109 115 116
115 117 116
117 115 118
53 110 107
106 53 107
110 53 52
53 106 54
106 57 54
114 98 111
98 114 99
119 118 115
110 119 115
119 110 52
52 120 119
120 52 50
120 121 119
118 119 121
121 120 122
123 122 120
50 123 120
122 123 124
125 124 123
46 125 123
123 50 46
125 46 44
124 125 126
127 126 125
44 127 125
126 127 128
129 128 127
40 129 127
127 44 40
129 40 38
128 129 130
131 130 129
130 131 132
133 132 131
132 133 134
135 134 133
134 135 136
38 137 129
129 137 131
137 133 131
137 38 36
34 135 133
133 137 34
36 34 137
135 34 33
135 138 136
138 135 139
33 139 135
139 140 138
140 139 141
142 141 139
139 33 142
141 142 143
28 143 142
143 28 27
30 142 33
142 30 28
144 140 141
140 144 145
146 145 144
145 146 147
148 147 146
147 148 149
25 143 27
143 25 150
141 150 144
150 141 143
146 151 148
151 146 152
144 152 146
152 144 150
152 22 151
22 152 23
150 23 152
23 150 25
148 153 149
153 148 154
154 155 153
155 154 156
154 157 156
148 157 154
157 148 151
157 15 156
15 157 158
151 158 157
158 151 22
19 158 22
158 19 16
158 16 15
156 159 155
159 156 160
15 160 156
160 161 159
161 160 162
160 15 13
13 162 160
162 13 11
162 9 161
9 162 1
11 1 162
163 164 165
164 163 166
164 82 165
82 164 87
78 165 82
165 78 89
167 165 89
165 167 163
89 90 167
168 87 164
87 168 169
169 88 87
88 169 170
171 170 169
170 171 172
173 169 168
169 173 171
168 174 173
174 168 175
164 175 168
175 164 166
171 176 172
176 171 177
173 177 171
177 178 176
178 179 176
179 178 180
181 180 178
180 181 182
182 183 180
183 182 184
185 180 183
180 185 179
186 184 182
184 186 187
187 186 188
189 187 188
187 189 190
189 191 190
191 189 14
189 12 14
12 189 192
192 10 12
10 192 193
182 194 186
195 186 194
195 188 186
189 196 192
196 189 188
197 192 196
192 197 193
188 198 196
198 188 195
199 196 198
196 199 197
200 195 194
195 200 201
194 202 200
202 194 181
194 182 181
181 203 202
203 181 178
178 177 203
204 202 203
202 204 205
205 200 202
206 205 204
205 206 207
208 203 177
203 208 204
177 173 208
174 208 173
208 174 209
209 204 208
204 209 206
200 210 201
210 211 201
211 210 212
205 212 210
212 205 207
200 205 210
213 201 211
201 213 214
214 195 201
195 214 198
215 198 214
198 215 199
216 214 213
214 216 215
7 199 215
199 7 6
6 197 199
197 6 5
5 193 197
193 5 4
3 193 4
193 3 10
215 8 7
8 215 216
217 218 219
217 220 218
219 221 217
222 217 221
217 222 223
223 220 217
221 219 224
224 219 225
224 225 226
227 226 225
226 227 228
227 229 228
229 227 230
227 231 230
231 227 232
232 29 231
29 232 26
31 231 29
231 31 72
72 230 231
230 72 73
233 232 227
225 233 227
234 26 232
233 234 232
26 234 24
76 230 73
230 76 229
218 234 233
234 218 20
20 24 234
233 219 218
219 233 225
220 20 218
220 223 235
223 236 235
236 223 237
237 238 236
238 237 239
239 240 238
240 239 241
237 241 239
241 237 242
223 242 237
242 223 222
75 243 76
243 75 81
243 244 76
244 243 245
245 246 244
246 245 247
247 248 246
248 247 249
249 250 248
250 249 251
81 86 243
243 252 245
252 243 86
86 253 252
254 252 253
252 254 255
255 245 252
245 255 247
253 86 85
256 255 254
255 256 257
247 257 249
257 247 255
257 251 249
258 257 256
257 258 259
251 257 259
251 260 250
260 251 261
259 261 251
262 260 261
262 261 263
261 259 263
262 263 264
259 264 263
264 259 258
265 224 266
190 265 266
190 191 265
266 187 190
187 266 184
224 184 266
184 224 183
226 183 224
183 226 185
185 226 228
267 185 228
267 179 185
179 267 268
268 176 179
176 268 172
172 268 269
269 170 172
170 269 270
170 270 88
271 267 228
229 271 228
270 272 88
88 272 83
273 274 275
276 274 273
274 276 277
278 277 276
277 278 279
278 280 279
281 280 278
278 282 281
282 278 283
278 276 283
284 283 276
284 285 283
285 284 286
284 276 287
273 287 276
283 288 282
288 283 285
286 288 285
288 286 289
290 289 286
17 291 14
291 191 14
292 293 294
292 295 293
295 292 296
296 297 295
297 296 298
298 299 297
299 298 300
301 299 300
302 301 300
302 303 301
302 304 303
305 304 302
304 305 306
306 307 304
307 306 308
309 308 306
309 306 305
308 309 310
311 310 309
312 304 307
304 312 303
313 303 312
303 313 314
303 314 301
313 315 314
314 316 301
314 315 316
315 317 316
318 316 317
316 318 301
299 301 318
319 320 321
322 319 321
319 322 323
319 323 324
319 324 325
319 325 326
319 326 327
319 328 320
321 329 322
329 321 330
320 330 321
330 331 329
331 330 332
332 333 331
333 332 334
335 333 334
333 335 336
335 337 336
337 335 338
338 339 337
339 338 340
341 340 338
340 341 342
342 343 340
339 340 343
343 342 344
344 345 343
345 344 346
347 345 346
345 347 348
349 348 347
348 349 350
351 350 349
352 351 349
351 352 353
350 351 354
355 354 351
353 355 351
354 355 356
357 356 355
356 357 358
359 358 357
358 359 360
361 358 360
358 361 362
363 360 359
360 363 364
365 364 363
364 365 366
367 364 366
364 367 368
368 360 364
360 368 361
369 366 365
366 369 370
371 370 369
370 371 372
373 370 372
370 373 374
374 366 370
366 374 367
373 375 374
375 373 376
377 375 376
375 377 378
367 379 368
379 367 380
374 380 367
380 374 375
378 380 375
381 379 380
380 378 381
379 381 382
383 368 379
382 383 379
368 383 361
384 361 383
385 384 383
383 382 385
384 385 386
361 384 362
387 362 384
362 387 388
389 362 388
362 389 358
358 389 356
390 356 389
388 390 389
356 390 354
391 354 390
390 392 391
392 390 393
390 388 393
354 391 350
388 394 393
394 388 387
393 394 395
392 393 395
385 396 386
397 386 396
386 397 398
399 386 398
386 399 384
384 399 387
400 387 399
400 394 387
401 398 397
398 401 402
402 403 398
403 400 399
403 399 398
404 403 402
403 404 405
405 400 403
406 402 401
402 406 407
396 408 397
409 408 396
396 410 409
410 396 411
396 385 411
382 411 385
411 382 412
381 412 382
412 381 413
414 412 413
412 414 415
415 411 412
411 415 410
378 413 381
413 378 416
377 416 378
416 377 417
418 416 417
416 418 419
419 413 416
413 419 414
420 417 377
376 420 377
420 376 421
421 422 420
422 421 423
421 424 423
424 421 425
376 425 421
426 424 425
424 426 427
426 428 427
428 426 429
422 430 420
417 420 430
430 422 431
432 430 431
430 432 433
434 428 429
428 434 435
434 436 435
436 434 437
372 429 426
425 372 426
429 372 371
372 425 373
425 376 373
433 417 430
417 433 418
438 437 434
429 438 434
438 429 371
371 439 438
439 371 369
439 440 438
437 438 440
440 439 441
442 441 439
369 442 439
441 442 443
444 443 442
365 444 442
442 369 365
444 365 363
443 444 445
446 445 444
363 446 444
445 446 447
448 447 446
359 448 446
446 363 359
448 359 357
447 448 449
450 449 448
449 450 451
452 451 450
451 452 453
454 453 452
453 454 455
357 456 448
448 456 450
456 452 450
456 357 355
353 454 452
452 456 353
355 353 456
454 353 352
454 457 455
457 454 458
352 458 454
458 459 457
459 458 460
461 460 458
458 352 461
460 461 462
347 462 461
462 347 346
349 461 352
461 349 347
463 459 460
459 463 464
465 464 463
464 465 466
467 466 465
466 467 468
344 462 346
462 344 469
460 469 463
469 460 462
465 470 467
470 465 471
463 471 465
471 463 469
471 341 470
341 471 342
469 342 471
342 469 344
467 472 468
472 467 473
473 474 472
474 473 475
473 476 475
467 476 473
476 467 470
476 334 475
334 476 477
470 477 476
477 470 341
338 477 341
477 338 335
477 335 334
475 478 474
478 475 479
334 479 475
479 480 478
480 479 481
479 334 332
332 481 479
481 332 330
481 328 480
328 481 320
330 320 481
482 483 484
483 482 485
483 401 484
401 483 406
397 484 401
484 397 408
486 484 408
484 486 482
408 409 486
487 406 483
406 487 488
488 407 406
407 488 489
490 489 488
489 490 491
492 488 487
488 492 490
487 493 492
493 487 494
483 494 487
494 483 485
490 495 491
495 490 496
492 496 490
496 497 495
497 498 495
498 497 499
500 499 497
499 500 501
501 502 499
502 501 503
504 499 502
499 504 498
505 503 501
503 505 506
506 505 507
508 506 507
506 508 509
508 510 509
510 508 333
508 331 333
331 508 511
511 329 331
329 511 512
501 513 505
514 505 513
514 507 505
508 515 511
515 508 507
516 511 515
511 516 512
507 517 515
517 507 514
518 515 517
515 518 516
519 514 513
514 519 520
513 521 519
521 513 500
513 501 500
500 522 521
522 500 497
497 496 522
523 521 522
521 523 524
524 519 521
525 524 523
524 525 526
527 522 496
522 527 523
496 492 527
493 527 492
527 493 528
528 523 527
523 528 525
519 529 520
529 530 520
530 529 531
524 531 529
531 524 526
519 524 529
532 520 530
520 532 533
533 514 520
514 533 517
534 517 533
517 534 518
535 533 532
533 535 534
326 518 534
518 326 325
325 516 518
516 325 324
324 512 516
512 324 323
322 512 323
512 322 329
534 327 326
327 534 535
536 537 538
536 539 537
538 540 536
541 536 540
536 541 542
542 539 536
540 538 543
543 538 544
543 544 545
546 545 544
545 546 547
546 548 547
548 546 549
546 550 549
550 546 551
551 348 550
348 551 345
350 550 348
550 350 391
391 549 550
549 391 392
552 551 546
544 552 546
553 345 551
552 553 551
345 553 343
395 549 392
549 395 548
537 553 552
553 537 339
339 343 553
552 538 537
538 552 544
539 339 537
539 542 554
542 555 554
555 542 556
556 557 555
557 556 558
558 559 557
559 558 560
556 560 558
560 556 561
542 561 556
561 542 541
394 562 395
562 394 400
562 563 395
563 562 564
564 565 563
565 564 566
566 567 565
567 566 568
568 569 567
569 568 570
400 405 562
562 571 564
571 562 405
405 572 571
573 571 572
571 573 574
574 564 571
564 574 566
572 405 404
575 574 573
574 575 576
566 576 568
576 566 574
576 570 568
577 576 575
576 577 578
570 576 578
570 579 569
579 570 580
578 580 570
581 579 580
581 580 582
580 578 582
581 582 583
578 583 582
583 578 577
584 543 585
509 584 585
509 510 584
585 506 509
506 585 503
543 503 585
503 543 502
545 502 543
502 545 504
504 545 547
586 504 547
586 498 504
498 586 587
587 495 498
495 587 491
491 587 588
588 489 491
489 588 589
489 589 407
590 586 547
548 590 547
589 591 407
407 591 402
592 593 594
595 593 592
593 595 596
597 596 595
596 597 598
597 599 598
600 599 597
597 601 600
601 597 602
597 595 602
603 602 595
603 604 602
604 603 605
603 595 606
592 606 595
602 607 601
607 602 604
605 607 604
607 605 608
609 608 605
336 610 333
610 510 333
611 612 613
611 614 612
614 611 615
615 616 614
616 615 617
617 618 616
618 617 619
620 618 619
621 620 619
621 622 620
621 623 622
624 623 621
623 624 625
625 626 623
626 625 627
628 627 625
628 625 624
627 628 629
630 629 628
631 623 626
623 631 622
632 622 631
622 632 633
622 633 620
632 634 633
633 635 620
633 634 635
634 636 635
637 635 636
635 637 620
618 620 637
638 639 640
641 638 640
638 641 642
638 642 643
638 643 644
638 644 645
638 645 646
638 647 639
640 648 641
648 640 649
639 649 640
649 650 648
650 649 651
651 652 650
652 651 653
654 652 653
652 654 655
654 656 655
656 654 657
657 658 656
658 657 659
660 659 657
659 660 661
661 662 659
658 659 662
662 661 663
663 664 662
664 663 665
666 664 665
664 666 667
668 667 666
667 668 669
670 669 668
671 670 668
670 671 672
669 670 673
674 673 670
672 674 670
673 674 675
676 675 674
675 676 677
678 677 676
677 678 679
680 677 679
677 680 681
682 679 678
679 682 683
684 683 682
683 684 685
686 683 685
683 686 687
687 679 683
679 687 680
688 685 684
685 688 689
690 689 688
689 690 691
692 689 691
689 692 693
693 685 689
685 693 686
692 694 693
694 692 695
696 694 695
694 696 697
686 698 687
698 686 699
693 699 686
699 693 694
697 699 694
700 698 699
699 697 700
698 700 701
702 687 698
701 702 698
687 702 680
703 680 702
704 703 702
702 701 704
703 704 705
680 703 681
706 681 703
681 706 707
708 681 707
681 708 677
677 708 675
709 675 708
707 709 708
675 709 673
710 673 709
709 711 710
711 709 712
709 707 712
673 710 669
707 713 712
713 707 706
712 713 714
711 712 714
704 715 705
716 705 715
705 716 717
718 705 717
705 718 703
703 718 706
719 706 718
719 713 706
720 717 716
717 720 721
721 722 717
722 719 718
722 718 717
723 722 721
722 723 724
724 719 722
725 721 720
721 725 726
715 727 716
728 727 715
715 729 728
729 715 730
715 704 730
701 730 704
730 701 731
700 731 701
731 700 732
733 731 732
731 733 734
734 730 731
730 734 729
697 732 700
732 697 735
696 735 697
735 696 736
737 735 736
735 737 738
738 732 735
732 738 733
739 736 696
695 739 696
739 695 740
740 741 739
741 740 742
740 743 742
743 740 744
695 744 740
745 743 744
743 745 746
745 747 746
747 745 748
741 749 739
736 739 749
749 741 750
751 749 750
749 751 752
753 747 748
747 753 754
753 755 754
755 753 756
691 748 745
744 691 745
748 691 690
691 744 692
744 695 692
752 736 749
736 752 737
757 756 753
748 757 753
757 748 690
690 758 757
758 690 688
758 759 757
756 757 759
759 758 760
761 760 758
688 761 758
760 761 762
763 762 761
684 763 761
761 688 684
763 684 682
762 763 764
765 764 763
682 765 763
764 765 766
767 766 765
678 767 765
765 682 678
767 678 676
766 767 768
769 768 767
768 769 770
771 770 769
770 771 772
773 772 771
772 773 774
676 775 767
767 775 769
775 771 769
775 676 674
672 773 771
771 775 672
674 672 775
773 672 671
773 776 774
776 773 777
671 777 773
777 778 776
778 777 779
780 779 777
777 671 780
779 780 781
666 781 780
781 666 665
668 780 671
780 668 666
782 778 779
778 782 783
784 783 782
783 784 785
786 785 784
785 786 787
663 781 665
781 663 788
779 788 782
788 779 781
784 789 786
789 784 790
782 790 784
790 782 788
790 660 789
660 790 661
788 661 790
661 788 663
786 791 787
791 786 792
792 793 791
793 792 794
792 795 794
786 795 792
795 786 789
795 653 794
653 795 796
789 796 795
796 789 660
657 796 660
796 657 654
796 654 653
794 797 793
797 794 798
653 798 794
798 799 797
799 798 800
798 653 651
651 800 798
800 651 649
800 647 799
647 800 639
649 639 800
801 802 803
802 801 804
802 720 803
720 802 725
716 803 720
803 716 727
805 803 727
803 805 801
727 728 805
806 725 802
725 806 807
807 726 725
726 807 808
809 808 807
808 809 810
811 807 806
807 811 809
806 812 811
812 806 813
802 813 806
813 802 804
809 814 810
814 809 815
811 815 809
815 816 814
816 817 814
817 816 818
819 818 816
818 819 820
820 821 818
821 820 822
823 818 821
818 823 817
824 822 820
822 824 825
825 824 826
827 825 826
825 827 828
827 829 828
829 827 652
827 650 652
650 827 830
830 648 650
648 830 831
820 832 824
833 824 832
833 826 824
827 834 830
834 827 826
835 830 834
830 835 831
826 836 834
836 826 833
837 834 836
834 837 835
838 833 832
833 838 839
832 840 838
840 832 819
832 820 819
819 841 840
841 819 816
816 815 841
842 840 841
840 842 843
843 838 840
844 843 842
843 844 845
846 841 815
841 846 842
815 811 846
812 846 811
846 812 847
847 842 846
842 847 844
838 848 839
848 849 839
849 848 850
843 850 848
850 843 845
838 843 848
851 839 849
839 851 852
852 833 839
833 852 836
853 836 852
836 853 837
854 852 851
852 854 853
645 837 853
837 645 644
644 835 837
835 644 643
643 831 835
831 643 642
641 831 642
831 641 648
853 646 645
646 853 854
855 856 857
855 858 856
857 859 855
860 855 859
855 860 861
861 858 855
859 857 862
862 857 863
862 863 864
865 864 863
864 865 866
865 867 866
867 865 868
865 869 868
869 865 870
870 667 869
667 870 664
669 869 667
869 669 710
710 868 869
868 710 711
871 870 865
863 871 865
872 664 870
871 872 870
664 872 662
714 868 711
868 714 867
856 872 871
872 856 658
658 662 872
871 857 856
857 871 863
858 658 856
858 861 873
861 874 873
874 861 875
875 876 874
876 875 877
877 878 876
878 877 879
875 879 877
879 875 880
861 880 875
880 861 860
713 881 714
881 713 719
881 882 714
882 881 883
883 884 882
884 883 885
885 886 884
886 885 887
887 888 886
888 887 889
719 724 881
881 890 883
890 881 724
724 891 890
892 890 891
890 892 893
893 883 890
883 893 885
891 724 723
894 893 892
893 894 895
885 895 887
895 885 893
895 889 887
896 895 894
895 896 897
889 895 897
889 898 888
898 889 899
897 899 889
900 898 899
900 899 901
899 897 901
900 901 902
897 902 901
902 897 896
903 862 904
828 903 904
828 829 903
904 825 828
825 904 822
862 822 904
822 862 821
864 821 862
821 864 823
823 864 866
905 823 866
905 817 823
817 905 906
906 814 817
814 906 810
810 906 907
907 808 810
808 907 908
808 908 726
909 905 866
867 909 866
908 910 726
726 910 721
911 912 913
914 912 911
912 914 915
916 915 914
915 916 917
916 918 917
919 918 916
916 920 919
920 916 921
916 914 921
922 921 914
922 923 921
923 922 924
922 914 925
911 925 914
921 926 920
926 921 923
924 926 923
926 924 927
928 927 924
655 929 652
929 829 652
930 931 932
930 933 931
933 930 934
934 935 933
935 934 936
936 937 935
937 936 938
939 937 938
940 939 938
940 941 939
940 942 941
943 942 940
942 943 944
944 945 942
945 944 946
947 946 944
947 944 943
946 947 948
949 948 947
950 942 945
942 950 941
951 941 950
941 951 952
941 952 939
951 953 952
952 954 939
952 953 954
953 955 954
956 954 955
954 956 939
937 939 956
957 958 959
960 958 957
957 961 960
957 962 961
957 963 962
957 964 963
957 965 964
957 959 966
967 958 960
958 967 968
968 959 958
969 968 967
968 969 970
971 970 969
970 971 972
973 972 971
971 974 973
975 973 974
973 975 976
977 976 975
976 977 978
978 979 976
979 978 980
981 980 978
977 981 978
980 981 982
983 982 981
982 983 984
983 985 984
985 983 986
986 987 985
987 986 988
988 989 987
989 990 987
990 989 991
989 988 992
992 993 989
993 991 989
993 992 994
994 995 993
995 994 996
996 997 995
997 996 998
996 999 998
999 996 1000
998 1001 997
1001 998 1002
1002 1003 1001
1003 1002 1004
1002 1005 1004
1005 1002 1006
998 1006 1002
1006 998 999
1004 1007 1003
1007 1004 1008
1008 1009 1007
1009 1008 1010
1008 1011 1010
1011 1008 1012
1004 1012 1008
1012 1004 1005
1013 1011 1012
1011 1013 1014
1013 1015 1014
1015 1013 1016
1017 1005 1006
1005 1017 1018
1012 1018 1013
1018 1012 1005
1018 1016 1013
1017 1019 1018
1016 1018 1019
1019 1017 1020
1006 1021 1017
1021 1020 1017
1021 1006 999
999 1022 1021
1022 1023 1021
1020 1021 1023
1023 1022 1024
1022 999 1000
1000 1025 1022
1025 1000 1026
1000 1027 1026
1027 1000 996
996 994 1027
994 1028 1027
1028 1026 1027
1028 994 992
992 1029 1028
1030 1028 1029
1028 1030 1031
1026 1028 1031
1029 992 988
1026 1032 1025
1032 1026 1031
1031 1033 1032
1030 1033 1031
1034 1023 1024
1023 1034 1035
1034 1036 1035
1036 1034 1037
1035 1020 1023
1020 1035 1038
1038 1019 1020
1019 1038 1039
1038 1040 1039
1040 1038 1041
1035 1041 1038
1041 1035 1036
1039 1016 1019
1016 1039 1042
1042 1015 1016
1015 1042 1043
1042 1044 1043
1044 1042 1045
1039 1045 1042
1045 1039 1040
1043 1046 1015
1046 1014 1015
1014 1046 1047
1048 1047 1046
1047 1048 1049
1050 1047 1049
1047 1050 1051
1051 1014 1047
1050 1052 1051
1052 1050 1053
1054 1052 1053
1052 1054 1055
1056 1048 1046
1046 1043 1056
1048 1056 1057
1056 1058 1057
1058 1056 1059
1054 1060 1055
1060 1054 1061
1062 1060 1061
1060 1062 1063
1055 1010 1052
1010 1051 1052
1010 1055 1009
1051 1010 1011
1014 1051 1011
1043 1059 1056
1059 1043 1044
1063 1064 1060
1065 1009 1064
1009 1065 1007
1066 1065 1064
1064 1063 1066
1065 1066 1067
1067 1068 1065
1068 1007 1065
1068 1067 1069
1069 1070 1068
1070 1003 1068
1007 1068 1003
1003 1070 1001
1070 1069 1071
1071 1072 1070
1072 1001 1070
1072 1071 1073
1073 1074 1072
1074 997 1072
1001 1072 997
997 1074 995
1074 1073 1075
1075 1076 1074
1076 1075 1077
1077 1078 1076
1078 1077 1079
1079 1080 1078
1080 1079 1081
1082 995 1074
1074 1076 1082
1078 1082 1076
995 1082 993
1080 991 1078
1082 1078 991
991 993 1082
991 1080 990
1083 1080 1081
1080 1083 1084
1084 990 1080
1085 1084 1083
1084 1085 1086
1086 1087 1084
990 1084 1087
1087 1086 1088
1088 985 1087
985 1088 984
1087 987 990
987 1087 985
1085 1089 1086
1089 1085 1090
1090 1091 1089
1091 1090 1092
1092 1093 1091
1093 1092 1094
1088 982 984
982 1088 1095
1095 1086 1089
1086 1095 1088
1096 1091 1093
1091 1096 1097
1097 1089 1091
1089 1097 1095
979 1097 1096
1097 979 980
1095 980 982
980 1095 1097
1098 1093 1094
1093 1098 1099
1100 1099 1098
1099 1100 1101
1099 1101 1102
1102 1093 1099
1093 1102 1096
972 1102 1101
1102 972 1103
1096 1103 979
1103 1096 1102
1103 976 979
976 1103 973
1103 972 973
1104 1101 1100
1101 1104 1105
1105 972 1101
1106 1105 1104
1105 1106 1107
972 1105 970
1107 970 1105
970 1107 968
966 1107 1106
1107 966 959
959 968 1107
1108 1109 1110
1109 1108 1111
1111 1112 1109
1113 1112 1111
1111 1114 1113
1114 1111 1115
1112 1113 1116
1116 1024 1112
1024 1117 1112
1109 1112 1117
1117 1024 1022
1022 1025 1117
1118 1117 1025
1118 1110 1109
1109 1117 1118
1024 1116 1034
1034 1116 1119
1119 1037 1034
1037 1119 1120
1121 1113 1114
1113 1121 1122
1116 1122 1119
1122 1116 1113
1122 1120 1119
1121 1123 1122
1120 1122 1123
1123 1121 1124
1115 1125 1114
1126 1114 1125
1114 1126 1121
1125 1127 1126
1128 1126 1127
1126 1128 1129
1129 1121 1126
1121 1129 1124
1127 1125 1130
1131 1130 1125
1130 1131 1132
1125 1115 1131
1133 1130 1132
1130 1133 1134
1134 1127 1130
1135 1134 1133
1136 1135 1133
1135 1136 1137
1137 1138 1135
1138 1137 1139
1140 1139 1137
1139 1140 1141
1142 1137 1136
1137 1142 1140
1141 1143 1139
1143 1141 1144
1144 1145 1143
1144 1146 1145
1146 1144 1147
1148 1146 1147
1146 1148 971
969 1146 971
1146 969 1149
967 1149 969
1149 967 1150
1139 1151 1138
1152 1151 1143
1152 1143 1145
1151 1139 1143
1146 1153 1145
1153 1146 1149
1149 1154 1153
1154 1149 1150
1145 1155 1152
1155 1145 1153
1153 1156 1155
1156 1153 1154
1152 1157 1151
1157 1152 1158
1151 1159 1138
1159 1151 1157
1160 1138 1159
1138 1160 1135
1134 1135 1160
1159 1161 1160
1161 1159 1162
1157 1162 1159
1162 1163 1161
1163 1162 1164
1160 1165 1134
1165 1160 1161
1127 1134 1165
1165 1128 1127
1128 1165 1166
1161 1166 1165
1166 1161 1163
1157 1158 1167
1162 1157 1167
1168 1167 1158
1167 1168 1169
1162 1169 1164
1169 1162 1167
1158 1170 1168
1170 1158 1171
1152 1171 1158
1171 1152 1155
1155 1172 1171
1172 1155 1156
1171 1173 1170
1173 1171 1172
1156 964 1172
964 1156 963
1154 963 1156
963 1154 962
1150 962 1154
962 1150 961
1150 960 961
960 1150 967
1172 965 1173
965 1172 964
1174 1175 1176
1174 1176 1177
1178 1175 1174
1174 1179 1178
1179 1174 1180
1177 1180 1174
1175 1178 1181
1181 1182 1175
1181 1183 1182
1183 1184 1182
1184 1183 1185
1186 1184 1185
1184 1186 1187
1188 1184 1187
1184 1188 1189
986 1189 1188
1189 986 983
1188 988 986
988 1188 1029
1187 1029 1188
1029 1187 1030
1190 1184 1189
1182 1184 1190
983 1191 1189
1190 1189 1191
1191 983 981
1187 1033 1030
1033 1187 1186
1191 1176 1190
1176 1191 977
977 1191 981
1175 1190 1176
1190 1175 1182
1177 1176 977
1180 1177 1192
1193 1180 1192
1180 1193 1194
1195 1194 1193
1194 1195 1196
1196 1195 1197
1197 1198 1196
1198 1194 1196
1194 1198 1199
1199 1180 1194
1180 1199 1179
1200 1032 1033
1032 1200 1118
1201 1200 1033
1200 1201 1202
1203 1202 1201
1202 1203 1204
1205 1204 1203
1204 1205 1206
1207 1206 1205
1206 1207 1208
1110 1118 1200
1200 1209 1110
1209 1200 1202
1210 1110 1209
1209 1211 1210
1211 1209 1212
1202 1212 1209
1212 1202 1204
1110 1210 1108
1212 1213 1211
1213 1212 1214
1204 1214 1212
1214 1204 1206
1208 1214 1206
1214 1215 1213
1215 1214 1216
1214 1208 1216
1217 1208 1207
1208 1217 1218
1218 1216 1208
1219 1218 1217
1219 1220 1218
1216 1218 1220
1219 1221 1220
1221 1216 1220
1216 1221 1215
1222 1223 1181
1147 1223 1222
1147 1222 1148
1144 1223 1147
1223 1144 1141
1141 1181 1223
1181 1141 1140
1140 1183 1181
1183 1140 1142
1142 1185 1183
1224 1185 1142
1224 1142 1136
1136 1225 1224
1133 1225 1136
1225 1133 1132
1132 1226 1225
1131 1226 1132
1226 1131 1227
1131 1115 1227
1228 1185 1224
1186 1185 1228
1227 1115 1229
1115 1111 1229
1230 1231 1232
1232 1233 1230
1233 1232 1234
1234 1235 1233
1235 1234 1236
1235 1236 1237
1238 1235 1237
1239 1235 1238
1235 1239 1240
1235 1240 1233
1241 1233 1240
1241 1240 1242
1242 1243 1241
1241 1244 1233
1230 1233 1244
1245 1240 1239
1240 1245 1242
1245 1243 1242
1243 1245 1246
1247 1243 1246
1064 1055 1060
1055 1064 1009
974 971 1248
1248 971 1148
1249 1250 1251
1252 1249 1251
1249 1252 1253
1254 1253 1252
1253 1254 1255
1256 1255 1254
1255 1256 1257
1256 1258 1257
1259 1257 1258
1259 1258 1260
1259 1260 1261
1261 1262 1259
1262 1261 1263
1264 1263 1261
1263 1264 1265
1265 1266 1263
1266 1262 1263
1266 1265 1267
1268 1266 1267
1269 1261 1260
1261 1269 1264
1260 1270 1269
1270 1260 1271
1260 1258 1271
1270 1271 1272
1271 1258 1273
1271 1273 1272
1272 1273 1274
1273 1275 1274
1275 1273 1258
1258 1256 1275
1118 1025 1032
1276 1277 1278
1279 1277 1276
1276 1280 1279
1276 1281 1280
1276 1282 1281
1276 1283 1282
1276 1284 1283
1276 1278 1285
1286 1277 1279
1277 1286 1287
1287 1278 1277
1288 1287 1286
1287 1288 1289
1290 1289 1288
1289 1290 1291
1292 1291 1290
1290 1293 1292
1294 1292 1293
1292 1294 1295
1296 1295 1294
1295 1296 1297
1297 1298 1295
1298 1297 1299
1300 1299 1297
1296 1300 1297
1299 1300 1301
1302 1301 1300
1301 1302 1303
1302 1304 1303
1304 1302 1305
1305 1306 1304
1306 1305 1307
1307 1308 1306
1308 1309 1306
1309 1308 1310
1308 1307 1311
1311 1312 1308
1312 1310 1308
1312 1311 1313
1313 1314 1312
1314 1313 1315
1315 1316 1314
1316 1315 1317
1315 1318 1317
1318 1315 1319
1317 1320 1316
1320 1317 1321
1321 1322 1320
1322 1321 1323
1321 1324 1323
1324 1321 1325
1317 1325 1321
1325 1317 1318
1323 1326 1322
1326 1323 1327
1327 1328 1326
1328 1327 1329
1327 1330 1329
1330 1327 1331
1323 1331 1327
1331 1323 1324
1332 1330 1331
1330 1332 1333
1332 1334 1333
1334 1332 1335
1336 1324 1325
1324 1336 1337
1331 1337 1332
1337 1331 1324
1337 1335 1332
1336 1338 1337
1335 1337 1338
1338 1336 1339
1325 1340 1336
1340 1339 1336
1340 1325 1318
1318 1341 1340
1341 1342 1340
1339 1340 1342
1342 1341 1343
1341 1318 1319
1319 1344 1341
1344 1319 1345
1319 1346 1345
1346 1319 1315
1315 1313 1346
1313 1347 1346
1347 1345 1346
1347 1313 1311
1311 1348 1347
1349 1347 1348
1347 1349 1350
1345 1347 1350
1348 1311 1307
1345 1351 1344
1351 1345 1350
1350 1352 1351
1349 1352 1350
1353 1342 1343
1342 1353 1354
1353 1355 1354
1355 1353 1356
1354 1339 1342
1339 1354 1357
1357 1338 1339
1338 1357 1358
1357 1359 1358
1359 1357 1360
1354 1360 1357
1360 1354 1355
1358 1335 1338
1335 1358 1361
1361 1334 1335
1334 1361 1362
1361 1363 1362
1363 1361 1364
1358 1364 1361
1364 1358 1359
1362 1365 1334
1365 1333 1334
1333 1365 1366
1367 1366 1365
1366 1367 1368
1369 1366 1368
1366 1369 1370
1370 1333 1366
1369 1371 1370
1371 1369 1372
1373 1371 1372
1371 1373 1374
1375 1367 1365
1365 1362 1375
1367 1375 1376
1375 1377 1376
1377 1375 1378
1373 1379 1374
1379 1373 1380
1381 1379 1380
1379 1381 1382
1374 1329 1371
1329 1370 1371
1329 1374 1328
1370 1329 1330
1333 1370 1330
1362 1378 1375
1378 1362 1363
1382 1383 1379
1384 1328 1383
1328 1384 1326
1385 1384 1383
1383 1382 1385
1384 1385 1386
1386 1387 1384
1387 1326 1384
1387 1386 1388
1388 1389 1387
1389 1322 1387
1326 1387 1322
1322 1389 1320
1389 1388 1390
1390 1391 1389
1391 1320 1389
1391 1390 1392
1392 1393 1391
1393 1316 1391
1320 1391 1316
1316 1393 1314
1393 1392 1394
1394 1395 1393
1395 1394 1396
1396 1397 1395
1397 1396 1398
1398 1399 1397
1399 1398 1400
1401 1314 1393
1393 1395 1401
1397 1401 1395
1314 1401 1312
1399 1310 1397
1401 1397 1310
1310 1312 1401
1310 1399 1309
1402 1399 1400
1399 1402 1403
1403 1309 1399
1404 1403 1402
1403 1404 1405
1405 1406 1403
1309 1403 1406
1406 1405 1407
1407 1304 1406
1304 1407 1303
1406 1306 1309
1306 1406 1304
1404 1408 1405
1408 1404 1409
1409 1410 1408
1410 1409 1411
1411 1412 1410
1412 1411 1413
1407 1301 1303
1301 1407 1414
1414 1405 1408
1405 1414 1407
1415 1410 1412
1410 1415 1416
1416 1408 1410
1408 1416 1414
1298 1416 1415
1416 1298 1299
1414 1299 1301
1299 1414 1416
1417 1412 1413
1412 1417 1418
1419 1418 1417
1418 1419 1420
1418 1420 1421
1421 1412 1418
1412 1421 1415
1291 1421 1420
1421 1291 1422
1415 1422 1298
1422 1415 1421
1422 1295 1298
1295 1422 1292
1422 1291 1292
1423 1420 1419
1420 1423 1424
1424 1291 1420
1425 1424 1423
1424 1425 1426
1291 1424 1289
1426 1289 1424
1289 1426 1287
1285 1426 1425
1426 1285 1278
1278 1287 1426
1427 1428 1429
1428 1427 1430
1430 1431 1428
1432 1431 1430
1430 1433 1432
1433 1430 1434
1431 1432 1435
1435 1343 1431
1343 1436 1431
1428 1431 1436
1436 1343 1341
1341 1344 1436
1437 1436 1344
1437 1429 1428
1428 1436 1437
1343 1435 1353
1353 1435 1438
1438 1356 1353
1356 1438 1439
1440 1432 1433
1432 1440 1441
1435 1441 1438
1441 1435 1432
1441 1439 1438
1440 1442 1441
1439 1441 1442
1442 1440 1443
1434 1444 1433
1445 1433 1444
1433 1445 1440
1444 1446 1445
1447 1445 1446
1445 1447 1448
1448 1440 1445
1440 1448 1443
1446 1444 1449
1450 1449 1444
1449 1450 1451
1444 1434 1450
1452 1449 1451
1449 1452 1453
1453 1446 1449
1454 1453 1452
1455 1454 1452
1454 1455 1456
1456 1457 1454
1457 1456 1458
1459 1458 1456
1458 1459 1460
1461 1456 1455
1456 1461 1459
1460 1462 1458
1462 1460 1463
1463 1464 1462
1463 1465 1464
1465 1463 1466
1467 1465 1466
1465 1467 1290
1288 1465 1290
1465 1288 1468
1286 1468 1288
1468 1286 1469
1458 1470 1457
1471 1470 1462
1471 1462 1464
1470 1458 1462
1465 1472 1464
1472 1465 1468
1468 1473 1472
1473 1468 1469
1464 1474 1471
1474 1464 1472
1472 1475 1474
1475 1472 1473
1471 1476 1470
1476 1471 1477
1470 1478 1457
1478 1470 1476
1479 1457 1478
1457 1479 1454
1453 1454 1479
1478 1480 1479
1480 1478 1481
1476 1481 1478
1481 1482 1480
1482 1481 1483
1479 1484 1453
1484 1479 1480
1446 1453 1484
1484 1447 1446
1447 1484 1485
1480 1485 1484
1485 1480 1482
1476 1477 1486
1481 1476 1486
1487 1486 1477
1486 1487 1488
1481 1488 1483
1488 1481 1486
1477 1489 1487
1489 1477 1490
1471 1490 1477
1490 1471 1474
1474 1491 1490
1491 1474 1475
1490 1492 1489
1492 1490 1491
1475 1283 1491
1283 1475 1282
1473 1282 1475
1282 1473 1281
1469 1281 1473
1281 1469 1280
1469 1279 1280
1279 1469 1286
1491 1284 1492
1284 1491 1283
1493 1494 1495
1493 1495 1496
1497 1494 1493
1493 1498 1497
1498 1493 1499
1496 1499 1493
1494 1497 1500
1500 1501 1494
1500 1502 1501
1502 1503 1501
1503 1502 1504
1505 1503 1504
1503 1505 1506
1507 1503 1506
1503 1507 1508
1305 1508 1507
1508 1305 1302
1507 1307 1305
1307 1507 1348
1506 1348 1507
1348 1506 1349
1509 1503 1508
1501 1503 1509
1302 1510 1508
1509 1508 1510
1510 1302 1300
1506 1352 1349
1352 1506 1505
1510 1495 1509
1495 1510 1296
1296 1510 1300
1494 1509 1495
1509 1494 1501
1496 1495 1296
1499 1496 1511
1512 1499 1511
1499 1512 1513
1514 1513 1512
1513 1514 1515
1515 1514 1516
1516 1517 1515
1517 1513 1515
1513 1517 1518
1518 1499 1513
1499 1518 1498
1519 1351 1352
1351 1519 1437
1520 1519 1352
1519 1520 1521
1522 1521 1520
1521 1522 1523
1524 1523 1522
1523 1524 1525
1526 1525 1524
1525 1526 1527
1429 1437 1519
1519 1528 1429
1528 1519 1521
1529 1429 1528
1528 1530 1529
1530 1528 1531
1521 1531 1528
1531 1521 1523
1429 1529 1427
1531 1532 1530
1532 1531 1533
1523 1533 1531
1533 1523 1525
1527 1533 1525
1533 1534 1532
1534 1533 1535
1533 1527 1535
1536 1527 1526
1527 1536 1537
1537 1535 1527
1538 1537 1536
1538 1539 1537
1535 1537 1539
1538 1540 1539
1540 1535 1539
1535 1540 1534
1541 1542 1500
1466 1542 1541
1466 1541 1467
1463 1542 1466
1542 1463 1460
1460 1500 1542
1500 1460 1459
1459 1502 1500
1502 1459 1461
1461 1504 1502
1543 1504 1461
1543 1461 1455
1455 1544 1543
1452 1544 1455
1544 1452 1451
1451 1545 1544
1450 1545 1451
1545 1450 1546
1450 1434 1546
1547 1504 1543
1505 1504 1547
1546 1434 1548
1434 1430 1548
1549 1550 1551
1551 1552 1549
1552 1551 1553
1553 1554 1552
1554 1553 1555
1554 1555 1556
1557 1554 1556
1558 1554 1557
1554 1558 1559
1554 1559 1552
1560 1552 1559
1560 1559 1561
1561 1562 1560
1560 1563 1552
1549 1552 1563
1564 1559 1558
1559 1564 1561
1564 1562 1561
1562 1564 1565
1566 1562 1565
1383 1374 1379
1374 1383 1328
1293 1290 1567
1567 1290 1467
1568 1569 1570
1571 1568 1570
1568 1571 1572
1573 1572 1571
1572 1573 1574
1575 1574 1573
1574 1575 1576
1575 1577 1576
1578 1576 1577
1578 1577 1579
1578 1579 1580
1580 1581 1578
1581 1580 1582
1583 1582 1580
1582 1583 1584
1584 1585 1582
1585 1581 1582
1585 1584 1586
1587 1585 1586
1588 1580 1579
1580 1588 1583
1579 1589 1588
1589 1579 1590
1579 1577 1590
1589 1590 1591
1590 1577 1592
1590 1592 1591
1591 1592 1593
1592 1594 1593
1594 1592 1577
1577 1575 1594
1437 1344 1351
