byte offset: 0
first index: 0
index count: 6324
topology: trianglelist
format: DXGI_FORMAT_R16_UINT

0 1 2
0 2 3
2 4 3
4 2 5
6 4 5
4 6 3
6 5 7
7 8 6
6 8 9
9 10 6
10 11 6
11 3 6
11 10 12
0 3 12
12 3 11
13 0 12
14 15 16
17 14 16
17 16 18
19 17 18
19 18 20
21 22 23
21 23 24
25 21 24
25 24 26
26 27 25
26 28 27
29 27 28
29 28 30
31 29 30
31 30 32
33 31 32
33 32 34
35 33 34
36 33 35
36 35 37
38 37 35
37 39 36
37 40 39
41 40 37
41 42 40
40 42 43
40 43 44
45 37 38
37 45 41
40 44 46
40 46 39
43 42 47
48 43 47
48 47 49
49 47 50
51 50 47
51 47 52
51 52 53
51 53 54
51 54 55
56 55 54
56 54 57
58 56 57
58 57 59
60 51 61
62 63 61
62 61 64
65 64 61
65 66 64
67 66 65
67 68 66
62 69 63
63 69 70
63 70 71
72 71 70
73 72 70
73 70 74
74 70 75
76 74 75
77 76 75
77 78 76
76 79 74
78 80 76
78 81 80
76 80 82
76 82 79
81 78 83
81 83 84
85 83 78
78 86 85
86 78 77
83 87 84
84 87 88
84 88 31
31 88 89
31 89 29
29 89 90
29 90 27
91 27 90
91 25 27
25 91 92
25 92 21
21 92 93
21 93 22
93 94 22
22 94 95
22 95 23
93 96 94
97 98 99
97 99 100
101 97 100
101 100 102
102 103 101
98 104 99
98 105 104
106 107 108
106 108 109
110 106 109
110 109 111
112 110 111
112 111 113
108 107 114
115 112 113
115 113 116
38 115 116
38 116 117
118 119 120
120 119 121
120 121 122
123 122 121
123 124 122
125 124 123
126 124 125
126 127 124
127 128 124
127 129 128
124 128 130
124 130 131
131 130 132
131 132 133
131 133 134
134 133 135
136 137 127
137 138 127
138 139 127
127 139 140
141 127 140
127 142 136
143 144 145
146 147 148
149 150 151
149 151 152
149 152 153
153 152 154
153 154 155
155 154 156
155 156 157
158 156 159
158 159 160
159 161 160
159 162 161
163 164 161
163 161 165
166 164 163
166 167 164
168 169 170
168 170 171
171 170 172
171 172 173
173 172 174
173 174 175
175 174 176
175 176 177
177 176 178
179 169 168
179 180 169
181 182 179
181 183 182
183 181 184
183 184 185
186 187 188
186 188 189
186 190 187
186 191 190
192 190 191
193 194 195
193 195 196
193 196 197
198 196 195
199 198 195
199 195 194
194 200 199
201 197 196
201 196 202
198 202 196
201 202 203
204 203 202
204 202 198
203 204 205
206 207 208
209 206 210
210 211 209
210 212 211
213 209 211
213 211 214
209 213 215
215 213 216
213 217 216
217 213 218
217 218 219
206 220 210
210 220 221
221 222 210
221 223 222
224 220 207
224 207 225
226 227 216
228 226 229
229 230 228
231 228 230
231 230 232
228 231 233
233 231 208
231 234 208
234 231 235
234 235 236
229 237 230
226 238 229
229 238 239
239 240 229
239 241 240
242 238 227
242 227 243
244 245 208
244 246 245
233 220 245
215 238 247
248 249 247
248 247 216
250 251 252
250 252 253
251 254 252
251 255 254
251 256 255
251 257 256
258 257 251
258 259 257
260 253 252
260 252 261
261 252 254
261 254 262
261 262 263
261 263 264
265 261 264
265 264 266
267 268 269
267 270 268
268 271 269
269 271 272
272 271 273
273 271 274
273 274 275
275 274 276
277 276 274
278 277 274
278 274 279
280 278 279
281 280 279
281 279 282
270 283 268
270 284 283
284 285 283
285 286 283
285 287 286
287 288 286
289 286 288
290 286 289
290 291 286
282 291 292
293 291 290
292 291 293
294 281 282
294 282 292
295 296 297
298 297 296
298 299 297
299 298 300
299 300 301
302 303 304
302 304 305
306 303 302
306 307 303
307 306 308
304 309 305
304 310 309
311 312 313
311 313 314
315 312 311
315 316 312
317 316 315
317 318 316
313 319 314
320 318 317
320 321 318
321 320 322
321 322 323
324 325 326
325 327 326
325 328 327
329 327 328
329 328 330
331 329 330
332 331 330
332 330 333
333 330 334
333 334 335
330 336 334
330 337 336
337 338 336
337 339 338
337 340 339
340 341 339
342 333 343
343 333 344
344 333 345
333 346 345
347 346 333
348 333 342
349 350 351
352 353 354
355 356 357
355 358 356
355 359 358
359 360 358
359 361 360
361 362 360
361 363 362
364 365 362
364 366 365
365 366 367
365 367 368
369 370 367
369 367 371
372 369 371
372 371 373
374 375 376
374 376 377
375 378 376
375 379 378
379 380 378
379 381 380
381 382 380
381 383 382
383 384 382
385 374 377
385 377 386
387 385 388
387 388 389
389 390 387
389 391 390
392 393 394
392 394 395
392 395 396
392 396 397
398 397 396
399 400 401
399 402 400
399 403 402
404 400 402
405 401 400
405 400 404
401 405 406
407 402 403
407 408 402
404 402 408
407 409 408
410 404 408
410 408 409
409 411 410
412 413 414
412 414 415
415 414 416
415 416 417
415 417 418
415 418 419
420 415 419
420 419 421
422 414 413
422 423 414
423 416 414
423 424 416
423 425 424
423 426 425
427 426 423
427 428 426
429 430 431
430 432 431
431 432 433
433 434 431
434 433 435
436 434 435
435 437 436
433 432 438
430 439 432
430 440 439
439 441 432
441 435 432
438 441 442
441 439 442
438 442 443
443 444 438
445 446 447
448 449 450
448 450 451
451 450 452
451 452 453
454 455 456
454 456 457
458 455 454
458 459 455
459 458 460
459 460 461
462 461 460
462 463 461
464 463 462
464 465 463
466 465 464
466 467 465
468 467 466
469 468 466
469 470 468
471 468 470
470 469 472
470 472 473
470 474 471
473 474 470
475 474 473
475 473 476
473 477 476
473 478 477
473 472 479
473 479 478
477 480 476
481 480 477
481 482 480
482 483 480
484 480 483
484 485 480
486 485 484
486 484 487
486 487 488
489 488 487
489 490 488
491 490 489
491 492 490
484 493 494
495 494 496
495 496 497
498 495 497
498 497 499
500 496 494
501 500 487
500 502 496
500 503 502
500 504 503
500 505 504
506 504 505
507 504 506
507 508 504
508 509 504
510 509 508
511 509 510
511 510 512
510 508 513
512 510 514
512 514 515
510 513 516
510 516 514
515 517 512
515 518 517
519 512 517
520 512 519
512 520 511
517 518 521
518 522 521
518 464 522
464 523 522
464 524 523
524 525 523
524 526 525
527 525 526
527 526 528
528 529 527
528 530 529
530 531 529
530 457 531
531 457 532
531 532 533
457 456 534
457 534 535
536 537 538
536 538 539
540 537 536
540 541 537
541 540 542
539 538 543
539 543 544
545 546 547
545 547 548
549 546 545
549 550 546
551 550 549
551 552 550
547 553 548
554 552 551
554 555 552
555 554 471
555 471 556
557 558 559
558 560 559
558 561 560
562 560 561
562 561 563
564 562 563
565 564 563
565 563 566
566 563 567
566 567 568
563 569 567
563 570 569
570 571 569
570 572 571
570 573 572
573 574 572
575 566 576
576 566 577
577 566 578
566 579 578
580 579 566
581 566 575
582 583 584
585 586 587
588 589 590
588 591 589
588 592 591
592 593 591
592 594 593
594 595 593
594 596 595
597 598 595
597 599 598
598 599 600
598 600 601
602 603 600
602 600 604
605 602 604
605 604 606
607 608 609
607 609 610
608 611 609
608 612 611
612 613 611
612 614 613
614 615 613
614 616 615
616 617 615
618 607 610
618 610 619
620 618 621
620 621 622
622 623 620
622 624 623
625 626 627
625 627 628
625 628 629
625 629 630
631 630 629
632 633 634
635 636 637
635 637 638
638 639 635
638 640 639
641 642 643
641 643 644
645 641 644
645 644 646
646 647 645
643 642 648
643 648 649
650 651 652
650 652 653
654 650 653
654 653 655
656 654 655
656 655 657
652 651 658
659 656 657
659 657 660
661 659 660
661 660 662
663 664 665
665 664 666
665 666 667
668 667 666
668 669 667
670 669 668
671 669 670
671 672 669
672 673 669
672 674 673
669 673 675
669 675 676
676 675 677
676 677 678
676 678 679
679 678 680
681 682 672
682 683 672
683 684 672
672 684 685
686 672 685
672 687 681
688 689 690
691 692 693
694 695 696
694 696 697
694 697 698
698 697 699
698 699 700
700 699 701
700 701 702
703 701 704
703 704 705
704 706 705
704 707 706
708 709 706
708 706 710
711 709 708
711 712 709
713 714 715
713 715 716
716 715 717
716 717 718
718 717 719
718 719 720
720 719 721
720 721 722
722 721 723
724 714 713
724 725 714
726 727 724
726 728 727
728 726 729
728 729 730
731 732 733
731 733 734
731 735 732
731 736 735
737 735 736
738 739 740
738 740 741
738 741 742
738 742 743
743 742 744
744 742 745
744 745 746
744 746 747
747 746 748
747 748 749
749 748 750
739 751 740
751 739 752
753 751 752
754 751 753
740 751 754
754 753 755
755 753 756
753 752 757
758 759 760
758 760 761
761 760 762
761 762 763
763 762 764
763 764 765
765 764 766
765 766 767
768 759 758
768 769 759
770 767 766
770 771 767
772 769 768
773 774 775
775 774 776
775 776 777
773 778 774
776 774 779
774 778 780
774 780 779
777 776 781
782 783 784
785 782 784
785 784 786
785 786 787
785 787 788
787 789 788
787 790 789
789 790 791
784 783 792
783 793 792
792 793 794
795 796 797
795 797 798
798 797 799
798 799 800
801 802 800
803 804 805
803 805 806
803 807 804
803 808 807
808 809 807
809 810 807
809 811 810
809 812 811
812 813 811
812 814 813
814 815 813
806 805 816
816 817 806
805 818 816
818 819 816
819 817 816
818 820 819
820 821 819
819 822 817
823 824 825
823 825 826
824 827 825
824 828 827
828 829 827
828 830 829
830 831 829
830 832 831
833 823 826
833 826 834
835 831 832
835 832 836
837 833 834
838 839 840
839 841 840
839 842 841
838 840 843
841 844 840
840 844 845
840 845 843
841 842 846
847 848 849
850 848 847
850 851 848
850 852 851
850 853 852
852 853 854
852 854 855
854 856 855
848 857 849
849 857 858
857 859 858
860 861 862
860 862 863
861 864 862
861 865 864
866 865 867
868 869 870
871 872 873
874 875 876
877 878 879
880 881 882
880 882 883
880 884 881
880 885 884
885 886 884
886 887 884
886 888 887
886 889 888
889 890 888
889 891 890
891 892 890
883 882 893
893 894 883
895 894 893
896 895 893
882 896 893
896 897 895
897 898 895
895 899 894
900 901 902
900 902 903
901 904 902
901 905 904
905 906 904
905 907 906
907 908 906
907 909 908
910 900 903
910 903 911
912 908 909
912 909 913
914 910 911
915 916 917
916 918 917
916 919 918
915 917 920
918 921 917
917 921 922
917 922 920
918 919 923
924 925 926
927 925 924
927 928 925
927 929 928
927 930 929
929 930 931
929 931 932
931 933 932
925 934 926
926 934 935
934 936 935
937 938 939
937 939 940
938 941 939
938 942 941
943 942 944
945 946 947
945 947 948
945 948 949
945 949 950
950 949 951
951 949 952
951 952 953
951 953 954
954 953 955
954 955 956
956 955 957
946 958 947
958 946 959
947 958 960
960 958 961
961 958 959
960 961 962
962 961 963
961 959 964
965 966 967
965 967 968
968 967 969
968 969 970
970 969 971
970 971 972
972 971 973
972 973 974
975 966 965
975 976 966
977 974 973
977 978 974
979 976 975
980 981 982
982 981 983
982 983 984
980 985 981
983 981 986
981 985 987
981 987 986
984 983 988
989 990 991
992 989 991
992 991 993
992 993 994
992 994 995
994 996 995
994 997 996
996 997 998
991 990 999
990 1000 999
999 1000 1001
1002 1003 1004
1002 1004 1005
1005 1004 1006
1005 1006 1007
1008 1009 1007
1010 1011 1012
1013 1014 1015
1016 1017 1018
1019 1020 1021
1022 1023 1024
1022 1024 1025
1022 1025 1026
1027 1028 1024
1027 1029 1028
1024 1028 1030
1024 1030 1031
1024 1031 1032
1033 1034 1035
1033 1035 1036
1035 1037 1036
1038 1034 1033
1038 1039 1034
1039 1038 1040
1036 1037 1041
1041 1037 1042
1037 1043 1042
1037 1044 1043
1044 1045 1043
1044 1046 1045
1045 1046 1047
1047 1048 1045
1047 1049 1048
1048 1049 1050
1048 1050 1051
1052 1051 1050
1053 1051 1052
1052 1054 1053
1055 1051 1053
1056 1051 1055
1056 1055 1057
1055 1053 1058
1057 1059 1043
1058 1053 1060
1053 1054 1061
1061 1054 1062
1062 1054 1063
1064 1053 1065
1053 1066 1065
1067 1064 1068
1064 1069 1068
1070 1071 1072
1073 1072 1071
1073 1074 1072
1073 1075 1074
1076 1075 1073
1077 1075 1076
1077 1076 1078
1077 1078 1079
1079 1078 1080
1080 1078 1081
1082 1080 1081
1082 1083 1080
1083 1084 1080
1079 1080 1084
1083 1085 1084
1086 1085 1083
1086 1083 1087
1087 1083 1082
1088 1086 1087
1088 1087 1089
1090 1088 1089
1090 1089 1091
1092 1090 1091
1092 1091 1093
1094 1092 1093
1094 1093 1095
1096 1094 1095
1096 1095 1097
1098 1096 1097
1098 1097 1099
1089 1087 1100
1089 1100 1101
1091 1089 1101
1091 1101 1102
1093 1091 1102
1095 1093 1103
1093 1102 1103
1095 1103 1104
1097 1095 1104
1097 1104 1105
1099 1097 1105
1099 1105 1106
1107 1099 1106
1108 1099 1107
1087 1082 1100
1109 1110 1111
1109 1111 1112
1113 1109 1112
1113 1114 1109
1114 1113 1115
1111 1110 1116
1116 1110 1117
1117 1118 1116
1119 1118 1117
1119 1117 1120
1120 1121 1119
1119 1121 1122
1121 1123 1122
1114 1115 1124
1125 1124 1115
1125 1126 1124
1126 1127 1128
1126 1128 1129
1125 1130 1127
1125 1127 1131
1127 1130 1132
1127 1132 1133
1132 1134 1133
1132 1135 1134
1134 1135 1136
1129 1128 1137
1138 1129 1137
1139 1138 1137
1140 1138 1139
1140 1139 1141
1139 1142 1141
1139 1047 1142
1140 1141 1143
1144 1145 1146
1144 1146 1147
1146 1148 1147
1146 1149 1148
1150 1148 1149
1150 1149 1151
1145 1144 1152
1145 1152 1153
1154 1153 1152
1154 1155 1153
1156 1155 1154
1151 1157 1150
1151 1158 1157
1151 1159 1158
1160 1161 1158
1160 1162 1161
1162 1163 1161
1162 1164 1163
1162 1165 1164
1165 1166 1164
1167 1168 1169
1167 1169 1170
1167 1170 1171
1167 1171 1172
1173 1172 1171
1173 1171 1174
1175 1176 1177
1175 1177 1178
1178 1177 1179
1178 1179 1180
1175 1181 1176
1181 1182 1176
1181 1183 1182
1175 1184 1181
1175 1178 1185
1175 1185 1186
1178 1180 1187
1178 1187 1185
1175 1186 1188
1175 1188 1184
1188 1186 1189
1188 1189 1190
1180 1191 1192
1180 1192 1193
1192 1194 1193
1195 1193 1194
1180 1193 1195
1180 1195 1196
1197 1198 1199
1197 1199 1200
1197 1200 1201
1202 1200 1199
1202 1203 1200
1204 1203 1202
1204 1202 1205
1206 1204 1205
1206 1205 1207
1208 1206 1207
1208 1207 1209
1210 1201 1200
1204 1211 1203
1211 1200 1203
1204 1212 1211
1206 1212 1204
1208 1213 1206
1206 1213 1212
1208 1214 1213
1211 1215 1200
1210 1200 1215
1210 1215 1216
1217 1208 1218
1217 1218 1219
1220 1217 1219
1220 1219 1221
1222 1220 1221
1222 1221 1223
1217 1224 1208
1217 1225 1224
1220 1225 1217
1220 1226 1225
1222 1226 1220
1222 1227 1226
1228 1229 1223
1228 1227 1229
1228 1223 1230
1231 1228 1230
1230 1232 1231
1230 1233 1232
1228 1234 1227
1235 1234 1228
1234 1235 1236
1234 1236 1237
1238 1239 1240
1238 1240 1241
1241 1240 1242
1241 1242 1243
1238 1244 1239
1238 1245 1244
1246 1244 1245
1246 1245 1247
1238 1241 1248
1238 1248 1249
1241 1243 1250
1241 1250 1248
1238 1249 1251
1238 1251 1245
1252 1247 1245
1252 1245 1251
1253 1246 1254
1253 1254 1255
1255 1256 1253
1255 1257 1256
1256 1257 1258
1259 1255 1254
1259 1254 1252
1255 1259 1260
1255 1260 1257
1260 1258 1257
1261 1262 1263
1261 1263 1264
1261 1264 1265
1266 1267 1268
1266 1268 1269
1269 1268 1270
1269 1270 1271
1272 1268 1267
1273 1270 1268
1274 1273 1268
1274 1268 1275
1272 1275 1268
1273 1276 1270
1277 1278 1279
1280 1281 1282
1281 1283 1282
1280 1282 1284
1285 1286 1287
1287 1286 1288
1289 1287 1288
1290 1291 1292
1292 1291 1293
1293 1291 1294
1293 1294 1295
1292 1296 1290
1294 1297 1295
1294 1298 1297
1297 1298 1299
1298 1300 1299
1299 1300 1301
1300 1302 1301
1303 1304 1305
1305 1304 1306
1305 1306 1307
1307 1306 1308
1307 1308 1309
1308 1310 1311
1308 1311 1312
1313 1310 1314
1315 1316 1317
1317 1316 1318
1319 1317 1318
1319 1318 1320
1320 1321 1319
1319 1321 1322
1319 1322 1323
1315 1317 1324
1325 1315 1324
1325 1326 1315
1315 1326 1327
1315 1327 1328
1327 1329 1328
1327 1330 1329
1330 1331 1329
1330 1332 1331
1331 1332 1333
1331 1333 1334
1333 1335 1334
1334 1335 1336
1334 1336 1337
1336 1338 1337
1324 1339 1325
1340 1341 1342
1343 1344 1345
1346 1347 1348
1346 1348 1349
1350 1348 1347
1350 1351 1348
1346 1352 1347
1350 1347 1352
1346 1353 1352
1350 1352 1354
1355 1356 1346
1357 1356 1355
1357 1358 1356
1355 1346 1359
1360 1346 1356
1361 1360 1356
1361 1356 1358
1360 1362 1346
1363 1358 1364
1358 1365 1366
1367 1368 1369
1368 1370 1369
1369 1370 1371
1369 1371 1372
1371 1373 1374
1375 1376 1377
1375 1377 1378
1376 1379 1377
1375 1378 1380
1375 1380 1381
1381 1380 1382
1383 1378 1377
1383 1380 1378
1383 1377 1384
1384 1377 1379
1383 1385 1380
1385 1386 1380
1382 1380 1387
1380 1386 1387
1387 1388 1382
1387 1386 1388
1389 1390 1391
1389 1391 1392
1389 1393 1390
1394 1395 1396
1397 1395 1394
1394 1396 1398
1399 1398 1396
1399 1400 1398
1401 1400 1399
1402 1403 1404
1402 1404 1405
1406 1405 1404
1406 1404 1407
1408 1409 1410
1408 1410 1411
1408 1412 1409
1413 1412 1408
1413 1414 1412
1413 1415 1414
1416 1417 1411
1418 1419 1420
1418 1420 1421
1420 1419 1422
1420 1422 1423
1418 1421 1424
1425 1423 1422
1426 1427 1428
1428 1429 1426
1430 1431 1432
1430 1432 1433
1434 1435 1436
1434 1436 1437
1438 1439 1440
1441 1442 1443
1441 1443 1444
1441 1445 1442
1444 1443 1446
1444 1446 1447
1443 1448 1446
1443 1449 1448
1443 1450 1449
1451 1452 1453
1451 1453 1454
1453 1452 1455
1456 1451 1454
1456 1454 1457
1457 1458 1456
1455 1452 1459
1459 1460 1455
1455 1460 1461
1455 1461 1462
1462 1461 1463
1462 1463 1464
1465 1463 1466
1463 1465 1467
1468 1467 1465
1468 1469 1467
1470 1469 1468
1471 1470 1468
1470 1472 1469
1465 1466 1473
1471 1468 1474
1471 1474 1475
1475 1474 1476
1477 1475 1476
1477 1476 1478
1479 1480 1478
1479 1478 1481
1481 1478 1482
1482 1478 1483
1482 1483 1484
1482 1484 1485
1484 1486 1485
1479 1487 1477
1479 1488 1487
1489 1487 1488
1489 1488 1490
1490 1491 1489
1490 1492 1491
1491 1492 1493
1491 1493 1494
1493 1495 1494
1495 1496 1494
1496 1495 1497
1498 1496 1497
1498 1499 1496
1499 1498 1500
1498 1501 1500
1500 1501 1502
1503 1504 1505
1506 1505 1504
1506 1504 1507
1506 1507 1508
1508 1509 1506
1510 1509 1508
1510 1511 1509
1510 1512 1511
1512 1513 1511
1513 1514 1511
1515 1514 1513
1515 1513 1516
1516 1513 1517
1512 1517 1513
1516 1517 1518
1519 1516 1518
1519 1520 1516
1520 1515 1516
1521 1520 1519
1521 1522 1520
1523 1522 1521
1523 1524 1522
1525 1524 1523
1525 1526 1524
1527 1526 1525
1527 1528 1526
1529 1528 1527
1529 1530 1528
1531 1530 1529
1531 1532 1530
1522 1533 1520
1522 1534 1533
1524 1534 1522
1524 1535 1534
1526 1535 1524
1528 1536 1526
1526 1536 1535
1528 1537 1536
1530 1537 1528
1530 1538 1537
1532 1538 1530
1532 1539 1538
1540 1539 1532
1541 1540 1532
1520 1533 1515
1542 1543 1544
1542 1544 1545
1544 1543 1546
1544 1546 1547
1548 1547 1546
1548 1549 1547
1545 1550 1542
1545 1551 1550
1552 1550 1551
1552 1551 1553
1549 1548 1554
1549 1554 1555
1549 1555 1556
1556 1555 1557
1556 1557 1558
1558 1557 1559
1558 1559 1560
1558 1560 1561
1561 1560 1562
1563 1552 1564
1565 1566 1567
1565 1567 1568
1565 1569 1566
1565 1570 1569
1571 1569 1570
1571 1572 1569
1573 1574 1575
1573 1575 1576
1574 1577 1575
1574 1578 1577
1573 1576 1579
1579 1576 1580
1579 1580 1581
1573 1579 1582
1573 1583 1574
1573 1584 1583
1574 1583 1585
1574 1585 1578
1573 1582 1586
1573 1586 1584
1586 1587 1584
1586 1588 1587
1578 1589 1590
1590 1589 1591
1578 1590 1592
1593 1591 1589
1578 1593 1589
1578 1594 1593
1595 1596 1597
1595 1598 1596
1599 1597 1596
1599 1596 1600
1601 1599 1600
1601 1602 1599
1603 1602 1601
1603 1604 1602
1605 1604 1603
1605 1606 1604
1595 1597 1607
1608 1596 1598
1608 1609 1596
1601 1600 1610
1610 1600 1596
1610 1596 1609
1601 1610 1611
1603 1601 1611
1605 1603 1612
1603 1611 1612
1605 1612 1613
1608 1614 1609
1615 1616 1605
1615 1617 1616
1618 1617 1615
1618 1619 1617
1620 1619 1618
1620 1621 1619
1618 1615 1622
1615 1623 1622
1615 1605 1623
1618 1622 1624
1620 1618 1624
1620 1624 1625
1626 1627 1621
1628 1627 1626
1627 1628 1629
1627 1629 1630
1626 1621 1631
1626 1631 1625
1626 1625 1632
1633 1626 1632
1632 1634 1633
1632 1635 1634
1636 1637 1638
1636 1638 1639
1637 1640 1638
1637 1641 1640
1636 1639 1642
1636 1642 1643
1644 1643 1642
1644 1645 1643
1636 1646 1637
1636 1647 1646
1637 1646 1648
1637 1648 1641
1636 1643 1649
1636 1649 1647
1650 1649 1643
1650 1643 1645
1651 1652 1644
1651 1653 1652
1653 1651 1654
1653 1654 1655
1654 1656 1655
1657 1650 1652
1657 1652 1653
1653 1655 1658
1653 1658 1657
1658 1655 1656
1659 1660 1661
1659 1662 1660
1659 1663 1662
1664 1665 1666
1664 1666 1667
1665 1668 1666
1665 1669 1668
1670 1667 1666
1671 1666 1668
1672 1666 1671
1672 1673 1666
1670 1666 1673
1671 1668 1674
1675 1676 1677
1678 1679 1680
1678 1680 1681
1681 1680 1682
1683 1684 1685
1684 1686 1685
1687 1686 1684
1688 1689 1690
1689 1691 1690
1691 1692 1690
1691 1693 1692
1692 1693 1694
1695 1689 1688
1692 1694 1696
1696 1694 1697
1696 1697 1698
1697 1699 1698
1698 1699 1700
1701 1702 1703
1702 1704 1703
1702 1705 1704
1705 1706 1704
1705 1707 1706
1706 1708 1709
1706 1709 1710
1711 1712 1710
1713 1714 1715
1713 1715 1716
1715 1717 1716
1718 1717 1715
1718 1719 1717
1719 1718 1720
1718 1721 1720
1718 1722 1721
1723 1713 1724
1713 1725 1724
1713 1726 1725
1725 1726 1727
1725 1727 1728
1728 1727 1729
1728 1729 1730
1729 1731 1730
1729 1732 1731
1731 1732 1733
1732 1734 1733
1732 1735 1734
1736 1735 1737
1738 1723 1739
1723 1738 1713
1740 1741 1742
1743 1744 1745
1746 1747 1748
1746 1748 1749
1746 1749 1750
1746 1750 1751
1752 1746 1753
1754 1752 1753
1754 1753 1755
1752 1756 1746
1757 1753 1746
1758 1755 1753
1758 1753 1757
1757 1746 1759
1760 1749 1761
1760 1761 1762
1760 1763 1749
1760 1764 1763
1765 1755 1766
1755 1767 1768
1769 1770 1771
1771 1770 1772
1773 1772 1770
1773 1770 1774
1773 1775 1776
1777 1778 1779
1777 1779 1780
1780 1779 1781
1777 1782 1778
1777 1783 1782
1784 1779 1778
1784 1785 1779
1785 1781 1779
1784 1778 1786
1783 1787 1786
1783 1788 1787
1787 1788 1789
1784 1786 1790
1790 1782 1787
1790 1787 1791
1787 1789 1791
1792 1793 1794
1792 1794 1795
1792 1795 1796
1797 1798 1799
1800 1797 1799
1797 1801 1798
1801 1802 1798
1801 1803 1802
1804 1802 1803
1805 1806 1807
1805 1807 1808
1809 1807 1806
1809 1810 1807
1811 1812 1813
1811 1813 1814
1815 1811 1814
1816 1811 1815
1816 1815 1817
1818 1816 1817
1819 1812 1820
1821 1822 1823
1822 1821 1824
1825 1821 1823
1826 1825 1823
1826 1827 1825
1825 1828 1821
1828 1829 1821
1823 1822 1830
1831 1823 1830
1831 1830 1473
1824 1821 1832
1832 1833 1824
1833 1834 1824
1835 1836 1821
1837 1821 1836
1838 1839 1835
1835 1839 1840
1827 1461 1841
1842 1843 1844
1842 1844 1845
1844 1846 1845
1844 1847 1846
1842 1848 1843
1849 1846 1847
1850 1851 1852
1851 1850 1853
1854 1855 1856
1854 1857 1855
1858 1859 1860
1858 1860 1861
1862 1863 1864
1865 1866 1867
1865 1867 1868
1865 1869 1866
1868 1867 1870
1868 1870 1871
1867 1872 1870
1867 1873 1872
1867 1874 1873
1875 1876 1877
1875 1877 1878
1877 1876 1879
1880 1875 1878
1880 1878 1881
1881 1882 1880
1879 1876 1883
1883 1884 1879
1879 1884 1885
1879 1885 1886
1886 1885 1887
1886 1887 1888
1887 1889 1888
1889 1887 1890
1889 1890 1891
1892 1893 1889
1892 1894 1893
1895 1894 1892
1895 1892 1896
1895 1897 1894
1892 1898 1896
1896 1898 1899
1899 1898 1900
1901 1899 1900
1901 1900 1902
1903 1904 1902
1903 1902 1905
1906 1905 1902
1906 1902 1907
1906 1907 1908
1906 1908 1909
1908 1910 1909
1903 1911 1901
1903 1912 1911
1913 1911 1912
1913 1912 1914
1914 1915 1913
1914 1916 1915
1915 1916 1917
1915 1917 1918
1917 1919 1918
1920 1921 1918
1921 1920 1922
1923 1921 1922
1923 1924 1921
1924 1923 1925
1923 1926 1925
1925 1926 1927
1928 1929 1930
1928 1930 1931
1932 1930 1929
1932 1929 1933
1932 1933 1934
1934 1935 1932
1936 1935 1934
1936 1937 1935
1936 1938 1937
1939 1940 1937
1940 1941 1937
1942 1941 1940
1942 1940 1943
1943 1940 1944
1939 1944 1940
1943 1944 1945
1946 1943 1945
1946 1947 1943
1947 1942 1943
1948 1947 1946
1948 1949 1947
1950 1949 1948
1950 1951 1949
1952 1951 1950
1952 1953 1951
1954 1953 1952
1954 1955 1953
1956 1955 1954
1956 1957 1955
1958 1957 1956
1958 1959 1957
1949 1960 1947
1949 1961 1960
1951 1961 1949
1951 1962 1961
1953 1962 1951
1955 1963 1953
1953 1963 1962
1955 1964 1963
1957 1964 1955
1957 1965 1964
1959 1965 1957
1959 1966 1965
1967 1966 1959
1968 1967 1959
1947 1960 1942
1969 1970 1971
1969 1971 1972
1971 1970 1973
1971 1973 1974
1975 1974 1973
1975 1976 1974
1972 1977 1969
1972 1978 1977
1979 1977 1978
1979 1978 1980
1981 1979 1980
1976 1975 1982
1976 1982 1983
1976 1983 1984
1985 1983 1986
1985 1986 1987
1987 1986 1988
1987 1988 1989
1987 1989 1990
1990 1989 1991
1992 1993 1994
1992 1994 1995
1992 1996 1993
1992 1997 1996
1998 1996 1997
1998 1999 1996
2000 2001 2002
2000 2003 2001
2000 2004 2003
2005 2006 2007
2007 2006 2008
2005 2009 2006
2010 2011 2012
2011 2013 2012
2014 2013 2011
2015 2016 2017
2016 2018 2017
2018 2019 2017
2018 2020 2019
2019 2020 2021
2022 2016 2015
2019 2021 2023
2023 2021 2024
2023 2024 2025
2024 2026 2025
2025 2026 2027
2028 2029 2030
2029 2031 2030
2029 2032 2031
2032 2033 2031
2032 2034 2033
2033 2034 2035
2033 2035 2036
2037 2038 2036
2039 2040 2041
2039 2041 2042
2041 2043 2042
2044 2043 2041
2044 2045 2043
2045 2044 2046
2044 2047 2046
2044 2048 2047
2049 2050 2051
2052 2053 2054
2053 2055 2054
2053 2056 2055
2055 2056 2057
2055 2057 2058
2058 2057 2059
2058 2059 2060
2059 2061 2060
2059 2062 2061
2061 2062 2063
2062 2064 2063
2062 2065 2064
2064 2065 2066
2052 2067 2053
2067 2052 2068
2069 2070 2071
2072 2073 2074
2074 2073 2075
2076 2075 2073
2076 2073 2077
2076 2078 2079
2080 2081 2082
2080 2082 2083
2080 2083 2084
2085 2086 2087
2088 2085 2087
2085 2089 2086
2089 2090 2086
2089 2091 2090
2092 2090 2091
2093 2094 2095
2093 2095 2096
2097 2093 2096
2098 2093 2097
2098 2097 2099
2100 2098 2099
2101 2094 2102
2103 2104 2105
2104 2103 2106
2107 2103 2105
2108 2107 2105
2108 2109 2107
2107 2110 2103
2108 2105 2111
2105 2104 2111
2110 2112 2103
2106 2103 2113
2113 2114 2106
2114 2115 2106
2116 2117 2103
2118 2103 2117
2119 2120 2116
2116 2120 2121
2122 2111 1891
2109 1885 2123
2124 2125 2126
2124 2126 2127
2126 2128 2127
2126 2129 2128
2124 2130 2125
2131 2128 2129
2132 2133 2134
2133 2132 2135
2136 2137 2138
2136 2139 2137
2140 2141 2142
2140 2142 2143
2144 2145 2146
2147 2148 2149
2147 2149 2150
2147 2150 2151
2148 2152 2149
2148 2153 2152
2149 2152 2154
2149 2154 2155
2149 2155 2156
2157 2158 2159
2157 2159 2160
2159 2161 2160
2162 2158 2157
2162 2163 2158
2163 2162 2164
2160 2161 2165
2165 2161 2166
2161 2167 2166
2161 2168 2167
2168 2169 2167
2168 2170 2169
2169 2171 2172
2173 2172 2171
2173 2171 2174
2175 2173 2174
2175 2174 2176
2172 2177 2169
2172 2178 2177
2177 2178 2179
2180 2173 2175
2180 2181 2173
2180 2182 2181
2182 2183 2181
2184 2183 2182
2184 2185 2183
2186 2187 2185
2186 2185 2188
2185 2187 2189
2185 2189 2190
2186 2184 2191
2189 2192 2190
2189 2193 2192
2192 2193 2194
2186 2191 2195
2196 2195 2191
2196 2197 2195
2197 2196 2198
2197 2198 2199
2198 2200 2199
2198 2201 2200
2200 2201 2202
2202 2201 2203
2203 2204 2202
2205 2204 2203
2205 2203 2206
2206 2207 2205
2205 2207 2208
2207 2209 2208
2210 2211 2212
2210 2213 2211
2214 2212 2211
2214 2215 2212
2214 2216 2215
2217 2216 2214
2218 2216 2217
2218 2217 2219
2218 2219 2220
2220 2219 2221
2221 2219 2222
2223 2221 2222
2223 2224 2221
2224 2225 2221
2220 2221 2225
2224 2226 2225
2227 2226 2224
2227 2224 2228
2228 2224 2223
2229 2227 2228
2229 2228 2230
2231 2229 2230
2231 2230 2232
2233 2231 2232
2233 2232 2234
2235 2233 2234
2235 2234 2236
2237 2235 2236
2237 2236 2238
2239 2237 2238
2239 2238 2240
2230 2228 2241
2230 2241 2242
2232 2230 2242
2232 2242 2243
2234 2232 2243
2236 2234 2244
2234 2243 2244
2236 2244 2245
2238 2236 2245
2238 2245 2246
2240 2238 2246
2240 2246 2247
2248 2240 2247
2249 2240 2248
2228 2223 2241
2250 2251 2252
2250 2252 2253
2252 2254 2253
2252 2255 2254
2256 2254 2255
2256 2255 2257
2251 2250 2258
2251 2258 2259
2260 2259 2258
2260 2261 2259
2257 2262 2256
2257 2263 2262
2257 2264 2263
2264 2265 2263
2264 2266 2265
2266 2267 2265
2266 2268 2267
2266 2269 2268
2269 2270 2268
2271 2272 2260
2273 2274 2275
2273 2275 2276
2273 2276 2277
2273 2277 2278
2279 2278 2277
2279 2277 2280
2281 2282 2283
2281 2283 2284
2281 2284 2285
2286 2287 2288
2286 2289 2287
2289 2290 2287
2291 2292 2293
2293 2292 2294
2295 2293 2294
2296 2297 2298
2298 2297 2299
2299 2297 2300
2299 2300 2301
2298 2302 2296
2300 2303 2301
2300 2304 2303
2303 2304 2305
2304 2306 2305
2305 2306 2307
2306 2308 2307
2309 2310 2311
2311 2310 2312
2311 2312 2313
2313 2312 2314
2313 2314 2315
2314 2316 2317
2314 2317 2318
2319 2316 2320
2321 2322 2323
2323 2322 2324
2325 2323 2324
2325 2324 2326
2326 2327 2325
2325 2327 2328
2325 2328 2329
2321 2323 2330
2331 2332 2333
2334 2335 2336
2336 2335 2337
2336 2337 2338
2337 2339 2338
2337 2340 2339
2340 2341 2339
2340 2342 2341
2341 2342 2343
2341 2343 2344
2343 2345 2344
2344 2345 2346
2344 2346 2347
2334 2336 2348
2348 2349 2334
2350 2351 2347
2352 2353 2354
2355 2356 2357
2356 2358 2357
2357 2358 2359
2357 2359 2360
2359 2361 2362
2363 2364 2365
2363 2365 2366
2363 2367 2364
2368 2369 2370
2371 2369 2368
2368 2370 2372
2373 2372 2370
2373 2374 2372
2375 2374 2373
2376 2377 2378
2376 2378 2379
2376 2380 2377
2381 2380 2376
2381 2382 2380
2381 2383 2382
2384 2385 2379
2386 2387 2388
2388 2389 2386
2390 2387 2386
2391 2387 2390
2391 2390 2392
2390 2386 2393
2391 2179 2387
2388 2387 2179
2393 2386 2394
2386 2389 2395
2395 2389 2396
2396 2389 2397
2398 2386 2399
2386 2400 2399
2401 2398 2402
2398 2403 2402
2392 2404 2167
2405 2406 2407
2405 2407 2408
2407 2406 2409
2407 2409 2410
2405 2408 2411
2412 2410 2409
2413 2414 2415
2415 2416 2413
2417 2418 2419
2417 2419 2420
2421 2422 2423
2421 2423 2424
2425 2426 2427
63 2428 55
2429 2430 2431
2431 2430 2432
2433 2432 2434
2435 2433 2434
2436 2437 2434
2437 2438 2434
2439 2430 2438
2440 2430 2439
