byte offset: 0
first index: 0
index count: 11868
topology: trianglelist
format: DXGI_FORMAT_R16_UINT

0 1 2
0 3 1
0 4 3
5 4 0
2 6 7
8 6 2
8 2 9
9 10 8
8 10 11
10 12 11
11 12 13
12 14 13
12 15 14
14 15 16
14 16 17
18 14 17
13 14 18
18 17 19
20 15 12
10 20 12
21 16 15
21 15 20
22 21 20
21 23 16
22 24 21
22 25 24
22 26 25
22 27 26
27 22 28
22 20 28
29 27 28
29 28 30
29 30 31
31 30 32
32 30 33
33 34 32
34 35 32
35 31 32
35 36 31
36 29 31
33 30 37
33 37 38
33 38 39
39 38 40
39 40 41
42 39 41
41 43 42
41 44 43
42 45 39
45 46 39
33 46 34
46 33 39
47 44 41
41 48 47
41 40 48
47 49 44
35 50 36
36 50 51
36 51 29
27 29 51
27 51 26
46 45 52
46 52 53
34 46 53
34 53 54
55 34 54
34 55 35
35 56 50
35 57 56
55 54 57
35 55 57
44 49 58
44 58 59
59 60 44
61 60 59
61 59 62
63 61 62
63 62 64
65 63 64
65 64 66
65 66 67
59 68 62
58 68 59
62 69 64
68 69 62
70 66 64
69 70 64
70 71 66
66 72 67
66 71 72
72 71 73
72 73 74
67 72 75
72 76 75
72 74 76
77 76 74
74 78 77
77 79 76
76 79 75
75 79 80
77 80 79
75 80 81
75 81 82
82 83 75
83 82 84
83 84 85
83 85 86
86 85 87
86 87 88
87 89 88
87 90 89
89 90 91
89 91 92
91 93 92
92 93 94
93 95 94
95 96 94
96 97 94
97 98 94
97 99 98
98 99 100
98 101 94
94 101 102
94 102 92
92 102 103
92 103 89
89 103 104
89 104 88
88 104 105
88 105 86
86 105 65
86 65 83
83 65 106
83 106 75
99 107 100
107 108 100
107 99 109
107 109 110
111 107 110
108 107 111
108 111 112
112 111 113
111 110 114
115 111 114
116 110 109
116 109 117
118 114 110
118 110 116
117 109 119
117 119 120
121 114 118
122 121 118
123 122 118
123 118 116
116 124 123
117 124 116
125 124 117
126 125 117
126 127 125
128 127 126
129 127 128
130 127 129
131 127 130
132 131 130
133 131 132
133 132 134
135 133 134
135 136 133
137 136 135
137 135 138
139 137 138
139 138 140
125 127 141
127 131 142
127 142 141
131 133 143
131 143 142
133 136 144
133 144 143
136 137 145
136 145 144
137 139 146
137 146 145
139 147 146
139 140 148
148 149 139
139 149 147
149 148 150
149 150 151
149 151 152
152 151 153
149 152 154
154 152 153
155 154 153
154 155 156
156 149 154
156 155 157
156 157 158
159 149 156
146 159 160
160 159 156
160 156 158
146 160 161
146 161 162
162 161 163
162 163 164
164 163 165
164 165 166
165 167 166
167 165 168
165 163 169
168 165 169
163 161 170
169 163 170
171 161 160
171 160 158
170 161 171
166 167 172
173 172 167
173 174 172
174 173 175
174 175 176
176 175 177
175 173 178
175 178 179
180 175 179
177 175 180
180 179 181
180 181 182
183 180 182
180 183 184
180 184 177
184 183 185
186 183 182
185 183 186
185 186 187
188 186 182
187 186 188
188 182 189
188 189 190
190 189 191
191 192 190
191 193 192
190 192 194
190 194 188
187 188 194
187 194 195
185 187 195
191 196 193
191 197 196
191 198 197
191 189 198
185 195 199
185 199 200
197 198 201
198 202 201
202 203 201
203 204 201
197 201 204
203 205 204
206 205 203
206 207 205
202 208 203
208 206 203
209 208 202
210 209 202
210 202 198
211 209 210
212 211 210
211 212 213
211 213 214
213 215 214
216 213 217
216 217 218
216 218 219
220 216 219
219 210 198
68 221 222
68 58 221
223 224 225
223 225 226
227 223 226
227 226 228
229 227 228
99 230 231
99 231 109
60 43 44
43 60 232
4 20 10
173 233 234
233 173 167
233 167 235
167 168 235
173 234 178
169 236 168
169 237 236
238 239 240
238 240 241
242 239 238
242 243 239
244 243 242
197 204 245
184 185 246
246 247 184
184 247 248
184 248 177
246 200 247
185 200 246
177 248 249
177 249 176
153 250 155
172 251 166
252 253 254
252 254 255
256 253 252
256 257 253
255 254 258
255 258 259
259 258 260
259 260 261
261 260 262
261 262 263
263 262 264
263 264 265
265 264 266
265 266 267
267 266 268
267 268 269
269 268 270
271 272 273
271 273 274
275 271 274
275 274 276
272 277 273
272 278 277
278 279 277
278 280 279
280 281 279
280 282 281
282 283 281
282 284 283
284 285 283
284 286 285
286 287 285
286 288 287
288 289 287
290 291 292
290 292 293
294 290 293
294 293 295
291 296 292
291 297 296
297 298 296
297 299 298
299 300 298
299 301 300
301 302 300
301 303 302
303 304 302
303 305 304
305 306 304
305 307 306
307 308 306
309 310 311
309 311 312
313 310 309
313 314 310
312 311 315
312 315 316
316 315 317
316 317 318
318 317 319
318 319 320
320 319 321
320 321 322
322 321 323
322 323 324
324 323 325
324 325 326
326 325 327
328 329 330
328 330 331
332 328 331
332 331 333
329 334 330
329 335 334
336 332 333
337 334 335
337 335 338
337 338 339
337 340 334
341 342 343
341 343 344
345 343 342
345 346 343
347 348 349
347 349 350
351 348 347
351 352 348
350 349 353
350 353 354
355 352 351
356 354 353
356 357 354
356 358 357
356 353 359
360 361 362
360 362 363
364 363 362
364 362 365
366 367 368
369 368 367
369 367 370
367 371 370
368 369 372
366 368 372
369 373 372
372 373 374
373 375 374
374 375 376
374 376 377
375 378 376
378 379 376
378 380 379
381 374 377
372 374 381
381 382 372
383 381 377
384 381 383
383 377 385
386 379 385
386 385 377
383 385 387
383 387 384
384 388 381
389 388 384
390 388 389
391 388 390
384 392 389
384 393 392
387 393 384
389 392 394
389 394 390
390 394 395
390 395 396
391 390 396
397 391 396
396 398 397
396 395 398
397 398 399
391 397 399
400 391 399
399 401 400
399 402 401
398 403 399
391 404 388
405 391 400
405 406 391
404 391 406
407 405 400
407 400 401
404 406 408
408 406 409
409 406 410
406 405 410
409 410 411
405 407 412
405 412 410
411 410 413
411 413 414
411 414 415
382 416 366
382 366 372
417 418 419
417 420 418
420 421 418
420 422 421
422 423 421
421 424 418
424 419 418
424 425 419
419 425 426
427 424 421
423 427 421
423 428 427
419 426 429
417 419 429
427 430 424
430 431 424
431 425 424
431 430 432
431 432 433
432 434 433
434 435 433
436 430 427
427 437 436
427 428 437
436 437 438
436 438 439
438 440 439
440 441 439
440 442 441
438 443 440
441 444 439
436 444 430
444 436 439
438 437 445
437 446 445
437 428 446
428 447 446
428 423 447
423 448 447
423 422 448
438 445 449
443 438 450
438 449 450
441 442 451
441 451 452
444 441 452
444 452 453
430 444 453
430 453 454
420 455 422
420 456 455
422 455 457
422 457 458
455 456 459
455 459 460
451 461 440
462 463 464
462 464 465
465 464 466
465 466 467
465 467 468
469 465 468
462 465 469
469 468 470
471 469 470
471 472 469
473 472 471
473 471 474
475 473 474
475 474 476
475 476 477
475 477 478
479 478 477
479 480 478
480 479 481
480 481 482
483 482 481
483 484 482
485 484 483
486 472 473
487 472 486
487 469 472
462 469 487
475 478 488
489 484 485
489 482 484
490 480 482
490 478 480
490 488 478
488 490 491
492 490 482
492 482 489
492 491 490
492 489 493
492 493 491
493 489 494
485 495 489
494 489 495
496 495 485
497 495 496
497 498 495
494 495 498
494 498 499
499 498 500
497 500 498
501 475 488
473 475 501
486 473 501
502 429 503
502 503 504
502 504 505
504 506 505
502 417 429
507 508 509
510 507 509
510 511 507
511 512 507
512 513 507
514 507 513
515 510 509
515 509 516
517 515 516
517 516 518
517 518 519
520 517 519
521 522 523
522 524 523
525 526 527
525 527 528
525 528 529
529 528 530
529 530 531
532 531 530
532 530 533
531 532 534
533 530 535
535 530 536
536 530 537
531 534 538
539 527 540
539 540 541
542 543 544
542 545 543
546 545 542
547 543 545
548 543 547
548 549 543
544 543 549
544 549 550
547 545 551
552 549 548
546 553 545
554 553 546
545 553 555
545 555 551
554 556 553
557 556 554
553 556 558
553 558 555
556 559 558
556 560 559
557 560 556
561 560 557
560 562 559
561 562 560
563 562 561
564 562 563
564 565 562
566 565 564
566 567 565
565 567 568
569 568 567
569 567 570
570 567 566
569 570 571
572 571 570
570 566 572
572 573 571
569 571 574
575 574 571
575 571 576
575 576 577
575 577 578
577 579 578
577 580 579
565 568 581
582 576 571
582 571 573
583 577 576
583 576 582
577 583 584
577 584 580
574 585 569
574 575 586
574 586 585
578 587 575
575 587 586
588 585 586
588 586 589
590 585 588
569 585 590
569 590 591
592 591 590
569 591 568
593 590 588
592 590 593
568 591 594
568 594 581
595 594 591
595 591 592
586 596 589
586 597 596
593 598 599
600 601 587
600 587 602
562 565 603
559 562 603
603 565 581
559 603 604
559 604 605
603 606 604
603 581 606
563 604 606
563 561 604
561 605 604
561 557 605
564 563 606
557 607 605
557 608 607
555 607 608
555 558 607
558 605 607
558 559 605
551 555 608
551 608 609
554 609 608
557 554 608
554 546 609
546 610 609
551 609 610
547 551 610
548 547 610
548 610 611
552 548 611
542 611 610
546 542 610
542 544 611
544 550 611
612 613 614
612 614 615
616 617 614
617 616 618
617 618 619
617 619 620
617 620 621
618 616 622
618 622 623
624 621 620
624 620 625
626 625 620
626 620 627
624 625 628
624 628 629
630 629 628
631 630 628
625 626 631
625 631 628
631 632 630
632 633 630
630 634 629
635 627 620
635 620 619
636 635 619
636 619 618
618 623 637
618 637 636
632 638 633
638 639 633
633 640 630
640 634 630
641 640 633
642 641 633
639 642 633
639 643 642
644 641 642
643 644 642
643 645 644
645 646 644
645 647 646
646 648 644
644 648 641
647 649 646
647 650 649
649 651 646
646 651 648
650 652 649
650 653 652
654 649 652
655 654 652
655 652 656
653 656 652
653 657 656
654 658 649
649 658 651
659 655 656
659 660 655
650 660 653
653 660 657
651 661 648
651 662 661
658 662 651
643 661 662
654 663 658
650 663 660
655 660 663
655 663 654
658 664 662
658 663 664
645 662 664
643 662 645
647 664 663
645 664 647
643 665 661
639 665 643
648 661 665
639 666 665
638 666 639
641 665 666
648 665 641
641 666 640
640 666 667
638 667 666
632 667 638
640 667 634
647 663 650
629 634 668
629 668 669
624 629 669
624 669 670
671 670 669
672 671 669
672 669 668
624 670 673
621 624 673
621 673 674
621 674 617
675 674 673
670 675 673
676 675 670
671 676 670
675 677 674
674 677 678
674 678 614
617 674 614
676 679 680
681 682 683
684 685 686
687 686 685
688 687 685
689 688 685
690 691 692
693 692 691
693 694 692
692 694 695
691 696 693
690 696 691
693 696 697
696 698 697
697 698 699
698 700 699
698 701 700
699 700 702
702 700 703
702 703 704
705 701 698
696 705 698
705 696 706
707 701 705
708 707 705
707 709 701
710 701 709
710 709 703
707 711 709
707 708 711
708 705 712
713 708 712
714 713 712
715 714 712
708 713 716
708 716 717
711 708 717
713 714 718
713 718 716
714 719 718
714 720 719
715 720 714
721 720 715
720 721 722
720 722 719
721 723 722
715 723 721
724 723 715
723 724 725
723 725 726
722 723 727
715 712 728
729 724 715
729 715 730
728 730 715
731 725 724
731 724 729
728 732 730
732 733 730
733 734 730
730 734 729
733 735 734
729 734 736
729 736 731
735 737 734
735 738 737
735 739 738
706 690 740
706 696 690
741 742 743
741 743 744
744 743 745
744 745 746
746 745 747
745 743 748
748 743 742
748 742 749
742 750 749
751 745 748
747 745 751
747 751 752
742 753 750
741 753 742
751 748 754
754 748 755
755 748 749
755 756 754
755 757 756
756 757 758
758 757 759
760 751 754
751 760 761
751 761 752
760 762 761
760 763 762
762 763 764
764 763 765
764 765 766
762 764 767
765 763 768
760 754 768
768 763 760
762 769 761
761 769 770
761 770 752
752 770 771
752 771 747
747 771 772
747 772 746
762 773 769
767 774 762
762 774 773
765 775 766
765 776 775
768 776 765
768 777 776
754 777 768
754 778 777
744 746 779
744 779 780
746 781 779
746 782 781
779 783 780
779 784 783
775 764 785
786 787 788
786 788 789
787 790 788
787 791 790
787 792 791
793 792 787
786 793 787
793 794 792
795 794 793
795 793 796
797 795 796
797 798 795
799 798 797
799 800 798
799 801 800
799 802 801
803 801 802
803 802 804
804 805 803
804 806 805
807 805 806
807 806 808
809 807 808
810 797 796
811 810 796
811 796 793
786 811 793
799 812 802
813 809 808
813 808 806
814 806 804
814 804 802
814 802 812
812 815 814
816 806 814
816 813 806
816 814 815
816 817 813
816 815 817
817 818 813
809 813 819
818 819 813
820 809 819
821 820 819
821 819 822
818 822 819
818 823 822
823 824 822
821 822 824
825 812 799
797 825 799
810 825 797
826 827 753
826 828 827
826 829 828
828 829 830
826 753 741
831 832 833
834 832 831
834 831 835
835 831 836
836 831 837
838 837 831
839 832 834
839 840 832
841 840 839
841 842 840
841 843 842
844 843 841
845 846 847
847 846 848
849 850 851
849 852 850
849 853 852
853 854 852
853 855 854
856 854 855
856 857 854
855 858 856
857 859 854
859 860 854
860 861 854
855 862 858
863 864 850
863 865 864
866 867 868
869 870 871
872 871 870
873 871 872
874 871 873
875 876 877
878 875 877
878 877 879
875 880 876
876 881 877
878 879 882
883 878 882
884 883 882
884 882 885
879 886 882
884 885 887
884 887 888
888 887 889
888 889 890
887 891 889
892 876 880
893 892 880
893 894 892
893 895 894
896 897 893
898 899 900
901 899 898
901 902 899
898 900 903
900 899 904
901 905 902
901 906 905
900 907 903
903 907 908
903 908 909
909 908 910
909 910 911
912 913 902
912 914 913
914 915 913
914 916 915
915 917 913
912 902 918
912 918 919
915 916 920
916 921 920
916 922 921
922 923 921
922 924 923
925 926 927
928 926 925
928 929 926
925 927 930
927 926 931
928 932 929
933 932 928
934 932 933
934 935 932
929 932 936
934 937 935
934 938 937
938 939 937
938 940 939
937 939 941
942 930 927
943 930 942
943 942 944
943 944 945
946 943 947
948 949 950
948 950 951
952 949 948
952 953 949
952 954 953
955 951 950
955 950 956
957 955 956
952 958 954
954 958 959
958 960 959
958 961 960
960 961 962
954 959 963
957 956 964
965 957 964
965 964 966
967 965 966
967 966 968
967 969 965
967 970 969
971 969 970
971 970 972
964 956 973
974 975 976
975 977 976
975 978 977
978 979 977
978 980 979
979 980 981
979 981 982
983 982 981
982 984 979
985 986 982
987 982 986
982 987 988
987 986 989
990 987 989
990 991 987
992 991 990
992 993 991
994 993 992
995 996 997
997 996 998
998 996 999
998 999 1000
1000 999 1001
1000 1001 1002
995 997 1003
998 1000 1004
998 1004 1005
997 998 1005
1006 997 1005
1002 1007 1008
1002 1008 1009
1009 1008 1010
1009 1010 1011
1011 1010 1012
1011 1012 1013
1014 1015 1004
1014 1016 1015
1016 1017 1018
1017 1019 1018
1017 1020 1019
1020 1021 1019
1020 1022 1021
1016 1018 1023
1024 1025 1026
1026 1025 1027
1026 1027 1028
1029 1028 1027
1029 1027 1030
1031 1032 1033
1031 1033 1034
1035 1031 1034
1035 1034 1036
1035 1036 1037
1038 1033 1032
1038 1039 1033
1040 1039 1038
1035 1037 1041
1037 1042 1041
1041 1042 1043
1041 1043 1044
1043 1045 1044
1037 1046 1042
1040 1047 1039
1048 1047 1040
1048 1049 1047
1050 1049 1048
1050 1051 1049
1050 1048 1052
1050 1052 1053
1054 1053 1052
1054 1055 1053
1047 1056 1039
1006 1057 1058
1059 1060 1061
1060 1062 1061
1060 1063 1062
1064 1062 1063
1064 1065 1062
1066 1067 1068
1066 1068 1069
1069 1068 1070
1069 1070 1071
1067 1066 1072
1067 1072 1073
1073 1072 1074
1075 1074 1072
1075 1076 1074
1075 1077 1076
1078 1076 1077
1078 1079 1076
1080 1079 1078
1080 1081 1079
1082 1081 1080
1082 1083 1081
1084 1083 1082
1084 1085 1083
1084 1086 1085
1087 1088 1084
1087 1089 1088
1090 1089 1087
1090 1091 1089
1090 1092 1091
1089 1091 1093
1094 1095 1096
1094 1096 1097
1095 1098 1096
1095 1099 1098
1097 1100 1094
1097 1101 1100
1101 1102 1100
1103 1100 1102
1103 1102 1104
1103 1104 1105
1106 1105 1104
1106 1104 1107
1108 1106 1107
1108 1107 1109
1110 1108 1109
1110 1109 1111
1112 1110 1111
1112 1111 1113
1112 1113 1114
1115 1112 1116
1115 1116 1117
1118 1115 1117
1118 1117 1119
1118 1119 1120
1117 1121 1119
1122 1123 1124
1122 1125 1123
1122 1126 1125
1126 1127 1125
1126 1128 1127
1129 1130 1131
1129 1131 1132
1133 1134 1135
1133 1135 1136
1137 1138 1139
1137 1139 1140
1137 1140 1141
1141 1140 1142
1141 1142 1143
1144 1145 1146
1144 1146 1147
1148 1149 1150
1148 1150 1151
1152 1153 1154
1152 1154 1155
1155 1154 1156
1156 1157 1155
1156 1158 1157
1157 1158 1159
1157 1159 1160
1160 1159 1161
1152 1162 1153
1163 1162 1152
1164 1162 1163
1165 1164 1163
1166 1167 1168
1169 1170 1171
1169 1172 1170
1172 1173 1170
1173 1172 1174
1173 1174 1175
1174 1176 1175
1174 1177 1176
1177 1178 1176
1169 1171 1179
1180 1169 1179
1181 1180 1179
1182 1180 1181
1183 1184 1185
1186 1187 1188
1186 1188 1189
1188 1190 1189
1191 1190 1188
1192 1190 1191
1193 1192 1191
1193 1194 1192
1195 1194 1193
1195 1196 1194
1197 1196 1195
1197 1195 1198
1198 1199 1197
1198 1200 1199
1201 1202 1203
1201 1203 1204
1203 1202 1205
1206 1203 1205
1207 1206 1205
1208 1206 1207
1208 1207 1209
1210 1208 1209
1210 1209 1211
1212 1210 1211
1212 1213 1210
1213 1212 1214
1213 1214 1215
1216 1217 1218
1219 1220 1221
1222 1223 1224
1225 1226 1227
1228 1229 1230
1228 1230 1231
1231 1230 1232
1231 1232 1233
1234 1235 1230
1234 1230 1236
1235 1237 1230
1235 1238 1237
1239 1240 1241
1241 1240 1242
1241 1242 1243
1242 1240 1244
1242 1244 1245
1242 1245 1246
1247 1242 1246
1247 1248 1242
1248 1243 1242
1249 1250 1251
1250 1252 1251
1250 1253 1252
1249 1254 1250
1254 1249 1255
1256 1254 1255
1257 1256 1255
1257 1255 1258
1259 1257 1258
1259 1260 1257
1259 1261 1260
1262 1260 1261
1263 1260 1262
1264 1265 1266
1265 1267 1266
1265 1268 1267
1267 1268 1269
1267 1270 1266
1267 1271 1270
1267 1272 1271
1273 1272 1267
1273 1267 1269
1274 1275 1276
1276 1277 1274
1278 1277 1276
1279 1277 1278
1279 1280 1277
1281 1280 1279
1281 1279 1282
1281 1282 1283
1284 1283 1282
1285 1284 1282
1274 1286 1275
1275 1286 1287
1275 1287 1288
1289 1290 1291
1289 1291 1292
1290 1293 1291
1290 1294 1293
1295 1296 1291
1295 1291 1297
1297 1291 1298
1297 1298 1299
1300 1301 1302
1301 1303 1302
1301 1304 1303
1303 1305 1302
1303 1306 1305
1303 1307 1306
1308 1307 1303
1308 1303 1309
1303 1304 1309
1310 1311 1312
1312 1313 1310
1314 1313 1312
1315 1313 1314
1315 1316 1313
1317 1316 1315
1317 1315 1318
1317 1318 1319
1320 1319 1318
1321 1320 1318
1310 1322 1311
1311 1322 1323
1311 1323 1324
1325 1326 1327
1327 1326 1328
1327 1328 1329
1330 1329 1328
1328 1326 1331
1328 1331 1332
1328 1332 1333
1334 1328 1333
1334 1330 1328
1335 1336 1337
1336 1338 1337
1336 1339 1338
1335 1340 1336
1340 1335 1341
1342 1340 1341
1343 1342 1341
1343 1341 1344
1345 1343 1344
1345 1346 1343
1345 1347 1346
1348 1346 1347
1349 1346 1348
1350 1351 1352
1350 1353 1351
1350 1354 1353
1355 1353 1354
1355 1356 1353
1357 1354 1350
1358 1357 1350
1358 1350 1359
1359 1350 1352
1357 1360 1354
1360 1355 1354
1360 1361 1355
1361 1362 1355
1362 1363 1355
1364 1363 1362
1364 1362 1365
1361 1366 1362
1366 1365 1362
1366 1367 1365
1365 1367 1368
1365 1368 1369
1365 1369 1364
1355 1363 1370
1370 1356 1355
1368 1371 1369
1368 1372 1371
1373 1371 1372
1373 1372 1374
1368 1375 1372
1375 1374 1372
1375 1376 1374
1370 1363 1377
1363 1378 1377
1378 1363 1379
1379 1380 1378
1379 1381 1380
1379 1382 1381
1381 1382 1383
1381 1383 1384
1385 1384 1383
1386 1385 1383
1383 1387 1386
1385 1386 1388
1389 1390 1391
1389 1392 1390
1393 1392 1389
1393 1394 1392
1393 1395 1394
1396 1395 1393
1397 1395 1396
1398 1397 1396
1389 1391 1399
1398 1396 1400
1401 1392 1394
1401 1394 1395
1401 1395 1402
1397 1402 1395
1403 1399 1391
1403 1391 1404
1403 1404 1405
1406 1403 1405
1407 1406 1405
1408 1407 1405
1408 1409 1407
1409 1406 1407
1410 1408 1405
1410 1405 1411
1412 1410 1411
1412 1411 1413
1414 1412 1413
1414 1413 1415
1414 1415 1416
1417 1416 1415
1409 1408 1418
1419 1406 1409
1409 1418 1419
1420 1418 1408
1408 1421 1420
1421 1422 1420
1421 1423 1422
1421 1424 1423
1421 1425 1424
1424 1425 1426
1424 1426 1427
1426 1428 1427
1427 1428 1429
1427 1429 1430
1429 1431 1430
1432 1418 1420
1417 1433 1434
1435 1433 1417
1436 1437 1417
1438 1437 1436
1438 1436 1439
1438 1439 1440
1440 1439 1441
1440 1441 1442
1442 1441 1392
1442 1392 1443
1431 1444 1445
1446 1447 1448
1446 1448 1449
1450 1447 1446
1450 1451 1447
1447 1451 1452
1449 1448 1453
1449 1453 1454
1454 1453 1455
1454 1455 1456
1456 1455 1457
1458 1459 1460
1458 1460 1461
1462 1461 1460
1462 1463 1461
1462 1464 1463
1465 1460 1459
1465 1466 1460
1467 1460 1466
1467 1466 1468
1467 1468 1469
1470 1471 1472
1470 1472 1473
1470 1473 1474
1470 1474 1475
1474 1476 1475
1474 1477 1476
1476 1477 1478
1477 1479 1478
1477 1480 1479
1479 1480 1481
1482 1471 1470
1482 1470 1483
1482 1484 1471
1481 1485 1486
1487 1488 1489
1489 1488 1490
1490 1488 1491
1492 1493 1494
1492 1494 1495
1496 1494 1493
1496 1497 1494
1498 1497 1496
1498 1499 1497
1500 1499 1498
1500 1501 1499
1492 1495 1502
1503 1492 1502
1503 1502 1504
1500 1505 1501
1505 1506 1501
1507 1508 1509
1510 1511 1512
1513 1512 1511
1513 1514 1512
1515 1512 1514
1515 1516 1512
1516 1510 1512
1516 1517 1510
1515 1514 1518
1519 1515 1518
1519 1518 1520
1521 1519 1520
1521 1520 1522
1523 1521 1522
1523 1524 1521
1525 1524 1523
1525 1523 1526
1527 1526 1523
1523 1522 1527
1527 1528 1526
1528 1529 1526
1528 1530 1529
1530 1531 1529
1530 1532 1531
1533 1529 1531
1533 1534 1529
1534 1525 1526
1534 1526 1529
1535 1536 1537
1535 1537 1538
1539 1535 1538
1539 1538 1540
1536 1541 1537
1536 1542 1541
1542 1543 1541
1542 1544 1543
1544 1545 1543
1546 1547 1548
1547 1549 1548
1549 1550 1548
1551 1552 1553
1551 1553 1554
1555 1554 1553
1555 1553 1556
1557 1555 1556
1557 1556 1558
1559 1557 1558
1559 1558 1560
1551 1561 1552
1551 1562 1561
1559 1560 1563
1563 1560 1564
1565 1566 1567
1403 1568 1399
1568 1389 1399
1568 1569 1389
1569 1393 1389
1569 1570 1393
1570 1396 1393
1570 1571 1396
1571 1400 1396
1571 1572 1400
1573 1574 1575
1573 1575 1576
1577 1576 1575
1578 1577 1575
1578 1575 1574
1577 1579 1576
1578 1574 1580
1581 1578 1580
1581 1580 1582
1583 1581 1582
1583 1582 1584
1585 1583 1584
1584 1586 1585
1586 1587 1585
1586 1588 1587
1588 1589 1587
1588 1590 1589
1590 1591 1589
1590 1592 1591
1593 1589 1591
1593 1594 1589
1594 1587 1589
1594 1595 1587
1595 1585 1587
1595 1596 1585
1585 1596 1583
1597 1402 1397
1597 1397 1398
1598 1599 1600
1599 1601 1600
1600 1602 1598
1603 1602 1600
1603 1604 1602
1605 1602 1604
1605 1604 1606
1602 1605 1607
1608 1606 1604
1608 1609 1606
1609 1608 1610
1610 1611 1609
1612 1611 1610
1613 1611 1612
1612 1614 1613
1614 1615 1613
1615 1614 1616
1615 1616 1617
1618 1617 1616
1618 1619 1617
1619 1618 1620
1621 1620 1618
1620 1621 1622
1620 1622 1623
1623 1622 1624
1619 1620 1625
1621 1618 1626
1616 1627 1626
1616 1628 1627
1616 1629 1628
1630 1628 1629
1630 1631 1628
1630 1610 1631
1610 1632 1631
1608 1632 1610
1624 1622 1633
1624 1633 1634
1634 1633 1635
1634 1635 1636
1636 1635 1637
1636 1637 1638
1636 1638 1639
1639 1638 1640
1641 1642 1636
1643 1642 1641
1643 1644 1642
1645 1641 1636
1645 1636 1646
1647 1644 1643
1647 1648 1644
1620 1648 1647
1646 1636 1649
1646 1649 1650
1650 1638 1651
1650 1651 1652
1650 1652 1653
1654 1653 1652
1655 1653 1654
1655 1654 1656
1655 1656 1657
1657 1656 1658
1646 1650 1659
1659 1650 1660
1659 1660 1661
1661 1660 1662
1663 1661 1662
1663 1662 1664
1665 1664 1658
1665 1658 1666
1663 1664 1667
1668 1667 1664
1669 1667 1668
1669 1668 1670
1668 1666 1670
1670 1666 1671
1672 1670 1671
1673 1670 1672
1669 1670 1673
1672 1671 1674
1675 1673 1672
1675 1672 1676
1672 1674 1676
1676 1674 1677
1675 1676 1678
1678 1676 1679
1677 1674 1680
1677 1680 1681
1682 1679 1681
1682 1681 1683
1682 1683 1684
1684 1683 1685
1684 1685 1686
1686 1685 1687
1678 1679 1688
1688 1679 1689
1689 1690 1688
1690 1689 1684
1690 1684 1691
1691 1684 1692
1691 1692 1693
1693 1692 1694
1686 1687 1694
1694 1687 1695
1693 1694 1696
1695 1687 1697
1695 1697 1698
1699 1696 1700
1699 1700 1701
1699 1701 1702
1703 1699 1704
1703 1704 1705
1704 1695 1706
1704 1706 1707
1708 1603 1709
1710 1608 1709
1608 1710 1711
1709 1608 1604
1616 1626 1712
1607 1713 1714
1714 1713 1599
1602 1607 1714
1715 1716 1717
1620 1647 1625
1718 1719 1720
1721 1719 1718
1721 1722 1719
1720 1719 1723
1719 1722 1724
1723 1725 1720
1726 1725 1724
1726 1724 1722
1721 1726 1722
1720 1725 1726
1727 1720 1726
1727 1726 1721
1727 1718 1720
1725 1728 1724
1723 1729 1725
1730 1729 1723
1723 1731 1730
1723 1719 1731
1719 1724 1731
1731 1724 1732
1725 1729 1732
1729 1733 1732
1731 1732 1734
1734 1732 1735
1732 1736 1735
1730 1731 1737
1730 1737 1738
1734 1735 1738
1738 1735 1739
1736 1739 1735
1736 1740 1739
1741 1739 1740
1742 1739 1741
1738 1739 1742
1743 1738 1742
1730 1738 1743
1743 1742 1744
1744 1742 1741
1744 1740 1736
1744 1736 1743
1743 1736 1745
1745 1736 1746
1747 1740 1744
1748 1727 1749
1359 1352 1750
1751 1752 1753
1751 1753 1754
1754 1753 1755
1754 1755 1756
1757 1758 1759
1757 1759 1760
1758 1761 1759
1758 1762 1761
1763 1764 1765
1763 1765 1766
1764 1767 1765
1764 1768 1767
1769 1770 1771
1769 1771 1772
1772 1771 1773
1772 1773 1774
1775 1776 1777
1775 1777 1778
1779 1777 1776
1779 1780 1777
1775 1778 1781
1782 1775 1781
1783 1782 1781
1783 1781 1784
1785 1783 1784
1785 1786 1783
1780 1787 1777
1788 1789 1790
1789 1791 1790
1792 1793 1794
1792 1794 1795
1796 1795 1794
1796 1797 1795
1792 1798 1793
1799 1798 1792
1800 1798 1799
1800 1801 1798
1800 1802 1801
1800 1803 1802
1804 1796 1794
1805 1806 1807
1806 1808 1807
1809 1810 1811
1809 1811 1812
1810 1809 1813
1810 1813 1814
1814 1813 1815
1812 1811 1816
1812 1816 1817
1817 1816 1818
1817 1818 1819
1818 1820 1819
1820 1821 1819
1821 1820 1822
1821 1822 1823
1823 1822 1824
1823 1824 1825
1826 1820 1818
1826 1822 1820
1827 1826 1818
1826 1827 1828
1827 1829 1828
1827 1830 1829
1826 1828 1831
1826 1831 1832
1826 1832 1833
1833 1822 1826
1830 1827 1834
1830 1834 1835
1836 1830 1835
1830 1836 1837
1836 1835 1838
1839 1836 1838
1836 1839 1840
1839 1841 1840
1841 1839 1842
1839 1838 1842
1841 1842 1843
1844 1841 1843
1841 1844 1845
1844 1846 1845
1844 1847 1846
1846 1847 1848
1849 1847 1844
1850 1847 1849
1850 1849 1851
1851 1849 1852
1852 1849 1853
1849 1854 1853
1843 1854 1844
1854 1849 1844
1855 1850 1851
1850 1856 1847
1848 1847 1856
1848 1856 1857
1857 1856 1858
1859 1856 1850
1860 1859 1850
1850 1855 1860
1861 1859 1860
1861 1862 1859
1863 1862 1861
1859 1862 1864
1859 1864 1856
1858 1856 1864
1858 1864 1865
1853 1866 1852
1853 1867 1866
1853 1854 1867
1866 1867 1868
1868 1867 1869
1868 1869 1870
1870 1871 1868
1871 1872 1868
1872 1871 1873
1872 1873 1874
1875 1872 1874
1875 1876 1872
1872 1876 1877
1878 1876 1875
1875 1815 1878
1878 1879 1876
1879 1877 1876
1879 1880 1877
1877 1880 1881
1877 1881 1882
1882 1881 1883
1882 1883 1884
1884 1883 1885
1884 1885 1886
1886 1885 1887
1878 1815 1888
1888 1880 1879
1888 1879 1878
1888 1889 1880
1889 1881 1880
1889 1890 1881
1881 1890 1883
1890 1889 1891
1890 1892 1883
1892 1890 1893
1893 1890 1891
1892 1894 1883
1894 1887 1885
1883 1894 1885
1892 1893 1894
1887 1894 1895
1893 1895 1894
1896 1891 1889
1888 1896 1889
1888 1815 1896
1896 1897 1891
1896 1898 1897
1815 1813 1896
1813 1899 1896
1813 1900 1899
1891 1901 1902
1891 1902 1903
1903 1902 1904
1903 1904 1905
1905 1904 1906
1809 1907 1813
1809 1908 1907
1812 1909 1809
1812 1910 1909
1817 1911 1812
1817 1912 1911
1819 1912 1817
1819 1913 1912
1821 1913 1819
1821 1914 1913
1823 1914 1821
1823 1915 1914
1825 1916 1823
1825 1917 1916
1918 1917 1825
1918 1919 1917
1824 1920 1825
1824 1921 1920
1824 1922 1921
1921 1922 1923
1924 1922 1824
1925 1922 1924
1923 1922 1925
1925 1924 1833
1925 1833 1926
1822 1833 1924
1822 1924 1824
1927 1928 1929
1928 1930 1929
1862 1930 1928
1931 1929 1930
1931 1932 1929
1933 1929 1932
1933 1932 1934
1933 1934 1935
1936 1935 1934
1937 1935 1936
1935 1937 1938
1937 1936 1939
1938 1937 1940
1941 1938 1940
1941 1940 1942
1941 1942 1943
1943 1942 1944
1945 1938 1941
1946 1935 1945
1947 1933 1946
1947 1948 1933
1942 1940 1949
1942 1949 1944
1945 1950 1938
1946 1951 1935
1940 1952 1949
1940 1953 1952
1953 1954 1952
1954 1953 1955
1956 1954 1955
1957 1954 1956
1954 1957 1958
1952 1954 1958
1952 1958 1959
1958 1957 1960
1959 1958 1960
1957 1956 1961
1949 1952 1962
1952 1959 1962
1949 1962 1963
1944 1949 1963
1955 1953 1939
1937 1939 1953
1940 1937 1953
1956 1964 1961
1961 1964 1965
1961 1965 1966
1966 1957 1961
1966 1967 1957
1960 1957 1967
1968 1967 1966
1969 1967 1968
1960 1967 1969
1966 1965 1970
1966 1970 1968
1971 1968 1972
1972 1968 1973
1972 1973 1974
1972 1974 1975
1972 1975 1976
1956 1977 1964
1955 1977 1956
1955 1978 1977
1939 1978 1955
1939 1979 1978
1936 1979 1939
1936 1980 1979
1934 1980 1936
1934 1981 1980
1934 1982 1981
1932 1982 1934
1931 1983 1932
1932 1983 1984
1931 1930 1863
1863 1930 1862
1862 1928 1864
1827 1818 1834
1818 1985 1834
1818 1986 1985
1834 1985 1987
1834 1987 1988
1835 1987 1989
1835 1989 1838
1838 1989 1990
1838 1990 1842
1816 1991 1986
1816 1986 1992
1811 1991 1816
1811 1993 1991
1810 1993 1811
1810 1994 1993
1814 1994 1810
1814 1995 1994
1875 1995 1814
1814 1815 1875
1875 1996 1995
1871 1870 1997
1871 1997 1873
1870 1998 1997
1870 1869 1998
1867 1998 1869
1867 1843 1998
1843 1999 1998
1843 2000 1999
2001 2000 1843
2001 2002 2000
1997 2003 1873
1997 2004 2003
2005 1999 2004
2005 2004 1997
1867 1854 1843
2006 2003 2007
2006 2007 1874
2008 2007 2009
2008 2009 2010
1872 1877 2011
1872 2011 1868
1841 1845 2012
1840 1841 2012
1836 1840 2013
1837 1836 2013
1858 1929 1947
2014 2015 2016
2014 2017 2015
2018 2017 2014
2019 2017 2018
2015 2017 2020
2017 2021 2020
2019 2021 2017
2022 2021 2019
2022 2023 2021
2021 2023 2020
2022 2024 2023
2024 2025 2023
2024 2026 2025
2023 2025 2027
2023 2027 2028
2020 2023 2028
2025 2029 2027
2030 2029 2025
2030 2025 2026
2016 2031 2032
2032 2031 2033
2033 2031 2034
2033 2034 2035
2035 2034 2036
2035 2036 2037
2037 2036 2038
2037 2038 2039
2040 2039 2038
2041 2039 2040
2041 2042 2039
2039 2042 2043
2043 2042 2044
2043 2044 2045
2045 2044 2046
2045 2046 2047
2048 2047 2046
2048 2046 2049
2041 2040 2050
2041 2050 2051
2048 2049 2052
2053 2052 2049
2054 2052 2053
2052 2054 2055
2052 2055 2056
2055 2057 2056
2055 2058 2057
2059 2057 2058
2059 2058 2060
2059 2060 2061
2053 2049 2062
2063 2062 2049
2063 2064 2062
2062 2064 2065
2065 2064 2066
2065 2066 2067
2061 2060 2068
2061 2068 2014
2014 2068 2018
2014 2016 2032
2069 2070 2050
2071 2070 2069
2071 2072 2070
2073 2072 2071
2074 2072 2073
2074 2073 2075
2075 2073 2076
2075 2076 2077
2078 2077 2076
2078 2076 2079
2080 2078 2079
2080 2079 2081
2050 2070 2051
2082 2080 2081
2082 2083 2080
2082 2084 2083
2084 2085 2083
2084 2086 2085
2085 2086 2087
2088 2089 2082
2089 2084 2090
2088 2091 2089
2089 2092 2084
2087 2093 2094
2094 2095 2096
2096 2097 2098
2098 2097 2099
2100 2097 2101
2100 2102 2097
2102 2103 2097
2104 2102 2100
2105 2104 2100
2105 2100 2106
2107 2104 2105
2108 2107 2105
2108 2105 2109
2110 2107 2108
2111 2110 2108
2103 2112 2097
2111 2113 2110
2092 2113 2111
2092 2114 2113
2092 2115 2114
2114 2115 2116
2114 2116 2117
2117 2116 2118
2117 2118 2119
2120 2119 2118
2120 2118 2121
2122 2120 2121
2122 2121 2123
2121 2124 2123
2124 2125 2123
2124 2126 2125
2126 2127 2125
2127 2128 2125
2129 2128 2127
2129 2127 2130
2129 2130 2131
2129 2131 2132
2131 2133 2132
2133 2134 2132
2133 2135 2134
2135 2136 2134
2135 2137 2136
2138 2136 2137
2138 2139 2136
2130 2140 2131
2141 2131 2140
2141 2140 2142
2138 2143 2139
2144 2139 2143
2145 2144 2143
2143 2146 2145
2143 2147 2146
2146 2147 2148
2146 2148 2149
2150 2149 2148
2150 2151 2149
2150 2152 2151
2144 2153 2139
2154 2139 2153
2154 2153 2155
2153 2156 2155
2156 2157 2155
2156 2158 2157
2152 2159 2151
2152 2160 2159
2160 2161 2159
2161 2160 2162
2163 2161 2162
2160 2164 2162
2160 2165 2164
2164 2166 2162
2162 2166 2167
2163 2162 2167
2168 2163 2167
2168 2167 2169
2167 2166 2169
2168 2169 2170
2170 2169 2171
2170 2171 2172
2169 2173 2171
2169 2174 2173
2166 2174 2169
2171 2173 2175
2176 2171 2175
2176 2172 2171
2165 2177 2178
2160 2177 2165
2177 2179 2178
2179 2180 2178
2179 2181 2180
2181 2142 2180
2181 2141 2142
2182 2183 2184
2182 2184 2185
2185 2186 2182
2185 2187 2186
2187 2188 2186
2183 2189 2184
2183 2190 2189
2190 2191 2189
2190 2192 2191
2191 2192 2193
2193 2192 2194
2194 2195 2193
2194 2196 2195
2196 2197 2195
2196 2198 2197
2199 2191 2193
2199 2193 2195
2200 2191 2199
2199 2201 2200
2200 2201 2202
2200 2202 2203
2199 2204 2201
2199 2205 2204
2199 2206 2205
2206 2199 2195
2203 2207 2200
2203 2208 2207
2209 2208 2203
2203 2210 2209
2209 2211 2208
2212 2211 2209
2209 2213 2212
2212 2213 2214
2214 2215 2212
2212 2215 2211
2214 2216 2215
2217 2216 2214
2214 2218 2217
2217 2218 2219
2217 2219 2220
2219 2221 2220
2222 2217 2220
2223 2222 2220
2223 2224 2222
2224 2225 2222
2225 2226 2222
2222 2226 2227
2216 2217 2227
2227 2217 2222
2228 2224 2223
2223 2220 2229
2221 2229 2220
2221 2230 2229
2230 2231 2229
2232 2223 2229
2233 2223 2232
2223 2233 2228
2234 2233 2232
2234 2232 2235
2236 2234 2235
2232 2237 2235
2232 2229 2237
2231 2237 2229
2231 2238 2237
2226 2225 2239
2226 2239 2240
2226 2240 2227
2239 2241 2240
2241 2242 2240
2241 2243 2242
2243 2241 2244
2244 2241 2245
2245 2246 2244
2245 2247 2246
2248 2247 2245
2248 2245 2249
2245 2250 2249
2251 2248 2249
2248 2251 2188
2251 2249 2252
2252 2249 2250
2252 2250 2253
2250 2254 2253
2250 2255 2254
2255 2256 2254
2255 2257 2256
2257 2258 2256
2257 2259 2258
2259 2260 2258
2251 2261 2188
2261 2251 2252
2261 2252 2253
2261 2253 2262
2262 2253 2254
2262 2254 2263
2254 2256 2263
2263 2264 2262
2263 2256 2265
2265 2266 2263
2266 2264 2263
2265 2256 2267
2267 2258 2260
2256 2258 2267
2265 2267 2266
2260 2268 2267
2267 2268 2266
2262 2264 2269
2261 2262 2269
2261 2269 2188
2269 2264 2270
2269 2270 2271
2188 2269 2186
2186 2269 2272
2186 2272 2273
2264 2274 2275
2274 2276 2275
2274 2277 2276
2277 2278 2276
2264 2275 2279
2182 2186 2280
2182 2280 2281
2183 2182 2282
2183 2282 2283
2190 2183 2284
2190 2284 2285
2192 2190 2285
2192 2285 2286
2194 2192 2286
2194 2286 2287
2196 2194 2287
2196 2287 2288
2198 2196 2289
2198 2289 2290
2291 2198 2290
2291 2290 2292
2197 2198 2293
2197 2293 2294
2197 2294 2295
2294 2296 2295
2297 2197 2295
2298 2297 2295
2296 2298 2295
2298 2206 2297
2298 2299 2206
2195 2197 2297
2195 2297 2206
2300 2301 2302
2302 2301 2303
2235 2302 2303
2304 2303 2301
2304 2301 2305
2306 2305 2301
2306 2307 2305
2306 2308 2307
2309 2307 2308
2310 2309 2308
2308 2311 2310
2310 2312 2309
2311 2313 2310
2314 2313 2311
2314 2315 2313
2314 2316 2315
2316 2317 2315
2318 2314 2311
2319 2318 2308
2320 2319 2306
2320 2306 2321
2315 2322 2313
2315 2317 2322
2318 2311 2323
2319 2308 2324
2313 2322 2325
2313 2326 2310
2313 2325 2326
2310 2326 2312
2326 2325 2327
2327 2328 2326
2329 2328 2327
2330 2329 2327
2327 2331 2330
2325 2331 2327
2330 2332 2329
2333 2332 2330
2322 2334 2325
2325 2334 2335
2325 2335 2331
2331 2335 2336
2336 2330 2331
2336 2337 2330
2333 2330 2337
2338 2333 2337
2339 2338 2337
2336 2339 2337
2339 2340 2338
2328 2312 2326
2333 2338 2341
2333 2341 2342
2332 2333 2342
2332 2342 2343
2329 2332 2343
2329 2343 2344
2328 2329 2344
2328 2344 2345
2312 2328 2345
2312 2345 2346
2309 2312 2346
2309 2346 2347
2307 2309 2347
2307 2347 2348
2307 2348 2349
2305 2307 2349
2304 2305 2350
2305 2351 2350
2304 2236 2303
2236 2235 2303
2235 2237 2302
2200 2207 2191
2191 2207 2352
2191 2352 2353
2207 2354 2352
2207 2355 2354
2208 2356 2354
2208 2211 2356
2211 2357 2356
2211 2215 2357
2215 2216 2358
2215 2358 2359
2240 2360 2216
2240 2242 2360
2243 2360 2242
2243 2361 2360
2244 2361 2243
2244 2246 2361
2216 2360 2362
2216 2362 2363
2361 2246 2364
2361 2364 2365
2366 2361 2365
2366 2365 2362
2240 2216 2227
2367 2368 2364
2367 2247 2368
2369 2370 2368
2369 2371 2370
2245 2372 2250
2245 2241 2372
2187 2248 2188
2248 2187 2373
2248 2373 2374
2187 2375 2373
2187 2185 2375
2185 2376 2375
2185 2184 2376
2184 2377 2376
2184 2189 2377
2189 2353 2377
2189 2378 2353
2214 2379 2218
2213 2379 2214
2209 2380 2213
2210 2380 2209
2231 2320 2301
2317 2381 2322
2322 2381 2334
2382 2383 2381
2382 2384 2383
2385 2384 2382
2386 2385 2382
2387 2385 2386
2387 2386 2388
2388 2386 2389
2386 2382 2389
2387 2390 2385
2391 2390 2387
2391 2392 2390
2390 2393 2385
2394 2393 2390
2395 2394 2391
2393 2394 2396
2395 2397 2394
2393 2396 2398
2396 2394 2399
2400 2399 2394
2401 2400 2395
2401 2402 2400
2400 2403 2399
2400 2404 2403
2405 2403 2404
2405 2404 2406
2407 2404 2401
2393 2398 2408
2385 2393 2408
2385 2408 2384
2408 2409 2384
2409 2408 2410
2410 2408 2398
2411 2409 2410
2412 2409 2411
2409 2412 2413
2384 2409 2413
2412 2411 2414
2415 2412 2414
2414 2416 2415
2415 2416 2417
2415 2417 2418
2418 2419 2415
2415 2419 2412
2420 2419 2418
2421 2412 2419
2421 2419 2420
2413 2412 2421
2421 2422 2413
2384 2413 2422
2384 2422 2383
2414 2423 2416
2411 2423 2414
2411 2424 2423
2410 2424 2411
2410 2425 2424
2339 2418 2426
2398 2427 2425
2396 2427 2398
2396 2428 2427
2399 2428 2396
2399 2429 2428
2398 2425 2410
2399 2430 2429
2403 2430 2399
2405 2431 2403
2403 2431 2432
2405 2406 2433
2433 2406 2434
2433 2434 2435
2435 2434 2436
2436 2434 2437
2434 2406 2438
2434 2438 2437
2435 2436 2439
2439 2436 2440
2436 2437 2441
2436 2441 2440
2440 2441 2442
2440 2442 2443
2440 2443 2444
2444 2443 2445
2445 2443 2446
2443 2447 2446
2443 2442 2448
2447 2443 2448
2448 2442 2449
2449 2442 2450
2450 2442 2441
2450 2441 2451
2451 2441 2407
2407 2441 2437
2407 2437 2452
2453 2440 2444
2440 2453 2439
2446 2454 2445
2446 2455 2454
2446 2447 2455
2454 2455 2456
2456 2455 2457
2456 2457 2458
2458 2459 2456
2459 2460 2456
2460 2459 2461
2460 2461 2462
2463 2460 2462
2463 2464 2460
2460 2464 2465
2466 2464 2463
2463 2467 2466
2466 2468 2464
2468 2465 2464
2468 2469 2465
2465 2469 2470
2465 2470 2471
2471 2470 2472
2471 2472 2473
2473 2472 2474
2473 2474 2475
2475 2474 2476
2466 2467 2477
2477 2469 2468
2477 2468 2466
2477 2478 2469
2478 2470 2469
2478 2479 2470
2470 2479 2472
2479 2478 2480
2479 2481 2472
2481 2479 2482
2482 2479 2480
2481 2482 2483
2481 2483 2472
2483 2476 2474
2472 2483 2474
2476 2483 2484
2482 2484 2483
2477 2485 2478
2485 2480 2478
2477 2467 2485
2485 2486 2480
2485 2487 2486
2467 2488 2485
2489 2488 2467
2490 2488 2489
2490 2491 2488
2491 2490 2492
2491 2492 2493
2493 2492 2494
2493 2494 2495
2495 2494 2496
2495 2496 2497
2496 2498 2497
2498 2499 2497
2499 2498 2500
2499 2500 2501
2501 2500 2502
2501 2502 2503
2504 2498 2496
2504 2500 2498
2505 2504 2496
2504 2505 2506
2505 2507 2506
2505 2508 2507
2504 2506 2509
2504 2509 2510
2504 2510 2511
2511 2500 2504
2508 2505 2512
2508 2512 2513
2514 2508 2513
2508 2514 2515
2514 2513 2516
2517 2514 2516
2514 2517 2518
2517 2519 2518
2519 2517 2520
2517 2516 2520
2519 2520 2521
2448 2519 2521
2519 2448 2522
2448 2449 2522
2519 2522 2523
2518 2519 2523
2514 2518 2524
2515 2514 2524
2513 2525 2516
2513 2526 2525
2516 2525 2527
2516 2527 2520
2521 2447 2448
2455 2447 2521
2455 2521 2528
2455 2528 2457
2458 2457 2528
2458 2528 2529
2459 2458 2529
2459 2529 2461
2529 2530 2461
2529 2531 2530
2532 2531 2529
2532 2533 2531
2521 2533 2528
2521 2534 2533
2535 2534 2521
2535 2536 2534
2537 2530 2538
2537 2538 2462
2539 2538 2540
2539 2540 2541
2340 2542 2543
2340 2543 2338
2340 2544 2542
2340 2545 2544
2546 2547 2548
2546 2548 2549
2550 2546 2549
2551 2550 2549
2548 2552 2549
2549 2552 2553
2551 2549 2553
2554 2551 2553
2554 2553 2555
2553 2552 2555
2554 2555 2556
2556 2555 2557
2556 2557 2558
2555 2559 2557
2555 2560 2559
2552 2560 2555
2557 2559 2561
2562 2557 2561
2562 2558 2557
2547 2563 2564
2563 2565 2564
2565 2566 2564
2565 2567 2566
2567 2568 2566
2567 2569 2568
2569 2570 2568
2569 2571 2570
2572 2570 2571
2573 2572 2571
2573 2571 2574
2571 2575 2574
2575 2576 2574
2575 2577 2576
2577 2578 2576
2577 2579 2578
2580 2578 2579
2580 2581 2578
2573 2582 2572
2573 2583 2582
2580 2584 2581
2585 2581 2584
2586 2585 2584
2584 2587 2586
2584 2588 2587
2587 2588 2589
2587 2589 2590
2591 2590 2589
2591 2592 2590
2591 2593 2592
2585 2594 2581
2595 2581 2594
2595 2594 2596
2594 2597 2596
2597 2598 2596
2597 2599 2598
2593 2600 2592
2593 2546 2600
2546 2550 2600
2546 2563 2547
2601 2582 2602
2603 2601 2602
2603 2602 2604
2605 2603 2604
2606 2605 2604
2606 2607 2605
2607 2608 2605
2607 2609 2608
2610 2608 2609
2610 2611 2608
2612 2611 2610
2612 2613 2611
2582 2583 2602
2614 2613 2612
2614 2612 2615
2614 2615 2616
2616 2615 2617
2616 2617 2618
2617 2619 2618
2618 2619 2620
2619 2621 2620
2620 2621 2622
2621 2623 2622
2616 2618 2624
2618 2620 2625
2623 2626 2627
2626 2628 2627
2629 2614 2630
2630 2631 2616
2629 2630 2632
2633 2634 2627
2633 2627 2635
2635 2627 2636
2637 2633 2635
2638 2633 2637
2639 2638 2637
2636 2627 2640
2630 2616 2641
2642 2643 2641
2642 2644 2643
2645 2646 2639
2641 2647 2648
2647 2645 2648
2641 2648 2649
2641 2649 2650
2649 2651 2650
2649 2652 2651
2652 2653 2651
2652 2654 2653
2655 2653 2654
2655 2656 2653
2657 2656 2655
2657 2658 2656
2656 2658 2659
2659 2658 2660
2659 2660 2661
2661 2660 2662
2662 2660 2663
2664 2662 2663
2664 2665 2662
2664 2666 2665
2664 2667 2666
2666 2667 2668
2668 2667 2669
2668 2669 2670
2670 2669 2671
2670 2671 2672
2673 2672 2671
2673 2671 2674
2665 2666 2675
2676 2675 2666
2676 2677 2675
2673 2674 2678
2679 2678 2674
2680 2678 2679
2678 2680 2681
2678 2681 2682
2681 2683 2682
2681 2684 2683
2685 2683 2684
2685 2684 2686
2685 2686 2687
2679 2674 2688
2689 2688 2674
2689 2690 2688
2688 2690 2691
2691 2690 2692
2691 2692 2693
2687 2686 2694
2687 2694 2695
2695 2694 2696
2696 2697 2695
2698 2697 2696
2695 2697 2699
2695 2699 2700
2699 2697 2701
2697 2702 2701
2698 2702 2697
2703 2702 2698
2703 2704 2702
2702 2704 2701
2703 2705 2704
2705 2706 2704
2705 2707 2706
2704 2706 2708
2704 2708 2709
2701 2704 2709
2706 2710 2708
2711 2710 2706
2711 2706 2707
2700 2712 2713
2695 2700 2713
2713 2712 2714
2714 2712 2715
2714 2715 2716
2716 2715 2677
2716 2677 2676
2717 2718 2719
2717 2719 2720
2720 2721 2717
2720 2722 2721
2722 2723 2721
2718 2724 2719
2718 2725 2724
2725 2726 2724
2725 2727 2726
2726 2727 2728
2728 2727 2729
2729 2730 2728
2729 2731 2730
2731 2732 2730
2731 2733 2732
2734 2726 2728
2734 2728 2730
2735 2726 2734
2734 2736 2735
2735 2736 2737
2735 2737 2738
2734 2739 2736
2734 2740 2739
2734 2741 2740
2741 2734 2730
2738 2742 2735
2738 2743 2742
2744 2743 2738
2738 2745 2744
2744 2746 2743
2747 2746 2744
2744 2748 2747
2747 2748 2749
2749 2750 2747
2747 2750 2746
2749 2751 2750
2752 2751 2749
2749 2753 2752
2752 2753 2754
2752 2754 2755
2754 2756 2755
2757 2752 2755
2758 2757 2755
2758 2759 2757
2759 2760 2757
2760 2761 2757
2757 2761 2762
2751 2752 2762
2762 2752 2757
2763 2759 2758
2758 2755 2764
2756 2764 2755
2756 2765 2764
2765 2766 2764
2767 2758 2764
2768 2758 2767
2758 2768 2763
2769 2768 2767
2769 2767 2770
2771 2769 2770
2767 2772 2770
2767 2764 2772
2766 2772 2764
2766 2773 2772
2761 2760 2774
2761 2774 2775
2761 2775 2762
2774 2776 2775
2776 2777 2775
2776 2778 2777
2778 2776 2779
2779 2776 2780
2780 2781 2779
2780 2782 2781
2783 2782 2780
2783 2780 2784
2780 2785 2784
2786 2783 2784
2783 2786 2723
2786 2784 2787
2787 2784 2785
2787 2785 2788
2785 2789 2788
2785 2790 2789
2790 2791 2789
2790 2792 2791
2792 2793 2791
2792 2794 2793
2794 2795 2793
2786 2796 2723
2796 2786 2787
2796 2787 2788
2796 2788 2797
2797 2788 2789
2797 2789 2798
2789 2791 2798
2798 2799 2797
2798 2791 2800
2800 2801 2798
2801 2799 2798
2800 2791 2802
2802 2793 2795
2791 2793 2802
2800 2802 2801
2795 2803 2802
2802 2803 2801
2797 2799 2804
2796 2797 2804
2796 2804 2723
2804 2799 2805
2804 2805 2806
2723 2804 2721
2721 2804 2807
2721 2807 2808
2799 2809 2810
2809 2811 2810
2809 2812 2811
2812 2813 2811
2799 2810 2814
2717 2721 2815
2717 2815 2816
2718 2717 2817
2718 2817 2818
2725 2718 2819
2725 2819 2820
2727 2725 2820
2727 2820 2821
2729 2727 2821
2729 2821 2822
2731 2729 2822
2731 2822 2823
2733 2731 2824
2733 2824 2825
2826 2733 2825
2826 2825 2827
2732 2733 2828
2732 2828 2829
2732 2829 2830
2829 2831 2830
2832 2732 2830
2833 2832 2830
2831 2833 2830
2833 2741 2832
2833 2834 2741
2730 2732 2832
2730 2832 2741
2835 2836 2837
2837 2836 2838
2770 2837 2838
2839 2838 2836
2839 2836 2840
2841 2840 2836
2841 2842 2840
2841 2843 2842
2844 2842 2843
2845 2844 2843
2843 2846 2845
2845 2847 2844
2846 2848 2845
2849 2848 2846
2849 2850 2848
2849 2851 2850
2851 2852 2850
2853 2849 2846
2854 2853 2843
2855 2854 2841
2855 2841 2856
2850 2857 2848
2850 2852 2857
2853 2846 2858
2854 2843 2859
2848 2857 2860
2848 2861 2845
2848 2860 2861
2845 2861 2847
2861 2860 2862
2862 2863 2861
2864 2863 2862
2865 2864 2862
2862 2866 2865
2860 2866 2862
2860 2867 2866
2868 2865 2866
2867 2868 2866
2865 2869 2864
2870 2869 2865
2857 2871 2860
2860 2871 2867
2857 1963 2871
2863 2847 2861
2869 2870 2872
2870 2873 2872
2870 2874 2873
2874 2870 2875
2868 2875 2865
2870 2865 2875
1971 2874 2875
2868 1971 2875
1971 2876 2874
2869 2872 2877
2864 2869 2877
2864 2877 2878
2863 2864 2878
2863 2878 2879
2847 2863 2879
2847 2879 2880
2844 2847 2880
2844 2880 2881
2842 2844 2881
2842 2881 2882
2842 2882 2883
2840 2842 2883
2839 2840 2884
2840 2885 2884
2839 2771 2838
2771 2770 2838
2770 2772 2837
2735 2742 2726
2726 2742 2886
2726 2886 2887
2742 2888 2886
2742 2889 2888
2743 2890 2888
2743 2746 2890
2746 2891 2890
2746 2750 2891
2750 2751 2892
2750 2892 2893
2775 2894 2751
2775 2777 2894
2778 2894 2777
2778 2895 2894
2779 2895 2778
2779 2781 2895
2751 2894 2896
2751 2896 2897
2895 2781 2898
2895 2898 2899
2900 2895 2899
2900 2899 2896
2775 2751 2762
2901 2902 2898
2901 2782 2902
2903 2904 2902
2903 2905 2904
2780 2906 2785
2780 2776 2906
2722 2783 2723
2783 2722 2907
2783 2907 2908
2722 2909 2907
2722 2720 2909
2720 2910 2909
2720 2719 2910
2719 2911 2910
2719 2724 2911
2724 2887 2911
2724 2912 2887
2749 2913 2753
2748 2913 2749
2744 2914 2748
2745 2914 2744
2766 2855 2836
2852 2915 2857
2916 2092 2917
2916 2917 2918
2919 2438 2404
2438 2406 2404
2920 2921 2922
2922 2921 2923
2923 2921 2924
2923 2924 2511
2923 2511 2925
2500 2511 2924
2500 2924 2502
2924 2921 2502
2502 2921 2920
2502 2920 2926
2502 2926 2503
2503 2927 2928
2503 2928 2501
2929 2927 2503
2929 2930 2927
2501 2931 2932
2501 2932 2499
2499 2932 2933
2499 2933 2497
2497 2933 2934
2497 2934 2495
2495 2934 2935
2495 2935 2493
2493 2936 2937
2493 2937 2491
2491 2938 2939
2491 2939 2488
2488 2940 2941
2488 2941 2485
2505 2496 2512
2496 2942 2512
2496 2943 2942
2512 2942 2526
2512 2526 2944
2494 2945 2943
2494 2943 2946
2492 2945 2494
2492 2947 2945
2490 2947 2492
2490 2948 2947
2489 2948 2490
2489 2949 2948
2463 2949 2489
2489 2467 2463
2463 2950 2949
2460 2465 2951
2460 2951 2456
2952 2953 2954
2955 2953 2952
2955 2956 2953
2480 2956 2955
2480 2957 2956
2389 2382 2958
2959 2960 2961
2959 2961 2962
2960 2959 2963
2963 2959 2964
2961 2965 2962
2961 2966 2965
2965 2966 2967
2965 2967 2968
2967 2969 2968
2967 2970 2969
2969 2970 2971
2969 2971 2972
2971 2973 2972
2971 2974 2973
2973 2975 2976
2973 2976 2977
2978 2977 2976
2977 2978 2979
2977 2979 2980
2981 2980 2979
2981 2979 2982
2982 2983 2981
2982 2984 2983
2983 2984 2985
2983 2985 2986
2985 2987 2986
2985 2988 2987
2988 2989 2987
2990 2991 2992
2992 2993 2990
2994 2993 2992
2995 2993 2994
2994 2996 2995
2997 2996 2994
2998 2996 2997
2997 2999 2998
3000 2999 2997
3001 2999 3000
3000 3002 3001
3003 3002 3000
3004 3002 3003
3003 3005 3004
3006 3005 3003
3007 3005 3006
3008 3007 3006
3009 3008 3006
3009 3010 3008
3011 3010 3009
3012 3011 3009
3012 3013 3011
3012 3014 3013
3012 3015 3014
3016 3017 3018
3016 3018 3019
3020 3017 3016
3020 3021 3017
3022 3021 3020
3022 3023 3021
3024 3019 3018
3024 3018 3025
3026 3023 3022
3026 3022 3027
3028 3026 3027
3028 3029 3026
3024 3025 3030
3024 3030 3031
3032 3031 3030
3032 3033 3031
3033 3032 3034
3033 3034 3035
3034 3036 3035
3034 3037 3036
3036 3037 3038
3036 3038 3039
3039 3038 3040
3039 3040 3041
3042 3043 3044
3042 3044 3045
3046 3047 3048
3046 3048 3049
3050 3049 3048
3050 3051 3049
3052 3051 3053
3052 3054 3055
3056 3055 3054
3056 3054 3057
3052 3055 3058
3050 3059 3058
3060 3061 3062
3060 3062 3063
3064 3065 3066
3067 3064 3068
3067 3069 3064
3069 3067 3070
3064 3071 3068
3064 3072 3071
3069 3070 3073
3073 3074 3069
3074 3073 3075
3075 3073 3076
3075 3076 3077
3077 3078 3075
3079 3078 3077
3079 3077 3080
3081 3079 3080
3081 3080 3082
3083 3081 3082
3083 3084 3081
3085 3086 3084
3087 3072 3088
3085 3089 3090
3085 3090 3091
3083 3091 3092
3090 3089 3093
3090 3093 3094
3094 3093 3095
3094 3095 3096
3095 3097 3096
3097 3095 3098
3097 3098 3099
3100 3097 3099
3099 3101 3100
3102 3087 3101
3102 3103 3087
3101 3104 3102
3101 3099 3104
3087 3103 3105
3087 3105 3066
3106 3107 3108
3109 3110 3111
3109 3111 3112
3110 3113 3111
3110 3114 3113
3115 3109 3112
3115 3112 3116
3117 3115 3116
3117 3116 3118
3119 3117 3118
3119 3118 3120
3121 3119 3120
3121 3120 3122
3123 3124 3125
3123 3126 3124
3126 3127 3124
3126 3128 3127
3123 3125 3129
3129 3125 3130
3131 3129 3130
3129 3131 3132
3132 3131 3133
3134 3132 3133
3135 3132 3134
3135 3134 3136
3137 3135 3136
3137 3136 3138
3139 3140 3141
3140 3142 3141
3141 3142 3143
3141 3143 3144
3144 3143 3145
3144 3145 3146
3146 3145 3147
3146 3147 3148
3148 3147 3149
3148 3149 3150
3150 3149 3151
3149 3152 3151
3153 3154 3155
3154 3156 3155
3156 3157 3155
3156 3158 3157
3157 3158 3159
3157 3159 3160
3159 3161 3160
3161 3162 3160
3162 3161 3163
3163 3161 3164
3164 3165 3163
3165 3166 3163
3165 3167 3166
3165 3168 3167
3167 3168 3169
3167 3169 3170
3169 3171 3170
3170 3171 3172
3172 3171 3173
3173 3174 3172
3175 3176 3177
3175 3177 3178
3179 3180 3181
3179 3181 3182
3183 3184 3185
3183 3185 3186
3187 3188 3189
3188 3190 3189
3188 3191 3190
3188 3192 3191
3192 3193 3191
3194 3193 3192
3194 3195 3193
3196 3195 3194
3197 3195 3196
3197 3198 3195
3199 3198 3197
3199 3200 3198
3201 3200 3199
3202 3200 3201
3203 3202 3201
3203 3201 3204
3204 3205 3203
3206 3203 3205
3207 3203 3206
3207 3208 3203
3209 3208 3207
3209 3210 3208
3211 3210 3209
3211 3212 3210
3213 3212 3211
3213 3214 3212
3215 3214 3213
3215 3213 3216
3217 3215 3216
3217 3216 3218
3219 3217 3218
3206 3205 3220
3221 3219 3218
3222 3219 3221
3223 3222 3221
3223 3224 3222
3224 3223 3225
3226 3227 3228
3226 3228 3229
3230 3226 3229
3230 3229 3231
3232 3230 3231
3232 3231 3233
3234 3232 3233
3234 3233 3235
3236 3234 3235
3236 3235 3237
3238 3236 3237
3238 3237 3239
3240 3238 3239
3240 3239 3241
3242 3240 3241
3242 3241 3243
3244 3245 3242
3244 3246 3245
3247 3248 3249
3247 3249 3250
3251 3247 3250
3251 3250 3252
3253 3251 3252
3253 3252 3254
3255 3253 3254
3255 3254 3256
3257 3255 3256
3257 3256 3258
3259 3257 3258
3259 3258 3260
3261 3259 3260
3261 3260 3262
3263 3261 3262
3263 3262 3264
3265 3266 3267
3265 3267 3268
3269 3265 3268
3269 3268 3270
3271 3269 3270
3271 3270 3272
3273 3271 3272
3273 3272 3274
3275 3273 3274
3275 3274 3276
3277 3275 3276
3277 3276 3278
3279 3277 3278
3279 3278 3280
3281 3279 3280
3281 3280 3282
3281 3282 3283
3267 3266 3284
3285 3286 3287
3285 3287 3288
3288 3287 3289
3288 3289 3290
3290 3289 3291
3290 3291 3292
3292 3291 3293
3292 3293 3294
3294 3293 3295
3294 3295 3296
3296 3295 3297
3296 3297 3298
3298 3297 3299
3298 3299 3300
3300 3299 3301
3300 3301 3302
3303 3302 3301
3303 3304 3302
3304 3305 3302
3306 3307 3308
3306 3308 3309
3307 3310 3308
3307 3311 3310
3312 3306 3309
3312 3309 3313
3311 3314 3310
3311 3315 3314
3316 3312 3313
3316 3313 3317
3315 3318 3314
3315 3319 3318
3319 3320 3318
3316 3317 3321
3322 3316 3321
3322 3321 3323
3324 3325 3320
3324 3326 3325
3327 3227 3328
3327 3328 3329
3330 3331 3332
3330 3332 3333
3334 3335 3336
3335 3337 3336
3285 3338 3286
3285 3339 3338
3285 3340 3339
3341 3342 3343
3341 3343 3344
3345 3346 3347
3345 3347 3348
3349 3350 3351
3349 3351 3352
3353 3354 3355
3353 3355 3356
3357 3358 3359
3360 3357 3359
3360 3359 3361
3358 3362 3359
3358 3363 3362
3363 3364 3362
3365 3360 3361
3365 3361 3366
3363 3367 3364
3364 3367 3368
3367 3369 3368
3369 3370 3368
3371 3372 3373
3374 3375 3376
3187 3189 3377
3378 3379 3380
3378 3380 3381
3381 3382 3378
3382 3383 3378
3380 3379 3384
3380 3384 3385
3384 3386 3385
3384 3387 3386
3386 3387 3388
3386 3388 3389
3388 3390 3389
3388 3391 3390
3390 3391 3392
3390 3392 3393
3392 3394 3395
3392 3395 3396
3397 3395 3394
3394 3398 3397
3394 3399 3398
3400 3398 3399
3400 3401 3398
3401 3400 3402
3401 3402 3403
3402 3404 3403
3402 3405 3404
3404 3405 3406
3404 3406 3407
3407 3406 3408
3409 3410 3411
3410 3409 3412
3413 3410 3412
3414 3413 3412
3413 3414 3415
3416 3413 3415
3417 3416 3415
3416 3417 3418
3419 3416 3418
3420 3419 3418
3419 3420 3421
3422 3419 3421
3423 3422 3421
3422 3423 3424
3425 3422 3424
3426 3425 3424
3427 3425 3426
3428 3425 3427
3428 3427 3429
3430 3428 3429
3431 3428 3430
3431 3430 3432
3431 3432 3433
3431 3433 3434
3435 3436 3437
3435 3437 3438
3439 3435 3438
3439 3438 3440
3441 3439 3440
3441 3440 3442
3443 3437 3436
3443 3444 3437
3445 3441 3442
3445 3446 3441
3447 3446 3445
3447 3445 3448
3443 3449 3444
3443 3450 3449
3451 3449 3450
3451 3450 3452
3452 3453 3451
3452 3454 3453
3453 3454 3455
3453 3455 3456
3455 3457 3456
3455 3458 3457
3458 3459 3457
3458 3460 3459
3461 3462 3463
3461 3463 3464
3465 3466 3467
3465 3467 3468
3469 3470 3471
3472 3473 3474
3472 3474 3475
3475 3474 3476
3475 3476 3477
3478 3473 3472
3478 3479 3473
3480 3479 3478
3480 3481 3479
3482 3481 3480
3482 3483 3481
3484 3483 3482
3484 3485 3483
3486 3487 3488
3486 3488 3489
3489 3488 3490
3489 3490 3491
3486 3492 3487
3492 3493 3487
3494 3493 3492
3492 3495 3494
3495 3496 3494
3497 3496 3495
3498 3497 3495
3498 3499 3497
3500 3499 3498
3500 3501 3499
3502 3503 3504
3504 3503 3505
3503 3506 3505
3503 3507 3506
3507 3508 3506
3507 3509 3508
3509 3510 3508
3509 3511 3510
3511 3512 3510
3511 3513 3512
3513 3514 3512
3512 3514 3515
3516 3517 3518
3518 3517 3519
3519 3517 3520
3519 3520 3521
3520 3522 3521
3520 3523 3522
3522 3523 3524
3524 3523 3525
3525 3526 3524
3526 3527 3524
3527 3526 3528
3528 3526 3529
3528 3529 3530
3528 3530 3531
3530 3532 3531
3530 3533 3532
3532 3533 3534
3533 3535 3534
3535 3536 3534
3536 3535 3537
3538 3539 3540
3538 3540 3541
3542 3543 3544
3542 3544 3545
3546 3547 3548
3546 3548 3549
3550 3551 3552
3552 3551 3553
3552 3553 3554
3552 3554 3555
3555 3554 3556
3557 3555 3556
3557 3556 3558
3559 3557 3558
3560 3559 3558
3560 3558 3561
3562 3560 3561
3562 3561 3563
3564 3562 3563
3565 3564 3563
3566 3564 3565
3566 3567 3564
3567 3566 3568
3569 3568 3566
3570 3569 3566
3570 3566 3571
3572 3570 3571
3572 3571 3573
3574 3572 3573
3574 3573 3575
3576 3574 3575
3576 3575 3577
3578 3576 3577
3578 3579 3576
3580 3579 3578
3580 3581 3579
3582 3581 3580
3569 3583 3568
3584 3581 3582
3585 3584 3582
3586 3584 3585
3586 3585 3587
3587 3588 3586
3589 3590 3591
3589 3591 3592
3593 3590 3589
3593 3594 3590
3595 3594 3593
3595 3596 3594
3597 3596 3595
3597 3598 3596
3599 3598 3597
3599 3600 3598
3601 3600 3599
3601 3602 3600
3603 3602 3601
3603 3604 3602
3605 3604 3603
3605 3606 3604
3607 3608 3592
3607 3609 3608
3610 3605 3611
3610 3611 3612
3613 3614 3615
3613 3615 3616
3617 3614 3613
3617 3618 3614
3619 3618 3617
3619 3620 3618
3621 3620 3619
3621 3622 3620
3623 3622 3621
3623 3624 3622
3625 3624 3623
3625 3626 3624
3627 3626 3625
3627 3628 3626
3629 3628 3627
3629 3630 3628
3631 3632 3633
3631 3633 3634
3635 3632 3631
3635 3636 3632
3637 3636 3635
3637 3638 3636
3639 3638 3637
3639 3640 3638
3641 3640 3639
3641 3642 3640
3643 3642 3641
3643 3644 3642
3645 3644 3643
3645 3646 3644
3647 3646 3645
3647 3648 3646
3633 3649 3634
3647 3650 3648
3651 3652 3653
3651 3653 3654
3652 3655 3653
3652 3656 3655
3656 3657 3655
3656 3658 3657
3658 3659 3657
3658 3660 3659
3660 3661 3659
3660 3662 3661
3662 3663 3661
3662 3664 3663
3664 3665 3663
3664 3666 3665
3666 3667 3665
3666 3668 3667
3669 3667 3668
3669 3668 3670
3670 3668 3671
3672 3673 3674
3672 3674 3675
3675 3674 3676
3675 3676 3677
3678 3673 3672
3678 3679 3673
3677 3676 3680
3677 3680 3681
3682 3679 3678
3682 3683 3679
3681 3680 3684
3681 3684 3685
3685 3684 3686
3682 3687 3683
3688 3687 3682
3688 3689 3687
3690 3686 3691
3690 3691 3692
3693 3694 3695
3693 3695 3696
3697 3698 3699
3699 3698 3700
3651 3654 3701
3651 3701 3702
3651 3702 3703
3704 3705 3706
3704 3706 3707
3708 3709 3710
3708 3710 3711
3712 3713 3714
3712 3714 3715
3716 3717 3718
3716 3718 3719
3720 3721 3722
3723 3721 3720
3723 3724 3721
3722 3721 3725
3722 3725 3726
3726 3725 3727
3728 3724 3723
3728 3729 3724
3726 3727 3730
3727 3731 3730
3730 3731 3732
3732 3731 3733
3734 3735 3736
3737 3738 3739
3550 3740 3551
