byte offset: 0
first index: 8697
index count: 5685
topology: trianglelist
format: DXGI_FORMAT_R16_UINT

3023 3024 3025
3023 3026 3024
3027 3028 3029
3028 3027 3030
3031 3032 3033
3032 3031 3034
3035 3036 3037
3036 3035 3038
3039 3040 3041
3040 3039 3042
3043 3044 3045
3044 3046 3045
3047 3048 3049
3048 3047 3050
3051 3052 3053
3052 3051 3054
3054 3055 3052
3054 3056 3055
3057 3055 3056
3057 3058 3055
3058 3057 3059
3059 3060 3058
3061 3062 3063
3062 3061 3064
3065 3066 3067
3066 3065 3068
3069 3070 3071
3070 3069 3072
3073 3074 3075
3074 3073 3076
3077 3078 3079
3079 3080 3077
3081 3082 3083
3083 3082 3084
3085 3086 3087
3087 3088 3085
3089 3090 3091
3090 3089 3092
3093 3094 3095
3093 3095 3096
3097 3098 3099
3098 3097 3100
3101 3102 3103
3102 3101 3104
3105 3106 3107
3106 3105 3108
3109 3110 3111
3111 3112 3109
3113 3114 3115
3115 3114 3116
3117 3118 3119
3119 3120 3117
3121 3122 3123
3123 3124 3121
3124 3123 3125
3124 3125 3126
3127 3126 3125
3127 3125 3128
3128 3129 3127
3129 3128 3130
3131 3132 3133
3132 3131 3134
3135 3136 3137
3136 3135 3138
3139 3140 3141
3140 3139 3142
3143 3144 3145
3144 3143 3146
3147 3148 3149
3148 3147 3150
3151 3152 3153
3152 3154 3153
3155 3156 3157
3156 3155 3158
3159 3160 3161
3160 3159 3162
3163 3164 3165
3166 3167 3168
3169 3170 3171
3172 3173 3174
3175 3176 3177
3178 3179 3180
3181 3182 3183
3184 3185 3186
3187 3188 3189
3187 3189 3190
3191 3192 3193
3192 3191 3194
3195 3196 3197
3196 3195 3198
3199 3200 3201
3200 3199 3202
3203 3204 3205
3205 3206 3203
3207 3208 3209
3209 3208 3210
3211 3212 3213
3213 3214 3211
3215 3216 3217
3217 3218 3215
3218 3217 3219
3218 3219 3220
3221 3220 3219
3221 3219 3222
3222 3223 3221
3223 3222 3224
3225 3226 3227
3226 3225 3228
3229 3230 3231
3230 3229 3232
3233 3234 3235
3234 3233 3236
3237 3238 3239
3238 3237 3240
3241 3242 3243
3242 3241 3244
3245 3246 3247
3246 3248 3247
3249 3250 3251
3250 3249 3252
3253 3254 3255
3254 3253 3256
3257 3258 3259
3257 3260 3258
3261 3262 3263
3262 3261 3264
3265 3266 3267
3266 3265 3268
3269 3270 3271
3270 3269 3272
3273 3274 3275
3274 3273 3276
3277 3278 3279
3278 3280 3279
3281 3282 3283
3282 3281 3284
3285 3286 3287
3286 3285 3288
3288 3289 3286
3288 3290 3289
3291 3289 3290
3291 3292 3289
3292 3291 3293
3293 3294 3292
3295 3296 3297
3296 3295 3298
3299 3300 3301
3300 3299 3302
3303 3304 3305
3304 3303 3306
3307 3308 3309
3308 3307 3310
3311 3312 3313
3313 3314 3311
3315 3316 3317
3317 3316 3318
3319 3320 3321
3321 3322 3319
3323 3324 3325
3324 3323 3326
3327 3328 3329
3330 3331 3332
3333 3334 3335
3336 3337 3338
3339 3340 3341
3342 3343 3344
3345 3346 3347
3348 3349 3350
3351 3352 3353
3352 3354 3353
3354 3355 3353
3354 3356 3355
3354 3357 3356
3357 3358 3356
3359 3358 3357
3357 3360 3359
3361 3359 3360
3359 3361 3362
3361 3363 3362
3361 3364 3363
3362 3365 3359
3363 3364 3366
3363 3366 3367
3368 3367 3366
3367 3369 3363
3369 3367 3370
3371 3370 3367
3372 3369 3370
3371 3373 3370
3370 3373 3374
3375 3370 3374
3370 3375 3372
3373 3376 3374
3374 3376 3377
3375 3374 3378
3373 3371 3379
3380 3379 3371
3379 3380 3381
3382 3381 3380
3381 3382 3383
3384 3382 3380
3382 3384 3385
3386 3384 3380
3380 3371 3386
3387 3373 3379
3376 3373 3387
3381 3388 3379
3379 3388 3387
3388 3381 3389
3383 3389 3381
3390 3388 3389
3388 3390 3391
3388 3391 3392
3388 3392 3387
3389 3393 3390
3393 3389 3394
3389 3383 3394
3383 3382 3395
3382 3385 3396
3382 3396 3395
3395 3397 3383
3397 3394 3383
3398 3397 3395
3395 3396 3398
3394 3397 3399
3399 3397 3398
3393 3394 3399
3392 3400 3387
3376 3387 3400
3367 3386 3371
3368 3386 3367
3401 3402 3403
3402 3404 3403
3404 3405 3403
3403 3405 3406
3405 3407 3406
3408 3407 3405
3408 3409 3407
3410 3407 3409
3411 3410 3409
3412 3409 3408
3411 3409 3413
3412 3413 3409
3413 3414 3411
3415 3413 3412
3412 3408 3416
3416 3408 3417
3405 3417 3408
3418 3412 3416
3419 3412 3418
3412 3419 3420
3415 3412 3420
3421 3420 3419
3420 3421 3422
3415 3420 3422
3423 3422 3421
3423 3421 3424
3425 3423 3424
3425 3426 3423
3426 3422 3423
3426 3427 3422
3415 3422 3427
3428 3421 3419
3428 3419 3429
3419 3418 3429
3421 3428 3430
3421 3430 3424
3418 3416 3431
3418 3431 3429
3432 3431 3416
3433 3431 3432
3431 3433 3434
3435 3432 3416
3416 3436 3435
3416 3417 3436
3436 3437 3435
3437 3438 3435
3438 3439 3435
3439 3438 3440
3441 3439 3440
3442 3435 3439
3441 3442 3439
3435 3442 3443
3432 3435 3443
3444 3437 3436
3444 3436 3445
3436 3417 3445
3445 3417 3446
3446 3417 3405
3405 3447 3446
3404 3447 3405
3448 3449 3406
3450 3449 3448
3449 3450 3451
3451 3452 3449
3452 3453 3449
3406 3449 3453
3454 3453 3452
3455 3451 3450
3451 3455 3456
3455 3450 3457
3450 3448 3457
3448 3458 3457
3458 3459 3457
3459 3458 3460
3461 3460 3458
3448 3461 3458
3448 3462 3461
3460 3461 3463
3460 3464 3459
3464 3460 3465
3463 3465 3460
3459 3466 3457
3464 3466 3459
3466 3455 3457
3465 3463 3467
3466 3464 3468
3456 3455 3469
3470 3456 3469
3471 3456 3470
3472 3471 3470
3473 3470 3469
3474 3470 3473
3472 3470 3474
3475 3472 3474
3475 3476 3472
3476 3477 3472
3477 3471 3472
3477 3478 3471
3478 3477 3479
3456 3471 3478
3478 3451 3456
3480 3451 3478
3479 3480 3478
3451 3480 3452
3481 3452 3480
3482 3481 3480
3482 3483 3481
3483 3482 3484
3485 3483 3484
3485 3486 3483
3486 3481 3483
3486 3487 3481
3481 3487 3452
3487 3454 3452
3454 3488 3453
3488 3489 3453
3453 3489 3490
3489 3488 3491
3491 3492 3489
3492 3491 3493
3493 3494 3492
3494 3495 3492
3489 3492 3495
3490 3489 3495
3495 3494 3496
3497 3495 3496
3495 3497 3498
3490 3495 3498
3494 3493 3499
3494 3499 3500
3494 3500 3501
3496 3494 3501
3496 3501 3502
3497 3496 3502
3502 3501 3503
3501 3500 3503
3504 3490 3498
3490 3504 3505
3504 3506 3505
3505 3506 3401
3505 3401 3403
3490 3505 3403
3506 3507 3401
3490 3403 3508
3403 3406 3508
3453 3508 3406
3453 3490 3508
3407 3448 3406
3509 3510 3511
3510 3512 3511
3512 3510 3513
3511 3512 3514
3512 3515 3514
3510 3516 3513
3510 3509 3516
3509 3517 3516
3518 3516 3517
3518 3517 3519
3516 3518 3520
3520 3513 3516
3520 3521 3513
3521 3512 3513
3522 3521 3520
3520 3523 3522
3523 3520 3518
3524 3512 3521
3524 3521 3522
3525 3524 3522
3526 3525 3522
3526 3522 3523
3515 3527 3514
3527 3515 3528
3528 3529 3527
3529 3528 3530
3531 3527 3529
3531 3532 3527
3532 3511 3527
3533 3532 3531
3509 3511 3532
3534 3509 3532
3534 3532 3533
3535 3534 3533
3534 3535 3519
3511 3514 3527
3519 3517 3534
3509 3534 3517
3536 3537 3538
3537 3536 3539
3537 3540 3538
3541 3536 3538
3542 3541 3538
3542 3543 3541
3543 3542 3544
3545 3544 3542
3545 3542 3538
3545 3538 3546
3538 3540 3546
3540 3547 3546
3544 3545 3548
3549 3548 3545
3548 3549 3550
3551 3550 3549
3550 3551 3552
3551 3553 3552
3549 3545 3554
3554 3551 3549
3551 3554 3555
3551 3555 3556
3545 3546 3557
3545 3557 3558
3554 3545 3558
3558 3559 3554
3560 3551 3556
3551 3560 3553
3561 3560 3556
3562 3560 3561
3553 3560 3563
3560 3564 3563
3560 3565 3564
3565 3560 3562
3566 3565 3562
3567 3566 3562
3567 3562 3568
3562 3561 3568
3567 3568 3569
3567 3569 3570
3568 3571 3569
3568 3561 3571
3561 3572 3571
3571 3573 3569
3569 3573 3574
3569 3574 3570
3573 3571 3575
3571 3572 3575
3574 3573 3576
3573 3575 3576
3577 3576 3575
3577 3578 3576
3577 3579 3578
3580 3577 3575
3572 3580 3575
3572 3581 3580
3556 3581 3572
3580 3581 3582
3577 3580 3582
3583 3577 3582
3584 3577 3583
3579 3577 3584
3585 3579 3584
3586 3585 3584
3586 3584 3587
3584 3583 3587
3586 3587 3588
3586 3588 3589
3588 3590 3589
3590 3588 3591
3587 3592 3588
3587 3583 3592
3592 3591 3588
3592 3583 3593
3583 3582 3593
3594 3592 3593
3592 3594 3591
3593 3595 3594
3594 3595 3596
3597 3591 3594
3591 3597 3590
3596 3597 3594
3593 3598 3595
3599 3600 3601
3602 3599 3601
3603 3601 3600
3601 3603 3604
3605 3604 3603
3604 3606 3601
3606 3607 3601
3601 3607 3602
3608 3603 3600
3608 3605 3603
3608 3609 3605
3609 3608 3610
3600 3611 3608
3610 3608 3611
3611 3612 3610
3613 3609 3610
3613 3610 3612
3612 3614 3613
3609 3613 3615
3612 3611 3616
3611 3617 3616
3618 3617 3611
3617 3618 3619
3620 3617 3619
3621 3620 3619
3619 3618 3622
3620 3621 3623
3624 3623 3621
3619 3625 3621
3626 3621 3625
3626 3624 3621
3625 3619 3627
3619 3622 3627
3627 3622 3628
3627 3628 3629
3625 3630 3626
3630 3625 3631
3625 3627 3631
3631 3627 3629
3629 3628 3632
3633 3629 3632
3628 3634 3632
3622 3634 3628
3622 3635 3634
3636 3633 3632
3637 3636 3632
3634 3637 3632
3637 3634 3638
3638 3634 3635
3638 3635 3639
3635 3618 3639
3637 3640 3636
3641 3640 3637
3638 3641 3637
3642 3641 3638
3639 3642 3638
3600 3642 3639
3600 3537 3642
3642 3537 3641
3537 3643 3641
3641 3643 3640
3640 3644 3636
3643 3644 3640
3643 3539 3644
3537 3539 3643
3644 3539 3645
3599 3537 3600
3618 3635 3622
3645 3539 3536
3645 3536 3646
3536 3647 3646
3647 3536 3648
3541 3648 3536
3541 3649 3648
3650 3649 3541
3649 3651 3648
3651 3649 3652
3653 3652 3649
3653 3649 3650
3652 3653 3654
3653 3655 3654
3655 3653 3656
3657 3656 3653
3658 3657 3653
3659 3658 3653
3659 3653 3650
3660 3650 3541
3661 3647 3648
3651 3661 3648
3541 3543 3660
3543 3662 3660
3663 3660 3662
3663 3664 3660
3664 3659 3650
3664 3650 3660
3662 3543 3665
3665 3666 3662
3666 3667 3662
3667 3663 3662
3667 3666 3668
3669 3668 3666
3669 3666 3670
3666 3665 3670
3669 3670 3671
3669 3671 3672
3669 3672 3673
3669 3673 3674
3669 3674 3675
3669 3675 3676
3677 3673 3672
3671 3677 3672
3673 3677 3678
3678 3674 3673
3674 3678 3679
3675 3674 3679
3675 3680 3676
3680 3675 3681
3675 3679 3681
3670 3682 3671
3677 3671 3682
3682 3670 3665
3677 3550 3678
3678 3550 3679
3550 3677 3548
3682 3548 3677
3550 3552 3679
3679 3552 3681
3552 3683 3681
3683 3680 3681
3680 3683 3684
3685 3684 3683
3665 3544 3682
3548 3682 3544
3544 3665 3543
3553 3683 3552
3683 3553 3685
3563 3685 3553
3686 3687 3688
3688 3687 3689
3690 3688 3689
3687 3559 3689
3691 3689 3559
3692 3689 3691
3689 3692 3690
3693 3692 3691
3693 3691 3694
3691 3695 3694
3694 3695 3696
3695 3697 3696
3697 3698 3696
3696 3698 3699
3691 3700 3695
3700 3697 3695
3559 3700 3691
3700 3559 3701
3702 3699 3698
3703 3702 3698
3703 3698 3697
3704 3701 3703
3704 3703 3697
3697 3700 3704
3700 3701 3704
3703 3705 3702
3701 3705 3703
3699 3702 3706
3699 3706 3707
3707 3706 3708
3708 3706 3702
3708 3702 3709
3705 3709 3702
3701 3557 3705
3705 3557 3709
3557 3546 3709
3708 3709 3546
3547 3708 3546
3710 3708 3547
3710 3707 3708
3707 3710 3711
3711 3710 3712
3710 3547 3713
3713 3712 3710
3712 3713 3714
3713 3599 3714
3540 3599 3713
3547 3540 3713
3707 3711 3715
3715 3716 3707
3716 3715 3717
3716 3717 3696
3715 3711 3718
3599 3602 3714
3602 3719 3714
3720 3714 3719
3602 3721 3719
3722 3720 3719
3723 3720 3722
3722 3719 3724
3721 3724 3719
3721 3725 3724
3725 3721 3726
3721 3607 3726
3721 3602 3607
3722 3727 3723
3728 3723 3727
3727 3729 3728
3729 3727 3730
3731 3730 3727
3727 3722 3731
3731 3722 3724
3732 3731 3724
3725 3732 3724
3731 3732 3733
3730 3731 3733
3729 3730 3734
3733 3732 3734
3734 3730 3733
3735 3729 3734
3735 3728 3729
3735 3736 3728
3736 3737 3728
3728 3737 3723
3737 3738 3723
3732 3739 3734
3739 3740 3734
3734 3740 3741
3723 3738 3720
3725 3740 3739
3725 3739 3732
3740 3725 3742
3741 3740 3742
3743 3741 3742
3743 3742 3726
3726 3742 3725
3726 3606 3743
3743 3606 3744
3606 3745 3744
3745 3746 3744
3746 3745 3747
3747 3748 3746
3748 3749 3746
3748 3747 3750
3751 3744 3746
3746 3752 3751
3749 3752 3746
3749 3753 3752
3747 3754 3750
3745 3755 3747
3747 3755 3754
3754 3755 3756
3755 3757 3756
3755 3745 3757
3757 3745 3758
3745 3606 3758
3756 3757 3759
3757 3758 3759
3759 3760 3756
3756 3760 3761
3762 3760 3759
3759 3758 3762
3760 3762 3763
3761 3760 3764
3764 3760 3763
3609 3764 3763
3761 3764 3765
3764 3615 3765
3764 3609 3615
3758 3604 3762
3762 3604 3763
3604 3605 3763
3605 3609 3763
3758 3606 3604
3726 3607 3606
3766 3767 3737
3766 3768 3767
3736 3766 3737
3737 3767 3738
3355 3769 3770
3771 3770 3769
3772 3770 3771
3769 3773 3771
3773 3769 3774
3353 3355 3770
3770 3775 3353
3351 3353 3775
3775 3770 3776
3772 3776 3770
3777 3775 3776
3772 3777 3776
3775 3777 3778
3779 3778 3777
3779 3777 3780
3777 3772 3780
3779 3780 3781
3772 3781 3780
3781 3772 3782
3782 3772 3771
3778 3783 3775
3783 3351 3775
3783 3778 3784
3779 3784 3778
3782 3771 3785
3785 3786 3782
3786 3785 3787
3785 3788 3787
3788 3785 3789
3789 3790 3788
3790 3789 3791
3792 3788 3790
3788 3792 3793
3794 3793 3792
3794 3792 3795
3796 3794 3795
3796 3795 3797
3796 3798 3794
3798 3793 3794
3796 3799 3798
3798 3800 3793
3788 3800 3787
3800 3788 3793
3799 3801 3798
3801 3787 3800
3801 3800 3798
3787 3801 3802
3803 3790 3791
3804 3803 3791
3790 3803 3805
3792 3790 3805
3806 3792 3805
3792 3806 3795
3795 3806 3807
3805 3807 3806
3795 3807 3797
3807 3805 3808
3805 3809 3808
3805 3803 3809
3810 3803 3804
3810 3811 3803
3811 3809 3803
3810 3812 3811
3810 3813 3812
3813 3810 3814
3815 3813 3814
3814 3810 3816
3817 3814 3816
3815 3814 3817
3818 3815 3817
3818 3817 3819
3818 3819 3820
3819 3821 3820
3819 3822 3821
3817 3816 3822
3822 3819 3817
3823 3816 3810
3816 3823 3822
3823 3824 3822
3824 3823 3804
3823 3810 3804
3822 3825 3821
3822 3824 3825
3824 3826 3825
3826 3824 3827
3824 3804 3827
3825 3826 3828
3829 3828 3826
3827 3804 3830
3791 3830 3804
3830 3791 3789
3789 3773 3830
3830 3773 3774
3771 3773 3789
3789 3785 3771
3828 3831 3825
3825 3831 3832
3828 3833 3831
3830 3774 3834
3827 3830 3835
3834 3835 3830
3836 3827 3835
3826 3827 3836
3826 3836 3837
3837 3838 3826
3838 3837 3839
3840 3838 3839
3840 3839 3841
3842 3839 3837
3839 3842 3841
3842 3837 3836
3840 3829 3838
3829 3826 3838
3836 3835 3843
3842 3836 3843
3835 3844 3843
3825 3832 3821
3821 3832 3820
3845 3846 3847
3845 3847 3848
3846 3411 3847
3411 3846 3849
3847 3414 3848
3847 3411 3414
3850 3849 3846
3845 3850 3846
3849 3850 3851
3851 3410 3849
3411 3849 3410
3851 3852 3410
3852 3853 3410
3854 3855 3856
3856 3855 3433
3855 3434 3433
3365 3362 3857
3363 3857 3362
3857 3363 3858
3369 3858 3363
3858 3369 3372
3372 3859 3858
3859 3372 3860
3861 3858 3859
3858 3861 3857
3365 3857 3861
3861 3859 3862
3860 3862 3859
3862 3860 3863
3862 3863 3864
3865 3864 3863
3864 3865 3866
3867 3863 3860
3863 3867 3865
3860 3375 3867
3860 3372 3375
3867 3868 3865
3869 3864 3866
3866 3870 3869
3871 3869 3870
3872 3869 3871
3873 3872 3871
3874 3873 3871
3875 3869 3872
3875 3864 3869
3875 3862 3864
3876 3875 3872
3876 3872 3873
3876 3862 3875
3876 3877 3862
3878 3876 3873
3877 3876 3878
3878 3879 3877
3879 3878 3880
3874 3880 3873
3880 3878 3873
3881 3880 3874
3862 3877 3861
3882 3861 3877
3877 3879 3882
3879 3883 3882
3883 3884 3882
3884 3885 3882
3886 3884 3883
3885 3884 3886
3885 3365 3882
3365 3861 3882
3880 3881 3887
3887 3888 3880
3880 3888 3879
3879 3888 3883
3889 3888 3887
3889 3883 3888
3883 3889 3890
3883 3890 3886
3889 3887 3891
3892 3893 3866
3866 3893 3870
3866 3865 3892
3868 3892 3865
3868 3894 3895
3868 3867 3894
3867 3896 3894
3896 3897 3894
3894 3897 3898
3895 3894 3898
3897 3896 3899
3895 3898 3900
3898 3897 3901
3897 3899 3901
3900 3898 3901
3899 3896 3902
3901 3899 3903
3903 3899 3902
3903 3904 3901
3905 3904 3903
3895 3906 3868
3907 3906 3895
3907 3895 3908
3908 3895 3900
3896 3867 3378
3896 3378 3902
3867 3375 3378
3903 3902 3909
3909 3905 3903
3910 3909 3902
3378 3910 3902
3374 3910 3378
3374 3377 3910
3802 3786 3787
3654 3911 3652
3655 3911 3654
3911 3912 3652
3912 3651 3652
3913 3468 3464
3465 3913 3464
3467 3913 3465
3611 3600 3639
3618 3611 3639
3559 3687 3554
3687 3914 3554
3687 3686 3914
3914 3915 3554
3555 3554 3915
3559 3558 3701
3701 3558 3557
3556 3555 3581
3561 3556 3572
3707 3716 3699
3699 3716 3696
3540 3537 3599
3916 3917 3918
3917 3919 3918
3919 3917 3920
3919 3921 3918
3916 3918 3921
3916 3921 3922
3923 3922 3921
3921 3919 3923
3922 3923 3924
3919 3920 3925
3919 3925 3926
3927 3919 3926
3927 3923 3919
3923 3927 3924
3927 3928 3924
3928 3927 3929
3927 3930 3929
3927 3926 3930
3929 3931 3928
3930 3932 3929
3933 3932 3930
3933 3934 3932
3935 3929 3932
3935 3936 3929
3936 3931 3929
3937 3931 3936
3935 3932 3938
3938 3932 3934
3934 3939 3938
3938 3939 3940
3930 3926 3941
3942 3930 3941
3930 3942 3933
3943 3933 3942
3933 3943 3944
3944 3934 3933
3944 3945 3934
3946 3943 3942
3946 3942 3941
3943 3946 3947
3947 3948 3943
3943 3948 3949
3949 3944 3943
3944 3949 3945
3950 3946 3941
3948 3947 3951
3948 3952 3949
3952 3948 3953
3951 3953 3948
3947 3946 3954
3946 3950 3954
3951 3947 3954
3955 3956 3941
3957 3956 3955
3956 3957 3958
3959 3957 3955
3959 3955 3960
3956 3958 3961
3962 3958 3957
3963 3962 3957
3957 3959 3963
3964 3962 3963
3962 3964 3965
3958 3962 3965
3966 3964 3963
3967 3966 3963
3967 3963 3959
3968 3966 3967
3968 3967 3969
3966 3968 3970
3970 3964 3966
3967 3959 3971
3971 3959 3960
3967 3971 3972
3967 3972 3969
3973 3969 3972
3969 3973 3974
3975 3973 3972
3975 3972 3971
3976 3975 3971
3976 3971 3960
3976 3960 3977
3977 3960 3978
3978 3979 3977
3980 3976 3977
3977 3981 3980
3979 3981 3977
3982 3981 3979
3979 3983 3982
3983 3984 3982
3981 3982 3985
3980 3981 3986
3986 3981 3985
3987 3986 3985
3986 3987 3988
3989 3986 3988
3975 3976 3990
3991 3976 3980
3991 3990 3976
3991 3992 3990
3993 3990 3992
3992 3991 3994
3990 3993 3995
3990 3995 3975
3995 3973 3975
3995 3996 3973
3997 3996 3995
3998 3997 3995
3999 3996 3997
4000 3999 3997
4000 4001 3999
4001 4000 4002
4003 4001 4002
4001 4003 4004
4004 4003 4005
4005 4003 4006
4001 4004 4007
3999 4001 4007
3999 4007 3974
3974 3973 3996
3999 3974 3996
4004 4005 4008
4007 4004 4008
3968 4008 4005
4005 4006 3968
4007 4008 3969
4008 3968 3969
3974 4007 3969
3995 4009 3998
3995 3993 4009
3993 4010 4009
4010 3993 4011
4012 4011 3993
4013 4011 4012
4013 4012 4014
4013 4014 4015
4012 3993 3992
3992 4014 4012
4014 3992 3994
4015 4014 3994
3994 4016 4015
3994 3991 4016
4016 3991 4017
3991 3980 4017
3980 3986 4017
3989 4017 3986
4018 4019 3989
4020 4019 4018
4020 4018 4021
4021 4018 3988
4018 3989 3988
4020 4021 4022
4021 4023 4022
4021 3987 4023
4021 3988 3987
3987 3985 4023
3985 4024 4023
4023 4024 4025
4024 4026 4025
4026 4024 4027
4024 3982 4027
4024 3985 3982
4023 4025 4028
4023 4028 4022
4027 4029 4026
4030 4029 4027
4031 4029 4030
4031 4030 4032
4032 4033 4031
4034 4031 4033
4034 4033 4035
4036 4034 4035
4036 4037 4034
4037 4031 4034
4037 4029 4031
4036 4038 4037
4038 4029 4037
4036 4039 4038
4029 4038 4040
4041 4040 4038
4039 4041 4038
4040 4041 4042
4043 3982 3984
3984 4044 4043
4044 4027 4043
4027 3982 4043
4027 4044 4045
4044 4046 4045
4047 4046 4044
4044 3984 4047
4048 4046 4047
4049 4046 4048
4048 4050 4049
4050 4048 4051
4051 4048 4047
4051 4047 3984
4052 4051 3984
3983 4052 3984
4053 4054 4055
4053 4055 4056
4054 4057 4055
4057 4054 4058
4055 4057 4059
4056 4055 4059
4054 4060 4058
4060 4054 4061
4053 4061 4054
4053 4062 4061
4053 4063 4062
4064 4062 4063
4062 4064 4065
4065 4061 4062
4061 4065 4060
4057 4066 4059
4058 4067 4057
4057 4067 4066
4064 4068 4065
4065 4068 4060
4068 4069 4060
4060 4069 4058
4069 4070 4058
4058 4070 4067
4068 4064 4071
4069 4072 4070
4070 4072 4073
4073 4074 4070
4067 4070 4074
4075 4074 4073
4075 4076 4074
4074 4076 4067
4076 4077 4067
4077 4078 4067
4078 4066 4067
4076 4075 4079
4075 4080 4079
4081 4080 4075
4066 4078 4082
4080 4081 4083
4083 4084 4080
4085 4080 4084
4079 4080 4085
4075 4086 4081
4073 4086 4075
4087 4086 4073
4086 4087 4088
4088 4089 4086
4086 4089 4081
4085 4084 4090
4091 4085 4090
4085 4091 4092
4079 4085 4092
4092 4091 4093
4094 4092 4093
4092 4094 4095
4093 4091 4096
4096 4091 4097
4091 4098 4097
4099 4097 4098
4100 4097 4099
4096 4097 4100
4100 4099 4101
4102 4100 4101
4103 4100 4102
4104 4103 4102
4103 4105 4100
4105 4096 4100
4105 4093 4096
4093 4105 4094
4105 4103 4077
4077 4095 4094
4077 4094 4105
4077 4103 4078
4095 4077 4076
4079 4095 4076
4079 4092 4095
4103 4106 4078
4103 4104 4106
4106 4107 4078
4108 4078 4107
4078 4108 4082
4109 4082 4108
4110 4109 4108
4110 4108 4111
4107 4111 4108
4107 4112 4111
4112 4110 4111
4113 4107 4106
4113 4112 4107
4104 4113 4106
4114 4112 4113
4114 4115 4112
4104 4114 4113
4115 4114 4104
4115 4104 4116
4117 4118 4119
4118 4120 4119
4118 4121 4120
4120 4121 4122
4122 4123 4120
4123 4124 4120
4120 4124 4119
4123 4125 4124
4125 4126 4124
4127 4125 4123
4128 4119 4124
4126 4128 4124
4122 4129 4123
4129 4130 4123
4123 4130 4127
4129 4131 4130
4130 4131 4127
4118 4132 4121
4133 4132 4118
4134 4119 4128
4119 4134 4135
4134 4128 4136
4134 4137 4135
4137 4134 4138
4139 4135 4137
4135 4139 4140
4135 4140 4141
4140 4142 4141
4142 4140 4143
4143 4144 4142
4144 4143 4145
4142 4144 4146
4147 4140 4139
4140 4147 4143
4148 4143 4147
4143 4148 4145
4149 4134 4136
4134 4149 4138
4150 4138 4149
4138 4150 4137
4137 4150 4139
4139 4150 4147
4147 4150 4148
4136 4151 4149
4151 4150 4149
4151 4136 4152
4146 4153 4142
4153 4146 4154
4154 4155 4153
4155 4154 4156
4157 4153 4155
4153 4157 4158
4153 4158 4159
4153 4159 4160
4160 4142 4153
4141 4142 4160
4161 4141 4160
4117 4141 4161
4161 4118 4117
4160 4159 4162
4163 4160 4162
4161 4160 4163
4164 4163 4162
4162 4165 4164
4163 4166 4161
4166 4163 4164
4167 4166 4164
4167 4168 4166
4168 4167 4169
4169 4170 4168
4171 4170 4169
4171 4169 4172
4173 4170 4171
4171 4174 4173
4174 4171 4175
4175 4176 4174
4176 4175 4177
4178 4176 4177
4176 4178 4179
4180 4179 4178
4179 4180 4181
4170 4173 4182
4182 4183 4170
4183 4182 4184
4185 4177 4175
4175 4171 4185
4186 4185 4171
4177 4185 4187
4188 4174 4176
4174 4188 4189
4188 4190 4189
4190 4188 4191
4181 4191 4179
4191 4176 4179
4176 4191 4188
4189 4190 4192
4192 4190 4193
4182 4192 4193
4193 4190 4194
4194 4182 4193
4182 4194 4184
4195 4190 4191
4191 4181 4195
4173 4189 4192
4192 4182 4173
4189 4173 4174
4170 4183 4133
4170 4133 4168
4168 4133 4166
4133 4161 4166
4161 4133 4118
4196 4132 4133
4196 4197 4132
4197 4198 4132
4121 4132 4198
4198 4122 4121
4198 4197 4199
4199 4200 4198
4122 4198 4200
4200 4201 4122
4200 4202 4201
4202 4200 4199
4203 4204 4180
4203 4180 4178
4178 4205 4203
4178 4177 4205
4177 4187 4205
4206 4207 4208
4206 4209 4207
4206 4210 4209
4211 4210 4206
4211 4206 4208
4212 4211 4208
4211 4212 4213
4211 4213 4214
4210 4211 4214
4215 4210 4214
4210 4215 4216
4210 4216 4209
4217 4209 4216
4209 4217 4218
4209 4218 4207
4207 4218 4219
4207 4219 4220
4208 4207 4220
4208 4220 4221
4222 4208 4221
4222 4212 4208
4218 4217 4186
4218 4186 4171
4171 4172 4218
4218 4172 4219
4223 4224 4225
4225 4226 4223
4226 4225 4227
4227 4225 4228
4225 4229 4228
4228 4229 4230
4225 4231 4229
4231 4232 4229
4231 4233 4232
4234 4229 4232
4232 4235 4234
4235 4236 4234
4236 4235 4237
4238 4236 4237
4238 4237 4239
4235 4239 4237
4236 4238 4240
4241 4240 4238
4241 4238 4242
4242 4238 4239
4239 4235 4243
4243 4235 4244
4244 4235 4232
4245 4243 4244
4232 4246 4244
4245 4244 4246
4232 4233 4246
4247 4246 4233
4233 4248 4247
4249 4245 4246
4245 4249 4250
4245 4250 4251
4243 4245 4251
4252 4251 4250
4253 4250 4249
4250 4254 4252
4255 4252 4254
4255 4254 4256
4256 4254 4250
4250 4253 4256
4246 4257 4249
4257 4246 4247
4258 4249 4257
4249 4258 4253
4259 4257 4247
4259 4247 4260
4260 4247 4248
4248 4261 4260
4261 4248 4262
4262 4263 4261
4248 4264 4262
4263 4265 4261
4260 4266 4259
4259 4266 4267
4268 4259 4267
4269 4268 4267
4259 4268 4270
4259 4270 4257
4270 4271 4257
4271 4258 4257
4266 4272 4267
4273 4267 4272
4273 4272 4274
4275 4273 4274
4273 4275 4276
4276 4277 4273
4273 4277 4278
4279 4275 4274
4279 4274 4272
4275 4279 4280
4280 4279 4281
4280 4282 4275
4276 4275 4282
4282 4280 4283
4283 4280 4281
4272 4284 4279
4279 4284 4285
4279 4285 4281
4281 4285 4286
4285 4287 4286
4286 4288 4281
4288 4286 4289
4289 4290 4288
4290 4289 4291
4292 4290 4291
4292 4293 4290
4293 4288 4290
4294 4287 4285
4288 4293 4295
4288 4295 4281
4296 4294 4285
4285 4297 4296
4285 4284 4297
4296 4297 4298
4297 4284 4299
4294 4296 4300
4301 4294 4300
4294 4301 4287
4300 4296 4302
4302 4296 4298
4300 4302 4303
4303 4302 4304
4304 4302 4298
4305 4300 4303
4306 4305 4303
4306 4307 4305
4307 4300 4305
4307 4301 4300
4297 4299 4308
4308 4298 4297
4298 4308 4309
4309 4304 4298
4310 4309 4308
4311 4308 4299
4310 4308 4311
4312 4310 4311
4312 4311 4313
4312 4313 4314
4313 4315 4314
4315 4316 4314
4315 4317 4316
4317 4315 4318
4318 4265 4317
4313 4311 4319
4313 4319 4315
4315 4319 4320
4318 4315 4320
4299 4319 4311
4320 4319 4299
4299 4321 4320
4299 4284 4321
4318 4261 4265
4260 4261 4318
4260 4318 4320
4266 4260 4320
4321 4266 4320
4321 4272 4266
4321 4284 4272
4322 4152 4136
4322 4136 4128
4323 4322 4128
4324 4325 4326
4325 4324 4327
4328 4325 4327
4329 4327 4324
4330 4325 4328
4325 4330 4331
4326 4325 4331
4332 4331 4330
4332 4333 4331
4333 4326 4331
4332 4330 4334
4332 4334 4335
4333 4336 4326
4337 4330 4328
4330 4337 4334
4337 4335 4334
4328 4327 4338
4329 4338 4327
4339 4329 4324
4340 4326 4336
4326 4340 4324
4340 4339 4324
4341 4329 4339
4341 4342 4329
4343 4328 4338
4337 4328 4343
4335 4337 4344
4345 4337 4343
4346 4345 4343
4345 4347 4337
4347 4344 4337
4338 4348 4343
4338 4349 4348
4349 4350 4348
4350 4349 4351
4348 4352 4343
4352 4348 4350
4343 4352 4346
4353 4346 4352
4351 4349 4354
4354 4355 4351
4354 4349 4356
4349 4357 4356
4356 4357 4358
4357 4359 4358
4360 4358 4359
4360 4359 4361
4361 4362 4360
4363 4362 4361
4363 4361 4364
4364 4365 4363
4365 4364 4366
4367 4361 4359
4361 4367 4364
4359 4357 4367
4368 4365 4366
4365 4368 4369
4368 4342 4369
4370 4342 4368
4371 4368 4366
4371 4370 4368
4364 4371 4366
4371 4364 4367
4349 4370 4371
4349 4371 4367
4329 4342 4370
4338 4370 4349
4338 4329 4370
4367 4357 4349
4372 4373 4374
4373 4372 4375
4376 4375 4372
4375 4376 4377
4378 4377 4376
4377 4378 4379
4380 4379 4378
4379 4380 4381
4382 4375 4377
4382 4377 4379
4382 4379 4381
4382 4373 4375
4374 3936 4372
3936 4374 3937
4378 3940 4380
3940 4378 3938
4376 3938 4378
3938 4376 3935
3935 4372 3936
4372 3935 4376
3937 4383 3931
4384 4385 4386
4385 4384 4387
4386 4388 4384
4388 4386 4389
4387 4390 4385
4390 4387 4391
4392 4391 4387
4392 4387 4384
4392 4384 4388
4386 4393 4389
4393 4386 4228
4385 4228 4386
4230 4393 4228
4228 4385 4227
4385 4226 4227
4226 4385 4390
4394 4230 4229
4229 4234 4394
4234 4395 4394
4395 4234 4236
4395 4236 4396
4236 4240 4396
4241 4396 4240
4397 4398 4399
4398 4397 4400
4397 4401 4400
4401 4397 4402
4403 4401 4402
4401 4403 4404
4405 4398 4400
4398 4405 4406
4407 4406 4405
4408 4401 4404
4401 4408 4409
4400 4401 4409
4400 4409 4405
4410 4405 4409
4407 4405 4410
4411 4407 4410
4411 4410 4412
4410 4409 4412
4409 4408 4412
4411 4413 4407
4414 4407 4413
4414 4406 4407
4413 4415 4414
4415 4416 4414
4416 4406 4414
4406 4416 4398
4415 4417 4416
4416 4417 4418
4399 4416 4418
4399 4398 4416
4419 4399 4418
4420 4399 4419
4419 4421 4420
4420 4421 4422
4418 4417 4423
4418 4424 4419
4424 4425 4419
4419 4425 4421
4425 4426 4421
4426 4427 4421
4421 4427 4422
4427 4426 4428
4429 4428 4426
4429 4430 4428
4429 4426 4431
4426 4425 4431
4432 4431 4425
4425 4424 4432
4431 4432 4433
4429 4431 4433
4429 4433 4434
4432 4434 4433
4435 4432 4424
4432 4435 4436
4434 4432 4436
4428 4437 4427
4437 4428 4430
4427 4437 4438
4422 4427 4438
4437 4439 4438
4422 4438 4440
4440 4441 4422
4442 4441 4440
4442 4443 4441
4442 4444 4443
4445 4422 4441
4443 4445 4441
4444 4445 4443
4435 4424 4446
4424 4447 4446
4447 4424 4448
4449 4447 4448
4424 4418 4448
4449 4448 4450
4451 4449 4450
4451 4450 4452
4451 4453 4449
4446 4447 4453
4447 4449 4453
4423 4452 4450
4450 4448 4423
4448 4418 4423
4454 4455 4156
4455 4456 4156
4456 4455 4457
4458 4456 4457
4458 4459 4456
4459 4156 4456
4458 4460 4459
4460 4157 4459
4156 4459 4155
4157 4155 4459
4156 4154 4454
4461 4273 4462
4273 4461 4267
4267 4461 4269
4463 4269 4461
4463 4464 4269
4465 4269 4464
4465 4268 4269
4466 4461 4462
4268 4465 4270
4278 4466 4462
4273 4278 4462
4278 4467 4466
4467 4278 4468
4468 4469 4467
4278 4470 4468
4469 4468 4470
4471 4469 4470
4471 4470 4472
4470 4278 4472
4473 4471 4472
4473 4472 4277
4472 4278 4277
4270 4474 4271
4474 4475 4271
4476 4475 4474
4475 4476 4477
4478 4477 4476
4478 4479 4477
4477 4480 4475
4480 4477 4479
4475 4480 4271
4480 4258 4271
4481 4482 4483
4481 4484 4482
4483 4482 4350
4485 4482 4484
4482 4485 4350
4481 4483 4486
4484 4353 4485
4486 4483 4355
4483 4351 4355
4483 4350 4351
4353 4352 4485
4485 4352 4350
4487 4488 4489
4487 4490 4488
4488 4491 4489
4489 4491 4492
4491 4488 4493
4493 4488 4490
4492 4491 4283
4493 4283 4491
4283 4493 4282
4494 4282 4493
4494 4493 4490
4494 4276 4282
4492 4283 4281
4397 4495 4402
4496 4495 4397
4399 4496 4397
4399 4420 4496
3926 4497 3955
4497 3926 3925
3955 3941 3926
3955 4497 3960
4498 4224 4248
4498 4248 4233
4248 4224 4264
4233 4231 4498
4498 4231 4225
4498 4225 4224
4119 4135 4117
4117 4135 4141
4360 4499 4358
4358 4499 4356
4500 4020 4022
4500 4022 4028
