byte offset: 0
first index: 0
index count: 17379
topology: trianglelist
format: DXGI_FORMAT_R16_UINT

0 1 2
1 0 3
1 4 2
4 1 5
5 6 4
6 5 7
7 8 6
8 7 9
9 10 8
10 9 11
11 12 10
12 11 13
14 10 12
12 15 14
15 12 16
17 16 12
17 12 13
17 18 16
18 17 19
18 19 20
21 16 18
16 21 15
22 21 18
22 18 20
10 14 23
23 8 10
8 23 24
25 21 22
22 26 25
22 27 26
27 22 20
20 28 27
29 27 28
27 29 30
30 26 27
31 30 29
30 31 32
28 20 33
19 33 20
32 34 30
26 30 34
34 32 35
36 35 32
31 36 32
36 37 35
37 34 35
34 37 38
38 26 34
26 38 39
26 39 25
36 31 40
41 36 40
33 19 42
17 42 19
42 17 43
43 17 13
44 45 46
47 45 44
45 47 48
47 49 48
49 47 50
50 51 49
51 50 52
52 53 51
53 52 54
54 55 53
55 54 56
56 57 55
57 56 58
58 59 57
59 58 60
61 59 60
59 62 57
62 59 63
63 64 62
64 63 65
65 63 66
67 62 64
62 67 68
68 57 62
57 68 55
67 69 68
69 55 68
69 67 70
70 71 69
71 70 72
72 73 71
73 72 74
74 75 73
75 74 76
77 75 76
75 77 78
79 78 77
71 53 69
55 69 53
53 71 51
73 51 71
51 73 49
75 49 73
49 75 48
78 48 75
48 78 45
79 45 78
45 79 46
46 80 44
81 61 82
61 81 83
84 81 82
81 84 85
86 81 85
85 87 86
84 87 85
81 86 88
66 81 88
81 66 83
63 83 66
63 59 83
59 61 83
24 6 8
6 24 89
89 4 6
4 89 90
91 89 24
24 92 91
92 24 23
23 93 92
93 23 14
14 94 93
94 14 15
15 95 94
95 15 21
21 25 95
89 91 96
96 90 89
90 96 97
98 90 97
90 98 99
90 2 4
0 2 99
2 90 99
100 101 102
101 100 103
101 104 102
104 101 105
105 106 104
106 105 107
108 106 107
106 108 109
110 109 108
109 110 111
110 112 111
112 110 113
114 115 116
115 114 117
116 118 114
118 116 119
119 120 118
120 119 121
121 122 120
122 121 123
123 124 122
124 123 125
125 126 124
126 125 127
127 128 126
128 127 129
129 130 128
130 129 131
131 132 130
132 131 133
133 134 132
134 133 135
135 136 134
136 135 137
137 138 136
138 137 139
139 140 138
140 139 141
142 140 141
140 142 143
144 143 142
145 146 147
146 148 147
148 146 149
149 150 148
150 149 151
151 152 150
152 151 153
153 154 152
154 153 155
155 156 154
156 155 157
157 158 156
158 157 159
159 160 158
160 159 161
161 162 160
162 161 163
163 164 162
164 163 165
165 166 164
166 165 167
168 169 170
169 168 171
172 169 171
169 172 173
174 173 172
173 174 175
176 175 174
175 176 177
178 177 176
177 178 179
180 179 178
179 180 181
181 180 182
174 183 176
172 183 174
183 172 184
171 184 172
184 185 183
184 186 185
186 184 187
184 171 187
168 187 171
180 188 182
189 182 188
182 189 190
190 191 182
191 181 182
191 190 192
193 192 190
193 190 189
192 193 194
195 194 193
194 195 196
195 197 196
197 195 198
198 199 197
199 198 200
201 199 200
199 201 202
203 204 205
206 203 205
203 206 207
206 208 207
208 209 207
209 208 210
211 209 210
209 211 212
213 212 211
212 213 214
215 214 213
214 215 216
217 216 215
216 217 218
219 218 217
218 219 220
221 220 219
212 222 209
222 207 209
207 222 203
223 224 225
224 226 225
224 227 226
227 228 226
228 229 226
228 230 229
228 231 230
232 231 228
233 232 228
227 233 228
233 234 232
235 232 234
235 234 236
235 236 237
237 238 235
235 238 232
232 238 231
237 239 238
238 239 240
238 240 231
239 241 240
240 241 242
241 239 243
243 244 241
243 245 244
246 245 243
247 246 243
243 239 247
247 239 237
248 246 247
237 249 247
249 248 247
250 248 249
244 251 241
241 251 252
252 242 241
252 253 242
242 253 254
255 254 253
254 255 256
257 254 256
256 255 258
256 258 259
259 260 256
257 256 260
261 254 257
230 261 257
260 230 257
254 261 242
248 250 262
249 263 250
264 262 250
262 264 265
265 264 266
266 264 267
268 267 263
267 268 236
266 267 236
263 249 268
268 249 237
237 236 268
240 242 261
261 231 240
230 231 261
269 229 230
229 269 270
229 270 271
269 272 270
272 269 260
269 230 260
270 272 273
273 272 274
272 275 274
276 274 275
274 276 277
277 273 274
275 272 278
260 278 272
273 277 279
280 276 275
276 280 281
275 282 280
282 275 278
283 277 276
277 283 284
285 284 283
284 285 286
287 286 285
286 287 288
289 288 287
288 289 290
291 290 289
290 291 292
293 292 291
292 294 290
294 292 295
293 295 292
296 294 295
294 296 297
298 297 296
297 298 299
299 300 297
300 299 301
301 302 300
302 301 303
303 304 302
304 303 305
305 306 304
306 305 223
307 298 296
298 307 308
296 309 307
309 296 295
295 293 309
298 310 299
310 298 311
312 304 306
304 312 313
312 314 313
314 312 315
316 313 314
313 316 317
317 304 313
315 318 314
318 315 279
319 314 318
314 319 316
320 316 319
316 320 321
317 316 321
300 317 321
294 321 320
315 273 279
273 315 322
277 318 279
318 277 284
284 319 318
319 284 286
320 319 286
320 286 288
290 320 288
320 290 294
321 297 300
297 321 294
300 302 317
304 317 302
270 273 322
270 322 323
323 322 315
270 323 271
271 323 225
271 225 226
306 225 323
226 229 271
312 306 323
315 312 323
223 225 306
324 276 281
276 324 283
325 283 324
283 325 285
326 285 325
285 326 287
327 287 326
287 327 289
291 289 327
328 329 330
329 328 331
332 329 331
329 332 333
332 334 333
334 332 335
335 336 334
336 335 337
338 336 337
336 338 339
340 339 338
339 340 341
342 328 330
328 342 343
344 343 342
343 344 345
346 345 344
345 346 347
348 347 346
347 348 349
340 350 341
351 341 350
341 351 352
353 354 355
354 353 356
355 357 353
357 355 358
358 359 357
359 358 360
356 361 354
361 356 362
362 363 361
363 362 364
364 365 363
365 364 366
367 365 366
365 367 368
369 368 367
368 369 370
371 370 369
370 371 372
373 372 371
372 373 374
375 374 373
374 375 376
375 377 376
377 375 378
378 379 377
379 378 380
380 381 379
381 380 382
382 383 381
383 382 384
385 383 384
383 385 386
385 387 386
387 385 388
388 389 387
389 388 390
390 391 389
391 390 392
392 393 391
393 392 394
395 393 394
393 395 396
397 398 399
398 397 400
401 359 360
359 401 402
403 404 405
406 403 405
405 407 406
404 407 405
408 409 410
409 408 411
412 413 414
413 412 415
416 417 418
417 416 419
420 421 422
421 420 423
278 258 282
259 258 278
278 260 259
424 425 426
426 427 424
426 428 427
429 427 428
427 429 430
431 430 429
430 431 432
433 431 429
431 433 434
435 429 428
435 433 429
432 436 430
436 432 437
438 430 436
430 438 427
431 439 432
439 431 440
434 440 431
440 441 439
441 440 442
442 443 441
443 442 444
444 445 443
445 444 446
446 447 445
447 446 448
449 447 448
440 434 450
450 442 440
442 450 451
451 444 442
444 451 452
452 446 444
446 452 453
453 448 446
454 453 452
453 454 455
456 453 455
453 456 457
448 453 457
457 449 448
456 458 457
449 457 458
458 456 459
447 460 445
460 443 445
443 460 461
461 441 443
441 461 462
462 439 441
439 462 463
463 432 439
432 463 437
464 456 455
456 464 465
466 459 456
459 466 467
455 468 464
468 455 454
454 469 468
469 454 470
452 470 454
470 452 451
451 471 470
471 451 450
434 471 450
471 434 472
472 473 471
470 473 469
473 470 471
474 472 434
434 433 474
433 435 474
475 435 428
428 426 475
476 477 478
477 479 478
477 424 479
424 427 479
424 477 425
479 427 438
480 481 482
480 483 481
484 481 483
483 485 484
485 483 486
487 486 483
487 483 480
486 487 488
481 484 489
490 487 480
490 480 491
491 480 482
492 490 491
490 492 493
494 492 491
491 482 495
495 494 491
487 490 496
496 488 487
493 496 490
488 496 497
498 497 496
496 493 498
497 498 499
494 495 500
501 500 495
500 501 502
495 503 501
504 502 501
501 505 504
503 505 501
502 504 506
507 505 503
504 505 508
504 509 506
509 504 508
510 502 506
511 510 506
511 506 509
502 510 512
502 513 500
513 502 512
514 500 513
500 514 494
515 494 514
494 515 492
515 493 492
503 516 507
516 517 507
507 517 518
518 519 507
516 489 517
489 516 481
517 489 520
520 521 517
518 517 521
489 522 520
523 520 522
520 523 524
524 521 520
522 489 484
484 525 522
525 484 485
526 524 523
524 526 527
528 527 526
527 528 529
528 530 529
530 528 531
532 527 529
527 532 533
524 533 521
533 524 527
534 533 532
532 535 534
535 532 536
529 536 532
536 529 530
533 534 537
537 521 533
521 537 518
537 519 518
526 538 528
538 526 539
540 528 538
528 540 531
541 531 540
531 541 542
542 530 531
530 542 543
543 536 530
536 543 544
544 535 536
535 544 545
546 542 541
542 546 547
547 543 542
543 547 548
548 544 543
544 548 549
549 545 544
545 549 550
550 549 551
552 549 548
548 547 552
551 549 552
547 553 552
553 547 546
554 552 553
552 554 555
551 552 555
556 545 550
551 556 550
557 556 551
557 551 555
556 557 558
558 559 556
545 556 559
559 558 560
560 561 559
561 560 562
562 563 561
563 562 564
564 565 563
565 564 566
566 519 565
567 519 566
567 568 519
567 505 568
505 567 569
519 568 507
507 568 505
565 519 537
537 563 565
563 537 534
534 561 563
561 534 535
535 559 561
559 535 545
508 505 569
482 516 503
482 481 516
495 482 503
493 570 498
570 493 571
572 498 570
572 499 498
499 572 573
515 571 493
571 515 574
514 574 515
574 514 575
513 575 514
575 513 576
512 576 513
576 512 577
510 577 512
577 510 578
510 579 578
579 510 511
572 580 573
580 572 581
578 582 577
582 578 583
579 583 578
575 584 574
585 574 584
574 585 571
577 586 576
586 577 582
581 587 580
587 581 588
588 589 587
589 588 590
590 591 589
591 590 592
593 590 588
590 593 594
594 592 590
592 594 595
588 596 593
596 571 585
596 588 581
581 570 596
571 596 570
570 581 572
595 597 592
597 595 598
598 599 597
600 597 599
597 600 601
601 592 597
592 601 591
599 602 600
602 599 603
599 598 604
604 603 599
603 604 605
605 606 603
606 605 607
608 606 607
606 608 609
610 606 609
606 610 611
611 603 606
603 611 602
612 609 608
609 612 613
613 610 609
610 613 614
615 605 604
604 616 615
616 604 598
598 617 616
617 598 595
594 617 595
617 594 618
593 618 594
618 593 619
620 618 619
618 620 621
585 620 619
621 622 618
623 618 622
622 624 623
624 622 625
625 626 624
626 625 627
627 628 626
628 627 629
629 630 628
630 629 631
622 621 632
632 625 622
625 632 633
633 627 625
627 633 634
634 629 627
629 634 635
635 631 629
631 635 636
637 633 632
632 638 637
639 637 638
638 640 639
640 638 641
637 639 642
641 643 640
643 641 584
584 575 643
642 644 637
633 637 644
644 634 633
644 642 645
645 646 644
634 644 646
646 635 634
646 645 647
647 648 646
635 646 648
648 636 635
648 647 649
650 648 649
648 650 651
576 643 575
643 576 652
652 640 643
652 576 586
586 653 652
653 586 654
654 655 653
655 654 656
656 657 655
657 656 658
659 656 654
656 659 660
660 658 656
661 660 659
660 661 662
662 663 660
658 660 663
663 662 664
659 583 661
583 659 582
582 654 586
654 582 659
664 665 663
665 664 666
667 665 666
665 667 668
669 665 668
665 669 670
670 663 665
663 670 658
671 670 669
670 671 672
672 658 670
658 672 657
673 669 668
673 671 669
671 673 674
675 666 664
664 676 675
666 675 677
667 666 677
674 678 671
678 672 671
678 674 679
672 678 680
680 657 672
657 680 681
681 655 657
655 681 682
653 655 682
662 683 676
683 662 661
661 684 683
684 661 583
583 579 684
676 664 662
640 652 653
653 639 640
639 653 685
685 642 639
642 685 686
687 686 685
686 645 642
645 686 688
688 647 645
647 688 689
689 649 647
649 689 690
650 649 690
691 686 687
686 691 692
693 692 691
692 693 694
692 694 695
696 695 694
695 696 697
698 694 693
694 698 696
685 699 687
700 699 685
522 701 523
701 522 525
539 523 701
523 539 526
702 703 704
705 702 704
704 703 706
707 706 703
706 707 708
709 708 707
708 709 710
711 710 709
710 711 712
702 713 703
714 703 713
703 714 715
716 715 714
715 716 717
718 717 716
717 718 719
705 720 721
702 721 722
723 702 722
702 723 724
725 724 723
724 725 726
727 726 725
726 727 728
729 728 727
705 721 702
730 731 732
733 730 732
730 733 734
735 734 733
734 735 736
736 735 737
736 737 738
735 739 737
620 584 641
584 620 585
641 621 620
621 641 638
638 632 621
619 596 585
596 619 593
636 648 651
605 615 740
740 607 605
607 740 741
741 608 607
608 741 742
612 608 742
743 744 745
744 746 745
746 744 747
748 746 747
748 749 746
746 749 745
750 745 749
745 750 751
752 751 750
750 753 752
753 750 754
754 750 749
751 752 755
756 755 752
755 756 757
754 758 753
758 754 759
759 760 758
760 759 761
762 760 761
760 762 763
759 764 761
764 759 765
754 765 759
765 766 764
767 764 766
766 768 767
768 766 769
764 767 770
761 770 762
770 761 764
766 765 748
748 769 766
769 748 771
749 748 765
765 754 749
762 772 763
772 762 773
770 773 762
773 770 774
767 774 770
774 767 775
767 776 775
776 767 768
773 777 772
777 773 778
778 779 777
779 778 780
773 780 778
780 773 774
775 780 774
780 781 779
782 777 779
777 782 783
780 775 784
784 781 780
784 785 781
785 784 786
775 786 784
786 775 776
779 787 782
787 779 788
788 779 781
788 781 785
789 787 788
789 788 785
790 791 792
793 790 792
794 792 791
795 794 791
794 795 796
797 795 791
798 797 791
790 798 791
797 798 799
796 800 794
800 796 801
801 802 800
802 801 803
803 804 802
804 803 805
806 797 799
797 806 807
807 795 797
808 801 796
801 808 809
809 803 801
803 809 810
810 805 803
795 807 811
796 811 808
812 810 809
810 812 813
814 813 812
813 814 815
816 815 814
815 816 817
818 811 807
811 818 819
820 819 818
818 821 820
822 820 821
820 822 823
821 818 824
819 820 825
823 825 820
825 823 826
807 824 818
824 807 806
827 817 816
817 827 828
829 828 827
828 829 830
831 826 823
826 831 832
833 832 831
831 834 833
834 831 835
823 835 831
835 823 822
836 833 834
833 836 837
832 833 838
837 838 833
838 837 839
840 839 837
839 840 841
840 842 841
842 840 843
840 844 843
844 840 845
837 845 840
845 837 836
843 846 842
846 843 847
844 847 843
847 844 848
839 849 838
850 838 849
838 850 832
851 832 850
832 851 826
851 825 826
825 851 852
851 853 852
853 854 852
855 854 853
854 855 856
857 856 855
856 857 858
859 858 857
858 859 860
861 860 859
860 861 862
854 863 852
864 852 863
852 864 865
808 865 864
863 854 866
856 866 854
866 856 867
858 867 856
867 858 868
860 868 858
868 860 869
862 869 860
869 862 870
864 809 808
809 864 812
863 812 864
812 863 814
866 814 863
814 866 816
867 816 866
816 867 827
868 827 867
827 868 829
869 829 868
829 869 871
870 871 869
871 830 829
830 871 872
871 873 872
873 871 874
871 870 874
872 875 830
876 830 875
830 876 828
877 828 876
828 877 817
878 817 877
817 878 815
879 815 878
815 879 813
880 813 879
813 880 810
805 810 880
875 872 881
873 881 872
752 882 756
882 752 753
747 771 748
883 884 885
884 883 886
885 887 883
887 885 888
889 884 886
884 889 890
888 891 887
889 892 890
892 889 893
893 894 892
894 893 895
895 896 894
896 895 897
897 898 896
898 897 899
899 900 898
900 899 901
901 902 900
902 901 903
903 904 902
904 903 905
906 904 905
904 906 907
906 908 907
908 906 909
910 908 909
908 910 911
912 913 914
915 912 914
912 915 916
915 917 916
917 915 918
918 919 917
919 918 920
921 919 920
919 921 922
921 923 922
923 921 924
924 925 923
925 924 926
927 925 926
925 927 928
927 929 928
929 927 930
931 929 930
929 931 932
932 931 933
934 935 936
935 934 937
936 938 934
938 936 939
940 938 939
938 940 941
942 941 940
941 942 943
944 943 942
943 944 945
937 946 935
946 937 947
947 948 946
948 947 949
949 950 948
950 949 951
952 950 951
953 945 944
945 953 954
955 954 953
954 955 956
955 957 956
957 955 958
959 957 958
957 959 960
961 960 959
960 961 962
961 963 962
963 961 964
964 965 963
965 964 966
966 967 965
967 966 968
969 970 971
972 970 969
973 745 751
973 743 745
973 974 743
973 755 974
755 973 751
757 974 755
974 757 975
975 976 974
975 977 976
978 979 980
979 978 981
980 982 978
982 980 983
984 982 983
982 984 985
986 983 980
983 986 987
987 984 983
980 988 986
988 980 979
989 987 986
987 989 990
991 990 989
990 991 992
993 992 991
992 993 994
989 995 991
995 989 996
986 996 989
996 986 988
988 997 996
997 988 998
999 996 997
996 999 995
1000 995 999
995 1000 1001
991 1001 993
1001 991 995
998 988 979
1002 994 993
994 1002 1003
1002 1004 1003
1004 1002 1005
1002 1006 1005
1006 1002 1007
993 1007 1002
1007 993 1001
1007 1008 1006
1008 1007 1009
1001 1009 1007
1009 1001 1000
1010 1005 1006
1008 1010 1006
1010 1008 1011
1004 1012 1003
1013 1003 1012
1003 1013 994
1014 994 1013
994 1014 992
1015 992 1014
992 1015 990
1016 990 1015
990 1016 987
984 987 1016
1017 1011 1008
1009 1017 1008
1011 1017 1018
1017 1009 1019
1000 1019 1009
1019 1000 1020
999 1020 1000
1020 999 1021
997 1021 999
1022 1023 1024
1025 1026 1027
1025 1028 1026
1028 1025 1029
1029 1030 1028
1030 1029 1031
1032 1031 1029
1031 1032 1033
1034 1032 1029
1034 1029 1025
1033 1035 1031
1035 1033 1036
1037 1031 1035
1031 1037 1030
1038 1034 1025
1038 1025 1027
1039 1038 1027
1040 1041 1042
1043 1041 1040
1041 1044 1042
1044 1045 1042
1045 1044 1046
1046 1047 1045
1047 1046 1048
1048 1049 1047
1049 1048 1050
1040 1042 1051
1042 1052 1051
1052 1042 1053
1053 1054 1052
1054 1053 1055
1055 1056 1054
1056 1055 1057
1043 1040 1058
1040 1059 1058
1040 1060 1059
1060 1040 1061
1061 1062 1060
1062 1061 1063
1063 1064 1062
1064 1063 1065
1066 1064 1065
1067 1068 1069
1067 1070 1068
1070 1067 1071
1071 1072 1070
1072 1071 1073
1073 1074 1072
1073 1075 1074
1074 1076 1072
811 796 795
811 865 808
865 811 819
819 852 865
852 819 825
849 839 1077
841 1077 839
1077 841 1078
842 1078 841
1078 842 1079
846 1079 842
1080 1081 1082
1081 1080 1083
1084 1081 1083
1081 1084 1085
1086 1085 1084
1085 1086 1087
1082 1088 1080
1088 1082 1089
1090 1087 1086
1087 1090 1091
1092 1093 1094
1093 1092 1095
1094 1096 1092
1096 1094 1097
1098 1093 1095
1093 1098 1099
1100 1101 1102
1101 1100 1103
1104 1100 1102
1100 1104 1105
1103 1106 1101
1106 1103 1107
1108 1106 1107
1106 1108 1109
1110 1109 1108
1109 1110 1111
1112 1113 1114
1113 1112 1115
1116 1114 1113
1114 1116 1117
1118 1115 1112
1115 1118 1119
1120 1121 1122
1121 1120 1123
1122 1124 1120
1124 1122 1125
1125 1126 1124
1126 1125 1127
1128 1126 1127
1126 1128 1129
1130 1131 1132
1131 1130 1133
1134 1131 1133
1131 1134 1135
1132 1136 1130
1136 1132 1137
1138 1135 1134
1135 1138 1139
1138 1140 1139
1140 1138 1141
1141 1142 1140
1142 1141 1143
1144 1136 1137
1136 1144 1145
1145 1144 1146
1147 1145 1146
1148 1145 1147
1145 1148 1136
1143 1149 1142
1149 1143 1150
1150 1151 1149
1151 1150 1152
1153 1152 1150
1152 1153 1154
1152 1155 1151
1155 1152 1156
1154 1156 1152
1156 1154 1157
1156 1158 1155
1156 1159 1158
1159 1156 1160
1161 1160 1156
1157 1161 1156
1160 1161 1162
1163 1153 1150
1163 1164 1153
1165 1164 1163
1164 1165 1166
1167 1166 1165
1166 1167 1168
1167 1169 1168
1169 1167 1170
1170 1171 1169
1171 1170 1172
1173 1171 1172
1171 1173 1174
1174 1173 1148
1148 1173 1136
1136 1175 1130
1163 1150 1143
1176 1177 1178
1177 1176 1179
1180 1176 1178
1176 1180 1181
1180 1182 1181
1182 1180 1183
1184 1177 1179
1177 1184 1185
1186 1187 1188
1187 1186 1189
1190 1188 1187
1188 1190 1191
1187 1192 1190
1192 1187 1193
1189 1193 1187
1193 1189 1194
1188 1195 1186
1195 1188 1196
1191 1196 1188
1196 1191 1197
1194 1198 1193
1198 1194 1199
1193 1200 1192
1200 1193 1198
1201 1198 1199
1198 1201 1202
1202 1200 1198
1200 1202 1203
1204 1203 1202
1203 1204 1205
1206 1202 1201
1202 1206 1204
1196 1207 1195
1207 1196 1208
1197 1208 1196
1208 1209 1207
1210 1209 1208
1208 1197 1210
1211 1205 1204
1205 1211 1212
1213 1212 1211
1212 1213 1214
1211 1215 1213
1215 1211 1216
1216 1204 1206
1204 1216 1211
1217 1213 1215
1213 1217 1218
1218 1214 1213
1214 1218 1219
1218 1220 1219
1217 1221 1218
1222 1218 1221
1218 1222 1223
1223 1220 1218
1220 1223 1224
1225 1226 1227
1226 1225 1228
1229 1230 1231
1230 1229 1232
1233 1232 1229
1232 1233 1234
1230 1235 1231
1235 1230 1236
1233 1237 1234
1237 1233 1238
1238 1239 1237
1239 1238 1240
1240 1241 1239
1241 1240 1242
1243 1235 1236
1235 1243 1244
1243 1245 1244
1245 1243 1246
1242 1247 1241
1247 1242 1248
1248 1249 1247
1249 1248 1250
1250 1251 1249
1251 1250 1252
1253 1254 1255
1254 1253 1256
1257 1255 1254
1255 1257 1258
1259 1256 1253
1256 1259 1260
1261 1258 1257
1258 1261 1262
1263 1262 1261
1262 1263 1264
1263 1265 1264
1265 1263 1266
1267 1260 1259
1260 1267 1268
1266 1269 1265
1269 1266 1270
1270 1271 1269
1271 1270 1272
1272 1273 1271
1273 1272 1274
1275 1276 1277
1276 1275 1278
1279 1280 1281
1280 1279 1282
1281 1283 1279
1283 1281 1284
1285 1286 1287
1286 1285 1288
1289 1290 1291
1290 1289 1292
1293 1294 1295
1294 1293 1296
1293 1297 1296
1297 1293 1298
1299 1300 1301
1300 1299 1302
1303 1304 1305
1304 1303 1306
1307 1308 1309
1308 1307 1310
1311 1312 1313
1312 1311 1314
1315 1316 1317
1316 1315 1318
1319 1320 1321
1320 1319 1322
1323 1324 1325
1324 1323 1326
1327 1328 1329
1328 1327 1330
1331 1332 1333
1332 1331 1334
1335 1336 1337
1336 1335 1338
1339 1340 1341
1340 1339 1342
1343 1344 1345
1344 1343 1346
1347 1348 1349
1348 1347 1350
1351 1352 1353
1352 1351 1354
1355 1356 1357
1356 1355 1358
1359 1360 1361
1361 1362 1359
1363 1359 1362
1359 1363 1364
1365 1364 1363
1365 1366 1364
1367 1366 1365
1367 1368 1366
1367 1369 1368
1369 1367 1370
1370 1371 1369
1371 1370 1372
1373 1371 1372
1371 1373 1374
1375 1374 1373
1374 1375 1376
1375 1377 1376
1360 1378 1361
1378 1360 1379
1380 1381 1382
1383 557 555
1383 555 554
1384 1385 1386
1385 1387 1386
1387 1388 1386
1388 1389 1386
1389 1390 1386
1390 1391 1386
1391 1392 1386
1392 1393 1386
1393 1394 1386
1394 1395 1386
1395 1396 1386
1396 1397 1386
1397 1398 1386
1398 1399 1386
1399 1400 1386
1400 1401 1386
1401 1402 1386
1402 1403 1386
1403 1404 1386
1404 1384 1386
1405 1392 1391
1390 1405 1391
1405 1390 1406
1389 1406 1390
1406 1389 1407
1388 1407 1389
1407 1388 1408
1388 1409 1408
1409 1388 1387
1387 1410 1409
1410 1387 1385
1385 1411 1410
1411 1385 1384
1404 1411 1384
1403 1412 1404
1411 1404 1412
1411 1413 1410
1413 1411 1414
1412 1414 1411
1410 1415 1409
1415 1410 1413
1409 1416 1408
1416 1409 1415
1408 1417 1407
1417 1408 1416
1407 1418 1406
1418 1407 1417
1419 1406 1418
1406 1419 1405
1420 1405 1419
1405 1420 1421
1392 1405 1421
1421 1393 1392
1393 1421 1422
1422 1394 1393
1394 1422 1423
1424 1394 1423
1394 1424 1395
1425 1395 1424
1395 1425 1396
1426 1396 1425
1396 1426 1397
1426 1398 1397
1398 1426 1427
1427 1399 1398
1399 1427 1428
1428 1400 1399
1400 1428 1429
1429 1401 1400
1401 1429 1430
1431 1401 1430
1401 1431 1402
1432 1402 1431
1402 1432 1403
1412 1403 1432
1433 1427 1426
1426 1434 1433
1427 1433 1435
1435 1428 1427
1428 1435 1436
1436 1429 1428
1429 1436 1437
1437 1430 1429
1430 1437 1438
1438 1431 1430
1431 1438 1439
1439 1432 1431
1432 1439 1440
1432 1441 1412
1441 1432 1440
1414 1412 1441
1425 1442 1434
1442 1425 1424
1424 1443 1442
1443 1424 1423
1423 1444 1443
1444 1423 1422
1421 1444 1422
1444 1421 1420
1434 1426 1425
1445 1446 1447
1446 1445 1448
1449 1447 1446
1450 1448 1445
1448 1450 1451
1450 1452 1451
1452 1450 1453
1453 1454 1452
1454 1453 1455
1456 1454 1455
1447 1457 1445
1457 1447 1458
1449 1458 1447
1459 1455 1453
1455 1459 1460
1460 1456 1455
1456 1460 1461
1462 1456 1461
1458 1463 1457
1463 1458 1464
1458 1465 1464
1465 1458 1466
1467 1464 1465
1464 1467 1468
1459 1469 1460
1469 1461 1460
1469 1459 1470
1461 1469 1471
1472 1469 1470
1473 1469 1472
1469 1473 1474
1469 1474 1471
1475 1468 1467
1468 1475 1476
1475 1477 1476
1477 1475 1478
1478 1479 1477
1480 1477 1479
1479 1481 1480
1481 1479 1482
1477 1480 1483
1483 1476 1477
1479 1478 1484
1482 1479 1484
1485 1482 1484
1486 1481 1482
1471 1474 1487
1488 1474 1473
1489 1488 1473
1473 1490 1489
1491 1488 1489
1488 1491 1492
1493 1492 1491
1492 1493 1494
1495 1494 1493
1494 1495 1496
1497 1496 1495
1496 1497 1498
1497 1499 1498
1492 1500 1488
1474 1488 1500
1500 1487 1474
1500 1492 1501
1494 1501 1492
1501 1494 1502
1496 1502 1494
1502 1496 1503
1498 1503 1496
1503 1498 1504
1499 1504 1498
1505 1501 1502
1502 1506 1505
1506 1507 1505
1507 1506 1508
1506 1509 1508
1509 1506 1510
1510 1511 1509
1511 1510 1512
1512 1513 1511
1513 1512 1514
1515 1513 1514
1507 1516 1505
1501 1505 1516
1516 1507 1517
1517 1518 1516
1518 1517 1519
1519 1487 1518
1487 1519 1520
1520 1471 1487
1471 1520 1521
1522 1514 1512
1514 1522 1523
1523 1515 1514
1512 1524 1522
1524 1512 1510
1510 1525 1524
1525 1510 1506
1506 1502 1525
1518 1501 1516
1501 1518 1500
1487 1500 1518
1521 1461 1471
1461 1521 1462
1526 1527 1528
1527 1526 1529
1530 1528 1527
1528 1530 1531
1532 1531 1530
1531 1532 1533
1529 1526 1489
1530 1534 1532
1534 1530 1535
1527 1535 1530
1535 1527 1536
1529 1536 1527
1536 1537 1535
1537 1536 1538
1538 1539 1537
1540 1537 1539
1537 1540 1541
1541 1535 1537
1540 1542 1541
1539 1538 1543
1544 1543 1538
1538 1536 1544
1543 1544 1545
1546 1545 1544
1535 1541 1547
1542 1547 1541
1536 1529 1544
1529 1489 1548
1548 1544 1529
1544 1548 1549
1546 1544 1549
1549 1550 1546
1551 1546 1550
1546 1551 1552
1553 1552 1551
1552 1553 1554
1555 1554 1553
1554 1555 1556
1555 1557 1556
1557 1555 1558
1559 1557 1558
1490 1549 1548
1549 1490 1560
1560 1550 1549
1490 1548 1489
1560 1561 1550
1562 1561 1560
1562 1560 1472
1560 1490 1472
1563 1562 1472
1564 1562 1563
1565 1562 1564
1565 1561 1562
1566 1561 1565
1561 1566 1567
1568 1567 1566
1567 1568 1569
1570 1569 1568
1569 1570 1571
1570 1572 1571
1572 1570 1573
1574 1572 1573
1570 1575 1573
1575 1574 1573
1575 1570 1576
1568 1576 1570
1576 1568 1577
1566 1577 1568
1577 1566 1578
1565 1578 1566
1578 1565 1579
1579 1565 1564
1580 1579 1564
1579 1581 1578
1581 1579 1580
1581 1582 1578
1580 1476 1581
1476 1580 1468
1476 1483 1581
1581 1483 1582
1483 1583 1582
1583 1483 1480
1480 1584 1583
1584 1480 1481
1585 1584 1481
1564 1586 1580
1586 1468 1580
1564 1463 1586
1564 1563 1463
1563 1457 1463
1457 1563 1587
1587 1445 1457
1445 1587 1450
1470 1587 1563
1563 1472 1470
1587 1470 1459
1453 1587 1459
1587 1453 1450
1463 1464 1586
1586 1464 1468
1486 1585 1481
1588 1585 1486
1589 1588 1486
1589 1486 1590
1485 1589 1590
1485 1590 1482
1590 1486 1482
1490 1473 1472
1582 1591 1592
1591 1582 1593
1593 1594 1591
1594 1593 1595
1595 1596 1594
1596 1595 1597
1598 1596 1597
1582 1592 1578
1458 1449 1466
1599 1533 1532
1534 1599 1532
1600 1601 1602
1601 1603 1602
1603 1601 1604
1605 1602 1603
1602 1605 1606
1606 1607 1602
1607 1606 1608
1609 1608 1606
1608 1609 1610
1609 1611 1610
1611 1609 1612
1608 1613 1607
1613 1608 1614
1610 1614 1608
1614 1610 1615
1614 1616 1613
1617 1606 1605
1606 1617 1609
1609 1617 1612
1604 1618 1603
1618 1604 1619
1605 1620 1617
1620 1605 1621
1621 1603 1618
1603 1621 1605
1620 1622 1617
1617 1622 1612
1622 1620 1623
1619 1624 1618
1624 1619 1625
1626 1618 1624
1618 1626 1621
1627 1621 1626
1621 1627 1620
1627 1623 1620
1623 1627 1628
1625 1629 1624
1629 1626 1624
1629 1625 1630
1626 1629 1631
1631 1627 1626
1627 1631 1632
1632 1628 1627
1628 1632 1633
1634 1629 1630
1629 1634 1635
1635 1631 1629
1631 1635 1636
1636 1632 1631
1632 1636 1637
1637 1633 1632
1633 1637 1638
1639 1635 1634
1635 1639 1640
1641 1635 1640
1635 1641 1636
1642 1636 1641
1636 1642 1637
1642 1638 1637
1638 1642 1643
1639 1644 1640
1640 1644 1641
1641 1644 1642
1642 1644 1643
1630 1645 1634
1645 1639 1634
1645 1630 1646
1647 1644 1639
1639 1645 1647
1644 1647 1648
1649 1648 1647
1648 1649 1650
1651 1645 1646
1645 1651 1652
1652 1647 1645
1647 1652 1649
1646 1653 1651
1653 1646 1654
1646 1625 1654
1625 1655 1654
1655 1625 1619
1625 1646 1630
1656 1654 1655
1654 1656 1653
1619 1657 1655
1657 1619 1604
1658 1655 1657
1655 1658 1656
1657 1659 1658
1659 1657 1660
1604 1660 1657
1661 1659 1660
1601 1661 1660
1660 1604 1601
1661 1601 1600
1659 1661 1662
1663 1662 1661
1662 1663 1664
1661 1665 1663
1665 1661 1600
1666 1665 1600
1667 1663 1665
1663 1667 1668
1667 1669 1668
1670 1668 1669
1669 1671 1670
1671 1669 1672
1673 1672 1669
1669 1667 1673
1672 1673 1674
1675 1674 1673
1674 1675 1676
1668 1670 1677
1668 1677 1663
1678 1662 1664
1662 1678 1679
1678 1680 1679
1681 1679 1680
1679 1681 1682
1682 1662 1679
1681 1683 1682
1683 1681 1684
1684 1685 1683
1685 1684 1686
1686 1687 1685
1687 1686 1688
1680 1678 1689
1690 1689 1678
1689 1690 1691
1689 1692 1680
1692 1689 1693
1681 1694 1684
1694 1686 1684
1694 1681 1695
1695 1680 1692
1680 1695 1681
1693 1696 1692
1696 1693 1697
1697 1698 1696
1698 1699 1696
1699 1692 1696
1692 1699 1695
1699 1698 1700
1700 1701 1699
1701 1695 1699
1695 1701 1694
1701 1700 1702
1703 1702 1700
1702 1703 1704
1698 1697 1705
1706 1705 1697
1705 1706 1707
1708 1707 1706
1707 1708 1709
1710 1709 1708
1709 1710 1711
1711 1712 1709
1712 1711 1713
1708 1706 1714
1700 1715 1703
1715 1700 1698
1716 1709 1712
1709 1716 1707
1708 1717 1710
1717 1708 1714
1715 1718 1703
1718 1715 1719
1720 1703 1718
1703 1720 1704
1721 1719 1715
1719 1721 1722
1723 1722 1721
1722 1723 1724
1725 1721 1715
1725 1723 1721
1723 1725 1716
1698 1725 1715
1725 1707 1716
1707 1725 1705
1698 1705 1725
1726 1704 1720
1704 1726 1727
1728 1704 1727
1704 1728 1702
1729 1702 1728
1728 1730 1729
1730 1728 1731
1727 1731 1728
1732 1730 1731
1733 1732 1731
1731 1727 1733
1726 1733 1727
1732 1733 1734
1735 1732 1734
1732 1735 1736
1735 1737 1736
1737 1735 1738
1730 1732 1739
1740 1736 1737
1736 1740 1741
1741 1732 1736
1732 1741 1739
1740 1742 1741
1742 1739 1741
1742 1740 1743
1744 1742 1743
1742 1744 1745
1746 1745 1744
1746 1744 1747
1743 1747 1744
1747 1748 1746
1745 1746 1749
1750 1749 1746
1748 1750 1746
1749 1750 1751
1751 1752 1749
1752 1751 1753
1752 1753 1687
1749 1754 1745
1754 1749 1752
1688 1754 1752
1752 1687 1688
1745 1755 1742
1755 1745 1754
1739 1742 1755
1755 1730 1739
1730 1755 1756
1754 1756 1755
1756 1754 1688
1688 1757 1756
1757 1688 1686
1686 1694 1757
1701 1757 1694
1757 1701 1729
1729 1756 1757
1756 1729 1730
1702 1729 1701
1651 1687 1753
1753 1652 1651
1687 1651 1653
1751 1649 1652
1649 1751 1750
1652 1753 1751
1750 1650 1649
1650 1750 1748
1758 1650 1748
1748 1759 1758
1747 1759 1748
1760 1758 1759
1758 1760 1761
1762 1761 1760
1761 1762 1763
1760 1764 1762
1764 1760 1765
1759 1765 1760
1759 1747 1766
1765 1759 1766
1767 1762 1764
1762 1767 1768
1762 1768 1763
1769 1768 1767
1768 1769 1770
1771 1770 1769
1770 1771 1772
1773 1772 1771
1772 1773 1774
1775 1774 1773
1774 1775 1776
1775 1777 1776
1777 1775 1778
1778 1779 1777
1779 1778 1780
1781 1778 1775
1778 1781 1782
1783 1773 1771
1769 1783 1771
1773 1783 1784
1784 1775 1773
1775 1784 1781
1785 1782 1781
1782 1785 1786
1787 1786 1785
1785 1788 1787
1788 1785 1789
1781 1789 1785
1789 1781 1784
1789 1790 1788
1790 1791 1788
1791 1787 1788
1791 1790 1792
1790 1789 1793
1784 1793 1789
1793 1784 1783
1786 1787 1794
1794 1795 1786
1795 1794 1796
1796 1797 1795
1797 1796 1798
1798 1799 1797
1799 1798 1800
1801 1800 1798
1800 1801 1802
1797 1803 1795
1798 1804 1801
1804 1798 1796
1797 1805 1803
1805 1797 1799
1806 1791 1792
1791 1806 1807
1795 1803 1808
1808 1786 1795
1786 1808 1782
1809 1782 1808
1808 1810 1809
1810 1808 1811
1808 1803 1811
1811 1812 1810
1812 1811 1813
1803 1813 1811
1782 1809 1778
1814 1812 1813
1813 1815 1814
1813 1803 1816
1816 1815 1813
1817 1791 1807
1787 1791 1817
1787 1817 1818
1787 1818 1794
1818 1796 1794
1796 1818 1804
1819 1820 1821
1820 1819 1822
1823 1821 1820
1821 1823 1824
1820 1825 1823
1825 1820 1615
1822 1615 1820
1610 1825 1615
1825 1610 1611
1615 1822 1614
1614 1822 1616
1822 1819 1616
1819 1826 1616
1827 1616 1828
1616 1827 1829
1828 1830 1827
1616 1829 1613
1612 1831 1611
1831 1612 1832
1612 1622 1832
1832 1833 1831
1833 1832 1834
1832 1622 1835
1834 1832 1835
1835 1836 1834
1837 1834 1836
1837 1833 1834
1837 1838 1833
1838 1837 1839
1836 1835 1840
1840 1841 1836
1842 1836 1841
1842 1837 1836
1839 1837 1842
1841 1840 1843
1843 1844 1841
1844 1843 1845
1846 1845 1843
1845 1846 1847
1848 1843 1840
1843 1848 1846
1849 1840 1835
1840 1849 1848
1622 1849 1835
1849 1622 1623
1850 1847 1846
1847 1850 1851
1852 1846 1848
1846 1852 1850
1853 1848 1849
1848 1853 1852
1623 1853 1849
1853 1623 1628
1854 1851 1850
1852 1854 1850
1851 1854 1855
1854 1852 1856
1853 1856 1852
1856 1853 1857
1628 1857 1853
1857 1628 1633
1854 1858 1855
1858 1854 1859
1856 1859 1854
1859 1856 1860
1857 1860 1856
1860 1857 1861
1633 1861 1857
1861 1633 1638
1859 1862 1858
1862 1859 1863
1864 1859 1860
1859 1864 1863
1865 1860 1861
1860 1865 1864
1638 1865 1861
1865 1638 1643
1862 1863 1644
1863 1864 1644
1864 1865 1644
1865 1643 1644
1866 1855 1858
1862 1866 1858
1855 1866 1867
1644 1868 1862
1866 1862 1868
1868 1644 1648
1648 1869 1868
1869 1648 1650
1866 1870 1867
1870 1866 1871
1868 1871 1866
1871 1868 1869
1872 1867 1870
1867 1872 1873
1851 1867 1873
1874 1851 1873
1851 1874 1847
1867 1851 1855
1873 1875 1874
1875 1873 1872
1876 1847 1874
1847 1876 1845
1874 1877 1876
1877 1874 1875
1878 1876 1877
1876 1878 1879
1878 1880 1879
1881 1879 1880
1879 1881 1844
1876 1844 1845
1844 1876 1879
1880 1878 1882
1882 1883 1880
1883 1882 1884
1880 1885 1881
1885 1880 1883
1886 1881 1885
1881 1886 1841
1881 1841 1844
1883 1887 1885
1887 1883 1888
1889 1887 1888
1890 1889 1888
1889 1890 1891
1892 1889 1891
1889 1892 1893
1893 1894 1889
1887 1889 1894
1894 1893 1895
1776 1884 1882
1882 1774 1776
1884 1776 1777
1885 1887 1896
1894 1896 1887
1886 1885 1896
1896 1894 1897
1897 1894 1895
1898 1897 1895
1899 1890 1888
1883 1899 1888
1897 1900 1896
1842 1896 1900
1896 1842 1886
1886 1842 1841
1900 1897 1901
1898 1901 1897
1774 1877 1772
1875 1772 1877
1772 1875 1770
1872 1770 1875
1770 1872 1768
1870 1768 1872
1768 1870 1763
1871 1763 1870
1763 1871 1761
1869 1761 1871
1761 1869 1758
1650 1758 1869
1877 1774 1878
1774 1882 1878
1902 1903 1904
1903 1902 1905
1906 1903 1905
1903 1906 1907
1905 1908 1906
1908 1905 1909
1905 1910 1909
1910 1905 1902
1909 1911 1908
1910 1911 1909
1912 1913 1914
1913 1912 1915
1915 1916 1913
1691 1913 1916
1913 1691 1690
1690 1914 1913
1916 1915 1917
1914 1690 1918
1918 1690 1678
1919 1918 1678
1920 1921 1922
1921 1920 1923
1924 1922 1921
1922 1924 1925
1693 1925 1924
1925 1693 1689
1924 1697 1693
1697 1924 1706
1926 1923 1920
1923 1926 1927
1923 1714 1921
1706 1924 1714
1924 1921 1714
1714 1923 1928
1928 1923 1927
1929 1930 1931
1930 1929 1716
1932 1931 1930
1931 1932 1933
1932 1934 1933
1929 1723 1716
1723 1929 1724
1929 1935 1724
1931 1935 1929
1935 1931 1936
1933 1936 1931
1934 1937 1933
1936 1933 1937
1938 1743 1740
1743 1938 1939
1740 1940 1938
1940 1740 1737
1737 1941 1940
1941 1737 1738
1738 1942 1941
1747 1743 1939
1943 1941 1942
1738 1944 1942
1735 1944 1738
1944 1735 1945
1734 1945 1735
1946 1939 1938
1939 1946 1947
1947 1747 1939
1946 1948 1947
1948 1766 1947
1747 1947 1766
1766 1948 1765
1948 1946 1949
1946 1950 1949
1950 1946 1951
1951 1952 1950
1952 1951 1953
1954 1950 1952
1950 1954 1955
1955 1949 1950
1956 1955 1954
1955 1956 1957
1957 1958 1955
1949 1955 1958
1958 1948 1949
1958 1957 1959
1959 1960 1958
1948 1958 1960
1960 1765 1948
1960 1959 1961
1765 1960 1764
1961 1764 1960
1957 1962 1959
1962 1957 1963
1963 1793 1962
1793 1963 1790
1764 1961 1767
1783 1962 1793
1962 1783 1964
1964 1767 1961
1964 1959 1962
1959 1964 1961
1783 1769 1964
1767 1964 1769
1963 1792 1790
1792 1963 1965
1957 1965 1963
1965 1957 1956
1956 1966 1965
1966 1792 1965
1966 1956 1967
1792 1966 1806
1956 1954 1967
1967 1954 1968
1954 1969 1968
1954 1952 1969
1952 1970 1969
1970 1952 1953
1953 1971 1970
1953 1941 1971
1953 1940 1941
1940 1953 1951
1951 1938 1940
1938 1951 1946
1943 1971 1941
1733 1726 1972
1733 1972 1734
1972 1973 1734
1973 1945 1734
1653 1685 1687
1685 1653 1656
1656 1683 1685
1683 1656 1658
1658 1682 1683
1682 1658 1659
1662 1682 1659
1666 1974 1665
1974 1667 1665
1974 1673 1667
1673 1974 1675
1600 1602 1666
1975 1976 1977
1976 1978 1977
1978 1976 1979
1980 1978 1979
1981 1980 1979
1980 1981 1982
1979 1983 1981
1983 1979 1976
1976 1984 1983
1984 1976 1975
1981 1985 1982
1983 1985 1981
1984 1985 1983
1986 1987 1988
1987 1986 1989
1986 1990 1989
1990 1986 1991
1992 1991 1986
1991 1992 1993
1992 1833 1993
1833 1992 1831
1986 1994 1992
1994 1986 1988
1995 1996 1997
1996 1995 1998
1998 1839 1996
1839 1998 1838
1996 1839 1999
1839 1842 1999
1996 1999 2000
1997 1996 2000
1997 2000 2001
2002 2003 2004
2003 2002 2005
2003 2006 2004
2006 2003 2007
2008 2004 2006
2004 2008 2009
2010 2004 2009
2004 2010 2002
2009 2008 2011
2010 2009 2011
2012 2013 2014
2013 2012 2015
2016 2014 2013
2013 1780 2016
1780 2013 1779
2015 1779 2013
2014 2016 2017
1779 2015 2018
1779 2018 2019
1779 2019 1777
1677 2020 1663
2021 2022 2023
2023 2024 2021
2024 2023 2025
2025 2026 2024
2026 2025 2027
2027 2028 2026
2028 2027 2029
2029 2030 2028
2030 2029 2031
2031 2032 2030
2032 2031 2033
2034 2035 2036
2035 2034 2037
2034 2038 2037
2038 2034 2039
2039 2040 2038
2040 2039 2041
2041 2042 2040
2042 2041 2043
2044 2045 2046
2045 2044 2047
2048 2046 2045
2046 2048 2049
2050 2049 2048
2049 2050 2051
2052 2053 2054
2053 2052 2055
2056 2054 2053
2054 2056 2057
2058 2057 2056
2057 2058 2059
2060 2061 2062
2061 2060 2063
2060 2064 2063
2064 2060 2065
2065 2066 2064
2066 2065 2067
2068 2069 2070
2069 2068 2071
2072 2069 2071
2069 2072 2073
2074 2073 2072
2073 2074 2075
2076 2077 2078
2077 2076 2079
2080 2077 2079
2077 2080 2081
2082 2083 2084
2083 2082 2085
2083 2086 2084
2086 2083 2087
2087 2088 2086
2088 2087 2089
2090 2091 2092
2091 2090 2093
2094 2093 2090
2093 2094 2095
2094 2096 2095
2096 2094 2097
2098 2099 2100
2099 2098 2101
2101 2102 2099
2102 2101 2103
2104 2102 2103
2102 2104 2105
2100 2106 2098
2106 2100 2107
2106 2107 2108
2109 2110 2111
2110 2109 2112
2112 2113 2110
2113 2112 2114
2115 2113 2114
2113 2115 2116
2117 2118 2119
2118 2117 2120
2121 2120 2117
2120 2121 2122
2123 2124 2125
2124 2123 2126
2127 2128 2129
2128 2130 2129
2130 2128 2131
2132 2133 2134
2133 2132 2135
2136 2132 2134
2132 2136 2137
2137 2136 2138
2139 2140 2141
2140 2139 2142
2141 2143 2139
2143 2141 2144
2144 2145 2143
2145 2144 2146
2147 2148 2149
2148 2147 2150
2151 2152 2153
2152 2151 2154
2155 2153 2152
2156 2154 2151
2154 2156 2157
2156 2158 2157
2158 2156 2159
2159 2160 2158
2160 2159 2161
2162 2163 2164
2163 2162 2165
2165 2162 2166
2167 2168 2169
2168 2167 2170
2170 2171 2168
2171 2170 2172
2173 2174 2175
2174 2173 2176
2175 2177 2173
2177 2175 2178
2178 2179 2177
2179 2178 2180
2181 2182 2183
2182 2181 2184
2184 2185 2182
2185 2184 2186
2187 2185 2186
2185 2187 2188
2189 2190 2191
2190 2189 2192
2189 2193 2192
2193 2189 2194
2195 2196 2197
2196 2195 2198
2199 2197 2196
2197 2199 2200
2201 2198 2195
2198 2201 2202
2203 2204 2205
2204 2203 2206
2204 2207 2205
2207 2204 2208
2208 2209 2207
2209 2208 2210
2211 2212 2213
2212 2211 2214
2215 2214 2211
2214 2215 2216
2217 2216 2215
2216 2217 2218
2219 2220 2221
2220 2219 2222
2219 2223 2222
2223 2219 2224
2225 2226 2227
2226 2225 2228
2227 2229 2225
2229 2227 2230
2230 2231 2229
2231 2230 2232
2233 2234 2235
2234 2233 2236
2236 2237 2234
2237 2236 2238
2239 2237 2238
2237 2239 2240
2241 2242 2243
2242 2241 2244
2241 2245 2244
2245 2241 2246
2246 2247 2245
2247 2246 2248
2249 2243 2242
2243 2249 2250
2251 2250 2249
2252 2253 2254
2253 2252 2255
2254 2256 2252
2256 2254 2257
2257 2258 2256
2258 2257 2259
2260 2261 2262
2261 2260 2263
2261 2264 2262
2264 2261 2265
2265 2266 2264
2266 2265 2267
2268 2269 2270
2269 2268 2271
2272 2273 2274
2275 2273 2272
2273 2275 2276
2277 2278 2279
2278 2277 2280
2278 2281 2279
2281 2278 2282
2282 2283 2281
2283 2282 2284
2285 2283 2284
2286 2287 2288
2286 2289 2287
2289 2286 2290
2290 2291 2289
2291 2290 2292
2292 2293 2291
2293 2292 2294
2294 2295 2293
2295 2294 2296
2297 2298 2299
2298 2297 2300
2301 2299 2298
2299 2301 2302
2303 2302 2301
2304 2305 2306
2304 2307 2305
2307 2304 2308
2308 2309 2307
2309 2308 2310
2310 2311 2309
2311 2310 2312
2312 2313 2311
2313 2312 2314
2315 2316 2317
2316 2315 2318
2319 2317 2316
2317 2319 2320
2321 2320 2319
2320 2321 2322
2323 2322 2321
2322 2323 2324
2325 2324 2323
2326 2327 2328
2327 2326 2329
2328 2330 2326
2331 2332 2333
2332 2331 2334
2335 2332 2334
2336 2337 2338
2336 2339 2337
2339 2336 2340
2340 2341 2339
2341 2340 2342
2342 2343 2341
2343 2342 2344
2345 2343 2344
2343 2345 2346
2347 2348 2349
2348 2347 2350
2350 2351 2348
2351 2350 2352
2353 2351 2352
2351 2353 2354
2355 2354 2353
2354 2355 2356
2357 2356 2355
2358 2359 2360
2359 2358 2361
2362 2360 2359
2360 2362 2363
2364 2363 2362
2363 2364 2365
2366 2365 2364
2365 2366 2367
2368 2367 2366
2369 2370 2371
2369 2372 2370
2372 2369 2373
2373 2374 2372
2374 2373 2375
2375 2376 2374
2376 2375 2377
2378 2379 2380
2379 2378 2381
2382 2380 2379
2380 2382 2383
2384 2383 2382
2383 2384 2385
2386 2385 2384
2385 2386 2387
2388 2387 2386
2389 2390 2391
2389 2392 2390
2392 2389 2393
2393 2394 2392
2394 2393 2395
2395 2396 2394
2396 2395 2397
2398 2399 2400
2399 2398 2401
2402 2400 2399
2400 2402 2403
2404 2403 2402
2403 2404 2405
2406 2405 2404
2405 2406 2407
2408 2407 2406
2407 2408 2409
2408 2410 2409
2411 2412 2413
2412 2411 2414
2415 2412 2414
2412 2415 2416
2417 2416 2415
2416 2417 2418
2419 2420 2421
2422 2420 2419
2420 2422 2423
2424 2423 2422
2423 2424 2425
2426 2425 2424
2425 2426 2427
2426 2428 2427
2428 2426 2429
2430 2428 2429
2430 2431 2428
2432 2428 2431
2428 2432 2433
2432 2434 2433
2434 2432 2435
2431 2430 2436
2436 2437 2431
2437 2438 2431
2438 2437 2439
2439 2440 2438
2440 2439 2441
2441 2442 2440
2442 2441 2443
2443 2444 2442
2444 2443 2445
2446 2444 2445
2439 2447 2441
2447 2448 2441
2448 2447 2449
2450 2448 2449
2448 2450 2451
2452 2451 2450
2451 2452 2453
2454 2453 2452
2453 2454 2455
2455 2454 2456
2447 2439 2457
2437 2457 2439
2457 2437 2458
2459 2458 2437
2437 2436 2459
2458 2459 2460
2461 2459 2436
2436 2462 2461
2462 2436 2430
2463 2462 2430
2464 2463 2430
2464 2465 2463
2465 2464 2466
2466 2467 2465
2467 2466 2468
2468 2469 2467
2469 2468 2470
2471 2469 2470
2462 2463 2472
2473 2472 2463
2472 2474 2462
2474 2461 2462
2461 2474 2475
2475 2476 2461
2459 2461 2476
2476 2460 2459
2460 2476 2477
2476 2475 2478
2478 2477 2476
2477 2478 2479
2480 2473 2481
2482 2480 2481
2483 2480 2482
2483 2484 2480
2484 2483 2485
2486 2484 2485
2484 2486 2487
2486 2488 2487
2488 2486 2489
2489 2490 2488
2490 2489 2491
2492 2491 2489
2491 2492 2493
2493 2492 2494
2491 2495 2490
2495 2491 2496
2493 2496 2491
2496 2493 2497
2498 2497 2493
2497 2498 2499
2500 2499 2498
2499 2500 2501
2498 2502 2500
2503 2502 2498
2503 2493 2494
2493 2503 2498
2502 2503 2504
2489 2505 2492
2506 2492 2505
2492 2506 2507
2506 2508 2507
2508 2506 2509
2508 2509 2510
2508 2510 2511
2509 2512 2510
2505 2489 2486
2485 2505 2486
2505 2485 2513
2513 2514 2505
2514 2513 2515
2515 2516 2514
2516 2515 2517
2518 2516 2517
2519 2518 2517
2520 2518 2519
2521 2520 2519
2522 2517 2515
2517 2522 2523
2515 2524 2522
2524 2515 2513
2485 2524 2513
2524 2485 2483
2483 2525 2524
2525 2483 2526
2526 2483 2482
2527 2524 2525
2528 2524 2527
2524 2528 2522
2528 2529 2522
2529 2530 2522
2530 2529 2531
2531 2532 2530
2532 2531 2533
2532 2533 2534
2523 2535 2536
2535 2523 2537
2538 2517 2536
2523 2536 2517
2539 2481 2540
2481 2539 2541
2542 2541 2539
2541 2542 2543
2544 2543 2542
2543 2544 2545
2546 2545 2544
2481 2463 2540
2481 2473 2463
2547 2548 2549
2547 2550 2548
2550 2547 2551
2434 2550 2551
2434 2435 2550
2435 2552 2550
2552 2553 2550
2553 2552 2554
2554 2555 2553
2556 2557 2558
2557 2556 2559
2558 2560 2556
2560 2558 2561
2561 2562 2560
2562 2561 2563
2561 2564 2563
2561 2565 2564
2565 2561 2558
2558 2566 2565
2566 2558 2557
2567 2564 2565
2564 2567 2568
2565 2569 2567
2569 2565 2566
2570 2563 2564
2563 2570 2571
2570 2564 2572
2568 2572 2564
2572 2568 2573
2571 2574 2563
2574 2571 2575
2576 2574 2575
2569 2577 2567
2577 2568 2567
2577 2569 2578
2568 2577 2579
2579 2573 2568
2573 2579 2580
2581 2577 2578
2577 2581 2582
2582 2579 2577
2579 2582 2583
2584 2579 2583
2579 2584 2580
2581 2585 2582
2586 2573 2580
2573 2586 2587
2587 2588 2573
2588 2587 2589
2590 2588 2589
2588 2590 2591
2590 2592 2591
2592 2590 2593
2580 2594 2586
2594 2580 2584
2591 2592 2595
2596 2587 2586
2587 2596 2597
2587 2597 2598
2597 2599 2598
2599 2597 2600
2601 2599 2600
2599 2601 2602
2597 2603 2600
2603 2604 2600
2600 2604 2601
2604 2603 2605
2603 2597 2606
2596 2606 2597
2606 2596 2607
2608 2607 2596
2586 2608 2596
2608 2586 2594
2607 2608 2609
2609 2610 2607
2611 2607 2610
2607 2611 2612
2612 2611 2613
2610 2609 2614
2613 2615 2612
2615 2613 2616
2617 2613 2611
2613 2617 2618
2619 2610 2614
2610 2619 2620
2620 2621 2610
2621 2620 2622
2621 2622 2623
2623 2624 2621
2624 2623 2625
2626 2623 2622
2623 2626 2627
2628 2620 2619
2620 2628 2629
2630 2629 2628
2629 2630 2631
2631 2632 2629
2629 2633 2620
2633 2629 2634
2632 2634 2629
2633 2634 2635
2636 2635 2634
2635 2636 2637
2634 2638 2636
2639 2638 2634
2632 2639 2634
2638 2639 2640
2639 2632 2641
2642 2639 2641
2642 2643 2639
2642 2644 2643
2645 2646 2647
2646 2648 2647
2647 2648 2649
2650 2647 2649
2648 2651 2649
2651 2648 2652
2652 2653 2651
2654 2653 2652
2648 2654 2652
2654 2648 2646
2655 2656 2657
2656 2655 2658
2657 2659 2655
2660 2661 2662
2662 2661 2663
2661 2664 2663
2665 2664 2661
2662 2663 2666
2666 2663 2667
2663 2668 2667
2664 2668 2663
2669 2670 2671
2670 2669 2672
2671 2673 2669
2673 2671 2674
2674 2675 2673
2675 2674 2676
2677 2675 2676
2675 2677 2678
2677 2679 2678
2680 2670 2672
2672 2669 2681
2681 2682 2672
2672 2683 2680
2684 2680 2683
2680 2684 2685
2686 2680 2685
2680 2686 2687
2688 2687 2686
2687 2688 2689
2688 2690 2689
2690 2688 2691
2691 2692 2690
2683 2693 2684
2693 2683 2694
2695 2694 2683
2683 2672 2695
2695 2672 2696
2696 2672 2682
2682 2697 2696
2698 2696 2697
2696 2698 2699
2696 2699 2695
2698 2700 2699
2700 2701 2699
2702 2699 2701
2699 2702 2703
2699 2703 2695
2694 2695 2703
2704 2693 2705
2693 2704 2684
2706 2684 2704
2684 2706 2707
2706 2708 2707
2708 2706 2709
2709 2710 2708
2710 2709 2711
2712 2710 2711
2710 2712 2713
2713 2712 2714
2704 2715 2706
2706 2715 2716
2717 2716 2715
2716 2717 2718
2719 2718 2717
2718 2719 2720
2721 2720 2719
2720 2721 2722
2721 2723 2722
2723 2721 2724
2723 2724 2725
2715 2726 2717
2726 2715 2727
2728 2727 2715
2727 2728 2729
2728 2730 2729
2730 2728 2731
2730 2731 2732
2732 2731 2733
2731 2734 2733
2734 2731 2735
2728 2736 2731
2731 2736 2735
2736 2728 2715
2715 2704 2736
2736 2705 2735
2705 2736 2704
2737 2738 2739
2738 2737 2740
2738 2741 2739
2741 2738 2742
2742 2743 2741
2743 2742 2744
2745 2743 2744
2743 2745 2746
2745 2747 2746
2737 2748 2740
2748 2737 2749
2750 2748 2749
2748 2750 2751
2752 2751 2750
2751 2752 2753
2752 2754 2753
2754 2752 2755
2754 2755 2756
2757 2758 2759
2758 2757 2760
2761 2760 2757
2760 2761 2762
2758 2763 2759
2763 2758 2764
2764 2765 2763
2766 2762 2761
2767 2768 2769
2768 2767 2770
2770 2771 2768
2771 2770 2772
2773 2767 2769
2767 2773 2774
2774 2773 2775
2776 2771 2772
2777 2778 2779
2778 2780 2779
2777 2779 2781
2782 2777 2781
2777 2782 2783
2781 2784 2782
2784 2781 2785
2786 2785 2781
2781 2779 2786
2785 2786 2787
2786 2788 2787
2785 2789 2784
2789 2785 2790
2787 2790 2785
2790 2791 2789
2791 2790 2792
2793 2792 2790
2790 2787 2793
2792 2793 2794
2792 2795 2791
2795 2792 2796
2794 2796 2792
2796 2797 2795
2797 2796 2798
2799 2798 2796
2789 2800 2784
2800 2789 2801
2801 2802 2800
2802 2801 2803
2803 2804 2802
2804 2803 2805
2803 2806 2805
2806 2803 2807
2801 2807 2803
2807 2801 2808
2807 2809 2806
2809 2807 2810
2808 2810 2807
2810 2811 2809
2811 2810 2812
2810 2808 2813
2813 2812 2810
2791 2813 2808
2813 2791 2795
2795 2814 2813
2812 2813 2814
2814 2795 2797
2808 2789 2791
2789 2808 2801
2805 2815 2804
2806 2816 2815
2809 2817 2816
2809 2811 2817
2806 2809 2816
2805 2806 2815
2818 2811 2812
2811 2818 2819
2820 2819 2818
2819 2820 2821
2822 2821 2820
2821 2822 2823
2822 2824 2823
2824 2822 2825
2826 2825 2822
2820 2826 2822
2825 2826 2827
2826 2820 2828
2818 2828 2820
2829 2827 2826
2828 2829 2826
2827 2829 2830
2829 2831 2830
2832 2830 2831
2831 2833 2832
2833 2831 2834
2833 2834 2835
2830 2832 2836
2837 2836 2832
2836 2837 2838
2831 2829 2839
2839 2834 2831
2840 2839 2829
2829 2828 2840
2839 2840 2841
2841 2842 2839
2834 2839 2842
2842 2841 2843
2844 2841 2840
2841 2844 2845
2843 2841 2845
2797 2845 2844
2845 2797 2798
2846 2845 2798
2840 2847 2844
2847 2840 2828
2828 2818 2847
2814 2844 2847
2844 2814 2797
2847 2812 2814
2812 2847 2818
2846 2848 2845
2848 2843 2845
2849 2848 2846
2848 2849 2850
2851 2850 2849
2850 2851 2852
2851 2853 2852
2853 2851 2854
2854 2855 2853
2856 2848 2857
2848 2856 2843
2843 2856 2842
2842 2856 2858
2856 2859 2858
2857 2859 2856
2859 2857 2860
2842 2858 2861
2861 2858 2862
2859 2862 2858
2859 2863 2862
2864 2862 2863
2862 2864 2865
2865 2861 2862
2863 2859 2866
2867 2859 2860
2859 2867 2866
2863 2868 2864
2868 2863 2869
2866 2869 2863
2869 2866 2870
2871 2866 2867
2866 2871 2870
2870 2872 2869
2872 2870 2873
2874 2870 2871
2870 2874 2873
2873 2875 2872
2874 2875 2873
2865 2835 2861
2835 2834 2861
2834 2842 2861
2869 2876 2868
2876 2869 2872
2875 2876 2872
2835 2877 2878
2878 2877 2879
2880 2878 2879
2878 2833 2835
2880 2833 2878
2832 2833 2880
2837 2832 2880
2837 2880 2881
2881 2880 2882
2883 2837 2881
2882 2883 2881
2837 2883 2884
2837 2884 2838
2838 2885 2836
2885 2838 2886
2885 2830 2836
2830 2885 2827
2887 2827 2885
2827 2887 2825
2888 2825 2887
2825 2888 2824
2889 2888 2887
2889 2887 2885
2889 2885 2886
2888 2889 2890
2889 2886 2891
2891 2890 2889
2890 2891 2892
2893 2892 2891
2892 2893 2894
2886 2895 2891
2895 2896 2891
2896 2893 2891
2896 2897 2893
2897 2894 2893
2896 2898 2897
2899 2896 2895
2896 2899 2900
2900 2898 2896
2898 2900 2901
2900 2902 2901
2899 2902 2900
2898 2903 2897
2903 2904 2897
2904 2905 2897
2894 2897 2905
2905 2904 2906
2894 2907 2892
2905 2907 2894
2906 2908 2905
2908 2907 2905
2907 2909 2892
2892 2909 2890
2909 2910 2890
2890 2910 2888
2888 2910 2824
2824 2910 2911
2824 2912 2823
2823 2912 2821
2821 2912 2913
2821 2913 2819
2819 2913 2817
2819 2817 2811
2793 2914 2915
2915 2914 2916
2794 2793 2915
2915 2917 2794
2917 2796 2794
2799 2796 2917
2917 2918 2799
2918 2917 2919
2919 2920 2918
2920 2919 2921
2922 2920 2921
2920 2922 2923
2917 2915 2924
2916 2924 2915
2924 2916 2925
2793 2926 2914
2926 2927 2914
2916 2914 2927
2928 2916 2927
2927 2929 2928
2929 2927 2930
2930 2927 2926
2916 2928 2931
2916 2932 2925
2932 2916 2931
2933 2928 2929
2928 2933 2934
2934 2931 2928
2931 2934 2935
2931 2936 2932
2936 2931 2935
2937 2935 2934
2935 2937 2938
2939 2936 2935
2935 2938 2939
2938 2937 2940
2939 2938 2940
2934 2941 2937
2941 2934 2933
2940 2937 2941
2930 2926 2788
2788 2926 2787
2787 2926 2793
2788 2942 2943
2942 2944 2943
2779 2944 2942
2942 2788 2786
2779 2942 2786
2783 2945 2946
2945 2783 2782
2784 2945 2782
2945 2784 2800
2800 2947 2945
2947 2800 2802
2802 2948 2947
2948 2802 2804
2948 2949 2947
2949 2945 2947
2949 2946 2945
2949 2948 2950
2949 2951 2946
2950 2951 2949
2951 2950 2952
2952 2953 2951
2953 2952 2954
2946 2951 2955
2955 2951 2956
2956 2951 2953
2956 2953 2957
2954 2957 2953
2956 2957 2958
2956 2959 2955
2959 2956 2960
2958 2960 2956
2960 2958 2961
2960 2961 2962
2959 2960 2962
2958 2957 2963
2963 2957 2964
2965 2964 2957
2957 2954 2965
2964 2965 2966
2954 2952 2967
2965 2954 2967
2966 2965 2968
2968 2965 2967
2967 2952 2969
2952 2950 2969
2969 2950 2970
2950 2948 2970
2948 2804 2970
2971 2970 2804
2923 2922 2972
2973 2777 2974
2777 2973 2778
2780 2778 2973
2777 2783 2974
2975 2976 2977
2977 2976 2978
2978 2976 2979
2979 2976 2980
2976 2975 2980
2978 2979 2981
2979 2982 2981
2979 2983 2982
2983 2979 2984
2980 2984 2979
2980 2985 2984
2985 2980 2986
2975 2986 2980
2987 2984 2985
2984 2988 2983
2988 2984 2989
2984 2990 2989
2990 2984 2987
2975 2977 2991
2986 2975 2992
2993 2994 2995
2993 2996 2994
2996 2993 2997
2998 2996 2997
2999 2996 2998
2996 2999 3000
2996 3000 3001
3001 2994 2996
3002 2994 3001
2994 3002 2995
3003 3000 2999
3003 3004 3000
3005 3000 3004
3000 3005 3006
3000 3006 3007
3007 3001 3000
2995 3002 3008
3009 3002 3001
3001 3007 3009
3002 3009 3010
3011 3012 3013
3012 3011 3014
3015 3014 3011
3014 3015 3016
3017 3018 3019
3018 3017 3020
3021 3019 3018
3019 3021 3022
3023 3022 3021
3024 3025 3026
3025 3027 3026
3027 3028 3026
3029 3026 3028
3026 3029 3024
3027 3030 3028
3028 3030 3031
3028 3031 3032
3032 3033 3028
3028 3033 3029
3034 3029 3033
3029 3034 3035
3035 3024 3029
3036 3034 3033
3033 3032 3037
3037 3038 3033
3033 3038 3039
3039 3036 3033
3024 3040 3025
3024 3035 3041
3042 3043 3044
3042 3044 3045
3045 3046 3042
3047 3046 3045
3048 3047 3045
3045 3049 3048
3050 3049 3045
3045 3044 3050
3051 3050 3044
3044 3043 3051
3052 3048 3049
3052 3049 3053
3054 3053 3049
3049 3055 3054
3049 3056 3055
3050 3056 3049
3043 3057 3051
3051 3058 3050
3056 3050 3058
3058 3051 3059
3060 3061 3062
3061 3060 3063
3063 3064 3061
3064 3063 3065
3066 3067 3068
3067 3066 3069
3068 3070 3066
3070 3068 3071
3072 3070 3071
3073 3074 3075
3073 3076 3074
3075 3074 3077
3078 3077 3074
3073 3075 3079
3080 3079 3075
3080 3075 3077
3073 3081 3076
3081 3082 3076
3076 3082 3083
3083 3084 3076
3085 3076 3084
3076 3085 3074
3084 3086 3085
3074 3087 3078
3085 3087 3074
3087 3085 3086
3086 3088 3087
3088 3089 3087
3088 3090 3089
3090 3088 3091
3091 3092 3090
3093 3090 3092
3090 3093 3094
3094 3089 3090
3092 3091 3095
3089 3094 3096
3087 3089 3096
3095 3097 3092
3087 3096 3078
3098 3099 3100
3101 3099 3098
3098 3102 3101
3102 3098 3103
3103 3098 3104
3105 3103 3104
3103 3105 3106
3106 3102 3103
3104 3098 3107
3098 3100 3107
3108 3104 3107
3109 3108 3107
3110 3109 3107
3107 3111 3110
3111 3107 3100
3112 3100 3099
3100 3112 3111
3099 3113 3112
3114 3113 3099
3115 3113 3114
3114 3116 3115
3116 3114 3117
3113 3115 3118
3119 3118 3115
3118 3119 3120
3119 3121 3120
3122 3115 3116
3115 3122 3119
3117 3114 3099
3101 3117 3099
3123 3124 3125
3124 3123 3126
3124 3127 3125
3127 3124 3128
3129 3127 3128
3128 3130 3129
3129 3131 3127
3129 3130 3132
3133 3129 3132
3129 3133 3134
3129 3134 3135
3136 3135 3134
3135 3136 3137
3136 3138 3137
3129 3135 3139
3129 3139 3140
3131 3129 3140
3141 3133 3132
3141 3132 3142
3132 3143 3142
3130 3143 3132
3144 3131 3140
3144 3140 3145
3146 3145 3140
3139 3146 3140
3147 3148 3149
3147 3149 3150
3148 3151 3149
3152 3149 3151
3147 3153 3148
3154 3148 3153
3154 3151 3148
3147 3150 3155
3155 3150 3156
3150 3157 3156
3157 3150 3158
3159 3158 3150
3150 3149 3159
3158 3159 3160
3149 3152 3161
3159 3149 3161
3161 3160 3159
3160 3161 3162
3162 3161 3163
3164 3162 3163
3162 3164 3165
3166 3165 3164
3164 3167 3166
3167 3164 3168
3163 3168 3164
3165 3166 3169
3168 3163 3170
3161 3170 3163
3166 3171 3169
3161 3152 3170
3172 3173 3174
3175 3172 3174
3172 3175 3176
3176 3177 3172
3177 3178 3172
3179 3178 3177
3177 3180 3179
3180 3177 3176
3178 3181 3172
3172 3181 3173
3182 3181 3178
3183 3181 3182
3184 3181 3183
3181 3184 3185
3185 3173 3181
3186 3174 3173
3173 3185 3186
3174 3186 3187
3188 3174 3187
3187 3189 3188
3190 3188 3189
3188 3190 3191
3189 3187 3192
3192 3193 3189
3193 3192 3194
3194 3195 3193
3189 3196 3190
3196 3189 3193
3191 3174 3188
3175 3174 3191
3197 3198 3199
3198 3197 3200
3201 3200 3197
3200 3201 3202
3203 3202 3201
3202 3203 3204
3203 3201 3205
3203 3206 3204
3207 3206 3203
3203 3208 3207
3203 3209 3208
3209 3210 3208
3210 3209 3211
3210 3211 3212
3203 3213 3209
3203 3214 3213
3205 3214 3203
3215 3206 3207
3215 3216 3206
3206 3216 3217
3204 3206 3217
3218 3214 3205
3218 3219 3214
3220 3214 3219
3213 3214 3220
3221 3222 3223
3222 3221 3224
3222 3225 3223
3225 3222 3226
3225 3226 3227
3228 3227 3226
3227 3228 3229
3230 3229 3228
3229 3230 3231
3232 3231 3230
3231 3232 3233
3234 3233 3232
3233 3234 3235
3234 3236 3235
3236 3234 3237
3237 3238 3236
3238 3237 3239
3239 3240 3238
3240 3239 3241
3240 3241 3242
3242 3241 3243
3242 3243 3244
3244 3243 3245
3244 3245 3246
3245 3247 3246
3245 3248 3247
3248 3249 3247
3248 3250 3249
3249 3250 3251
3252 3251 3250
3251 3252 3253
3254 3253 3252
3253 3254 3255
3256 3255 3254
3255 3256 3257
3256 3258 3257
3258 3256 3259
3259 3260 3258
3260 3259 3261
3261 3262 3260
3262 3261 3263
3263 3264 3262
3264 3263 3224
3264 3224 3221
3265 3266 3267
3266 3265 3268
3265 3269 3268
3269 3265 3270
3271 3272 3273
3272 3271 3274
3272 3275 3273
3275 3272 3276
3277 3278 3279
3278 3277 3280
3278 3281 3279
3281 3278 3282
3283 3284 3285
3284 3283 3286
3287 3286 3283
3286 3287 3288
3289 3288 3287
3288 3289 3290
3291 3290 3289
3290 3291 3292
3291 3293 3292
3293 3291 3294
3294 3295 3293
3295 3294 3296
3296 3297 3295
3298 3297 3296
3299 3297 3298
3300 3299 3298
3300 3301 3299
3300 3302 3301
3303 3302 3300
3303 3304 3302
3305 3304 3303
3305 3306 3304
3307 3306 3305
3306 3307 3308
3309 3308 3307
3308 3309 3310
3309 3311 3310
3311 3309 3312
3312 3313 3311
3313 3312 3314
3314 3315 3313
3315 3314 3316
3316 3317 3315
3317 3316 3318
3318 3319 3317
3319 3318 3320
3321 3319 3320
3322 3321 3320
3321 3322 3323
3322 3324 3323
3324 3322 3325
3325 3326 3324
3285 3326 3325
3326 3285 3284
3327 3328 3329
3328 3327 3330
3330 3331 3328
3331 3330 3332
3333 3334 3335
3334 3333 3336
3335 3337 3333
3337 3335 3338
3339 3340 3341
3339 3342 3340
3339 3343 3342
3339 3344 3343
3342 3345 3340
3345 3346 3340
3346 3341 3340
3346 3347 3341
3348 3342 3343
3349 3348 3343
3344 3349 3343
3350 3346 3345
3345 3351 3350
3352 3351 3345
3348 3352 3342
3352 3345 3342
3353 3351 3352
3354 3353 3352
3354 3352 3348
3348 3355 3354
3349 3355 3348
3356 3355 3349
3349 3357 3356
3358 3357 3349
3358 3349 3344
3359 3357 3358
3360 3347 3346
3347 3360 3361
3362 3360 3346
3350 3362 3346
3359 3358 3363
3358 3364 3363
3364 3365 3363
3365 3364 3366
3358 3344 3364
3364 3344 3367
3339 3367 3344
3339 3368 3367
3339 3369 3368
3339 3341 3369
3364 3367 3370
3370 3367 3368
3366 3364 3370
3370 3368 3371
3371 3368 3372
3372 3368 3369
3372 3369 3373
3373 3369 3341
3373 3341 3347
3374 3372 3373
3372 3374 3375
3371 3372 3375
3376 3371 3375
3377 3371 3376
3370 3377 3366
3377 3370 3371
3378 3373 3347
3378 3347 3361
3379 3373 3378
3374 3373 3379
3380 3381 3382
3380 3382 3383
3380 3383 3384
3380 3384 3385
3386 3384 3383
3387 3384 3386
3387 3385 3384
3380 3388 3381
3380 3389 3388
3380 3390 3389
3380 3385 3390
3389 3391 3388
3391 3392 3388
3392 3381 3388
3392 3393 3381
3394 3381 3393
3394 3382 3381
3395 3382 3394
3395 3383 3382
3396 3383 3395
3386 3383 3396
3397 3395 3394
3395 3397 3398
3396 3395 3398
3399 3396 3398
3400 3396 3399
3400 3386 3396
3386 3400 3401
3401 3387 3386
3402 3387 3401
3387 3402 3403
3404 3394 3393
3404 3393 3405
3406 3394 3404
3397 3394 3406
3407 3405 3393
3407 3393 3392
3408 3407 3392
3409 3408 3392
3409 3392 3391
3391 3410 3409
3411 3410 3391
3412 3410 3411
3413 3412 3411
3413 3411 3414
3414 3411 3389
3411 3391 3389
3414 3415 3413
3414 3389 3390
3416 3414 3390
3416 3415 3414
3385 3416 3390
3417 3415 3416
3416 3418 3417
3419 3418 3416
3419 3416 3385
3420 3418 3419
3420 3419 3403
3419 3387 3403
3419 3385 3387
3421 3422 3423
3422 3421 3424
3425 3423 3422
3423 3425 3426
3427 3426 3425
3426 3427 3428
3429 3428 3427
3428 3429 3430
3431 3424 3421
3432 3430 3429
3430 3432 3433
3434 3433 3432
3433 3434 3435
3436 3435 3434
3435 3436 3437
3438 3424 3431
3439 3440 3441
3440 3439 3442
3442 3443 3440
3443 3442 3444
3444 3445 3443
3445 3444 3446
3446 3447 3445
3447 3446 3448
3441 3449 3439
3448 3450 3447
3450 3448 3451
3451 3452 3450
3452 3451 3453
3453 3454 3452
3454 3453 3455
3441 3456 3449
3457 3458 3459
3458 3457 3460
3461 3459 3458
3459 3461 3462
3463 3462 3461
3462 3463 3464
3465 3464 3463
3464 3465 3466
3467 3460 3457
3468 3466 3465
3466 3468 3469
3470 3469 3468
3469 3470 3471
3472 3471 3470
3471 3472 3473
3474 3460 3467
3475 3476 3477
3476 3475 3478
3478 3479 3476
3479 3478 3480
3480 3481 3479
3481 3480 3482
3482 3483 3481
3483 3482 3484
3477 3485 3475
3484 3486 3483
3486 3484 3487
3487 3488 3486
3488 3487 3489
3489 3490 3488
3490 3489 3491
3477 3492 3485
3493 3494 3495
3494 3493 3496
3495 3497 3493
3497 3495 3498
3498 3499 3497
3499 3498 3500
3501 3502 3503
3502 3501 3504
3503 3505 3501
3505 3503 3506
3506 3507 3505
3507 3506 3508
3509 3510 3511
3510 3509 3512
3511 3513 3509
3513 3511 3514
3515 3516 3517
3515 3518 3516
3519 3515 3517
3520 3515 3519
3517 3521 3519
3519 3521 3522
3523 3524 3520
3525 3524 3523
3523 3526 3525
3526 3523 3527
3528 3524 3525
3529 3524 3528
3530 3531 3532
3532 3531 3533
3533 3531 3534
3535 3534 3531
3534 3536 3533
3536 3534 3537
3538 3539 3535
3539 3538 3540
3538 3541 3540
3540 3542 3539
3539 3542 3543
3538 3544 3541
3545 3546 3547
3547 3548 3545
3548 3547 3549
3550 3548 3549
3548 3550 3551
3552 3551 3550
3553 3554 3555
3555 3556 3553
3556 3555 3557
3558 3556 3557
3556 3558 3559
3560 3559 3558
3561 3562 3563
3562 3564 3563
3564 3562 3565
3565 3562 3566
3562 3567 3566
3568 3569 3570
3570 3571 3568
3572 3568 3571
3568 3572 3573
3574 3568 3573
3575 3576 3577
3576 3575 3578
3579 3575 3577
3575 3579 3580
3579 3581 3580
3582 3576 3578
3583 3584 3585
3583 3586 3584
3585 3587 3583
3586 3588 3584
3585 3589 3587
3589 3585 3590
3588 3586 3591
3592 3588 3591
3592 3593 3588
3593 3592 3594
3592 3591 3595
3589 3596 3587
3589 3597 3596
3597 3589 3598
3599 3597 3598
3600 3597 3599
3590 3601 3602
3590 3603 3601
3601 3603 3604
3601 3604 3605
3606 3602 3601
3607 3608 3603
3608 3607 3609
3610 3609 3607
3607 3611 3610
3611 3612 3610
3613 3612 3611
3612 3613 3614
3608 3609 3615
3614 3613 3616
3614 3616 3617
3618 3616 3613
3616 3618 3619
3620 3608 3615
3608 3620 3621
3620 3622 3621
3623 3622 3620
3624 3625 3626
3624 3627 3625
3627 3624 3628
3629 3630 3631
3630 3632 3631
3632 3630 3633
3634 3632 3633
3632 3634 3635
3634 3590 3635
3590 3634 3603
3636 3637 3638
3638 3639 3636
3638 3640 3639
3640 3641 3639
3641 3642 3639
3642 3641 3643
3640 3644 3641
3637 3636 3645
3645 3646 3637
3647 3646 3645
3646 3647 3648
3649 3648 3647
3648 3649 3650
3645 3651 3647
3652 3653 3654
3653 3652 3655
3656 3652 3654
3652 3656 3657
3657 3656 3658
3659 3653 3655
3660 3661 3662
3660 3663 3661
3663 3660 3664
3664 3660 3665
3666 3665 3660
3667 3663 3664
3663 3667 3668
3665 3666 3669
3670 3662 3661
3669 3671 3665
3669 3672 3671
3661 3673 3670
3673 3674 3670
3667 3675 3668
3675 3667 3676
3677 3675 3676
3675 3677 3678
3679 3678 3677
3671 3680 3681
3682 3683 3673
3684 3685 3686
3685 3687 3686
3686 3688 3684
3689 3684 3688
3688 3690 3689
3685 3691 3687
3692 3691 3685
3691 3692 3693
3687 3691 3694
3689 3690 3695
3695 3690 3696
3696 3697 3695
3697 3696 3698
3695 3699 3689
3700 3701 3702
3701 3700 3703
3704 3703 3700
3703 3704 3705
3706 3707 3708
3707 3706 3709
3710 3707 3709
3711 3712 3713
3712 3711 3714
3715 3713 3712
3716 3717 3718
3717 3716 3719
3718 3720 3716
3720 3718 3721
3722 3723 3724
3723 3722 3725
3726 3725 3722
3727 3728 3729
3728 3727 3730
3731 3729 3728
3729 3731 3732
3733 3732 3731
3732 3733 3734
3735 3734 3733
3734 3735 3736
3737 3736 3735
3736 3737 3738
3738 3737 3739
3738 3739 3740
3739 3741 3740
3740 3741 3742
3741 3743 3742
3742 3743 3744
3743 3745 3744
3745 3746 3744
3747 3746 3745
3746 3747 3748
3747 3749 3748
3749 3747 3750
3749 3750 3751
3752 3751 3750
3751 3752 3753
3752 3754 3753
3752 3755 3754
3752 3756 3755
3757 3755 3756
3758 3757 3756
3756 3759 3758
3758 3759 3760
3759 3761 3760
3762 3763 3764
3763 3762 3765
3765 3766 3763
3766 3765 3767
3767 3768 3766
3768 3767 3769
3769 3770 3768
3770 3769 3771
3771 3772 3770
3772 3771 3773
3773 3774 3772
3775 3774 3773
3775 3776 3774
3777 3776 3775
3776 3777 3778
3777 3779 3778
3778 3779 3780
3780 3779 3781
3781 3782 3780
3782 3781 3783
3784 3782 3783
3782 3784 3785
3784 3786 3785
3786 3787 3785
3787 3786 3788
3787 3788 3789
3787 3789 3790
3787 3790 3791
3792 3791 3790
3793 3791 3792
3791 3793 3794
3793 3795 3794
3794 3795 3796
3797 3798 3799
3798 3797 3800
3801 3800 3797
3800 3801 3802
3801 3803 3802
3804 3799 3798
3799 3804 3805
3803 3806 3802
3806 3803 3807
3808 3806 3807
3807 3809 3808
3807 3810 3809
3809 3811 3808
3811 3809 3812
3813 3812 3809
3809 3810 3813
3810 3814 3813
3812 3815 3811
3813 3814 3816
3814 3817 3816
3817 3818 3816
3819 3818 3817
3818 3819 3820
3819 3821 3820
3821 3819 3822
3821 3822 3823
3824 3823 3822
3823 3824 3825
3824 3826 3825
3824 3827 3826
3824 3828 3827
3829 3827 3828
3830 3829 3828
3828 3831 3830
3830 3831 3832
3831 3833 3832
3775 3834 3835
3836 3775 3835
3835 3837 3836
3775 3836 3777
3773 3834 3775
3838 3839 3840
3839 3838 3841
3842 3838 3840
3838 3842 3843
3842 3844 3843
3844 3842 3845
3846 3844 3845
3844 3846 3847
3841 3848 3839
3848 3841 3849
3850 3851 3852
3851 3850 3853
3854 3853 3850
3853 3854 3855
3856 3855 3854
3855 3856 3857
3858 3857 3856
3857 3858 3859
3858 3860 3859
3860 3858 3861
3862 3860 3861
3860 3862 3863
3862 3864 3863
3864 3862 3865
3866 3864 3865
3864 3866 3867
3868 3867 3866
3867 3868 3869
3868 3870 3869
3870 3868 3871
3870 3871 3872
3873 3874 3875
3874 3873 3876
3875 3877 3873
3877 3875 3878
3879 3880 3881
3880 3879 3882
3883 3882 3879
3882 3883 3884
3852 3885 3886
3885 3852 3851
3887 3888 3889
3888 3887 3890
3889 3891 3887
3891 3889 3892
3892 3893 3891
3893 3892 3894
3893 3894 3895
3894 3896 3895
3896 3897 3895
3897 3896 3898
3898 3899 3897
3899 3900 3897
3899 3898 3901
3902 3899 3901
3899 3902 3903
3903 3900 3899
3900 3903 3904
3901 3905 3902
3903 3906 3904
3904 3906 3907
3907 3906 3908
3908 3909 3907
3909 3908 3910
3911 3909 3910
3909 3911 3912
3911 3913 3912
3913 3914 3912
3914 3913 3915
3914 3915 3916
3914 3916 3917
3914 3917 3918
3919 3918 3917
3920 3918 3919
3918 3920 3921
3920 3922 3921
3921 3922 3923
3740 3924 3925
3924 3740 3926
3926 3927 3924
3742 3926 3740
3740 3925 3738
3928 3929 3930
3929 3928 3931
3929 3932 3930
3932 3929 3933
3934 3932 3933
3932 3934 3935
3934 3936 3935
3936 3934 3937
3938 3931 3928
3931 3938 3939
3940 3941 3942
3941 3940 3943
3942 3944 3940
3944 3942 3945
3945 3946 3944
3946 3945 3947
3947 3948 3946
3948 3947 3949
3950 3948 3949
3948 3950 3951
3950 3952 3951
3952 3950 3953
3954 3952 3953
3952 3954 3955
3954 3956 3955
3956 3954 3957
3957 3958 3956
3958 3957 3959
3960 3958 3959
3958 3960 3961
3960 3962 3961
3963 3964 3965
3964 3963 3966
3967 3965 3964
3965 3967 3968
3969 3970 3971
3970 3969 3972
3971 3973 3969
3973 3971 3974
3943 3975 3941
3975 3943 3976
3977 3978 3979
3978 3977 3980
3981 3980 3977
3980 3981 3982
3983 3982 3981
3982 3983 3984
3983 3985 3984
3985 3983 3986
3986 3987 3985
3987 3986 3988
3989 3979 3978
3979 3989 3990
3989 3991 3990
3991 3989 3992
3992 3993 3991
3993 3992 3994
3995 3979 3990
3991 3995 3990
3979 3995 3996
3997 3996 3995
3996 3997 3998
3998 3999 3996
3999 3998 4000
3995 4001 3997
4001 3995 4002
3995 3991 4002
3993 4002 3991
4002 4003 4001
4003 4002 4004
4002 3993 4004
4000 4005 3999
4005 4000 4006
4006 4007 4005
4007 4006 4008
4008 4009 4007
4009 4008 4010
4010 4011 4009
4011 4010 4012
4011 3986 4009
3986 4011 3988
4009 3983 4007
3983 4009 3986
3983 4005 4007
4005 3983 3981
3981 3999 4005
3999 3981 3977
3977 3996 3999
3996 3977 3979
4013 4014 4015
4016 4014 4013
4017 4014 4016
4018 4014 4017
4019 4014 4018
4020 4014 4019
4021 4014 4020
4015 4014 4021
4022 4023 4024
4023 4022 4025
4025 4026 4023
4026 4025 4027
4027 4028 4026
4028 4027 4029
4029 4030 4028
4030 4029 4031
4024 4032 4022
4032 4024 4033
4033 4034 4032
4034 4033 4035
4035 4036 4034
4036 4035 4037
4037 4038 4036
4038 4037 4039
4040 4026 4028
4026 4040 4041
4042 4026 4041
4026 4042 4023
4043 4023 4042
4023 4043 4024
4044 4039 4037
4039 4044 4045
4037 4046 4044
4046 4037 4035
4033 4046 4035
4046 4033 4047
4047 4024 4043
4024 4047 4033
4042 4048 4043
4043 4048 4047
4041 4049 4042
4040 4049 4041
4048 4042 4049
4044 4050 4045
4046 4051 4044
4047 4051 4046
4050 4044 4051
4051 4047 4048
4049 4040 4052
4053 4052 4040
4028 4053 4040
4053 4028 4030
4054 4055 4056
4055 4054 4057
4054 4058 4057
4058 4054 4059
4060 4056 4055
4056 4060 4061
4060 4062 4061
4062 4060 4063
4064 4055 4057
4058 4064 4057
4055 4064 4065
4065 4060 4055
4064 4058 4066
4060 4067 4063
4067 4060 4068
4060 4065 4068
4064 4069 4065
4069 4064 4070
4071 4064 4066
4064 4071 4070
4072 4067 4068
4065 4072 4068
4072 4065 4069
4067 4072 4073
4074 4075 4076
4075 4074 4077
4076 4078 4074
4078 4076 4079
4079 4080 4078
4080 4079 4081
4082 4080 4081
4080 4082 4083
4084 4083 4082
4083 4084 4085
4077 4086 4075
4086 4077 4087
4088 4086 4087
4086 4088 4089
4090 4089 4088
4089 4090 4091
4077 4092 4087
4092 4088 4087
4092 4077 4093
4093 4094 4092
4094 4093 4095
4096 4095 4093
4095 4096 4097
4098 4092 4094
4092 4098 4099
4088 4092 4099
4099 4090 4088
4100 4099 4098
4099 4100 4101
4090 4099 4101
4102 4097 4096
4097 4102 4103
4104 4103 4102
4103 4104 4105
4106 4105 4104
4105 4106 4107
4108 4107 4106
4107 4108 4109
4083 4108 4106
4108 4083 4085
4106 4080 4083
4080 4106 4104
4102 4080 4104
4080 4102 4078
4096 4078 4102
4078 4096 4074
4093 4074 4096
4074 4093 4077
4110 4111 4112
4113 4110 4112
4114 4113 4112
4115 4114 4112
4116 4115 4112
4117 4116 4112
4118 4117 4112
4111 4118 4112
4119 4120 4121
4120 4119 4122
4123 4122 4119
4122 4123 4124
4125 4124 4123
4124 4125 4126
4127 4126 4125
4126 4127 4128
4129 4121 4120
4121 4129 4130
4131 4130 4129
4130 4131 4132
4133 4132 4131
4132 4133 4134
4135 4134 4133
4134 4135 4136
4123 4137 4125
4137 4123 4138
4123 4139 4138
4140 4125 4137
4125 4140 4127
4136 4141 4134
4141 4136 4142
4143 4134 4141
4134 4143 4132
4143 4130 4132
4130 4143 4144
4144 4121 4130
4121 4144 4145
4145 4119 4121
4119 4145 4139
4139 4123 4119
4139 4145 4146
4145 4144 4146
4138 4139 4147
4137 4138 4147
4146 4147 4139
4140 4137 4148
4147 4148 4137
4141 4142 4149
4143 4141 4150
4144 4143 4150
4149 4150 4141
4150 4146 4144
4151 4152 4153
4152 4151 4154
4155 4152 4154
4152 4155 4156
4153 4157 4151
4157 4153 4158
4159 4157 4158
4157 4159 4160
4151 4161 4154
4161 4155 4154
4161 4151 4162
4157 4162 4151
4155 4161 4163
4164 4157 4160
4157 4164 4165
4162 4157 4165
4166 4161 4162
4161 4166 4167
4161 4168 4163
4168 4161 4167
4164 4169 4165
4162 4169 4166
4169 4162 4165
4169 4164 4170
4171 4172 4173
4172 4171 4174
4174 4175 4172
4175 4174 4176
4176 4177 4175
4177 4176 4178
4179 4180 4181
4179 4182 4180
4179 4183 4182
4184 4183 4179
4184 4185 4183
4186 4187 4188
4188 4189 4186
4189 4188 4190
4191 4189 4190
4189 4191 4192
4186 4193 4187
4186 4194 4193
4194 4195 4193
4194 4196 4195
4194 4197 4196
4198 4199 4189
4199 4198 4200
4199 4201 4189
4201 4199 4202
4201 4202 4203
4201 4203 4204
4201 4204 4194
4194 4204 4205
4194 4205 4206
4194 4206 4207
4208 4209 4210
4209 4208 4211
4208 4212 4211
4212 4208 4213
4213 4214 4212
4214 4213 4215
4216 4217 4218
4217 4216 4219
4220 4221 4222
4221 4220 4223
4224 4225 4226
4225 4224 4227
4225 4228 4226
4228 4225 4229
4230 4231 4232
4231 4230 4233
4234 4233 4230
4233 4234 4235
4234 4236 4235
4236 4234 4237
4238 4239 4240
4238 4240 4241
4238 4241 4242
4243 4238 4242
4243 4242 4244
4245 4246 4247
4246 4245 4248
4249 4246 4248
4246 4249 4250
4249 4251 4250
4251 4249 4252
4253 4254 4255
4254 4253 4256
4257 4258 4259
4258 4257 4260
4261 4262 4263
4262 4261 4264
4265 4262 4264
4262 4265 4266
4267 4268 4269
4270 4267 4269
4271 4269 4268
4269 4271 4272
4273 4272 4271
4272 4273 4274
4274 4275 4272
4269 4272 4275
4275 4274 4276
4276 4277 4275
4277 4276 4278
4273 4279 4274
4279 4273 4280
4280 4281 4279
4281 4280 4282
4283 4282 4280
4284 4276 4274
4276 4284 4285
4285 4278 4276
4284 4286 4285
4286 4284 4287
4288 4285 4286
4285 4288 4289
4278 4285 4289
4289 4288 4290
4291 4275 4277
4291 4269 4275
4292 4282 4283
4293 4292 4283
4292 4293 4294
4294 4295 4292
4295 4282 4292
4295 4294 4296
4294 4297 4296
4294 4298 4297
4298 4294 4293
4299 4297 4298
4287 4300 4286
4286 4301 4288
4301 4286 4300
4302 4301 4300
4300 4303 4302
4304 4303 4300
4305 4302 4303
4301 4302 4306
4305 4306 4302
4306 4307 4301
4307 4288 4301
4303 4308 4305
4305 4308 4309
4310 4305 4309
4305 4310 4311
4312 4311 4310
4311 4312 4313
4308 4314 4309
4308 4315 4314
4315 4308 4316
4317 4315 4316
4315 4317 4318
4319 4313 4312
4313 4319 4320
4319 4321 4320
4321 4319 4322
4323 4321 4322
4321 4323 4324
4325 4324 4323
4324 4325 4326
4325 4327 4326
4327 4325 4328
4328 4329 4327
4329 4328 4330
4317 4331 4318
4332 4333 4334
4333 4332 4335
4336 4333 4335
4336 4335 4337
4338 4336 4337
4334 4339 4332
4339 4334 4340
4341 4339 4340
4339 4341 4342
4343 4342 4341
4342 4343 4344
4345 4344 4343
4344 4345 4346
4347 4346 4345
4346 4347 4348
4349 4350 4351
4350 4349 4352
4351 4353 4349
4353 4351 4354
4354 4355 4353
4355 4354 4356
4356 4357 4355
4357 4356 4358
4359 4357 4358
4357 4359 4360
4359 4361 4360
4361 4362 4360
4362 4363 4360
4362 4364 4363
4364 4365 4363
4365 4364 4366
4366 4367 4365
4367 4366 4368
4364 4362 4369
4369 4362 4370
4361 4370 4362
4368 4371 4367
4371 4368 4372
4373 4374 4375
4376 4375 4374
4376 4374 4377
4378 4376 4377
4379 4378 4377
4380 4373 4375
4373 4380 4381
4380 4382 4381
4382 4380 4383
4383 4384 4382
4384 4383 4385
4385 4386 4384
4386 4385 4387
4387 4388 4386
4388 4387 4389
4390 4391 4392
4391 4390 4393
4394 4391 4393
4391 4394 4395
4396 4395 4394
4395 4396 4397
4396 4398 4397
4398 4396 4399
4400 4398 4399
4401 4402 4403
4402 4401 4404
4405 4406 4407
4406 4405 4408
4409 4407 4406
4407 4409 4410
4411 4410 4409
4410 4411 4412
4413 4408 4405
4408 4413 4414
4415 4414 4413
4414 4415 4416
4417 4416 4415
4416 4417 4418
4419 4418 4417
4418 4419 4420
4419 4421 4420
4421 4419 4422
4423 4424 4425
4424 4423 4426
4426 4427 4424
4427 4426 4428
4425 4429 4423
4429 4425 4430
4430 4431 4429
4431 4430 4432
4432 4433 4431
4433 4432 4434
4435 4433 4434
4433 4435 4436
4437 4438 4439
4438 4437 4440
4441 4442 4443
4444 4443 4442
4443 4444 4445
4446 4445 4444
4445 4446 4447
4447 4446 4448
4441 4449 4442
4282 4295 4281
4300 4287 4304
4288 4307 4290
4270 4269 4291
4450 4451 4452
4299 4298 4453
4454 4455 4456
4455 4454 4457
4455 4458 4456
4454 4459 4457
4459 4454 4460
4460 4461 4459
4461 4460 4462
4462 4463 4461
4463 4462 4464
4464 4465 4463
4465 4464 4466
4466 4467 4465
4467 4466 4468
4458 4455 4469
4458 4469 4470
4471 4470 4469
4470 4471 4472
4473 4474 4475
4474 4473 4476
4473 4477 4478
4479 4478 4477
4479 4480 4478
4480 4479 4481
4482 4483 4484
4482 4485 4483
4485 4482 4486
4486 4487 4485
4486 4488 4487
4488 4486 4489
4489 4490 4488
4490 4489 4491
4491 4492 4490
4492 4491 4493
4492 4494 4490
4492 4495 4494
4494 4496 4490
4494 4497 4496
4497 4494 4498
4498 4499 4497
4499 4498 4500
4500 4501 4499
4501 4500 4502
4503 4504 4505
4504 4503 4506
4504 4506 4507
4508 4503 4505
4503 4508 4509
4510 4509 4508
4509 4510 4511
4512 4511 4510
4511 4512 4513
4514 4513 4512
4513 4514 4515
4514 4516 4515
4516 4514 4517
4518 4519 4520
4521 4518 4520
4518 4521 4522
4523 4524 4525
4524 4523 4526
4527 4526 4523
4526 4527 4528
4529 4525 4524
4525 4529 4530
4531 4530 4529
4530 4531 4532
4533 4532 4531
4532 4533 4534
4535 4534 4533
4534 4535 4536
4537 4536 4535
4536 4537 4538
4539 4540 4541
4540 4539 4542
4539 4543 4542
4543 4539 4544
4544 4545 4543
4545 4544 4546
4546 4547 4545
4547 4546 4548
4548 4549 4547
4549 4548 4550
4550 4551 4549
4551 4550 4552
4553 4554 4555
4554 4553 4556
4554 4557 4555
4557 4554 4558
4557 4558 4559
4560 4561 4562
4561 4560 4563
4564 4565 4566
4566 4565 4567
4568 4566 4567
4566 4568 4569
4568 4570 4569
4570 4568 4571
4571 4572 4570
4572 4571 4573
4574 4572 4573
4572 4574 4575
4576 4577 4578
4577 4576 4579
4580 4581 4582
4581 4580 4583
4580 4582 4584
4585 4586 4587
4586 4585 4588
4587 4589 4585
4589 4587 4590
4590 4591 4589
4591 4590 4592
4588 4593 4586
4593 4588 4594
4594 4595 4593
4595 4594 4596
4597 4595 4596
4597 4596 4598
4599 4597 4598
4597 4599 4600
4597 4601 4595
4602 4603 4604
4603 4602 4605
4606 4604 4603
4604 4606 4607
4607 4608 4604
4608 4607 4609
4609 4610 4608
4611 4608 4610
4612 4611 4610
4611 4612 4613
4614 4613 4612
4613 4614 4615
4608 4611 4616
4616 4604 4608
4604 4616 4602
4610 4609 4617
4618 4610 4617
4610 4618 4612
4619 4612 4618
4612 4619 4614
4615 4614 4620
4620 4614 4621
4621 4614 4619
4622 4620 4621
4620 4622 4623
4624 4623 4622
4623 4624 4625
4626 4625 4624
4625 4626 4627
4628 4629 4630
4629 4628 4631
4629 4632 4630
4633 4634 4635
4634 4633 4636
4635 4637 4633
4637 4635 4638
4639 4637 4638
4637 4639 4640
4641 4640 4639
4640 4641 4642
4643 4642 4641
4642 4643 4644
4645 4644 4643
4644 4645 4646
4645 4647 4646
4647 4645 4648
4648 4649 4647
4649 4648 4650
4650 4651 4649
4651 4650 4652
4653 4654 4655
4654 4653 4656
4657 4656 4653
4656 4657 4658
4657 4659 4658
4659 4657 4660
4660 4661 4659
4661 4660 4662
4662 4663 4661
4663 4662 4664
4665 4663 4664
4663 4665 4666
4667 4666 4665
4666 4667 4668
4669 4668 4667
4668 4669 4670
4671 4670 4669
4670 4671 4672
4673 4674 4675
4674 4673 4676
4677 4678 4679
4678 4677 4680
4681 4682 4683
4682 4681 4684
4685 4686 4687
4686 4685 4688
4689 4690 4691
4690 4689 4692
4693 4691 4690
4691 4693 4694
4695 4696 4697
4696 4695 4698
4699 4700 4701
4700 4699 4702
4703 4704 4705
4704 4703 4706
4707 4708 4709
4708 4707 4710
4711 4712 4713
4712 4711 4714
4713 4715 4711
4715 4713 4716
4716 4717 4715
4717 4716 4718
4718 4719 4717
4719 4718 4720
4721 4719 4720
4719 4721 4722
4723 4722 4721
4722 4723 4724
4725 4724 4723
4724 4725 4726
4727 4726 4725
4726 4727 4728
4729 4728 4727
4728 4729 4730
4731 4730 4729
4730 4731 4732
4733 4732 4731
4732 4733 4734
4734 4735 4732
4735 4734 4736
4732 4737 4730
4737 4732 4735
4730 4738 4728
4738 4730 4737
4728 4739 4726
4739 4728 4738
4726 4740 4724
4740 4726 4739
4741 4724 4740
4724 4741 4722
4742 4722 4741
4722 4742 4719
4736 4734 4743
4734 4733 4743
4743 4733 4744
4744 4733 4745
4746 4744 4745
4744 4746 4747
4746 4748 4747
4748 4746 4749
4749 4750 4748
4750 4749 4751
4752 4750 4751
4719 4742 4717
4753 4754 4747
4754 4753 4755
4756 4753 4747
4753 4756 4757
4758 4757 4756
4757 4758 4759
4759 4758 4760
4736 4754 4755
4736 4743 4754
4761 4762 4763
4762 4761 4764
4763 4765 4761
4765 4763 4766
4766 4767 4765
4767 4766 4768
4768 4769 4767
4769 4768 4770
4771 4769 4770
4769 4771 4772
4773 4772 4771
4772 4773 4774
4773 4775 4774
4775 4773 4776
4777 4775 4776
4775 4777 4778
4777 4779 4778
4779 4777 4780
4780 4781 4779
4781 4780 4782
4782 4783 4781
4783 4782 4784
4784 4785 4783
4785 4784 4786
4786 4787 4785
4787 4786 4788
4788 4789 4787
4789 4788 4790
4790 4791 4789
4791 4790 4792
4793 4791 4792
4791 4793 4794
4795 4796 4797
4798 4799 4800
4799 4798 4801
4800 4802 4798
4802 4800 4803
4803 4804 4802
4804 4803 4805
4801 4806 4799
4806 4801 4807
4807 4808 4806
4808 4807 4809
4809 4810 4808
4810 4809 4811
4811 4812 4810
4812 4811 4813
4813 4814 4812
4814 4813 4815
4815 4816 4814
4816 4815 4817
4817 4818 4816
4818 4817 4819
4820 4818 4819
4818 4820 4821
4822 4821 4820
4821 4822 4823
4822 4824 4823
4824 4822 4825
4826 4827 4828
4827 4826 4829
4830 4828 4827
4828 4830 4831
4832 4833 4834
4833 4832 4835
4832 4834 4836
4720 4718 4837
4838 4839 4840
4839 4838 4841
4840 4842 4838
4842 4840 4843
4843 4844 4842
4844 4843 4845
4845 4846 4844
4846 4845 4847
4847 4848 4846
4848 4847 4849
4849 4850 4848
4850 4849 4851
4841 4852 4839
4852 4841 4853
4854 4839 4852
4839 4854 4855
4840 4855 4856
4843 4856 4857
4857 4845 4843
4856 4843 4840
4855 4840 4839
4845 4857 4858
4858 4847 4845
4847 4858 4859
4859 4849 4847
4849 4859 4860
4860 4851 4849
4851 4860 4861
4851 4862 4850
4861 4862 4851
4850 4862 4863
4861 4864 4862
4861 4865 4864
4866 4864 4865
4864 4866 4867
4868 4863 4867
4863 4868 4869
4870 4868 4867
4868 4870 4871
4872 4871 4870
4871 4872 4873
4872 4874 4873
4866 4875 4867
4875 4866 4876
4876 4877 4875
4877 4876 4878
4878 4879 4877
4850 4863 4869
4852 4880 4881
4852 4853 4880
4854 4852 4881
4882 4883 4884
4885 4886 4887
4888 4889 4890
4889 4888 4891
4892 4890 4889
4890 4892 4893
4889 4894 4892
4894 4889 4895
4891 4895 4889
4895 4891 4896
4897 4893 4892
4893 4897 4898
4899 4898 4897
4898 4899 4900
4897 4901 4899
4901 4897 4902
4892 4902 4897
4902 4892 4894
4903 4900 4899
4900 4903 4904
4905 4904 4903
4904 4905 4906
4903 4907 4905
4907 4903 4908
4899 4908 4903
4908 4899 4901
4909 4906 4905
4906 4909 4910
4911 4910 4909
4910 4911 4912
4913 4911 4909
4905 4913 4909
4913 4905 4907
4911 4913 4914
4915 4916 4917
4916 4915 4918
4919 4917 4916
4917 4919 4920
4921 4920 4919
4920 4921 4922
4923 4922 4921
4922 4923 4924
4925 4924 4923
4924 4925 4926
4927 4926 4925
4926 4927 4928
4929 4928 4927
4928 4929 4930
4931 4930 4929
4930 4931 4932
4933 4932 4931
4932 4933 4934
4933 4935 4934
4935 4933 4936
4937 4935 4936
4935 4937 4938
4939 4940 4941
4942 4940 4939
4943 4940 4942
4940 4943 4944
4945 4946 4947
4946 4945 4948
4946 4949 4947
4949 4946 4950
4951 4952 4953
4952 4951 4954
4953 4955 4951
4955 4953 4956
4956 4957 4955
4957 4956 4958
4958 4959 4957
4959 4958 4960
4960 4961 4959
4961 4960 4962
4962 4963 4961
4963 4962 4964
4954 4965 4952
4965 4954 4966
4966 4967 4965
4967 4966 4968
4964 4969 4963
4969 4964 4970
4970 4971 4969
4971 4970 4972
4972 4973 4971
4973 4972 4974
4975 4976 4977
4976 4975 4978
4976 4979 4977
4980 4979 4976
4981 4976 4978
4976 4981 4982
4896 4982 4981
4982 4896 4891
4891 4983 4982
4980 4984 4983
4984 4980 4985
4983 4891 4888
4986 4987 4988
4988 4987 4989
4986 4990 4987
4990 4991 4987
4991 4990 4992
4993 4987 4991
4987 4993 4994
4989 4987 4994
4992 4995 4991
4995 4992 4996
4996 4997 4995
4997 4996 4998
4998 4999 4997
4999 4998 5000
5001 4997 4999
4997 5001 5002
5002 4995 4997
4995 5002 5003
5003 4991 4995
4991 5003 4993
4999 5004 5001
5004 4999 5005
5000 5005 4999
5005 5006 5004
5006 5005 5007
5008 5007 5005
5005 5000 5008
5007 5008 5009
5007 5010 5006
5010 5007 5011
5009 5011 5007
5011 5012 5010
5012 5011 5013
5014 5013 5011
5011 5009 5014
5013 5014 5015
5013 5016 5012
5016 5013 5017
5015 5017 5013
5018 5016 5017
5019 5018 5017
5017 5015 5019
5018 5019 5020
5016 5018 5021
5022 5023 5024
5024 5023 5025
5025 5023 5026
5026 5023 5027
5027 5023 5028
5028 5023 5029
5029 5023 5030
5030 5023 5031
5031 5023 5032
5032 5023 5033
5033 5023 5034
5034 5023 5035
5035 5023 5036
5036 5023 5037
5037 5023 5038
5038 5023 5039
5039 5023 5040
5040 5023 5041
5041 5023 5042
5042 5023 5022
5043 5044 5045
5044 5046 5045
5046 5047 5045
5047 5048 5045
5048 5049 5045
5049 5050 5045
5050 5051 5045
5051 5052 5045
5052 5053 5045
5053 5054 5045
5054 5055 5045
5055 5056 5045
5056 5057 5045
5057 5058 5045
5058 5059 5045
5059 5060 5045
5060 5061 5045
5061 5062 5045
5062 5063 5045
5063 5043 5045
5064 5065 5066
5066 5065 5067
5067 5065 5068
5068 5065 5069
5069 5065 5070
5070 5065 5071
5071 5065 5072
5072 5065 5073
5073 5065 5074
5074 5065 5075
5075 5065 5076
5076 5065 5077
5077 5065 5078
5078 5065 5079
5079 5065 5080
5080 5065 5081
5067 5082 5066
5083 5066 5082
5066 5083 5064
5084 5070 5071
5070 5084 5085
5085 5069 5070
5069 5085 5086
5086 5068 5069
5068 5086 5087
5088 5068 5087
5082 5067 5088
5068 5088 5067
5072 5084 5071
5084 5072 5089
5073 5089 5072
5089 5073 5090
5074 5090 5073
5090 5074 5091
5074 5092 5091
5092 5074 5075
5075 5093 5092
5093 5075 5076
5076 5094 5093
5094 5076 5077
5078 5094 5077
5094 5078 5095
5079 5095 5078
5095 5079 5096
5080 5096 5079
5096 5080 5097
5081 5097 5080
5097 5081 5098
5081 5099 5098
5099 5081 5100
5081 5065 5100
5100 5065 5101
5101 5065 5102
5102 5065 5064
5103 5100 5101
5100 5103 5099
5104 5101 5102
5101 5104 5103
5083 5102 5064
5102 5083 5104
5096 5105 5095
5106 5095 5105
5095 5106 5094
5107 5094 5106
5094 5107 5093
5108 5093 5107
5093 5108 5092
5109 5092 5108
5092 5109 5091
5110 5091 5109
5091 5110 5090
5110 5089 5090
5089 5110 5111
5111 5084 5089
5084 5111 5112
5112 5085 5084
5085 5112 5113
5113 5086 5085
5086 5113 5114
5114 5087 5086
5087 5114 5115
5115 5088 5087
5088 5115 5116
5116 5082 5088
5082 5116 5117
5117 5083 5082
5083 5117 5118
5118 5104 5083
5104 5118 5119
5119 5103 5104
5103 5119 5120
5121 5103 5120
5103 5121 5099
5122 5099 5121
5099 5122 5098
5123 5098 5122
5098 5123 5097
5124 5097 5123
5097 5124 5096
5105 5096 5124
