byte offset: 0
first index: 0
index count: 8826
topology: trianglelist
format: DXGI_FORMAT_R16_UINT

0 1 2
0 2 3
4 1 0
4 5 1
6 5 4
6 7 5
8 7 6
8 6 9
3 2 10
3 10 11
11 10 12
12 10 13
12 13 14
15 16 17
17 16 18
19 17 18
17 19 20
21 20 19
22 21 19
23 15 24
24 15 25
24 26 23
26 27 23
24 28 26
29 25 30
29 31 17
32 31 29
31 32 33
32 34 33
33 35 31
36 30 25
37 36 25
25 38 37
38 39 37
39 40 37
41 42 43
41 43 44
45 42 41
45 46 42
47 48 49
50 48 47
51 50 47
52 50 51
53 54 55
53 55 56
53 57 54
58 57 53
59 60 61
59 61 62
63 59 62
63 62 64
65 63 64
65 64 66
67 65 66
67 68 65
60 69 61
60 70 69
70 71 69
69 71 72
71 73 72
74 75 76
74 76 77
78 74 77
78 77 79
80 81 82
83 81 80
83 84 81
85 84 83
86 87 88
86 88 89
90 86 89
91 86 90
92 93 94
95 93 92
96 93 95
97 93 96
94 93 98
98 93 99
99 93 100
101 93 97
102 93 101
102 101 103
104 93 102
105 93 104
100 93 106
106 93 107
93 108 107
100 106 109
110 93 105
111 108 93
112 93 110
111 93 113
114 93 112
113 93 115
116 93 114
115 93 117
118 93 116
117 93 118
119 120 121
121 120 122
123 122 120
124 123 120
125 126 120
126 127 120
128 120 127
129 120 128
130 131 132
130 132 133
133 132 134
133 134 135
135 134 136
135 136 137
138 137 136
138 136 139
140 138 139
140 139 141
142 143 144
142 144 145
145 144 146
145 146 147
147 146 148
147 148 149
150 149 148
150 148 151
152 150 151
152 151 153
154 155 156
154 156 157
157 156 158
157 158 159
159 158 160
159 160 161
162 161 160
162 160 163
164 162 163
164 163 165
166 167 168
166 168 169
167 166 170
167 170 171
171 170 172
171 172 173
173 172 174
173 174 175
175 174 176
175 176 177
178 177 176
176 179 178
176 180 179
169 168 181
169 181 182
181 183 182
181 184 183
183 184 185
183 185 186
186 185 187
186 187 188
187 189 188
187 190 189
189 190 191
189 191 192
192 191 193
191 194 193
192 193 195
196 197 198
196 198 199
199 200 196
199 201 200
196 200 202
196 202 203
204 197 196
204 196 203
204 205 197
206 205 204
206 207 205
200 201 208
200 208 209
210 202 200
210 200 209
210 209 211
212 210 211
212 211 213
214 215 216
216 215 217
215 218 217
218 219 217
218 220 219
221 220 218
221 222 220
215 223 218
223 221 218
216 217 224
216 224 225
225 224 226
227 225 226
217 219 228
217 228 224
229 224 228
224 229 226
229 228 230
231 229 230
231 230 232
233 229 231
226 229 233
234 235 236
234 236 237
237 236 238
237 238 239
238 240 239
241 240 238
241 238 242
243 241 242
243 242 244
245 246 247
245 247 248
248 247 249
248 249 250
251 250 249
251 249 252
253 251 252
253 252 254
255 256 257
255 257 258
258 257 259
258 259 260
260 259 261
260 261 262
263 261 259
255 264 256
264 255 265
264 265 266
267 264 266
268 267 266
266 269 268
270 271 272
270 272 273
272 271 274
271 275 274
271 276 275
273 277 270
277 278 270
273 279 277
273 280 279
281 280 273
277 279 282
282 283 284
285 286 287
288 287 286
288 286 289
290 288 289
290 291 288
290 292 291
291 292 293
291 293 294
294 293 295
290 296 292
297 296 290
297 290 289
297 298 296
291 294 299
291 299 288
288 299 287
297 289 300
301 286 285
289 286 301
289 301 302
289 302 303
300 303 304
300 289 303
295 305 294
306 305 295
305 306 307
305 307 308
307 309 308
308 309 310
308 310 311
311 310 312
311 312 313
313 312 314
311 313 315
311 315 316
313 314 317
313 317 315
318 315 317
318 319 315
315 319 320
315 320 316
321 319 318
321 320 319
321 318 322
312 323 314
312 324 323
322 325 321
326 321 325
325 327 326
326 328 321
321 328 329
321 329 330
330 320 321
326 331 328
332 325 322
329 333 330
333 334 330
330 334 320
334 333 335
333 336 335
333 337 336
337 338 336
338 337 339
337 340 339
340 341 339
340 342 341
342 340 343
344 342 343
344 343 345
344 345 285
343 346 345
343 347 346
346 347 348
346 348 349
348 350 349
348 351 350
285 287 344
287 342 344
287 299 342
352 353 299
352 354 353
352 305 354
305 355 354
305 356 355
356 357 355
356 316 357
356 311 316
320 357 316
334 357 320
358 359 360
358 360 361
362 358 361
362 363 358
360 359 364
360 364 365
365 364 366
365 366 367
367 366 368
367 368 369
368 370 369
368 371 370
372 373 374
373 375 374
375 376 374
376 375 377
376 377 378
378 377 379
377 380 379
380 381 379
381 380 382
381 382 383
383 382 384
382 385 384
385 386 384
386 385 387
386 387 388
388 387 389
387 390 389
390 391 389
391 390 392
391 392 393
391 393 394
393 395 394
396 397 398
399 396 398
399 400 396
398 397 401
397 402 401
401 402 403
401 403 404
403 405 404
404 405 406
405 407 406
406 407 408
406 408 409
408 410 409
409 410 411
410 412 411
411 412 413
411 413 414
413 415 414
414 415 416
415 417 416
418 419 420
419 421 420
421 422 420
422 421 423
422 423 424
424 423 425
423 426 425
426 427 425
427 426 428
427 428 429
429 428 430
428 431 430
431 432 430
432 431 433
432 433 434
434 433 435
433 436 435
436 437 435
437 436 438
437 438 439
440 441 442
440 442 443
444 441 440
444 440 445
446 444 445
446 447 444
448 447 446
448 449 447
450 449 448
450 448 451
452 450 451
452 453 450
454 453 452
454 455 453
456 455 454
456 454 457
458 456 457
458 459 456
460 459 458
460 461 459
462 461 460
462 460 463
464 462 463
464 465 462
466 467 468
469 466 468
470 466 469
470 471 466
471 470 472
467 473 468
474 471 472
475 474 472
476 474 475
477 476 475
476 477 478
479 476 478
480 479 478
481 479 480
481 482 479
482 481 483
484 482 483
485 484 483
486 484 485
487 486 485
488 489 490
488 490 491
492 493 494
492 494 495
496 497 498
496 498 499
500 501 502
500 502 503
504 505 506
504 506 507
508 509 510
508 510 511
512 513 514
512 514 515
516 517 518
516 518 519
520 521 522
520 522 523
524 521 520
524 525 521
526 525 524
526 527 525
528 527 526
528 529 527
530 529 528
530 531 529
532 531 530
532 533 531
534 533 532
534 535 533
536 535 534
536 537 535
538 539 540
538 540 541
542 539 538
542 543 539
544 543 542
544 545 543
546 545 544
546 547 545
548 547 546
548 549 547
550 549 548
550 551 549
552 551 550
552 553 551
554 553 552
554 555 553
556 557 558
559 557 556
560 557 559
561 557 560
562 557 561
563 557 562
564 557 563
565 557 564
566 567 557
568 566 557
569 568 557
570 569 557
571 570 557
572 571 557
573 572 557
574 573 557
575 576 577
575 577 578
579 576 575
579 580 576
581 580 579
581 582 580
583 582 581
583 584 582
585 584 583
585 586 584
587 586 585
587 588 586
589 588 587
589 590 588
591 590 589
591 592 590
593 594 595
593 596 594
593 597 596
593 598 597
593 599 598
593 600 599
593 601 600
593 602 601
593 603 604
593 604 605
593 605 606
593 606 607
593 607 608
593 608 609
593 609 610
593 610 611
612 613 614
612 614 615
612 615 616
612 616 617
612 618 619
612 619 620
612 620 621
612 621 622
623 624 625
623 625 626
627 624 623
627 623 628
629 627 628
629 628 630
626 625 631
626 631 632
633 629 630
633 634 629
635 634 633
635 636 634
632 631 637
632 637 638
637 639 638
637 640 639
641 639 640
641 640 642
643 641 642
644 641 643
645 644 643
645 643 646
647 645 646
647 646 648
649 647 648
649 650 647
651 650 649
651 652 650
653 654 655
653 655 656
657 654 653
657 653 658
659 657 658
659 658 660
661 659 660
661 662 659
662 661 663
661 664 663
661 665 664
666 667 668
666 668 669
667 670 668
667 671 670
670 671 672
670 672 673
673 672 674
673 674 675
674 676 675
676 674 677
678 675 676
679 666 669
679 680 666
666 680 681
682 666 681
683 666 682
684 683 682
685 684 682
685 682 686
682 687 686
682 688 687
679 669 689
690 689 669
691 690 669
692 693 688
694 695 696
694 696 697
698 695 694
698 694 699
697 696 636
697 636 700
701 698 699
701 699 702
703 701 702
703 704 701
704 703 705
705 706 704
707 708 709
707 709 710
710 709 711
711 709 712
711 712 713
712 714 713
712 715 714
715 716 714
717 716 715
715 718 717
718 715 719
718 719 720
720 719 721
721 719 722
721 722 723
724 725 726
724 726 727
728 725 724
728 729 725
730 731 732
730 732 733
734 731 730
734 735 731
736 735 734
736 737 735
738 737 736
738 739 737
740 741 742
740 742 743
743 742 744
743 744 745
745 744 746
745 746 747
748 749 750
748 751 749
752 749 751
749 752 753
754 749 753
754 755 749
754 753 756
756 753 757
753 752 757
758 756 757
759 756 758
754 756 759
749 755 760
749 760 750
761 750 760
761 762 750
762 761 763
764 762 763
750 762 764
748 750 764
765 766 767
765 767 768
767 769 768
765 770 766
765 771 770
772 771 765
772 765 773
774 772 773
309 775 776
309 776 310
777 776 775
778 779 780
778 780 781
782 778 781
782 783 778
784 783 782
784 782 785
784 785 786
784 786 787
784 788 783
783 788 778
789 790 791
292 789 791
292 791 293
792 793 794
792 794 795
795 794 796
795 796 797
797 796 798
797 798 799
800 793 792
800 801 793
802 801 800
802 803 801
804 803 802
804 805 803
806 805 804
806 807 805
808 807 806
808 809 807
808 810 809
798 811 799
812 813 814
815 816 817
818 819 820
818 820 821
819 822 820
819 823 822
822 823 824
822 824 825
824 826 825
824 827 826
826 827 828
826 828 829
828 830 829
828 831 830
831 832 830
831 833 832
833 834 832
833 835 834
835 836 834
835 837 836
837 838 836
837 839 838
839 840 838
839 841 840
841 842 843
844 843 842
844 842 845
846 844 845
846 847 844
848 847 846
848 846 849
841 843 850
851 848 849
851 849 852
853 851 852
853 852 854
855 853 854
855 854 856
857 855 856
857 856 858
859 857 858
859 860 857
861 860 859
861 859 862
863 861 862
863 864 861
865 864 863
865 863 866
865 866 867
865 867 868
868 869 865
870 869 871
871 872 870
872 873 870
872 874 873
873 874 875
873 875 876
875 877 876
875 878 877
877 878 879
877 879 880
879 881 880
879 882 881
882 883 881
882 884 883
882 885 884
885 882 886
882 887 886
882 888 887
889 887 888
889 890 887
891 892 888
891 893 892
892 894 888
895 896 897
895 897 898
899 897 896
899 896 900
899 900 901
901 902 899
903 895 904
903 904 905
906 903 905
906 905 907
908 906 907
907 909 908
910 911 912
913 911 910
914 911 913
911 915 912
916 914 917
318 918 322
919 920 921
919 921 922
923 920 919
923 924 920
920 925 921
920 926 925
924 926 920
924 927 926
928 927 924
928 924 923
929 928 923
928 930 927
926 931 925
926 932 931
927 933 926
930 933 927
933 932 926
930 934 933
932 935 931
932 936 935
937 936 932
933 937 932
934 937 933
934 938 937
938 939 937
938 940 939
940 941 939
940 942 941
942 943 941
944 941 943
944 945 941
945 939 941
942 946 943
944 943 946
945 944 947
944 946 947
945 947 948
949 945 948
949 950 945
945 950 939
951 950 949
950 951 939
937 939 951
937 951 936
951 949 952
936 951 952
936 952 935
953 954 955
953 955 956
957 955 954
957 958 955
957 959 958
957 960 959
961 962 963
961 963 964
962 965 963
962 966 965
967 965 966
967 968 965
969 968 967
970 971 972
973 970 972
973 974 970
975 974 973
975 973 976
971 977 972
971 978 977
970 979 971
980 981 982
980 982 983
980 984 981
980 985 984
986 984 985
986 987 984
988 989 990
988 990 991
989 992 990
989 993 992
994 995 996
994 996 997
996 998 997
998 999 997
998 1000 999
1001 999 1000
1001 1002 999
996 1003 998
1004 1005 1006
1004 1006 1007
1008 1005 1004
1008 1009 1005
1008 1010 1009
1008 1011 1010
1012 1010 1011
1013 1014 1015
1013 1015 1016
1015 1014 1017
1018 1019 1020
1018 1020 1021
1022 1019 1018
1022 1023 1019
1024 1025 1026
1024 1026 1027
1025 1024 1028
1025 1028 1029
1030 1031 1032
1030 1032 1033
1030 1034 1031
1035 1036 1037
1035 1037 1038
1036 1039 1037
1036 1040 1039
1041 1042 1043
1041 1043 1044
1045 1046 1047
1045 1047 1048
1045 1049 1046
1045 1050 1049
1050 1051 1049
1050 1052 1051
1053 1051 1052
1053 1052 1054
1055 1056 1057
1055 1057 1058
1056 1059 1057
1056 1060 1059
1059 1060 1061
1059 1061 1062
1061 1063 1062
1061 1064 1063
1065 1066 1067
1068 1065 1067
1068 1067 1069
1068 1069 1070
1069 1071 1070
1066 1072 1073
1072 1074 1073
1072 1075 1074
1066 1073 1076
1077 1078 1079
1080 1081 1082
1083 1080 1082
1083 1084 1080
1085 1086 1087
1085 1087 1088
1089 1090 1091
1089 1091 1092
1093 1091 1090
1093 1094 1091
1095 1094 1093
1095 1096 1094
1097 1096 1095
1097 1098 1096
1099 1100 1101
1102 1100 1099
1102 1103 1100
1102 1104 1103
1103 1104 1105
1101 1106 1107
1101 1107 1108
1108 1107 1109
1108 1109 1110
1111 1112 1113
1114 1115 1116
1114 1117 1115
1114 1118 1117
1119 1117 1118
1119 1120 1117
1121 1122 1123
1121 1124 1122
1121 1125 1124
1126 1121 1123
1126 1127 1121
1125 1128 1124
1125 1129 1128
1128 1129 1130
1128 1130 1131
1132 1127 1126
1132 1133 1127
1134 1135 1136
1134 1136 1137
1134 1137 1138
1139 1140 1141
1139 1141 1142
1139 1143 1144
1139 1144 1145
1143 1146 1144
1143 1147 1146
1148 1149 1150
1151 1152 1149
1151 1149 1153
1154 1155 1156
1157 1154 1156
1157 1158 1154
1154 1159 1155
1154 1160 1159
1161 1158 1157
1161 1162 1158
1163 1162 1161
1163 1161 1164
1160 1165 1159
1160 1166 1165
1167 1168 1169
1170 1167 1169
1170 1171 1167
1170 1172 1171
1170 1173 1172
1174 1175 1176
1175 1177 1176
1177 1178 1176
1179 1180 1181
1179 1182 1180
1183 1184 1185
1183 1185 1186
1187 1188 1185
1187 1185 1189
1190 1188 1187
1190 1191 1188
1192 1193 1194
1194 1195 1196
1194 1196 1197
1198 1199 1200
1198 1200 1201
1200 1199 1202
1200 1202 1203
1204 1205 1206
1206 1205 1207
1207 1205 1208
1209 1210 1211
1209 1211 1212
1213 1210 1209
1213 1214 1210
1215 1216 1217
1215 1217 1218
1219 1220 1221
1219 1221 1222
1222 1221 1223
1224 1225 1226
1224 1226 1227
1226 1228 1227
1226 1229 1228
1230 1231 1232
1230 1232 1233
1234 1232 1231
1234 1231 1235
1236 1237 1238
1236 1238 1239
1238 1237 1240
1241 1242 1243
1241 1243 1244
1244 1243 1245
1244 1245 1246
1246 1245 1247
1246 1247 1248
1248 1247 1249
1248 1249 1250
1251 1249 1252
1251 1252 1253
1254 1255 1256
1256 1255 1257
1257 1255 1258
1258 1255 1259
1259 1255 1260
1261 1262 1255
1262 1263 1255
1263 1264 1255
1264 1265 1255
1265 1266 1255
1267 1268 1269
1268 1267 1270
1267 1269 1271
1269 1272 1271
1272 1273 1271
1274 1267 1271
1267 1274 1270
1274 1271 1275
1275 1276 1274
1274 1276 1277
1274 1277 1278
1274 1278 1270
1276 1279 1277
1276 1280 1279
1280 1276 1275
1280 1281 1279
1280 1282 1281
1282 1283 1281
1282 1284 1283
1284 1285 1283
1284 1286 1285
1284 1282 1287
1287 1286 1284
1282 1288 1287
1286 1289 1285
1275 1290 1280
1282 1280 1290
1291 1282 1290
1288 1282 1291
1292 1288 1291
1293 1292 1291
1291 1294 1293
1294 1291 1290
1293 1294 1295
1293 1295 1296
1296 1295 1297
1298 1296 1297
1298 1297 1299
1297 1300 1299
1295 1300 1297
1300 1301 1299
1300 1302 1301
1303 1302 1300
1295 1303 1300
1294 1303 1295
1302 1303 1304
1305 1304 1303
1306 1304 1305
1307 1306 1305
1305 1308 1307
1302 1304 1309
1304 1310 1309
1304 1306 1310
1306 1311 1310
1306 1307 1311
1302 1309 1312
1302 1312 1301
1305 1313 1308
1313 1305 1303
1273 1308 1313
1303 1314 1313
1313 1314 1315
1316 1313 1315
1273 1313 1316
1314 1294 1315
1294 1314 1303
1273 1316 1271
1316 1275 1271
1316 1315 1290
1316 1290 1275
1294 1290 1315
1317 1318 1289
1286 1317 1289
1319 1320 1317
1321 1317 1320
1321 1322 1317
1321 1323 1322
1321 1324 1323
1287 1317 1325
1326 1327 1328
1326 1328 1329
1328 1327 1330
1328 1330 1331
1332 1326 1329
1332 1329 1333
1334 1331 1330
1334 1330 1335
1336 1337 1338
1338 1337 1339
1338 1339 1340
1338 1340 1341
1341 1342 1338
1343 1337 1336
1343 1336 1344
1344 1336 1345
1338 1345 1336
1344 1345 1346
1346 1345 1347
1347 1345 1338
1346 1347 1348
1348 1347 1349
1338 1349 1347
1348 1349 1350
1351 1339 1337
1351 1337 1343
1339 1352 1340
1339 1353 1352
1354 1341 1340
1354 1340 1352
1350 1349 1355
1350 1355 1356
1356 1355 1357
1356 1357 1358
1358 1357 1342
1358 1342 1359
1359 1342 1341
1359 1341 1354
1342 1357 1338
1355 1349 1338
1357 1355 1338
1298 1360 1361
1299 1360 1298
1362 1363 1364
1364 1363 1365
1363 1366 1365
1365 1366 1367
1366 1368 1367
1368 1366 1369
1369 1370 1368
1366 1371 1369
1372 1371 1366
1373 1372 1366
1374 1372 1373
1375 1374 1373
1376 1374 1375
1377 1376 1375
1378 1376 1377
1369 1371 1379
1370 1369 1379
1371 1380 1379
1379 1380 1381
1380 1382 1381
1383 1379 1381
1370 1379 1383
1383 1381 1384
1385 1384 1381
1382 1385 1381
1382 1386 1385
1386 1387 1385
1387 1388 1385
1388 1389 1385
1390 1389 1388
1384 1385 1391
1389 1391 1385
1391 1389 1392
1392 1389 1393
1394 1395 1396
1394 1396 1397
1398 1394 1397
1398 1397 1399
1398 1399 1400
1395 1401 1396
1395 1402 1401
1402 1403 1401
1402 1404 1403
1404 1405 1403
1404 1406 1405
1406 1407 1405
1407 1406 1408
1400 1409 1398
1400 1410 1409
1400 1411 1410
1412 1411 1400
1411 1412 1413
1414 1412 1415
1415 1412 1416
1417 1415 1416
1418 1415 1417
1418 1413 1419
1420 1421 1417
1417 1422 1420
1422 1423 1420
1422 1424 1423
1414 1425 1421
1426 1424 1422
1426 1422 1427
1426 1427 1428
1426 1428 1429
1428 1430 1429
1428 1431 1430
1430 1431 1432
1430 1432 1433
1432 1434 1433
1432 1435 1434
1434 1435 1436
1434 1436 1437
1436 1438 1437
1438 1439 1437
1440 1441 1442
1443 1440 1442
1443 1442 1444
1444 1445 1443
1444 1446 1445
1446 1447 1445
1446 1448 1447
1448 1449 1447
1448 1450 1449
1448 1451 1450
1452 1453 1454
1455 1453 1452
1455 1456 1453
1456 1455 1457
1456 1457 1458
1457 1459 1458
1457 1460 1459
1461 1459 1460
1462 1459 1461
1462 1463 1459
1464 1465 1466
1467 1466 1465
1465 1464 1468
1469 1465 1468
1465 1469 1470
1471 1465 1470
1472 1467 1465
1472 1473 1467
1472 1474 1473
1465 1475 1476
1477 1465 1476
1465 1477 1478
1479 1465 1478
1465 1479 1480
1465 1480 1481
1482 1465 1481
1482 1481 1483
1482 1483 1484
1485 1486 1487
1485 1487 1488
1489 1488 1490
1489 1490 1491
1492 1489 1491
1492 1493 1489
1494 1493 1492
1494 1492 1495
1496 1494 1495
1496 1497 1494
1498 1497 1496
1498 1496 1499
1500 1498 1499
1500 1501 1498
1502 1501 1500
1502 1500 1503
1504 1502 1503
1505 1504 1503
1506 1507 1508
1506 1508 1509
1510 1508 1511
1510 1511 1512
1511 1513 1512
1511 1514 1513
1513 1514 1515
1513 1515 1516
1515 1517 1516
1515 1518 1517
1517 1518 1519
1517 1519 1520
1519 1521 1520
1519 1522 1521
1521 1522 1523
1521 1523 1524
1523 1525 1524
1524 1525 1526
1527 1528 1529
1528 1530 1529
1529 1530 1531
1530 1532 1531
1530 1533 1532
1533 1534 1532
1533 1535 1534
1534 1535 1536
1534 1536 1537
1538 1534 1537
1535 1539 1536
1535 1540 1539
1540 1541 1539
1540 1542 1541
1543 1541 1542
1543 1542 1544
1545 1543 1544
1545 1546 1543
1545 1547 1546
1545 1548 1547
1548 1549 1547
1548 1550 1549
1550 1551 1549
1537 1536 1552
1537 1552 1553
1552 1554 1553
1552 1555 1554
1556 1554 1555
1557 1556 1555
1558 1556 1557
1559 1560 1561
1559 1561 1562
1563 1561 1560
1563 1560 1564
1565 1563 1564
1565 1564 1566
1567 1565 1566
1567 1566 1568
1569 1567 1568
1569 1568 1570
1571 1569 1570
1571 1572 1569
1571 1573 1572
1571 1574 1573
1575 1559 1562
1575 1562 1576
1577 1575 1576
1577 1576 1578
1578 1579 1577
1578 1580 1579
1581 1582 1583
1581 1583 1584
1581 1585 1582
1581 1586 1585
1586 1587 1585
1586 1588 1587
1589 1587 1588
1589 1588 1590
1591 1589 1590
1591 1590 1592
1593 1591 1592
1593 1592 1594
1595 1593 1594
1595 1596 1593
1597 1596 1595
1597 1595 1598
1599 1597 1598
1599 1598 1600
1601 1599 1600
1601 1602 1599
1603 1604 1605
1606 1603 1605
1606 1605 1607
1608 1606 1607
1608 1609 1606
1610 1609 1608
1610 1608 1611
1612 1610 1611
1612 1613 1610
1614 1613 1612
1614 1615 1613
1616 1615 1614
1616 1617 1615
1618 1619 1620
1618 1620 1621
1619 1622 1620
1619 1623 1622
1623 1624 1622
1623 1625 1624
1625 1626 1624
1625 1627 1626
1627 1628 1626
1627 1629 1628
1629 1630 1628
1629 1631 1630
1631 1632 1630
1633 1634 1635
1633 1635 1636
1637 1633 1636
1637 1636 1638
1639 1637 1638
1639 1638 1640
1641 1639 1640
1641 1642 1639
1634 1643 1635
1634 1644 1643
1644 1645 1643
1645 1646 1643
1645 1647 1646
1648 1649 1650
1649 1651 1650
1652 1651 1649
1649 1653 1652
1654 1652 1653
1655 1652 1654
1656 1657 1648
1657 1658 1648
1657 1656 1659
1659 1656 1660
1657 1659 1661
1662 1663 1658
1662 1649 1664
1665 1662 1664
1664 1666 1665
1665 1666 1667
1666 1664 1668
1669 1658 1663
1670 1658 1669
1658 1670 1671
1671 1670 1672
1672 1670 1673
1674 1675 1676
1674 1676 1677
1678 1674 1677
1678 1677 1679
1680 1681 1682
1683 1680 1682
1684 1680 1683
1685 1684 1683
1686 1687 1688
1686 1688 1689
1686 1689 1690
1691 1686 1690
1692 1693 1694
1692 1694 1695
1696 1693 1692
1696 1697 1693
1698 1697 1696
1698 1699 1697
1700 1699 1698
1700 1698 1701
1695 1694 1702
1695 1702 1703
1703 1702 1704
1702 1705 1704
1704 1705 1706
1707 1708 1709
1707 1709 1710
1711 1708 1707
1711 1712 1708
1713 1714 1715
1716 1713 1715
1716 1715 1717
1718 1716 1717
1719 1720 1721
1719 1721 1722
1723 1720 1719
1724 1723 1719
1725 1726 1727
1728 1725 1727
1729 1728 1727
1730 1729 1727
1726 1731 1727
1731 1732 1727
1732 1733 1727
1734 1730 1727
1735 1734 1727
1735 1736 1734
1737 1735 1727
1738 1737 1727
1733 1739 1727
1739 1740 1727
1727 1740 1741
1733 1742 1739
1743 1738 1727
1744 1727 1741
1745 1743 1727
1744 1746 1727
1747 1745 1727
1746 1748 1727
1749 1747 1727
1748 1750 1727
1751 1749 1727
1750 1751 1727
1752 1753 1754
1752 1754 1755
1753 1756 1754
1753 1757 1756
1757 1758 1756
1757 1759 1758
1760 1758 1759
1760 1761 1758
1762 1761 1760
1762 1763 1761
1764 1765 1766
1764 1766 1767
1765 1768 1766
1765 1769 1768
1769 1770 1768
1769 1771 1770
1772 1770 1771
1772 1773 1770
1774 1773 1772
1774 1775 1773
1776 1777 1778
1776 1778 1779
1777 1780 1778
1777 1781 1780
1781 1782 1780
1781 1783 1782
1784 1782 1783
1784 1785 1782
1786 1785 1784
1786 1787 1785
1788 1789 1790
1788 1790 1791
1791 1792 1788
1791 1793 1792
1793 1794 1792
1793 1795 1794
1795 1796 1794
1795 1797 1796
1797 1798 1796
1797 1799 1798
1800 1798 1799
1798 1800 1801
1798 1801 1802
1789 1803 1790
1789 1804 1803
1804 1805 1803
1804 1806 1805
1806 1807 1805
1806 1808 1807
1808 1809 1807
1808 1810 1809
1809 1810 1811
1809 1811 1812
1811 1813 1812
1811 1814 1813
1814 1815 1813
1813 1815 1816
1814 1817 1815
1818 1819 1820
1818 1820 1821
1819 1818 1822
1819 1822 1823
1818 1824 1822
1818 1825 1824
1826 1825 1818
1826 1818 1821
1826 1821 1827
1828 1826 1827
1828 1827 1829
1822 1830 1823
1822 1831 1830
1832 1831 1822
1832 1822 1824
1832 1833 1831
1834 1833 1832
1834 1835 1833
1836 1837 1838
1837 1839 1838
1838 1839 1840
1840 1839 1841
1840 1841 1842
1843 1840 1842
1843 1842 1844
1838 1840 1845
1845 1840 1843
1837 1846 1839
1837 1847 1846
1847 1848 1846
1849 1848 1847
1839 1846 1850
1839 1850 1841
1851 1850 1846
1846 1848 1851
1851 1852 1850
1853 1852 1851
1853 1854 1852
1855 1853 1851
1848 1855 1851
1856 1857 1858
1856 1858 1859
1857 1860 1858
1857 1861 1860
1860 1861 1862
1863 1860 1862
1863 1864 1860
1865 1864 1863
1865 1866 1864
1867 1868 1869
1867 1869 1870
1868 1871 1869
1868 1872 1871
1873 1871 1872
1873 1874 1871
1875 1874 1873
1875 1876 1874
1877 1878 1879
1877 1879 1880
1878 1881 1879
1878 1882 1881
1882 1883 1881
1882 1884 1883
1885 1881 1883
1877 1880 1886
1886 1887 1877
1886 1888 1887
1888 1886 1889
1888 1889 1890
1888 1890 1891
1892 1893 1894
1892 1894 1895
1894 1896 1895
1895 1896 1897
1895 1897 1898
1893 1892 1899
1899 1892 1900
1893 1899 1901
1893 1901 1902
1903 1893 1902
1899 1904 1901
1904 1905 1906
1907 1908 1909
1910 1909 1908
1910 1911 1909
1912 1911 1910
1912 1910 1913
1912 1913 1914
1913 1915 1914
1913 1916 1915
1916 1917 1915
1912 1914 1918
1919 1912 1918
1919 1911 1912
1919 1918 1920
1913 1910 1921
1913 1921 1916
1910 1908 1921
1919 1922 1911
1923 1907 1909
1911 1923 1909
1911 1924 1923
1911 1925 1924
1922 1925 1911
1922 1926 1925
1917 1916 1927
1914 1915 1928
1914 1928 1929
1929 1928 1930
1931 1917 1927
1927 1932 1931
1927 1933 1932
1932 1933 1934
1933 1935 1934
1933 1936 1935
1936 1937 1935
1936 1938 1937
1938 1939 1937
1936 1940 1938
1936 1941 1940
1938 1940 1942
1938 1942 1939
1943 1942 1940
1943 1940 1944
1940 1941 1945
1940 1945 1944
1946 1943 1944
1946 1944 1945
1946 1947 1943
1937 1939 1948
1937 1948 1949
1947 1946 1950
1951 1950 1946
1950 1951 1952
1951 1946 1953
1946 1954 1953
1946 1955 1954
1955 1946 1945
1951 1953 1956
1957 1947 1950
1954 1955 1958
1958 1955 1959
1955 1945 1959
1959 1960 1958
1958 1960 1961
1958 1961 1962
1962 1961 1963
1963 1964 1962
1962 1964 1965
1965 1964 1966
1965 1966 1967
1967 1968 1965
1969 1968 1967
1969 1970 1968
1969 1907 1970
1968 1970 1971
1968 1971 1972
1971 1973 1972
1971 1974 1973
1973 1974 1975
1973 1975 1976
1907 1969 1908
1908 1969 1967
1908 1967 1921
1977 1921 1978
1977 1978 1979
1977 1979 1927
1927 1979 1980
1927 1980 1981
1981 1980 1982
1981 1982 1941
1981 1941 1936
1945 1941 1982
1959 1945 1982
1983 1984 1985
1983 1985 1986
1987 1984 1983
1987 1983 1988
1985 1989 1986
1985 1990 1989
1990 1991 1989
1990 1992 1991
1992 1993 1991
1992 1994 1993
1993 1994 1995
1993 1995 1996
1997 1998 1999
1999 1998 2000
2000 1998 2001
2001 2002 2000
2001 2003 2002
2003 2004 2002
2002 2004 2005
2005 2004 2006
2006 2007 2005
2006 2008 2007
2008 2009 2007
2007 2009 2010
2010 2009 2011
2011 2012 2010
2011 2013 2012
2013 2014 2012
2012 2014 2015
2015 2014 2016
2016 2017 2015
2016 2018 2017
2016 2019 2018
2018 2019 2020
2021 2022 2023
2024 2022 2021
2024 2021 2025
2022 2026 2023
2023 2026 2027
2026 2028 2027
2026 2029 2028
2028 2029 2030
2029 2031 2030
2030 2031 2032
2031 2033 2032
2031 2034 2033
2033 2034 2035
2034 2036 2035
2035 2036 2037
2036 2038 2037
2036 2039 2038
2038 2039 2040
2039 2041 2040
2040 2041 2042
2043 2044 2045
2045 2044 2046
2046 2044 2047
2047 2048 2046
2047 2049 2048
2049 2050 2048
2048 2050 2051
2051 2050 2052
2052 2053 2051
2052 2054 2053
2054 2055 2053
2053 2055 2056
2056 2055 2057
2057 2058 2056
2057 2059 2058
2059 2060 2058
2058 2060 2061
2061 2060 2062
2062 2063 2061
2062 2064 2063
2065 2066 2067
2065 2067 2068
2069 2065 2068
2069 2070 2065
2071 2070 2069
2071 2069 2072
2073 2071 2072
2073 2072 2074
2075 2073 2074
2075 2076 2073
2077 2076 2075
2077 2075 2078
2079 2077 2078
2079 2078 2080
2081 2079 2080
2081 2082 2079
2083 2082 2081
2083 2081 2084
2085 2083 2084
2085 2084 2086
2087 2085 2086
2087 2088 2085
2089 2088 2087
2089 2087 2090
2091 2092 2093
2094 2092 2091
2095 2094 2091
2095 2091 2096
2096 2097 2095
2093 2092 2098
2099 2097 2096
2100 2097 2099
2101 2100 2099
2102 2100 2101
2101 2103 2102
2104 2103 2101
2105 2103 2104
2106 2105 2104
2106 2104 2107
2107 2108 2106
2109 2108 2107
2110 2108 2109
2111 2110 2109
2112 2110 2111
2113 2114 2115
2113 2115 2116
2117 2118 2119
2117 2119 2120
2121 2122 2123
2121 2123 2124
2125 2126 2127
2125 2127 2128
2129 2130 2131
2129 2131 2132
2133 2134 2135
2133 2135 2136
2137 2138 2139
2137 2139 2140
2141 2142 2143
2141 2143 2144
2145 2146 2147
2145 2147 2148
2149 2145 2148
2149 2148 2150
2151 2149 2150
2151 2150 2152
2153 2151 2152
2153 2152 2154
2155 2153 2154
2155 2154 2156
2157 2155 2156
2157 2156 2158
2159 2157 2158
2159 2158 2160
2161 2159 2160
2161 2160 2162
2163 2164 2165
2163 2165 2166
2167 2163 2166
2167 2166 2168
2169 2167 2168
2169 2168 2170
2171 2169 2170
2171 2170 2172
2173 2171 2172
2173 2172 2174
2175 2173 2174
2175 2174 2176
2177 2175 2176
2177 2176 2178
2179 2177 2178
2179 2178 2180
2181 2182 2183
2181 2183 2184
2185 2181 2184
2185 2184 2186
2187 2185 2186
2187 2186 2188
2189 2187 2188
2189 2188 2190
2191 2189 2190
2191 2190 2192
2193 2191 2192
2193 2192 2194
2195 2193 2194
2195 2194 2196
2197 2195 2196
2197 2196 2198
2199 2200 2201
2199 2202 2200
2199 2203 2202
2199 2204 2203
2199 2205 2206
2199 2207 2205
2199 2208 2207
2199 2209 2208
2210 2211 2212
2210 2212 2213
2214 2210 2213
2214 2215 2210
2216 2215 2214
2216 2217 2215
2211 2218 2212
2211 2219 2218
2220 2217 2216
2220 2216 2221
2222 2220 2221
2222 2221 2223
2219 2224 2218
2219 2225 2224
2225 2226 2224
2225 2227 2226
2228 2226 2227
2228 2227 2229
2230 2228 2229
2231 2230 2229
2232 2230 2231
2232 2233 2230
2234 2233 2232
2234 2232 2235
2236 2234 2235
2236 2235 2237
2238 2236 2237
2238 2237 2239
2240 2241 2242
2240 2242 2243
2244 2240 2243
2244 2245 2240
2246 2245 2244
2246 2247 2245
2248 2247 2246
2248 2246 2249
2249 2250 2248
2248 2250 2251
2248 2251 2252
2253 2254 2255
2253 2255 2256
2256 2255 2257
2256 2257 2258
2257 2259 2258
2257 2260 2259
2260 2261 2259
2260 2262 2261
2261 2262 2263
2263 2264 2261
2265 2263 2262
2266 2254 2253
2266 2253 2267
2253 2268 2267
2269 2268 2253
2270 2269 2253
2269 2270 2271
2272 2269 2271
2272 2273 2269
2269 2273 2274
2269 2274 2275
2266 2276 2254
2277 2254 2276
2278 2254 2277
2279 2275 2280
2281 2282 2283
2281 2283 2284
2285 2281 2284
2285 2286 2281
2282 2223 2283
2282 2287 2223
2288 2286 2285
2288 2289 2286
2290 2289 2288
2290 2288 2291
2291 2292 2290
2292 2291 2293
2294 2295 2296
2294 2296 2297
2295 2298 2296
2298 2299 2296
2298 2300 2299
2299 2300 2301
2299 2301 2302
2302 2301 2303
2304 2302 2303
2302 2304 2305
2305 2306 2302
2305 2307 2306
2307 2308 2306
2308 2309 2306
2308 2310 2309
2311 2312 2313
2311 2313 2314
2315 2311 2314
2315 2314 2316
2317 2318 2319
2317 2319 2320
2321 2317 2320
2321 2320 2322
2323 2321 2322
2323 2322 2324
2325 2323 2324
2325 2324 2326
2327 2328 2329
2327 2329 2330
2328 2331 2329
2328 2332 2331
2332 2333 2331
2332 2334 2333
2335 2336 2337
2335 2337 2338
2339 2338 2337
2337 2340 2339
2341 2340 2337
2341 2337 2342
2341 2343 2340
2343 2344 2340
2340 2344 2339
2345 2344 2343
2346 2345 2343
2341 2346 2343
2337 2336 2347
2337 2347 2342
2348 2347 2336
2348 2336 2349
2349 2350 2348
2351 2350 2349
2336 2351 2349
2335 2351 2336
2352 2353 2354
2352 2354 2355
2354 2353 2356
2352 2355 2357
2352 2357 2358
2359 2352 2358
2359 2360 2352
2361 2360 2359
1934 1935 2362
1934 2362 2363
2364 2363 2362
2365 2366 2367
2365 2367 2368
2369 2366 2365
2369 2365 2370
2371 2369 2370
2371 2372 2369
2371 2373 2372
2371 2374 2373
2371 2370 2375
2370 2365 2375
2376 2377 2378
2376 2378 2379
2377 2380 2378
2377 2381 2380
2381 2382 2380
2381 2383 2382
2384 2376 2379
2384 2379 2385
2386 2384 2385
2386 2385 2387
2388 2386 2387
2388 2387 2389
2390 2388 2389
2390 2389 2391
2392 2390 2391
2392 2391 2393
2392 2393 2394
2382 2383 2395
2396 2397 2398
2399 2400 2401
2402 2403 2404
2402 2404 2405
2405 2404 2406
2405 2406 2407
2406 2408 2407
2406 2409 2408
2408 2409 2410
2408 2410 2411
2410 2412 2411
2410 2413 2412
2412 2413 2414
2412 2414 2415
2415 2414 2416
2415 2416 2417
2417 2416 2418
2417 2418 2419
2419 2418 2420
2419 2420 2421
2420 2422 2421
2420 2423 2422
2422 2423 2424
2422 2424 2425
2426 2427 2425
2426 2428 2427
2429 2427 2428
2429 2430 2427
2431 2430 2429
2431 2429 2432
2433 2431 2432
2433 2434 2431
2435 2434 2433
2435 2433 2436
2437 2435 2436
2437 2438 2435
2439 2438 2437
2439 2440 2438
2441 2440 2439
2441 2442 2440
2443 2442 2441
2443 2441 2444
2445 2443 2444
2445 2446 2443
2447 2446 2445
2447 2445 2448
2449 2447 2448
2449 2450 2447
2449 2451 2450
2449 2452 2451
2452 2449 2453
2454 2455 2453
2455 2454 2456
2456 2454 2457
2456 2457 2458
2457 2459 2458
2457 2460 2459
2459 2460 2461
2459 2461 2462
2461 2463 2462
2461 2464 2463
2463 2464 2465
2463 2465 2466
2466 2465 2467
2466 2467 2468
2466 2468 2469
2469 2470 2466
2466 2470 2471
2466 2471 2472
2472 2471 2473
2472 2473 2474
2475 2472 2476
2477 2472 2475
2477 2475 2478
2479 2480 2481
2479 2481 2482
2483 2482 2481
2483 2484 2482
2483 2485 2484
2485 2483 2486
2487 2488 2479
2487 2489 2488
2490 2489 2487
2490 2491 2489
2492 2491 2490
2491 2492 2493
2494 2495 2496
2497 2494 2496
2498 2497 2496
2496 2495 2499
2500 2501 2498
1943 1947 2502
2503 2504 2505
2503 2505 2506
2507 2503 2506
2507 2506 2508
2506 2505 2509
2506 2509 2510
2508 2506 2510
2508 2510 2511
2512 2508 2511
2512 2507 2508
2513 2507 2512
2512 2511 2514
2510 2509 2515
2510 2515 2516
2511 2510 2517
2514 2511 2517
2517 2510 2516
2514 2517 2518
2516 2515 2519
2516 2519 2520
2521 2516 2520
2517 2516 2521
2518 2517 2521
2518 2521 2522
2522 2521 2523
2522 2523 2524
2524 2523 2525
2525 2523 2526
2526 2523 2527
2521 2520 2527
2521 2527 2523
2519 2527 2520
2527 2528 2526
2527 2529 2528
2519 2529 2527
2528 2530 2526
2525 2526 2530
2531 2525 2530
2531 2532 2525
2525 2532 2533
2531 2533 2532
2525 2533 2534
2524 2525 2534
2535 2531 2530
2528 2535 2530
2535 2536 2531
2531 2536 2533
2537 2538 2539
2537 2539 2540
2541 2540 2539
2541 2539 2542
2541 2542 2543
2541 2543 2544
2545 2546 2547
2545 2547 2548
2548 2547 2549
2548 2549 2550
2551 2550 2549
2551 2549 2552
2553 2551 2552
2554 2555 2556
2557 2555 2554
2557 2554 2558
2559 2557 2558
2559 2560 2557
2556 2555 2561
2556 2561 2562
2554 2556 2563
2564 2565 2566
2564 2566 2567
2564 2567 2568
2564 2568 2569
2570 2569 2568
2570 2568 2571
2572 2573 2574
2572 2574 2575
2575 2574 2576
2575 2576 2577
2578 2579 2580
2578 2580 2581
2580 2579 2582
2582 2579 2583
2582 2583 2584
2585 2584 2583
2585 2583 2586
2580 2582 2587
2588 2589 2590
2588 2590 2591
2592 2588 2591
2592 2591 2593
2592 2593 2594
2592 2594 2595
2596 2595 2594
2597 2598 2599
2597 2599 2600
2599 2601 2600
2602 2603 2604
2602 2604 2605
2606 2602 2605
2606 2605 2607
2608 2609 2610
2608 2610 2611
2611 2612 2608
2611 2613 2612
2614 2615 2616
2614 2616 2617
2614 2617 2618
2619 2620 2621
2619 2621 2622
2622 2621 2623
2622 2623 2624
2625 2626 2627
2625 2627 2628
2629 2630 2631
2629 2631 2632
2629 2632 2633
2629 2633 2634
2634 2633 2635
2634 2635 2636
2637 2636 2635
2637 2638 2636
2639 2640 2641
2639 2641 2642
2642 2641 2643
2642 2643 2644
2643 2645 2644
2643 2646 2645
2645 2646 2647
2645 2647 2648
2649 2650 2651
2652 2650 2649
2652 2653 2650
2652 2654 2653
2653 2654 2655
2651 2656 2657
2651 2657 2658
2658 2657 2659
2658 2659 2660
2661 2662 2663
2664 2665 2666
2667 2665 2664
2667 2664 2668
2669 2670 2671
2669 2671 2672
2673 2674 2675
2673 2675 2676
2677 2676 2675
2677 2675 2678
2679 2677 2678
2679 2678 2680
2681 2679 2680
2681 2680 2682
2683 2684 2685
2686 2683 2685
2686 2685 2687
2686 2687 2688
2687 2689 2688
2684 2690 2691
2690 2692 2691
2690 2693 2692
2684 2691 2694
2695 2696 2697
2698 2699 2700
2698 2700 2701
2698 2701 2702
2703 2702 2701
2703 2701 2704
2705 2706 2707
2705 2707 2708
2705 2708 2709
2710 2706 2705
2710 2705 2711
2709 2708 2712
2709 2712 2713
2712 2714 2713
2712 2715 2714
2716 2710 2711
2716 2711 2717
2718 2719 2720
2718 2720 2721
2718 2722 2719
2723 2724 2725
2723 2725 2726
2723 2727 2728
2723 2728 2729
2729 2728 2730
2729 2730 2731
2732 2733 2734
2735 2736 2734
2735 2734 2737
2738 2739 2740
2741 2739 2738
2741 2738 2742
2738 2740 2743
2738 2743 2744
2745 2741 2742
2745 2742 2746
2747 2745 2746
2747 2748 2745
2744 2743 2749
2744 2749 2750
2751 2752 2753
2754 2752 2751
2754 2751 2755
2754 2755 2756
2754 2756 2757
2758 2759 2760
2760 2759 2761
2761 2759 2762
2763 2764 2765
2763 2765 2766
2767 2768 2769
2767 2769 2770
2771 2772 2769
2771 2769 2773
2774 2771 2773
2774 2773 2775
2776 2777 2778
2777 2779 2780
2777 2780 2781
2782 2783 2784
2782 2784 2785
2784 2786 2785
2784 2787 2786
2788 2789 2790
2789 2791 2790
2791 2792 2790
2793 2794 2795
2793 2795 2796
2797 2793 2796
2797 2796 2798
2799 2800 2801
2799 2802 2800
2803 2804 2805
2803 2805 2806
2804 2807 2805
2808 2809 2810
2808 2810 2811
2810 2809 2812
2810 2812 2813
2814 2815 2816
2814 2816 2817
2818 2817 2816
2818 2819 2817
2820 2821 2822
2820 2822 2823
2822 2824 2823
2825 2826 2827
2825 2827 2828
2829 2830 2827
2829 2831 2830
2831 2832 2830
2831 2833 2832
2833 2834 2832
2833 2835 2834
2836 2837 2834
2836 2838 2837
2839 2840 2841
2839 2841 2842
2843 2840 2839
2843 2844 2840
2843 2845 2844
2842 2841 2846
2842 2846 2847
2847 2846 2848
2847 2848 2849
2849 2848 2850
2849 2850 2851
2851 2850 2852
2852 2853 2851
2845 2843 2854
2845 2854 2855
2845 2855 2856
2857 2845 2856
2856 2858 2857
2859 2860 2857
2860 2861 2857
2862 2861 2860
2863 2862 2860
2863 2864 2858
2865 2862 2866
2862 2865 2867
2867 2865 2868
2867 2868 2869
2859 2866 2870
2871 2867 2869
2871 2872 2867
2871 2873 2872
2871 2874 2873
2873 2874 2875
2873 2875 2876
2875 2877 2876
2875 2878 2877
2877 2878 2879
2877 2879 2880
2879 2881 2880
2879 2882 2881
2881 2882 2883
2883 2882 2884
2885 2886 2887
2888 2886 2885
2888 2889 2886
2889 2888 2890
2889 2890 2891
2891 2890 2892
2891 2892 2893
2893 2892 2894
2893 2894 2895
2893 2895 2896
2897 2898 2899
2900 2897 2899
2900 2899 2901
2901 2902 2900
2901 2903 2902
2902 2903 2904
2902 2904 2905
2906 2905 2904
2907 2906 2904
2907 2904 2908
2909 2910 2911
2912 2911 2910
2911 2913 2909
2914 2913 2911
2911 2915 2914
2916 2915 2911
2917 2911 2912
2917 2912 2918
2917 2918 2919
2911 2920 2921
2922 2920 2911
2911 2923 2922
2924 2923 2911
2911 2925 2924
2911 2926 2925
2927 2926 2911
2927 2928 2926
2927 2929 2928
2930 2931 2932
2930 2932 2933
2934 2935 2931
2934 2936 2935
2937 2936 2934
2937 2934 2938
2939 2937 2938
2939 2940 2937
2941 2940 2939
2941 2939 2942
2943 2941 2942
2943 2944 2941
2945 2944 2943
2945 2943 2946
2947 2945 2946
2947 2948 2945
2949 2948 2947
2950 2948 2949
2951 2952 2953
2951 2953 2954
2955 2956 2953
2955 2957 2956
2956 2957 2958
2956 2958 2959
2958 2960 2959
2958 2961 2960
2960 2961 2962
2960 2962 2963
2962 2964 2963
2962 2965 2964
2964 2965 2966
2964 2966 2967
2966 2968 2967
2966 2969 2968
2968 2969 2970
2969 2971 2970
2972 2973 2974
2974 2973 2975
2973 2976 2975
2975 2976 2977
2975 2977 2978
2978 2977 2979
2978 2979 2980
2979 2981 2980
2979 2982 2981
2983 2982 2979
2980 2981 2984
2980 2984 2985
2985 2984 2986
2985 2986 2987
2988 2987 2986
2988 2989 2987
2990 2989 2988
2990 2988 2991
2990 2991 2992
2990 2992 2993
2993 2992 2994
2993 2994 2995
2995 2994 2996
2982 2997 2981
2997 2998 2999
2997 2999 3000
3001 3000 2999
3002 3000 3001
3003 3002 3001
2982 2998 2997
3004 3005 3006
3004 3006 3007
3008 3007 3006
3008 3009 3007
3010 3009 3008
3010 3011 3009
3012 3011 3010
3012 3013 3011
3014 3013 3012
3014 3015 3013
3016 3015 3014
3016 3014 3017
3016 3017 3018
3016 3018 3019
3020 3005 3004
3021 3022 3020
3021 3023 3022
3023 3021 3024
3023 3024 3025
3020 3022 3005
3026 3027 3028
3026 3028 3029
3026 3029 3030
3026 3030 3031
3031 3030 3032
3031 3032 3033
3034 3033 3032
3034 3035 3033
3036 3035 3034
3036 3037 3035
3038 3037 3036
3038 3039 3037
3040 3039 3038
3040 3038 3041
3042 3040 3041
3042 3043 3040
3044 3043 3042
3044 3045 3043
3046 3045 3044
3046 3044 3047
3048 3049 3050
3051 3049 3048
3051 3052 3049
3053 3052 3051
3053 3051 3054
3055 3053 3054
3055 3056 3053
3057 3056 3055
3057 3055 3058
3059 3057 3058
3059 3058 3060
3061 3059 3060
3061 3060 3062
3063 3064 3065
3063 3065 3066
3066 3065 3067
3066 3067 3068
3068 3067 3069
3068 3069 3070
3070 3069 3071
3070 3071 3072
3072 3071 3073
3072 3073 3074
3074 3073 3075
3074 3075 3076
3076 3075 3077
3078 3079 3080
3078 3080 3081
3081 3082 3078
3081 3083 3082
3083 3084 3082
3083 3085 3084
3085 3086 3084
3085 3087 3086
3087 3088 3086
3087 3089 3088
3090 3088 3089
3088 3090 3091
3088 3091 3092
3079 3093 3080
3079 3094 3093
3093 3094 3095
3093 3095 3096
3095 3097 3096
3095 3098 3097
3098 3099 3097
3098 3100 3099
3099 3100 3101
3099 3101 3102
3101 3103 3102
3101 3104 3103
3104 3105 3103
3103 3105 3106
3104 3107 3105
3108 3109 3110
3108 3110 3111
3109 3112 3110
3109 3113 3112
3113 3114 3112
3113 3115 3114
3116 3112 3114
3108 3111 3117
3117 3118 3108
3117 3119 3118
3119 3117 3120
3121 3119 3120
3119 3121 3122
3123 3124 3125
3123 3125 3126
3124 3123 3127
3124 3127 3128
3128 3127 3129
3128 3129 3130
3130 3129 3131
3130 3131 3132
3132 3131 3133
3132 3133 3134
3135 3134 3133
3133 3136 3135
3133 3137 3136
3126 3125 3138
3126 3138 3139
3139 3138 3140
3139 3140 3141
3141 3140 3142
3141 3142 3143
3143 3142 3144
3143 3144 3145
3144 3146 3145
3144 3147 3146
3146 3147 3148
3146 3148 3149
3149 3148 3150
3148 3151 3150
3149 3150 3152
3153 3154 3155
3153 3155 3156
3156 3155 3157
3156 3157 3158
3158 3157 3159
3158 3159 3160
3161 3159 3157
3153 3162 3154
3162 3153 3163
3162 3163 3164
3164 3165 3162
3164 3166 3165
3164 3167 3166
3168 3169 3170
3170 3171 3168
3168 3172 3169
3169 3172 3173
3173 3172 3174
3175 3172 3168
3168 3171 3175
3175 3176 3172
3176 3175 3177
3175 3178 3177
3175 3179 3178
3175 3171 3179
3177 3178 3180
3177 3180 3181
3181 3176 3177
3181 3180 3182
3181 3182 3183
3183 3182 3184
3183 3184 3185
3185 3184 3186
3185 3186 3187
3185 3188 3183
3188 3185 3187
3183 3188 3189
3187 3186 3190
3176 3181 3191
3183 3191 3181
3192 3191 3183
3189 3192 3183
3193 3192 3189
3194 3192 3193
3192 3194 3195
3195 3191 3192
3194 3196 3195
3194 3197 3196
3197 3198 3196
3199 3198 3197
3199 3200 3198
3198 3200 3201
3196 3198 3201
3201 3200 3202
3201 3202 3203
3204 3201 3203
3196 3201 3204
3195 3196 3204
3203 3205 3204
3206 3204 3205
3207 3206 3205
3208 3206 3207
3206 3208 3209
3203 3210 3205
3205 3210 3211
3205 3211 3207
3207 3211 3212
3207 3212 3208
3203 3213 3210
3203 3202 3213
3206 3209 3214
3214 3204 3206
3174 3214 3209
3204 3214 3215
3214 3216 3215
3217 3216 3214
3174 3217 3214
3215 3216 3195
3195 3204 3215
3174 3172 3217
3217 3172 3176
3217 3176 3191
3217 3191 3216
3195 3216 3191
3218 3190 3219
3187 3190 3218
3220 3218 3221
3222 3221 3218
3222 3218 3223
3222 3223 3224
3222 3224 3225
3188 3226 3218
3227 3228 3229
3227 3229 3230
3229 3231 3230
3229 3232 3231
3233 3228 3227
3233 3234 3228
3235 3231 3232
3235 3236 3231
3237 3238 3239
3238 3240 3239
3238 3241 3240
3238 3242 3241
3242 3238 3243
3244 3237 3239
3244 3245 3237
3245 3246 3237
3238 3237 3246
3245 3247 3246
3247 3248 3246
3248 3238 3246
3247 3249 3248
3249 3250 3248
3238 3248 3250
3249 3251 3250
3252 3244 3239
3252 3239 3240
3240 3241 3253
3240 3253 3254
3255 3253 3241
3255 3241 3242
3251 3256 3250
3251 3257 3256
3257 3258 3256
3257 3259 3258
3259 3243 3258
3259 3260 3243
3260 3255 3242
3260 3242 3243
3243 3238 3258
3256 3238 3250
3258 3238 3256
3199 3261 3262
3200 3199 3262
3263 3264 3265
3264 3266 3265
3265 3266 3267
3266 3268 3267
3267 3268 3269
3269 3270 3267
3270 3269 3271
3267 3270 3272
3273 3267 3272
3274 3267 3273
3275 3274 3273
3276 3274 3275
3277 3276 3275
3278 3276 3277
3279 3278 3277
3270 3280 3272
3271 3280 3270
3272 3280 3281
3280 3282 3281
3281 3282 3283
3284 3282 3280
3271 3284 3280
3284 3285 3282
3286 3282 3285
3283 3282 3286
3283 3286 3287
3287 3286 3288
3288 3286 3289
3289 3286 3290
3291 3289 3290
3285 3292 3286
3290 3286 3292
3292 3293 3290
3293 3294 3290
