byte offset: 0
first index: 74412
index count: 7602
topology: trianglelist
format: DXGI_FORMAT_R16_UINT

20532 20533 20534
20533 20535 20534
20535 20533 20536
20537 20535 20536
20535 20537 20538
20538 20539 20535
20539 20538 20540
20541 20537 20536
20536 20542 20541
20543 20542 20536
20542 20543 20544
20543 20545 20544
20544 20546 20542
20546 20544 20547
20545 20547 20544
20548 20542 20546
20542 20548 20541
20548 20537 20541
20537 20548 20549
20549 20538 20537
20538 20549 20550
20550 20540 20538
20547 20545 20551
20552 20551 20545
20553 20552 20545
20553 20545 20543
20553 20543 20554
20555 20552 20553
20553 20556 20555
20553 20557 20556
20558 20556 20557
20557 20559 20558
20559 20557 20560
20561 20560 20557
20557 20553 20561
20561 20553 20562
20561 20563 20560
20563 20559 20560
20563 20561 20564
20564 20565 20563
20566 20565 20564
20565 20566 20567
20568 20567 20566
20566 20569 20568
20570 20569 20566
20569 20570 20571
20570 20572 20571
20570 20566 20573
20574 20572 20570
20574 20570 20575
20572 20574 20576
20577 20576 20574
20576 20577 20578
20577 20579 20578
20579 20577 20580
20580 20581 20579
20582 20579 20581
20581 20583 20582
20583 20581 20584
20584 20581 20585
20585 20586 20584
20587 20584 20586
20584 20587 20583
20586 20588 20587
20588 20586 20589
20589 20586 20590
20590 20591 20589
20590 20592 20591
20592 20590 20593
20594 20592 20593
20595 20594 20593
20594 20595 20596
20597 20596 20595
20598 20597 20595
20598 20595 20599
20597 20600 20596
20600 20594 20596
20600 20597 20601
20602 20601 20597
20597 20598 20602
20603 20602 20598
20598 20604 20603
20598 20605 20604
20606 20604 20605
20605 20607 20606
20607 20605 20608
20608 20605 20609
20609 20605 20598
20610 20608 20609
20609 20598 20611
20612 20608 20610
20608 20612 20607
20613 20612 20610
20613 20610 20614
20614 20610 20609
20612 20613 20615
20613 20616 20615
20604 20606 20617
20618 20604 20617
20604 20618 20603
20619 20603 20618
20603 20619 20602
20601 20602 20619
20609 20620 20614
20620 20609 20621
20621 20622 20620
20622 20621 20623
20624 20625 20622
20625 20624 20626
20626 20614 20625
20614 20626 20627
20623 20628 20629
20595 20629 20628
20629 20595 20593
20630 20623 20631
20632 20633 20630
20633 20632 20634
20580 20634 20632
20634 20580 20577
20635 20633 20636
20633 20635 20637
20636 20574 20635
20638 20577 20574
20639 20640 20637
20640 20639 20641
20639 20566 20641
20642 20640 20643
20640 20642 20644
20643 20564 20642
20566 20564 20645
20564 20561 20642
20646 20644 20647
20644 20646 20532
20647 20536 20646
20647 20543 20536
20648 20649 20532
20649 20648 20650
20650 20648 20651
20652 20650 20651
20651 20653 20652
20652 20653 20654
20654 20655 20652
20651 20656 20653
20539 20656 20651
20539 20651 20657
20656 20539 20658
20658 20659 20656
20659 20658 20660
20658 20661 20660
20662 20656 20659
20656 20662 20653
20663 20653 20662
20653 20663 20654
20654 20664 20655
20664 20654 20663
20665 20655 20664
20655 20665 20666
20667 20655 20666
20667 20666 20668
20668 20669 20667
20667 20669 20670
20667 20670 20671
20671 20672 20667
20672 20671 20673
20674 20666 20665
20666 20674 20668
20674 20669 20668
20669 20674 20675
20675 20670 20669
20670 20675 20676
20676 20677 20670
20671 20670 20677
20677 20678 20671
20671 20678 20679
20679 20680 20671
20680 20679 20681
20677 20676 20682
20682 20678 20677
20678 20682 20683
20683 20684 20678
20679 20678 20684
20684 20683 20685
20685 20686 20684
20687 20684 20686
20686 20688 20687
20686 20685 20689
20689 20688 20686
20688 20689 20690
20691 20688 20690
20688 20691 20692
20627 20688 20692
20627 20692 20693
20694 20692 20691
20692 20694 20693
20616 20693 20694
20693 20616 20695
20693 20695 20627
20695 20614 20627
20540 20696 20661
20540 20550 20696
20594 20600 20697
20697 20592 20594
20592 20697 20698
20698 20591 20592
20591 20698 20699
20699 20589 20591
20589 20699 20588
20579 20582 20700
20700 20578 20579
20578 20700 20701
20702 20578 20701
20578 20702 20576
20703 20576 20702
20576 20703 20572
20703 20571 20572
20571 20703 20704
20705 20571 20704
20571 20705 20569
20706 20569 20705
20569 20706 20568
20707 20568 20706
20568 20707 20567
20708 20567 20707
20567 20708 20565
20709 20565 20708
20565 20709 20563
20559 20563 20709
20556 20558 20710
20710 20555 20556
20555 20710 20711
20712 20555 20711
20555 20712 20552
20551 20552 20712
20713 20714 20715
20714 20713 20649
20714 20667 20715
20714 20652 20667
20652 20655 20667
20673 20713 20672
20673 20624 20713
20681 20624 20680
20630 20716 20717
20593 20717 20716
20717 20593 20590
20718 20535 20539
20719 20720 20721
20720 20719 20722
20719 20723 20722
20724 20723 20719
20719 20725 20724
20726 20719 20721
20719 20726 20727
20727 20725 20719
20728 20727 20726
20727 20728 20729
20728 20730 20729
20730 20728 20731
20731 20732 20730
20732 20731 20733
20734 20732 20733
20732 20734 20735
20736 20729 20730
20729 20736 20737
20738 20725 20727
20727 20739 20738
20729 20739 20727
20737 20740 20729
20739 20729 20740
20741 20736 20730
20730 20742 20741
20743 20730 20732
20730 20743 20742
20735 20744 20732
20744 20735 20745
20746 20745 20735
20735 20747 20746
20748 20735 20734
20735 20748 20749
20749 20747 20735
20750 20747 20749
20749 20751 20750
20752 20749 20748
20749 20752 20753
20754 20753 20752
20753 20754 20755
20754 20756 20755
20756 20754 20757
20757 20758 20756
20758 20757 20759
20759 20760 20758
20760 20761 20758
20762 20761 20760
20760 20759 20763
20763 20764 20760
20764 20763 20765
20765 20766 20764
20766 20765 20767
20764 20768 20760
20764 20769 20768
20770 20766 20767
20766 20770 20771
20770 20772 20771
20772 20773 20771
20774 20773 20772
20772 20770 20775
20775 20776 20772
20776 20775 20777
20778 20776 20777
20776 20778 20779
20776 20780 20772
20772 20780 20774
20781 20780 20776
20776 20782 20781
20782 20776 20779
20782 20779 20783
20779 20784 20783
20785 20784 20779
20784 20785 20786
20787 20786 20785
20785 20788 20787
20788 20785 20789
20790 20789 20785
20790 20779 20778
20779 20790 20785
20789 20790 20791
20791 20792 20789
20792 20791 20793
20793 20794 20792
20794 20793 20795
20795 20796 20794
20796 20795 20797
20794 20798 20792
20794 20799 20798
20800 20799 20794
20794 20801 20800
20794 20802 20801
20796 20802 20794
20803 20802 20796
20796 20804 20803
20805 20796 20797
20796 20805 20806
20806 20804 20796
20806 20807 20804
20808 20806 20805
20806 20808 20809
20809 20807 20806
20808 20722 20809
20810 20809 20722
20809 20810 20811
20809 20811 20812
20807 20809 20812
20813 20810 20722
20722 20808 20720
20722 20723 20813
20805 20814 20808
20814 20805 20815
20815 20816 20814
20817 20720 20808
20816 20818 20817
20720 20817 20818
20816 20819 20820
20819 20797 20820
20797 20819 20805
20821 20797 20795
20797 20821 20822
20821 20816 20822
20823 20795 20793
20795 20823 20824
20823 20825 20824
20826 20827 20825
20827 20826 20828
20778 20828 20826
20828 20778 20777
20829 20830 20827
20830 20829 20831
20777 20831 20829
20831 20777 20775
20832 20833 20830
20833 20832 20834
20767 20834 20832
20834 20767 20765
20835 20836 20833
20836 20835 20837
20765 20837 20835
20837 20765 20763
20838 20839 20836
20839 20838 20840
20757 20840 20838
20840 20757 20754
20841 20839 20842
20839 20841 20843
20752 20842 20754
20842 20752 20841
20844 20845 20843
20845 20844 20846
20844 20733 20846
20733 20844 20734
20847 20845 20848
20845 20847 20849
20731 20848 20733
20848 20731 20847
20850 20851 20849
20851 20850 20852
20850 20721 20852
20721 20850 20726
20853 20726 20854
20854 20849 20853
20726 20853 20728
20855 20731 20728
20731 20855 20856
20855 20849 20856
20857 20734 20858
20858 20843 20857
20734 20857 20748
20859 20748 20860
20860 20843 20859
20748 20859 20752
20861 20721 20720
20861 20851 20862
20851 20861 20816
20721 20861 20862
20771 20863 20864
20864 20865 20771
20771 20865 20766
20766 20865 20866
20866 20867 20766
20867 20764 20766
20771 20773 20863
20868 20764 20867
20764 20868 20869
20869 20769 20764
20762 20870 20871
20872 20762 20871
20762 20872 20761
20873 20761 20872
20761 20873 20874
20758 20761 20874
20874 20875 20758
20873 20875 20874
20758 20875 20876
20875 20873 20877
20877 20876 20875
20876 20877 20878
20760 20870 20762
20760 20768 20870
20758 20876 20756
20756 20876 20879
20756 20879 20880
20880 20881 20756
20882 20881 20880
20880 20883 20882
20880 20879 20883
20881 20882 20884
20883 20879 20885
20885 20879 20886
20886 20876 20878
20886 20879 20876
20756 20881 20755
20887 20755 20881
20887 20888 20755
20887 20889 20888
20889 20887 20890
20891 20887 20881
20881 20884 20891
20887 20891 20892
20892 20890 20887
20893 20888 20889
20888 20893 20894
20894 20755 20888
20893 20895 20894
20894 20895 20896
20894 20896 20753
20755 20894 20753
20753 20896 20897
20749 20753 20897
20896 20898 20897
20896 20895 20899
20896 20899 20898
20749 20897 20751
20897 20900 20751
20900 20897 20901
20897 20898 20901
20902 20751 20900
20751 20902 20750
20903 20750 20902
20750 20903 20747
20903 20746 20747
20746 20903 20904
20904 20745 20746
20732 20905 20906
20906 20743 20732
20732 20744 20905
20907 20908 20792
20792 20908 20789
20789 20908 20788
20792 20798 20907
20759 20757 20909
20763 20759 20910
20770 20767 20911
20775 20770 20912
20913 20778 20914
20778 20913 20790
20914 20825 20913
20825 20915 20916
20916 20791 20790
20791 20916 20915
20917 20793 20791
20793 20917 20918
20917 20825 20918
20825 20919 20920
20919 20825 20921
20919 20795 20920
20922 20923 20924
20925 20924 20923
20924 20925 20926
20925 20927 20926
20927 20925 20928
20929 20928 20925
20928 20929 20930
20931 20926 20927
20926 20931 20932
20932 20933 20926
20933 20932 20934
20933 20934 20935
20936 20934 20932
20934 20936 20937
20937 20935 20934
20932 20938 20936
20938 20932 20931
20927 20938 20931
20938 20927 20939
20928 20939 20927
20939 20928 20940
20930 20940 20928
20935 20937 20941
20941 20942 20935
20943 20935 20942
20943 20933 20935
20943 20944 20933
20945 20943 20942
20943 20945 20946
20943 20946 20947
20946 20948 20947
20949 20947 20948
20947 20949 20950
20951 20947 20950
20947 20951 20943
20951 20952 20943
20953 20951 20950
20949 20953 20950
20951 20953 20954
20954 20953 20955
20955 20956 20954
20956 20955 20957
20958 20956 20957
20956 20958 20959
20959 20960 20956
20960 20959 20961
20960 20961 20962
20960 20963 20956
20962 20964 20960
20964 20965 20960
20964 20962 20966
20966 20967 20964
20967 20966 20968
20969 20967 20968
20967 20969 20970
20970 20969 20971
20969 20972 20971
20973 20971 20972
20971 20973 20974
20974 20975 20971
20975 20974 20976
20977 20974 20973
20974 20977 20976
20978 20976 20977
20976 20978 20979
20979 20980 20976
20980 20979 20981
20982 20980 20981
20980 20982 20983
20984 20983 20982
20984 20985 20983
20985 20984 20986
20987 20985 20986
20988 20985 20987
20988 20989 20985
20990 20987 20986
20984 20990 20986
20987 20990 20991
20991 20992 20987
20987 20992 20988
20993 20988 20992
20988 20993 20994
20988 20994 20995
20994 20996 20995
20997 20995 20996
20995 20997 20998
20998 20999 20995
20999 20988 20995
21000 20999 20998
20999 21001 20988
21002 20998 20997
20998 21002 21000
21002 21003 21000
21003 21004 21000
21004 20999 21000
21003 21002 21005
21003 21005 21006
20996 20994 21007
20994 21008 21007
21008 20994 20993
20993 21009 21008
21010 20999 21004
20999 21010 21011
21012 21011 21010
21011 21012 21013
21014 21015 21012
21015 21014 21016
21004 21016 21014
21016 21004 21017
21018 21017 21004
21006 21019 21018
21019 21017 21018
21017 21019 21020
21017 21020 21021
21022 21021 21020
21021 21022 21023
21024 21021 21023
21021 21024 21025
21025 21026 21021
21026 21025 21027
21028 21025 21024
21025 21028 21027
21029 21027 21028
21027 21029 21030
21031 21030 21029
21030 21031 21032
21032 21033 21030
21033 21034 21030
21034 21027 21030
21035 21034 21033
21034 21035 21036
21037 21032 21031
21032 21037 21038
21033 21032 21038
21039 21033 21038
21040 21033 21039
21033 21040 21041
21039 21038 21042
21043 21039 21042
21039 21043 21044
21039 21044 21045
21046 21045 21044
21045 21046 21047
21047 21048 21045
21048 21049 21045
21049 21039 21045
21049 21048 21050
21051 21050 21048
21048 21047 21051
21050 21051 21052
21052 21053 21050
21054 21050 21053
21054 21049 21050
21053 20929 21054
20929 21055 21054
20929 21053 21056
21057 21056 21053
21053 21052 21057
21056 21057 21058
21056 21058 21059
21049 21054 21060
21060 21054 21061
21061 21062 21060
21062 21061 20922
21063 21064 20922
21064 21063 21065
21065 21063 20926
21065 20926 20933
21066 21067 21064
21067 21066 21068
21068 21066 20954
20954 21066 20951
21069 21067 21070
21067 21069 21071
21069 21070 20956
20956 21072 20954
21073 21074 21071
21074 21073 21075
21075 21073 20964
21076 21074 21077
21074 21076 21078
21077 20970 21076
20970 21077 20967
21079 20964 20967
21078 21080 21013
21013 21081 21082
21081 20985 21082
20985 21081 20983
21078 21083 21084
21083 20983 21084
20983 21083 20980
20930 21059 21085
20940 20930 21085
21044 21086 21046
21086 21044 21043
21042 21086 21043
21086 21042 21087
21038 21087 21042
21087 21038 21037
21020 21088 21022
21088 21020 21019
21019 21006 21088
21009 20993 20992
20992 20991 21009
20990 20984 21089
20982 21089 20984
21089 20982 21090
20981 21090 20982
21090 20981 21091
20979 21091 20981
21091 20979 20978
20972 20969 21092
20968 21092 20969
21092 20968 21093
20968 21094 21093
21094 20968 20966
20966 21095 21094
21095 20966 20962
20961 21095 20962
21095 20961 21096
20961 21097 21096
21097 20961 20959
20959 21098 21097
21098 20959 20958
20958 21099 21098
21099 20958 20957
20957 21100 21099
21100 20957 20955
20955 21101 21100
21101 20955 20953
20953 20949 21101
20948 20946 21102
20945 21102 20946
21102 20945 21103
20945 21104 21103
21104 20945 20942
20942 20941 21104
21105 21106 21107
21106 21105 21062
21105 21107 21039
21105 21039 21049
21041 21040 21106
21041 21106 21015
21036 21035 21015
21108 20929 20925
21109 21110 21111
21110 21109 21112
21109 21111 21113
21114 21109 21113
21109 21114 21115
21109 21116 21112
21116 21109 21117
21117 21109 21115
21117 21118 21116
21118 21117 21119
21120 21118 21119
21118 21120 21121
21122 21121 21120
21121 21122 21123
21122 21124 21123
21124 21122 21125
21119 21126 21120
21126 21119 21127
21128 21117 21115
21117 21128 21129
21129 21119 21117
21127 21119 21130
21119 21129 21130
21131 21120 21126
21120 21131 21132
21133 21120 21132
21120 21133 21122
21134 21125 21122
21125 21134 21135
21136 21125 21135
21125 21136 21137
21125 21138 21124
21138 21125 21139
21139 21125 21137
21140 21139 21137
21139 21140 21141
21139 21142 21138
21142 21139 21143
21143 21144 21142
21144 21143 21145
21146 21144 21145
21144 21146 21147
21148 21147 21146
21147 21148 21149
21150 21149 21148
21150 21148 21151
21152 21150 21151
21149 21150 21153
21154 21153 21150
21153 21154 21155
21156 21155 21154
21155 21156 21157
21154 21150 21158
21154 21158 21159
21156 21160 21157
21160 21156 21161
21162 21160 21161
21162 21161 21163
21164 21162 21163
21160 21162 21165
21166 21165 21162
21165 21166 21167
21166 21168 21167
21168 21166 21169
21166 21162 21170
21162 21164 21170
21171 21166 21170
21166 21171 21172
21172 21169 21166
21172 21173 21169
21169 21173 21174
21174 21175 21169
21175 21174 21176
21177 21175 21176
21178 21175 21177
21175 21178 21179
21179 21180 21175
21180 21169 21175
21169 21180 21168
21180 21179 21181
21182 21181 21179
21181 21182 21183
21184 21183 21182
21183 21184 21185
21186 21185 21184
21185 21186 21187
21184 21182 21188
21184 21188 21189
21190 21184 21189
21184 21190 21191
21184 21191 21192
21186 21184 21192
21193 21186 21192
21186 21193 21194
21186 21195 21187
21195 21186 21196
21196 21186 21194
21196 21194 21197
21196 21198 21195
21198 21196 21199
21197 21199 21196
21111 21198 21199
21199 21200 21111
21200 21199 21201
21199 21202 21201
21199 21197 21202
21203 21111 21200
21198 21111 21110
21111 21203 21113
21204 21195 21198
21195 21204 21205
21205 21204 21206
21110 21207 21198
21206 21207 21208
21207 21110 21208
21206 21209 21210
21187 21210 21209
21210 21187 21195
21211 21187 21212
21211 21212 21206
21187 21211 21185
21213 21185 21214
21185 21213 21183
21213 21214 21215
21216 21217 21215
21217 21216 21218
21218 21168 21217
21168 21218 21167
21219 21220 21216
21220 21219 21221
21221 21167 21220
21167 21221 21165
21222 21223 21219
21223 21222 21224
21224 21157 21223
21157 21224 21155
21225 21226 21222
21226 21225 21227
21227 21155 21226
21155 21227 21153
21228 21229 21225
21229 21228 21230
21230 21147 21229
21147 21230 21144
21228 21231 21232
21231 21228 21233
21142 21232 21231
21232 21142 21144
21234 21235 21233
21235 21234 21236
21123 21235 21236
21235 21123 21124
21234 21237 21238
21237 21234 21239
21121 21238 21237
21238 21121 21123
21240 21241 21239
21241 21240 21242
21112 21241 21242
21241 21112 21116
21116 21243 21244
21244 21243 21239
21243 21116 21118
21121 21245 21118
21245 21121 21246
21245 21246 21239
21124 21247 21248
21248 21247 21233
21247 21124 21138
21138 21249 21250
21250 21249 21233
21249 21138 21142
21112 21251 21110
21240 21251 21252
21251 21240 21206
21251 21112 21252
21161 21253 21254
21253 21161 21255
21161 21156 21255
21156 21256 21255
21256 21156 21257
21257 21156 21154
21161 21254 21163
21258 21257 21154
21154 21259 21258
21259 21154 21159
21152 21260 21261
21152 21262 21260
21262 21152 21151
21151 21263 21262
21263 21151 21264
21148 21264 21151
21264 21148 21265
21265 21263 21264
21148 21266 21265
21263 21265 21267
21266 21267 21265
21267 21266 21268
21150 21152 21261
21150 21261 21158
21148 21146 21266
21146 21269 21266
21146 21270 21269
21270 21146 21271
21271 21272 21270
21270 21272 21273
21270 21273 21269
21272 21271 21274
21273 21275 21269
21275 21276 21269
21276 21268 21266
21276 21266 21269
21146 21145 21271
21277 21271 21145
21277 21145 21278
21279 21277 21278
21277 21279 21280
21277 21281 21271
21271 21281 21274
21281 21277 21282
21282 21277 21280
21278 21283 21279
21283 21278 21284
21284 21278 21145
21283 21284 21285
21284 21286 21285
21284 21143 21286
21145 21143 21284
21143 21287 21286
21139 21287 21143
21286 21287 21288
21286 21289 21285
21286 21288 21289
21139 21141 21287
21290 21287 21141
21287 21290 21291
21287 21291 21288
21141 21292 21290
21292 21141 21140
21140 21293 21292
21293 21140 21137
21136 21293 21137
21293 21136 21294
21294 21136 21135
21122 21295 21296
21295 21122 21133
21122 21296 21134
21297 21182 21298
21182 21179 21298
21179 21178 21298
21182 21297 21188
21149 21299 21147
21153 21300 21149
21160 21301 21157
21165 21302 21160
21168 21303 21304
21303 21168 21180
21304 21303 21215
21215 21305 21306
21181 21305 21180
21305 21181 21306
21183 21307 21181
21307 21183 21308
21307 21308 21215
21309 21215 21310
21215 21309 21311
21309 21310 21185
21312 21313 21314
21313 21312 21315
21316 21314 21313
21314 21316 21317
21317 21316 21318
21319 21318 21316
21320 21319 21316
21313 21320 21316
21319 21320 21321
21320 21313 21322
21315 21322 21313
21322 21315 21323
21321 21324 21319
21324 21321 21325
21318 21319 21326
21326 21319 21324
21318 21326 21327
21326 21328 21327
21328 21326 21324
21327 21328 21329
21324 21330 21328
21330 21329 21328
21329 21331 21327
21332 21331 21329
21329 21330 21332
21331 21332 21333
21334 21333 21332
21334 21332 21335
21335 21332 21330
21336 21335 21330
21337 21336 21330
21324 21337 21330
21335 21336 21338
21336 21337 21338
21339 21338 21337
21338 21339 21340
21340 21341 21338
21335 21338 21341
21342 21335 21341
21335 21342 21334
21342 21343 21334
21334 21343 21333
21343 21342 21344
21341 21340 21345
21345 21346 21341
21342 21346 21344
21346 21342 21341
21346 21347 21344
21346 21345 21348
21346 21349 21347
21349 21346 21348
21350 21344 21347
21344 21350 21351
21350 21352 21351
21350 21353 21352
21353 21350 21354
21347 21354 21350
21354 21347 21349
21353 21355 21352
21355 21353 21356
21356 21357 21355
21357 21356 21358
21357 21358 21359
21360 21361 21362
21362 21363 21360
21360 21363 21364
21363 21365 21364
21365 21366 21364
21366 21367 21364
21366 21368 21367
21369 21362 21361
21362 21369 21370
21325 21362 21370
21325 21363 21362
21363 21325 21321
21321 21365 21363
21365 21321 21320
21365 21322 21366
21322 21365 21320
21366 21323 21368
21323 21366 21322
21370 21324 21325
21324 21370 21337
21370 21339 21337
21339 21370 21369
21371 21372 21373
21372 21371 21374
21373 21375 21371
21375 21373 21376
21376 21377 21375
21378 21375 21377
21378 21379 21375
21379 21371 21375
21379 21378 21380
21380 21381 21379
21381 21380 21382
21382 21383 21381
21381 21383 21384
21385 21383 21382
21386 21385 21382
21385 21386 21387
21384 21383 21388
21384 21388 21389
21390 21381 21384
21381 21390 21379
21391 21384 21389
21384 21391 21390
21382 21392 21386
21392 21382 21380
21380 21393 21392
21393 21380 21378
21394 21392 21393
21392 21394 21395
21395 21386 21392
21396 21395 21394
21397 21396 21394
21396 21397 21398
21395 21396 21399
21399 21386 21395
21386 21399 21387
21394 21393 21400
21393 21401 21400
21394 21400 21402
21397 21394 21402
21403 21398 21397
21403 21397 21402
21403 21402 21404
21398 21403 21405
21406 21405 21403
21407 21406 21403
21407 21403 21404
21408 21407 21404
21407 21409 21406
21409 21407 21410
21407 21411 21410
21411 21407 21408
21412 21409 21410
21409 21412 21413
21413 21412 21414
21415 21413 21414
21413 21415 21416
21416 21409 21413
21417 21415 21414
21415 21417 21418
21419 21418 21417
21418 21419 21420
21419 21421 21420
21409 21416 21422
21423 21409 21422
21409 21423 21406
21405 21406 21423
21411 21408 21424
21425 21424 21408
21425 21426 21424
21426 21425 21427
21428 21426 21427
21401 21428 21427
21429 21428 21401
21377 21428 21429
21400 21427 21425
21427 21400 21401
21404 21425 21408
21425 21404 21402
21400 21425 21402
21393 21429 21401
21393 21378 21429
21429 21378 21430
21371 21379 21390
21390 21374 21371
21374 21390 21391
21431 21432 21433
21432 21431 21434
21432 21434 21435
21436 21435 21434
21435 21436 21437
21434 21438 21436
21438 21434 21439
21431 21433 21440
21441 21437 21436
21437 21441 21442
21443 21442 21441
21442 21443 21444
21445 21444 21443
21444 21445 21446
21445 21443 21447
21436 21448 21441
21448 21436 21438
21445 21449 21446
21445 21450 21449
21446 21449 21451
21451 21449 21452
21453 21443 21441
21453 21441 21448
21439 21454 21438
21449 21455 21452
21456 21455 21449
21455 21456 21457
21456 21449 21458
21459 21457 21456
21456 21460 21459
21461 21460 21456
21456 21458 21461
21459 21460 21462
21463 21462 21460
21464 21463 21460
21465 21464 21460
21466 21464 21465
21464 21466 21467
21465 21468 21466
21466 21468 21469
21466 21469 21470
21466 21470 21467
21469 21468 21471
21469 21471 21472
21469 21472 21470
21473 21472 21471
21472 21473 21474
21473 21475 21474
21475 21473 21476
21475 21476 21477
21478 21473 21471
21471 21468 21478
21476 21473 21479
21479 21473 21478
21477 21476 21480
21480 21476 21479
21475 21477 21481
21481 21477 21482
21483 21482 21477
21484 21483 21477
21483 21485 21482
21485 21483 21486
21483 21487 21486
21487 21483 21488
21489 21487 21488
21489 21490 21487
21489 21491 21490
21489 21492 21491
21493 21491 21492
21492 21489 21494
21492 21494 21495
21495 21494 21496
21497 21495 21496
21496 21498 21497
21498 21496 21499
21495 21497 21500
21500 21492 21495
21500 21501 21492
21493 21492 21501
21499 21496 21502
21502 21496 21494
21502 21503 21499
21494 21489 21504
21504 21489 21488
21499 21503 21505
21499 21505 21506
21499 21506 21498
21505 21507 21506
21507 21505 21508
21505 21503 21509
21508 21505 21509
21509 21503 21510
21511 21509 21510
21509 21511 21512
21513 21509 21512
21514 21509 21513
21509 21514 21508
21515 21511 21510
21510 21503 21516
21510 21516 21515
21517 21515 21516
21518 21517 21516
21519 21518 21516
21520 21519 21516
21521 21519 21520
21522 21520 21516
21503 21522 21516
21503 21523 21522
21520 21522 21524
21521 21520 21524
21524 21522 21525
21522 21523 21525
21524 21525 21526
21523 21526 21525
21526 21527 21524
21524 21527 21528
21521 21524 21528
21526 21529 21527
21529 21530 21527
21526 21531 21529
21532 21531 21526
21526 21523 21532
21531 21532 21533
21531 21533 21534
21529 21531 21534
21529 21534 21535
21536 21529 21535
21529 21536 21530
21534 21537 21535
21533 21532 21538
21539 21535 21537
21540 21535 21539
21539 21537 21541
21542 21535 21540
21543 21535 21542
21536 21535 21543
21544 21541 21537
21545 21544 21537
21546 21544 21545
21547 21546 21545
21548 21547 21545
21549 21545 21537
21550 21545 21549
21550 21548 21545
21551 21548 21550
21550 21552 21551
21550 21553 21552
21554 21553 21550
21554 21555 21553
21555 21556 21553
21555 21557 21556
21557 21555 21558
21554 21550 21559
21550 21549 21559
21559 21560 21554
21560 21559 21561
21559 21549 21561
21555 21554 21562
21554 21563 21562
21563 21554 21560
21555 21562 21564
21564 21562 21563
21565 21564 21563
21565 21566 21564
21566 21555 21564
21555 21566 21558
21558 21566 21567
21567 21566 21568
21569 21566 21565
21570 21566 21569
21568 21566 21570
21571 21569 21565
21571 21572 21569
21573 21571 21565
21573 21574 21571
21574 21575 21571
21575 21572 21571
21576 21573 21565
21577 21576 21565
21576 21577 21578
21579 21577 21565
21580 21577 21579
21580 21581 21577
21577 21581 21578
21580 21582 21581
21582 21580 21583
21582 21583 21584
21583 21580 21585
21580 21579 21585
21583 21585 21586
21586 21587 21583
21588 21583 21587
21588 21584 21583
21585 21589 21586
21586 21590 21587
21586 21591 21590
21586 21592 21591
21589 21592 21586
21593 21591 21592
21591 21593 21594
21595 21594 21593
21593 21596 21595
21593 21597 21596
21598 21596 21597
21599 21597 21593
21600 21598 21597
21600 21597 21601
21601 21602 21600
21601 21603 21602
21604 21603 21601
21605 21604 21601
21597 21606 21601
21606 21605 21601
21603 21604 21607
21608 21603 21607
21608 21609 21603
21608 21610 21609
21610 21608 21611
21611 21608 21607
21603 21609 21612
21602 21603 21612
21610 21611 21613
21611 21614 21613
21613 21614 21615
21615 21614 21616
21614 21617 21616
21614 21611 21618
21617 21614 21619
21619 21614 21620
21619 21620 21621
21621 21622 21619
21623 21619 21622
21623 21622 21624
21625 21624 21622
21626 21625 21622
21627 21626 21622
21627 21628 21626
21628 21627 21629
21627 21622 21630
21627 21631 21629
21623 21632 21619
21617 21619 21632
21629 21633 21628
21629 21634 21633
21634 21635 21633
21635 21634 21636
21636 21637 21635
21637 21636 21638
21638 21639 21637
21639 21638 21640
21638 21636 21641
21636 21642 21641
21642 21636 21634
21643 21634 21629
21643 21642 21634
21638 21644 21640
21644 21638 21645
21638 21641 21645
21646 21645 21641
21645 21647 21644
21645 21646 21647
21640 21644 21648
21649 21648 21644
21649 21644 21647
21647 21650 21649
21648 21649 21651
21649 21652 21651
21653 21651 21652
21654 21653 21652
21651 21653 21655
21440 21654 21652
21652 21649 21656
21431 21652 21656
21431 21440 21652
21656 21434 21431
21434 21656 21439
21439 21656 21657
21649 21657 21656
21651 21658 21648
21658 21651 21655
21659 21648 21658
21660 21648 21659
21640 21648 21660
21640 21660 21661
21454 21439 21657
21657 21662 21454
21639 21640 21661
21460 21663 21465
21664 21488 21483
21504 21488 21664
21665 21666 21573
21573 21666 21574
21665 21573 21576
21576 21667 21665
21576 21578 21667
21668 21593 21592
21589 21668 21592
21561 21669 21670
21669 21561 21549
21537 21669 21549
21670 21671 21561
21561 21671 21560
21671 21670 21672
21673 21647 21646
21674 21647 21673
21647 21674 21650
21572 21675 21569
21570 21569 21675
21553 21556 21676
21552 21553 21676
21528 21527 21677
21527 21530 21677
21678 21679 21680
21678 21680 21681
21681 21680 21682
21682 21680 21683
21682 21683 21684
21680 21685 21683
21685 21680 21686
21680 21679 21687
21688 21684 21683
21689 21688 21683
21690 21689 21683
21690 21683 21691
21692 21691 21683
21691 21692 21693
21683 21694 21692
21694 21683 21695
21692 21696 21693
21692 21697 21696
21696 21697 21698
21697 21699 21698
21697 21700 21699
21700 21701 21699
21702 21701 21700
21701 21702 21703
21704 21703 21702
21703 21704 21705
21706 21705 21704
21707 21706 21704
21708 21707 21704
21709 21708 21704
21709 21704 21710
21700 21711 21702
21702 21712 21704
21709 21710 21713
21710 21714 21713
21715 21714 21710
21714 21715 21716
21715 21717 21716
21717 21715 21718
21718 21719 21717
21720 21719 21718
21720 21718 21721
21720 21721 21722
21722 21721 21723
21723 21721 21724
21724 21721 21725
21725 21721 21726
21725 21726 21727
21728 21727 21726
21729 21728 21726
21730 21729 21726
21730 21726 21731
21721 21732 21726
21730 21731 21733
21731 21734 21733
21735 21734 21731
21734 21735 21736
21735 21737 21736
21737 21735 21738
21738 21739 21737
21740 21739 21738
21740 21738 21741
21740 21741 21742
21742 21741 21743
21743 21741 21744
21745 21744 21741
21744 21745 21746
21738 21747 21741
21745 21748 21746
21748 21745 21749
21750 21748 21749
21751 21750 21749
21752 21751 21749
21752 21749 21753
21741 21754 21745
21753 21749 21755
21755 21756 21753
21757 21756 21755
21756 21757 21758
21759 21758 21757
21758 21759 21760
21759 21761 21760
21755 21762 21757
21762 21755 21763
21764 21761 21759
21765 21761 21764
21765 21764 21766
21766 21764 21767
21767 21764 21768
21769 21768 21764
21769 21764 21770
21771 21769 21770
21772 21771 21770
21773 21772 21770
21774 21773 21770
21774 21770 21775
21775 21770 21776
21776 21777 21775
21778 21777 21776
21777 21778 21779
21780 21779 21778
21779 21780 21781
21780 21782 21781
21780 21783 21782
21770 21784 21776
21784 21770 21785
21782 21783 21786
21786 21783 21787
21787 21783 21788
21788 21783 21789
21789 21783 21790
21790 21783 21791
21791 21783 21792
21793 21791 21792
21794 21793 21792
21792 21783 21795
21794 21792 21796
21796 21797 21794
21798 21797 21796
21797 21798 21799
21798 21800 21799
21800 21798 21801
21801 21802 21800
21803 21802 21801
21803 21801 21804
21803 21804 21805
21805 21804 21806
21806 21804 21807
21807 21804 21808
21808 21804 21809
21810 21808 21809
21811 21810 21809
21811 21809 21812
21813 21809 21804
21809 21813 21814
21812 21809 21815
21816 21815 21809
21815 21816 21817
21818 21814 21813
21814 21818 21819
21816 21819 21817
21819 21820 21817
21819 21818 21821
21819 21821 21822
21819 21822 21820
21821 21823 21822
21823 21821 21824
21825 21826 21818
21826 21825 21827
21826 21828 21818
21828 21826 21829
21829 21824 21828
21825 21801 21827
21801 21798 21827
21825 21804 21801
21830 21826 21831
21826 21830 21832
21796 21831 21798
21831 21796 21830
21832 21833 21826
21832 21834 21833
21834 21835 21833
21835 21824 21836
21832 21837 21834
21838 21837 21832
21839 21840 21837
21840 21839 21841
21780 21841 21839
21841 21780 21778
21840 21842 21837
21842 21840 21843
21835 21842 21843
21844 21835 21843
21845 21844 21843
21846 21845 21843
21846 21843 21840
21840 21847 21846
21847 21840 21848
21846 21849 21845
21849 21846 21850
21776 21848 21778
21848 21776 21847
21849 21851 21852
21851 21759 21852
21759 21757 21852
21853 21844 21854
21855 21856 21853
21856 21855 21857
21858 21857 21855
21857 21858 21859
21860 21859 21858
21859 21860 21861
21862 21849 21858
21853 21863 21862
21849 21862 21863
21738 21861 21860
21861 21738 21735
21849 21763 21858
21763 21849 21762
21864 21859 21865
21859 21864 21866
21731 21865 21735
21865 21731 21864
21866 21867 21859
21866 21868 21867
21868 21856 21867
21856 21868 21869
21866 21870 21868
21871 21870 21866
21870 21871 21872
21718 21872 21871
21872 21718 21715
21873 21870 21874
21870 21873 21875
21710 21874 21715
21874 21710 21873
21875 21876 21870
21875 21877 21876
21876 21878 21869
21878 21876 21877
21875 21879 21877
21880 21879 21875
21879 21880 21881
21700 21881 21880
21881 21700 21697
21882 21879 21883
21879 21882 21884
21884 21885 21879
21885 21884 21886
21886 21878 21885
21878 21886 21887
21692 21883 21697
21883 21692 21882
21887 21888 21823
21888 21887 21889
21890 21888 21889
21889 21884 21890
21890 21884 21891
21890 21820 21888
21892 21820 21890
21890 21891 21892
21891 21687 21892
21687 21891 21680
21686 21884 21685
21695 21884 21694
21866 21893 21894
21893 21721 21894
21721 21718 21894
21866 21895 21896
21895 21726 21896
21895 21731 21726
21792 21897 21898
21897 21832 21898
21796 21792 21898
21783 21899 21900
21899 21837 21900
21783 21780 21899
21764 21901 21902
21901 21846 21902
21770 21764 21902
21785 21846 21784
21903 21764 21759
21749 21904 21905
21904 21858 21905
21755 21749 21905
21747 21858 21906
21747 21906 21741
21907 21749 21745
21704 21908 21909
21908 21875 21909
21704 21909 21710
21711 21875 21910
21711 21910 21702
21911 21912 21913
21912 21911 21914
21913 21915 21911
21915 21913 21916
21916 21917 21915
21918 21915 21917
21918 21919 21915
21919 21911 21915
21919 21918 21920
21911 21919 21921
21921 21914 21911
21914 21921 21922
21923 21920 21918
21920 21923 21924
21923 21925 21924
21925 21923 21926
21927 21925 21926
21928 21927 21926
21927 21928 21929
21925 21927 21930
21931 21929 21928
21929 21931 21932
21933 21932 21931
21932 21933 21934
21935 21928 21926
21926 21936 21935
21923 21936 21926
21923 21937 21936
21938 21928 21935
21935 21936 21938
21938 21931 21928
21939 21931 21938
21933 21931 21939
21940 21936 21937
21941 21940 21937
21942 21941 21937
21917 21941 21942
21940 21941 21943
21943 21944 21940
21936 21940 21944
21938 21936 21944
21944 21943 21945
21917 21942 21918
21937 21923 21942
21942 21923 21918
21933 21946 21934
21947 21938 21944
21938 21947 21939
21947 21944 21945
21948 21939 21947
21947 21945 21948
21939 21948 21949
21939 21949 21933
21933 21949 21950
21946 21933 21950
21949 21951 21950
21951 21949 21952
21951 21952 21953
21954 21951 21953
21951 21954 21955
21955 21950 21951
21950 21955 21946
21956 21954 21953
21954 21956 21957
21958 21957 21956
21957 21958 21959
21958 21960 21959
21961 21962 21963
21962 21961 21964
21961 21965 21964
21964 21965 21966
21966 21965 21967
21967 21965 21968
21967 21968 21969
21964 21924 21962
21924 21964 21920
21966 21920 21964
21920 21966 21919
21966 21921 21919
21921 21966 21967
21967 21922 21921
21922 21967 21969
21925 21962 21924
21930 21962 21925
21962 21930 21963
21970 21971 21972
21971 21970 21973
21974 21972 21971
21972 21974 21975
21975 21974 21976
21977 21976 21974
21978 21977 21974
21971 21978 21974
21977 21978 21979
21980 21979 21978
21979 21980 21981
21981 21980 21982
21980 21983 21982
21984 21981 21982
21985 21981 21984
21984 21986 21985
21983 21987 21982
21983 21988 21987
21989 21985 21986
21985 21989 21990
21991 21985 21990
21981 21991 21979
21991 21981 21985
21980 21992 21983
21992 21980 21978
21983 21993 21988
21993 21983 21992
21994 21979 21991
21979 21994 21977
21994 21995 21977
21995 21996 21977
21994 21997 21995
21995 21997 21998
21976 21995 21998
21997 21999 21998
21994 22000 21997
22000 21999 21997
22001 22000 21994
21991 22001 21994
22001 21991 21990
22001 22002 22000
21998 21999 22003
22004 22003 21999
21999 22000 22004
22000 22002 22004
22003 22004 22005
22004 22002 22006
22007 22006 22002
22008 22002 22001
22007 22002 22008
22009 22008 22001
22008 22009 22010
22010 22007 22008
22007 22010 22011
22011 22012 22007
22013 22007 22012
22013 22006 22007
22014 22006 22013
22006 22014 22004
22004 22014 22005
22015 22013 22012
22013 22015 22016
22013 22017 22014
22017 22013 22016
22017 22005 22014
22015 22018 22016
22018 22015 22019
22019 22020 22018
22019 22021 22020
22021 22019 22022
22015 22022 22019
22021 22023 22020
22023 22021 22024
22024 22025 22023
22025 22024 22026
22025 22026 22027
22022 22015 22028
22015 22029 22028
22029 22015 22012
22012 22011 22029
21978 21971 21992
21973 21992 21971
21992 21973 21993
22030 22031 22032
22031 22030 22033
22031 22034 22032
22034 22035 22032
22035 22034 22036
22037 22032 22035
22032 22037 22038
22030 22039 22033
22036 22040 22035
22040 22036 22041
22041 22042 22040
22042 22041 22043
22043 22044 22042
22044 22043 22045
22044 22046 22042
22035 22047 22037
22047 22035 22040
22044 22045 22048
22044 22048 22049
22045 22050 22048
22050 22051 22048
22052 22040 22042
22052 22047 22040
22038 22037 22053
22048 22051 22054
22055 22048 22054
22054 22056 22055
22055 22057 22048
22058 22055 22056
22055 22058 22059
22060 22055 22059
22055 22060 22057
22058 22061 22059
22062 22059 22061
22063 22059 22062
22064 22059 22063
22063 22065 22064
22065 22063 22066
22064 22065 22067
22065 22068 22067
22065 22069 22068
22065 22066 22069
22068 22070 22067
22068 22071 22070
22068 22069 22071
22071 22072 22070
22072 22071 22073
22074 22072 22073
22072 22074 22075
22074 22076 22075
22077 22070 22072
22070 22077 22067
22075 22078 22072
22078 22077 22072
22076 22079 22075
22079 22078 22075
22074 22080 22076
22080 22081 22076
22082 22076 22081
22083 22076 22082
22082 22081 22084
22084 22085 22082
22086 22082 22085
22082 22086 22087
22088 22087 22086
22088 22086 22089
22088 22089 22090
22088 22090 22091
22092 22091 22090
22091 22093 22088
22091 22094 22093
22094 22095 22093
22094 22096 22095
22097 22095 22096
22095 22097 22098
22096 22094 22099
22099 22094 22091
22099 22091 22100
22092 22100 22091
22098 22101 22095
22101 22093 22095
22101 22098 22102
22093 22103 22088
22103 22087 22088
22098 22104 22102
22098 22105 22104
22098 22097 22105
22104 22105 22106
22106 22107 22104
22104 22108 22102
22107 22108 22104
22108 22109 22102
22108 22110 22109
22110 22108 22111
22112 22111 22108
22113 22112 22108
22108 22107 22113
22114 22109 22110
22109 22115 22102
22109 22114 22115
22116 22115 22114
22117 22115 22116
22118 22115 22117
22119 22115 22118
22120 22119 22118
22121 22115 22119
22102 22115 22121
22102 22121 22122
22119 22123 22121
22120 22123 22119
22123 22124 22121
22121 22124 22122
22123 22125 22124
22125 22122 22124
22125 22123 22126
22123 22127 22126
22120 22127 22123
22125 22126 22128
22128 22126 22129
22125 22128 22130
22131 22125 22130
22122 22125 22131
22130 22132 22131
22130 22133 22132
22128 22133 22130
22128 22134 22133
22135 22134 22128
22128 22129 22135
22133 22134 22136
22132 22137 22131
22138 22136 22134
22139 22138 22134
22138 22140 22136
22141 22139 22134
22142 22141 22134
22135 22142 22134
22143 22136 22140
22144 22136 22143
22145 22144 22143
22146 22144 22145
22147 22144 22146
22148 22136 22144
22149 22148 22144
22149 22144 22147
22150 22149 22147
22149 22150 22151
22149 22151 22152
22153 22149 22152
22153 22152 22154
22154 22152 22155
22154 22155 22156
22156 22157 22154
22153 22158 22149
22149 22158 22148
22158 22153 22159
22159 22160 22158
22158 22160 22148
22154 22161 22153
22162 22153 22161
22153 22162 22159
22154 22163 22161
22163 22162 22161
22164 22162 22163
22164 22163 22165
22165 22163 22154
22154 22157 22165
22157 22166 22165
22166 22167 22165
22168 22164 22165
22169 22168 22165
22167 22169 22165
22170 22164 22168
22170 22168 22171
22172 22164 22170
22172 22170 22173
22173 22170 22174
22174 22170 22171
22175 22164 22172
22176 22164 22175
22175 22177 22176
22178 22164 22176
22179 22178 22176
22179 22176 22180
22176 22177 22180
22179 22180 22181
22181 22182 22179
22181 22183 22182
22182 22184 22179
22179 22184 22178
22182 22185 22184
22185 22182 22186
22187 22186 22182
22187 22182 22183
22184 22185 22188
22185 22186 22189
22185 22189 22190
22185 22190 22191
22188 22185 22191
22190 22192 22191
22192 22190 22193
22194 22192 22193
22192 22194 22195
22192 22195 22196
22197 22196 22195
22198 22192 22196
22199 22196 22197
22199 22200 22196
22200 22199 22201
22200 22201 22202
22203 22200 22202
22204 22200 22203
22196 22200 22205
22205 22200 22204
22202 22206 22203
22207 22206 22202
22207 22202 22208
22207 22208 22209
22209 22210 22207
22210 22206 22207
22202 22211 22208
22201 22211 22202
22209 22212 22210
22210 22212 22213
22212 22214 22213
22214 22215 22213
22213 22215 22216
22213 22217 22210
22216 22218 22213
22218 22219 22213
22218 22220 22219
22220 22218 22221
22222 22221 22218
22222 22223 22221
22224 22221 22223
22225 22221 22224
22226 22221 22225
22227 22226 22225
22226 22227 22228
22226 22229 22221
22226 22228 22230
22222 22218 22231
22216 22231 22218
22228 22227 22232
22228 22232 22233
22234 22233 22232
22233 22234 22235
22236 22235 22234
22235 22236 22237
22237 22236 22238
22238 22239 22237
22237 22240 22235
22235 22241 22233
22241 22235 22240
22242 22228 22233
22242 22233 22241
22243 22237 22239
22237 22243 22244
22237 22244 22240
22245 22240 22244
22244 22243 22246
22244 22246 22245
22239 22247 22243
22247 22248 22243
22248 22246 22243
22246 22248 22249
22248 22247 22250
22251 22248 22250
22250 22252 22251
22253 22251 22252
22252 22250 22254
22039 22251 22253
22248 22251 22255
22030 22255 22251
22030 22251 22039
22032 22255 22030
22255 22032 22038
22038 22256 22255
22248 22255 22256
22250 22257 22254
22257 22250 22247
22258 22257 22247
22259 22258 22247
22239 22259 22247
22239 22260 22259
22053 22256 22038
22256 22053 22261
22238 22260 22239
22059 22064 22262
22263 22082 22087
22103 22263 22087
22264 22172 22265
22172 22173 22265
22264 22175 22172
22175 22264 22266
22175 22266 22177
22267 22191 22192
22188 22191 22267
22160 22268 22148
22268 22160 22269
22136 22148 22268
22270 22269 22160
22160 22159 22270
22269 22270 22271
22272 22245 22246
22246 22273 22272
22273 22246 22249
22171 22168 22274
22169 22274 22168
22152 22275 22155
22151 22275 22152
22127 22276 22126
22126 22276 22129
22277 22278 22279
22277 22280 22278
22280 22281 22278
22281 22282 22278
22281 22283 22282
22284 22278 22282
22278 22284 22285
22278 22286 22279
22287 22282 22283
22288 22282 22287
22289 22282 22288
22289 22290 22282
22290 22291 22282
22291 22290 22292
22293 22282 22291
22282 22293 22294
22291 22292 22295
22291 22295 22296
22295 22297 22296
22296 22297 22298
22296 22298 22299
22299 22298 22300
22300 22301 22299
22301 22300 22302
22302 22303 22301
22303 22302 22304
22305 22303 22304
22306 22303 22305
22307 22303 22306
22308 22303 22307
22308 22309 22303
22299 22301 22310
22301 22303 22311
22308 22312 22309
22309 22312 22313
22313 22314 22309
22314 22313 22315
22316 22314 22315
22314 22316 22317
22317 22316 22318
22319 22317 22318
22319 22320 22317
22319 22321 22320
22321 22322 22320
22322 22323 22320
22323 22324 22320
22324 22325 22320
22324 22326 22325
22327 22325 22326
22328 22325 22327
22329 22325 22328
22329 22330 22325
22320 22325 22331
22329 22332 22330
22330 22332 22333
22333 22334 22330
22334 22333 22335
22336 22334 22335
22334 22336 22337
22337 22336 22338
22339 22337 22338
22339 22340 22337
22339 22341 22340
22341 22342 22340
22342 22343 22340
22343 22344 22340
22344 22343 22345
22337 22340 22346
22347 22344 22345
22344 22347 22348
22349 22348 22347
22350 22348 22349
22351 22348 22350
22351 22352 22348
22340 22344 22353
22352 22354 22348
22354 22352 22355
22355 22356 22354
22356 22355 22357
22357 22358 22356
22358 22357 22359
22358 22359 22360
22361 22354 22356
22354 22361 22362
22363 22358 22360
22364 22363 22360
22364 22365 22363
22365 22366 22363
22366 22367 22363
22368 22363 22367
22368 22369 22363
22370 22369 22368
22371 22369 22370
22372 22369 22371
22373 22369 22372
22373 22374 22369
22374 22375 22369
22375 22374 22376
22376 22377 22375
22377 22376 22378
22378 22379 22377
22379 22378 22380
22379 22380 22381
22379 22381 22382
22383 22369 22375
22369 22383 22384
22381 22385 22382
22385 22386 22382
22386 22387 22382
22387 22388 22382
22388 22389 22382
22389 22390 22382
22390 22391 22382
22392 22391 22390
22393 22391 22392
22391 22394 22382
22393 22395 22391
22395 22393 22396
22396 22397 22395
22397 22396 22398
22399 22397 22398
22397 22399 22400
22400 22399 22401
22402 22400 22401
22402 22403 22400
22402 22404 22403
22404 22405 22403
22405 22406 22403
22406 22407 22403
22407 22408 22403
22409 22408 22407
22410 22408 22409
22410 22411 22408
22408 22412 22403
22412 22408 22413
22411 22414 22408
22414 22415 22408
22415 22414 22416
22413 22417 22412
22417 22413 22418
22415 22416 22418
22418 22416 22419
22418 22420 22417
22418 22421 22420
22418 22419 22421
22422 22420 22421
22420 22422 22423
22424 22425 22417
22425 22424 22426
22427 22424 22417
22424 22427 22428
22428 22427 22423
22425 22426 22400
22400 22426 22397
22425 22400 22403
22424 22429 22430
22429 22424 22431
22395 22430 22429
22430 22395 22397
22431 22424 22432
22431 22432 22433
22433 22432 22434
22434 22435 22423
22431 22433 22436
22437 22431 22436
22438 22439 22436
22439 22438 22440
22440 22379 22439
22379 22440 22377
22441 22438 22436
22438 22441 22442
22434 22442 22441
22443 22442 22434
22444 22442 22443
22445 22442 22444
22445 22438 22442
22446 22438 22445
22438 22446 22447
22445 22444 22448
22448 22449 22445
22375 22447 22446
22447 22375 22377
22448 22450 22451
22451 22450 22358
22358 22450 22356
22452 22453 22443
22454 22455 22452
22455 22454 22456
22456 22457 22455
22457 22456 22458
22458 22459 22457
22459 22458 22460
22448 22461 22457
22452 22461 22462
22461 22448 22462
22460 22337 22459
22337 22460 22334
22362 22448 22457
22448 22362 22361
22458 22463 22464
22463 22458 22465
22330 22464 22463
22464 22330 22334
22465 22458 22466
22465 22466 22467
22454 22467 22466
22467 22454 22468
22465 22467 22469
22469 22470 22465
22470 22469 22471
22471 22317 22470
22317 22471 22314
22469 22472 22473
22472 22469 22474
22309 22473 22472
22473 22309 22314
22474 22469 22475
22474 22475 22476
22477 22475 22468
22475 22477 22476
22474 22476 22478
22478 22479 22474
22479 22478 22480
22480 22299 22479
22299 22480 22296
22478 22481 22482
22481 22478 22483
22484 22483 22478
22483 22484 22485
22477 22485 22484
22485 22477 22486
22291 22482 22481
22482 22291 22296
22486 22487 22488
22487 22486 22422
22489 22488 22487
22488 22489 22483
22489 22490 22483
22489 22487 22419
22491 22489 22419
22489 22491 22490
22286 22490 22491
22490 22286 22278
22285 22284 22483
22294 22293 22483
22465 22492 22493
22493 22492 22320
22320 22492 22317
22465 22494 22495
22495 22494 22325
22495 22325 22330
22391 22496 22497
22497 22496 22431
22395 22496 22391
22382 22498 22499
22499 22498 22436
22382 22499 22379
22363 22500 22501
22501 22500 22445
22369 22500 22363
22384 22383 22445
22502 22358 22363
22348 22503 22504
22504 22503 22457
22354 22503 22348
22346 22505 22457
22346 22340 22505
22506 22344 22348
22303 22507 22508
22508 22507 22474
22303 22309 22507
22310 22509 22474
22310 22301 22509
21990 22009 22001
22009 21990 21989
