byte offset: 0
first index: 74412
index count: 7602
topology: trianglelist
format: DXGI_FORMAT_R16_UINT

20533 20534 20535
20534 20536 20535
20536 20534 20537
20538 20536 20537
20536 20538 20539
20539 20540 20536
20540 20539 20541
20542 20538 20537
20537 20543 20542
20544 20543 20537
20543 20544 20545
20544 20546 20545
20545 20547 20543
20547 20545 20548
20546 20548 20545
20549 20543 20547
20543 20549 20542
20549 20538 20542
20538 20549 20550
20550 20539 20538
20539 20550 20551
20551 20541 20539
20548 20546 20552
20553 20552 20546
20554 20553 20546
20554 20546 20544
20554 20544 20555
20556 20553 20554
20554 20557 20556
20554 20558 20557
20559 20557 20558
20558 20560 20559
20560 20558 20561
20562 20561 20558
20558 20554 20562
20562 20554 20563
20562 20564 20561
20564 20560 20561
20564 20562 20565
20565 20566 20564
20567 20566 20565
20566 20567 20568
20569 20568 20567
20567 20570 20569
20571 20570 20567
20570 20571 20572
20571 20573 20572
20571 20567 20574
20575 20573 20571
20575 20571 20576
20573 20575 20577
20578 20577 20575
20577 20578 20579
20578 20580 20579
20580 20578 20581
20581 20582 20580
20583 20580 20582
20582 20584 20583
20584 20582 20585
20585 20582 20586
20586 20587 20585
20588 20585 20587
20585 20588 20584
20587 20589 20588
20589 20587 20590
20590 20587 20591
20591 20592 20590
20591 20593 20592
20593 20591 20594
20595 20593 20594
20596 20595 20594
20595 20596 20597
20598 20597 20596
20599 20598 20596
20599 20596 20600
20598 20601 20597
20601 20595 20597
20601 20598 20602
20603 20602 20598
20598 20599 20603
20604 20603 20599
20599 20605 20604
20599 20606 20605
20607 20605 20606
20606 20608 20607
20608 20606 20609
20609 20606 20610
20610 20606 20599
20611 20609 20610
20610 20599 20612
20613 20609 20611
20609 20613 20608
20614 20613 20611
20614 20611 20615
20615 20611 20610
20613 20614 20616
20614 20617 20616
20605 20607 20618
20619 20605 20618
20605 20619 20604
20620 20604 20619
20604 20620 20603
20602 20603 20620
20610 20621 20615
20621 20610 20622
20622 20623 20621
20623 20622 20624
20625 20626 20623
20626 20625 20627
20627 20615 20626
20615 20627 20628
20624 20629 20630
20596 20630 20629
20630 20596 20594
20631 20624 20632
20633 20634 20631
20634 20633 20635
20581 20635 20633
20635 20581 20578
20636 20634 20637
20634 20636 20638
20637 20575 20636
20639 20578 20575
20640 20641 20638
20641 20640 20642
20640 20567 20642
20643 20641 20644
20641 20643 20645
20644 20565 20643
20567 20565 20646
20565 20562 20643
20647 20645 20648
20645 20647 20533
20648 20537 20647
20648 20544 20537
20649 20650 20533
20650 20649 20651
20651 20649 20652
20653 20651 20652
20652 20654 20653
20653 20654 20655
20655 20656 20653
20652 20657 20654
20540 20657 20652
20540 20652 20658
20657 20540 20659
20659 20660 20657
20660 20659 20661
20659 20662 20661
20663 20657 20660
20657 20663 20654
20664 20654 20663
20654 20664 20655
20655 20665 20656
20665 20655 20664
20666 20656 20665
20656 20666 20667
20668 20656 20667
20668 20667 20669
20669 20670 20668
20668 20670 20671
20668 20671 20672
20672 20673 20668
20673 20672 20674
20675 20667 20666
20667 20675 20669
20675 20670 20669
20670 20675 20676
20676 20671 20670
20671 20676 20677
20677 20678 20671
20672 20671 20678
20678 20679 20672
20672 20679 20680
20680 20681 20672
20681 20680 20682
20678 20677 20683
20683 20679 20678
20679 20683 20684
20684 20685 20679
20680 20679 20685
20685 20684 20686
20686 20687 20685
20688 20685 20687
20687 20689 20688
20687 20686 20690
20690 20689 20687
20689 20690 20691
20692 20689 20691
20689 20692 20693
20628 20689 20693
20628 20693 20694
20695 20693 20692
20693 20695 20694
20617 20694 20695
20694 20617 20696
20694 20696 20628
20696 20615 20628
20541 20697 20662
20541 20551 20697
20595 20601 20698
20698 20593 20595
20593 20698 20699
20699 20592 20593
20592 20699 20700
20700 20590 20592
20590 20700 20589
20580 20583 20701
20701 20579 20580
20579 20701 20702
20703 20579 20702
20579 20703 20577
20704 20577 20703
20577 20704 20573
20704 20572 20573
20572 20704 20705
20706 20572 20705
20572 20706 20570
20707 20570 20706
20570 20707 20569
20708 20569 20707
20569 20708 20568
20709 20568 20708
20568 20709 20566
20710 20566 20709
20566 20710 20564
20560 20564 20710
20557 20559 20711
20711 20556 20557
20556 20711 20712
20713 20556 20712
20556 20713 20553
20552 20553 20713
20714 20715 20716
20715 20714 20650
20715 20668 20716
20715 20653 20668
20653 20656 20668
20674 20714 20673
20674 20625 20714
20682 20625 20681
20631 20717 20718
20594 20718 20717
20718 20594 20591
20719 20536 20540
20720 20721 20722
20721 20720 20723
20720 20724 20723
20725 20724 20720
20720 20726 20725
20727 20720 20722
20720 20727 20728
20728 20726 20720
20729 20728 20727
20728 20729 20730
20729 20731 20730
20731 20729 20732
20732 20733 20731
20733 20732 20734
20735 20733 20734
20733 20735 20736
20737 20730 20731
20730 20737 20738
20739 20726 20728
20728 20740 20739
20730 20740 20728
20738 20741 20730
20740 20730 20741
20742 20737 20731
20731 20743 20742
20744 20731 20733
20731 20744 20743
20736 20745 20733
20745 20736 20746
20747 20746 20736
20736 20748 20747
20749 20736 20735
20736 20749 20750
20750 20748 20736
20751 20748 20750
20750 20752 20751
20753 20750 20749
20750 20753 20754
20755 20754 20753
20754 20755 20756
20755 20757 20756
20757 20755 20758
20758 20759 20757
20759 20758 20760
20760 20761 20759
20761 20762 20759
20763 20762 20761
20761 20760 20764
20764 20765 20761
20765 20764 20766
20766 20767 20765
20767 20766 20768
20765 20769 20761
20765 20770 20769
20771 20767 20768
20767 20771 20772
20771 20773 20772
20773 20774 20772
20775 20774 20773
20773 20771 20776
20776 20777 20773
20777 20776 20778
20779 20777 20778
20777 20779 20780
20777 20781 20773
20773 20781 20775
20782 20781 20777
20777 20783 20782
20783 20777 20780
20783 20780 20784
20780 20785 20784
20786 20785 20780
20785 20786 20787
20788 20787 20786
20786 20789 20788
20789 20786 20790
20791 20790 20786
20791 20780 20779
20780 20791 20786
20790 20791 20792
20792 20793 20790
20793 20792 20794
20794 20795 20793
20795 20794 20796
20796 20797 20795
20797 20796 20798
20795 20799 20793
20795 20800 20799
20801 20800 20795
20795 20802 20801
20795 20803 20802
20797 20803 20795
20804 20803 20797
20797 20805 20804
20806 20797 20798
20797 20806 20807
20807 20805 20797
20807 20808 20805
20809 20807 20806
20807 20809 20810
20810 20808 20807
20809 20723 20810
20811 20810 20723
20810 20811 20812
20810 20812 20813
20808 20810 20813
20814 20811 20723
20723 20809 20721
20723 20724 20814
20806 20815 20809
20815 20806 20816
20816 20817 20815
20818 20721 20809
20817 20819 20818
20721 20818 20819
20817 20820 20821
20820 20798 20821
20798 20820 20806
20822 20798 20796
20798 20822 20823
20822 20817 20823
20824 20796 20794
20796 20824 20825
20824 20826 20825
20827 20828 20826
20828 20827 20829
20779 20829 20827
20829 20779 20778
20830 20831 20828
20831 20830 20832
20778 20832 20830
20832 20778 20776
20833 20834 20831
20834 20833 20835
20768 20835 20833
20835 20768 20766
20836 20837 20834
20837 20836 20838
20766 20838 20836
20838 20766 20764
20839 20840 20837
20840 20839 20841
20758 20841 20839
20841 20758 20755
20842 20840 20843
20840 20842 20844
20753 20843 20755
20843 20753 20842
20845 20846 20844
20846 20845 20847
20845 20734 20847
20734 20845 20735
20848 20846 20849
20846 20848 20850
20732 20849 20734
20849 20732 20848
20851 20852 20850
20852 20851 20853
20851 20722 20853
20722 20851 20727
20854 20727 20855
20855 20850 20854
20727 20854 20729
20856 20732 20729
20732 20856 20857
20856 20850 20857
20858 20735 20859
20859 20844 20858
20735 20858 20749
20860 20749 20861
20861 20844 20860
20749 20860 20753
20862 20722 20721
20862 20852 20863
20852 20862 20817
20722 20862 20863
20772 20864 20865
20865 20866 20772
20772 20866 20767
20767 20866 20867
20867 20868 20767
20868 20765 20767
20772 20774 20864
20869 20765 20868
20765 20869 20870
20870 20770 20765
20763 20871 20872
20873 20763 20872
20763 20873 20762
20874 20762 20873
20762 20874 20875
20759 20762 20875
20875 20876 20759
20874 20876 20875
20759 20876 20877
20876 20874 20878
20878 20877 20876
20877 20878 20879
20761 20871 20763
20761 20769 20871
20759 20877 20757
20757 20877 20880
20757 20880 20881
20881 20882 20757
20883 20882 20881
20881 20884 20883
20881 20880 20884
20882 20883 20885
20884 20880 20886
20886 20880 20887
20887 20877 20879
20887 20880 20877
20757 20882 20756
20888 20756 20882
20888 20889 20756
20888 20890 20889
20890 20888 20891
20892 20888 20882
20882 20885 20892
20888 20892 20893
20893 20891 20888
20894 20889 20890
20889 20894 20895
20895 20756 20889
20894 20896 20895
20895 20896 20897
20895 20897 20754
20756 20895 20754
20754 20897 20898
20750 20754 20898
20897 20899 20898
20897 20896 20900
20897 20900 20899
20750 20898 20752
20898 20901 20752
20901 20898 20902
20898 20899 20902
20903 20752 20901
20752 20903 20751
20904 20751 20903
20751 20904 20748
20904 20747 20748
20747 20904 20905
20905 20746 20747
20733 20906 20907
20907 20744 20733
20733 20745 20906
20908 20909 20793
20793 20909 20790
20790 20909 20789
20793 20799 20908
20760 20758 20910
20764 20760 20911
20771 20768 20912
20776 20771 20913
20914 20779 20915
20779 20914 20791
20915 20826 20914
20826 20916 20917
20917 20792 20791
20792 20917 20916
20918 20794 20792
20794 20918 20919
20918 20826 20919
20826 20920 20921
20920 20826 20922
20920 20796 20921
20923 20924 20925
20926 20925 20924
20925 20926 20927
20926 20928 20927
20928 20926 20929
20930 20929 20926
20929 20930 20931
20932 20927 20928
20927 20932 20933
20933 20934 20927
20934 20933 20935
20934 20935 20936
20937 20935 20933
20935 20937 20938
20938 20936 20935
20933 20939 20937
20939 20933 20932
20928 20939 20932
20939 20928 20940
20929 20940 20928
20940 20929 20941
20931 20941 20929
20936 20938 20942
20942 20943 20936
20944 20936 20943
20944 20934 20936
20944 20945 20934
20946 20944 20943
20944 20946 20947
20944 20947 20948
20947 20949 20948
20950 20948 20949
20948 20950 20951
20952 20948 20951
20948 20952 20944
20952 20953 20944
20954 20952 20951
20950 20954 20951
20952 20954 20955
20955 20954 20956
20956 20957 20955
20957 20956 20958
20959 20957 20958
20957 20959 20960
20960 20961 20957
20961 20960 20962
20961 20962 20963
20961 20964 20957
20963 20965 20961
20965 20966 20961
20965 20963 20967
20967 20968 20965
20968 20967 20969
20970 20968 20969
20968 20970 20971
20971 20970 20972
20970 20973 20972
20974 20972 20973
20972 20974 20975
20975 20976 20972
20976 20975 20977
20978 20975 20974
20975 20978 20977
20979 20977 20978
20977 20979 20980
20980 20981 20977
20981 20980 20982
20983 20981 20982
20981 20983 20984
20985 20984 20983
20985 20986 20984
20986 20985 20987
20988 20986 20987
20989 20986 20988
20989 20990 20986
20991 20988 20987
20985 20991 20987
20988 20991 20992
20992 20993 20988
20988 20993 20989
20994 20989 20993
20989 20994 20995
20989 20995 20996
20995 20997 20996
20998 20996 20997
20996 20998 20999
20999 21000 20996
21000 20989 20996
21001 21000 20999
21000 21002 20989
21003 20999 20998
20999 21003 21001
21003 21004 21001
21004 21005 21001
21005 21000 21001
21004 21003 21006
21004 21006 21007
20997 20995 21008
20995 21009 21008
21009 20995 20994
20994 21010 21009
21011 21000 21005
21000 21011 21012
21013 21012 21011
21012 21013 21014
21015 21016 21013
21016 21015 21017
21005 21017 21015
21017 21005 21018
21019 21018 21005
21007 21020 21019
21020 21018 21019
21018 21020 21021
21018 21021 21022
21023 21022 21021
21022 21023 21024
21025 21022 21024
21022 21025 21026
21026 21027 21022
21027 21026 21028
21029 21026 21025
21026 21029 21028
21030 21028 21029
21028 21030 21031
21032 21031 21030
21031 21032 21033
21033 21034 21031
21034 21035 21031
21035 21028 21031
21036 21035 21034
21035 21036 21037
21038 21033 21032
21033 21038 21039
21034 21033 21039
21040 21034 21039
21041 21034 21040
21034 21041 21042
21040 21039 21043
21044 21040 21043
21040 21044 21045
21040 21045 21046
21047 21046 21045
21046 21047 21048
21048 21049 21046
21049 21050 21046
21050 21040 21046
21050 21049 21051
21052 21051 21049
21049 21048 21052
21051 21052 21053
21053 21054 21051
21055 21051 21054
21055 21050 21051
21054 20930 21055
20930 21056 21055
20930 21054 21057
21058 21057 21054
21054 21053 21058
21057 21058 21059
21057 21059 21060
21050 21055 21061
21061 21055 21062
21062 21063 21061
21063 21062 20923
21064 21065 20923
21065 21064 21066
21066 21064 20927
21066 20927 20934
21067 21068 21065
21068 21067 21069
21069 21067 20955
20955 21067 20952
21070 21068 21071
21068 21070 21072
21070 21071 20957
20957 21073 20955
21074 21075 21072
21075 21074 21076
21076 21074 20965
21077 21075 21078
21075 21077 21079
21078 20971 21077
20971 21078 20968
21080 20965 20968
21079 21081 21014
21014 21082 21083
21082 20986 21083
20986 21082 20984
21079 21084 21085
21084 20984 21085
20984 21084 20981
20931 21060 21086
20941 20931 21086
21045 21087 21047
21087 21045 21044
21043 21087 21044
21087 21043 21088
21039 21088 21043
21088 21039 21038
21021 21089 21023
21089 21021 21020
21020 21007 21089
21010 20994 20993
20993 20992 21010
20991 20985 21090
20983 21090 20985
21090 20983 21091
20982 21091 20983
21091 20982 21092
20980 21092 20982
21092 20980 20979
20973 20970 21093
20969 21093 20970
21093 20969 21094
20969 21095 21094
21095 20969 20967
20967 21096 21095
21096 20967 20963
20962 21096 20963
21096 20962 21097
20962 21098 21097
21098 20962 20960
20960 21099 21098
21099 20960 20959
20959 21100 21099
21100 20959 20958
20958 21101 21100
21101 20958 20956
20956 21102 21101
21102 20956 20954
20954 20950 21102
20949 20947 21103
20946 21103 20947
21103 20946 21104
20946 21105 21104
21105 20946 20943
20943 20942 21105
21106 21107 21108
21107 21106 21063
21106 21108 21040
21106 21040 21050
21042 21041 21107
21042 21107 21016
21037 21036 21016
21109 20930 20926
21110 21111 21112
21111 21110 21113
21110 21112 21114
21115 21110 21114
21110 21115 21116
21110 21117 21113
21117 21110 21118
21118 21110 21116
21118 21119 21117
21119 21118 21120
21121 21119 21120
21119 21121 21122
21123 21122 21121
21122 21123 21124
21123 21125 21124
21125 21123 21126
21120 21127 21121
21127 21120 21128
21129 21118 21116
21118 21129 21130
21130 21120 21118
21128 21120 21131
21120 21130 21131
21132 21121 21127
21121 21132 21133
21134 21121 21133
21121 21134 21123
21135 21126 21123
21126 21135 21136
21137 21126 21136
21126 21137 21138
21126 21139 21125
21139 21126 21140
21140 21126 21138
21141 21140 21138
21140 21141 21142
21140 21143 21139
21143 21140 21144
21144 21145 21143
21145 21144 21146
21147 21145 21146
21145 21147 21148
21149 21148 21147
21148 21149 21150
21151 21150 21149
21151 21149 21152
21153 21151 21152
21150 21151 21154
21155 21154 21151
21154 21155 21156
21157 21156 21155
21156 21157 21158
21155 21151 21159
21155 21159 21160
21157 21161 21158
21161 21157 21162
21163 21161 21162
21163 21162 21164
21165 21163 21164
21161 21163 21166
21167 21166 21163
21166 21167 21168
21167 21169 21168
21169 21167 21170
21167 21163 21171
21163 21165 21171
21172 21167 21171
21167 21172 21173
21173 21170 21167
21173 21174 21170
21170 21174 21175
21175 21176 21170
21176 21175 21177
21178 21176 21177
21179 21176 21178
21176 21179 21180
21180 21181 21176
21181 21170 21176
21170 21181 21169
21181 21180 21182
21183 21182 21180
21182 21183 21184
21185 21184 21183
21184 21185 21186
21187 21186 21185
21186 21187 21188
21185 21183 21189
21185 21189 21190
21191 21185 21190
21185 21191 21192
21185 21192 21193
21187 21185 21193
21194 21187 21193
21187 21194 21195
21187 21196 21188
21196 21187 21197
21197 21187 21195
21197 21195 21198
21197 21199 21196
21199 21197 21200
21198 21200 21197
21112 21199 21200
21200 21201 21112
21201 21200 21202
21200 21203 21202
21200 21198 21203
21204 21112 21201
21199 21112 21111
21112 21204 21114
21205 21196 21199
21196 21205 21206
21206 21205 21207
21111 21208 21199
21207 21208 21209
21208 21111 21209
21207 21210 21211
21188 21211 21210
21211 21188 21196
21212 21188 21213
21212 21213 21207
21188 21212 21186
21214 21186 21215
21186 21214 21184
21214 21215 21216
21217 21218 21216
21218 21217 21219
21219 21169 21218
21169 21219 21168
21220 21221 21217
21221 21220 21222
21222 21168 21221
21168 21222 21166
21223 21224 21220
21224 21223 21225
21225 21158 21224
21158 21225 21156
21226 21227 21223
21227 21226 21228
21228 21156 21227
21156 21228 21154
21229 21230 21226
21230 21229 21231
21231 21148 21230
21148 21231 21145
21229 21232 21233
21232 21229 21234
21143 21233 21232
21233 21143 21145
21235 21236 21234
21236 21235 21237
21124 21236 21237
21236 21124 21125
21235 21238 21239
21238 21235 21240
21122 21239 21238
21239 21122 21124
21241 21242 21240
21242 21241 21243
21113 21242 21243
21242 21113 21117
21117 21244 21245
21245 21244 21240
21244 21117 21119
21122 21246 21119
21246 21122 21247
21246 21247 21240
21125 21248 21249
21249 21248 21234
21248 21125 21139
21139 21250 21251
21251 21250 21234
21250 21139 21143
21113 21252 21111
21241 21252 21253
21252 21241 21207
21252 21113 21253
21162 21254 21255
21254 21162 21256
21162 21157 21256
21157 21257 21256
21257 21157 21258
21258 21157 21155
21162 21255 21164
21259 21258 21155
21155 21260 21259
21260 21155 21160
21153 21261 21262
21153 21263 21261
21263 21153 21152
21152 21264 21263
21264 21152 21265
21149 21265 21152
21265 21149 21266
21266 21264 21265
21149 21267 21266
21264 21266 21268
21267 21268 21266
21268 21267 21269
21151 21153 21262
21151 21262 21159
21149 21147 21267
21147 21270 21267
21147 21271 21270
21271 21147 21272
21272 21273 21271
21271 21273 21274
21271 21274 21270
21273 21272 21275
21274 21276 21270
21276 21277 21270
21277 21269 21267
21277 21267 21270
21147 21146 21272
21278 21272 21146
21278 21146 21279
21280 21278 21279
21278 21280 21281
21278 21282 21272
21272 21282 21275
21282 21278 21283
21283 21278 21281
21279 21284 21280
21284 21279 21285
21285 21279 21146
21284 21285 21286
21285 21287 21286
21285 21144 21287
21146 21144 21285
21144 21288 21287
21140 21288 21144
21287 21288 21289
21287 21290 21286
21287 21289 21290
21140 21142 21288
21291 21288 21142
21288 21291 21292
21288 21292 21289
21142 21293 21291
21293 21142 21141
21141 21294 21293
21294 21141 21138
21137 21294 21138
21294 21137 21295
21295 21137 21136
21123 21296 21297
21296 21123 21134
21123 21297 21135
21298 21183 21299
21183 21180 21299
21180 21179 21299
21183 21298 21189
21150 21300 21148
21154 21301 21150
21161 21302 21158
21166 21303 21161
21169 21304 21305
21304 21169 21181
21305 21304 21216
21216 21306 21307
21182 21306 21181
21306 21182 21307
21184 21308 21182
21308 21184 21309
21308 21309 21216
21310 21216 21311
21216 21310 21312
21310 21311 21186
21313 21314 21315
21314 21313 21316
21317 21315 21314
21315 21317 21318
21318 21317 21319
21320 21319 21317
21321 21320 21317
21314 21321 21317
21320 21321 21322
21321 21314 21323
21316 21323 21314
21323 21316 21324
21322 21325 21320
21325 21322 21326
21319 21320 21327
21327 21320 21325
21319 21327 21328
21327 21329 21328
21329 21327 21325
21328 21329 21330
21325 21331 21329
21331 21330 21329
21330 21332 21328
21333 21332 21330
21330 21331 21333
21332 21333 21334
21335 21334 21333
21335 21333 21336
21336 21333 21331
21337 21336 21331
21338 21337 21331
21325 21338 21331
21336 21337 21339
21337 21338 21339
21340 21339 21338
21339 21340 21341
21341 21342 21339
21336 21339 21342
21343 21336 21342
21336 21343 21335
21343 21344 21335
21335 21344 21334
21344 21343 21345
21342 21341 21346
21346 21347 21342
21343 21347 21345
21347 21343 21342
21347 21348 21345
21347 21346 21349
21347 21350 21348
21350 21347 21349
21351 21345 21348
21345 21351 21352
21351 21353 21352
21351 21354 21353
21354 21351 21355
21348 21355 21351
21355 21348 21350
21354 21356 21353
21356 21354 21357
21357 21358 21356
21358 21357 21359
21358 21359 21360
21361 21362 21363
21363 21364 21361
21361 21364 21365
21364 21366 21365
21366 21367 21365
21367 21368 21365
21367 21369 21368
21370 21363 21362
21363 21370 21371
21326 21363 21371
21326 21364 21363
21364 21326 21322
21322 21366 21364
21366 21322 21321
21366 21323 21367
21323 21366 21321
21367 21324 21369
21324 21367 21323
21371 21325 21326
21325 21371 21338
21371 21340 21338
21340 21371 21370
21372 21373 21374
21373 21372 21375
21374 21376 21372
21376 21374 21377
21377 21378 21376
21379 21376 21378
21379 21380 21376
21380 21372 21376
21380 21379 21381
21381 21382 21380
21382 21381 21383
21383 21384 21382
21382 21384 21385
21386 21384 21383
21387 21386 21383
21386 21387 21388
21385 21384 21389
21385 21389 21390
21391 21382 21385
21382 21391 21380
21392 21385 21390
21385 21392 21391
21383 21393 21387
21393 21383 21381
21381 21394 21393
21394 21381 21379
21395 21393 21394
21393 21395 21396
21396 21387 21393
21397 21396 21395
21398 21397 21395
21397 21398 21399
21396 21397 21400
21400 21387 21396
21387 21400 21388
21395 21394 21401
21394 21402 21401
21395 21401 21403
21398 21395 21403
21404 21399 21398
21404 21398 21403
21404 21403 21405
21399 21404 21406
21407 21406 21404
21408 21407 21404
21408 21404 21405
21409 21408 21405
21408 21410 21407
21410 21408 21411
21408 21412 21411
21412 21408 21409
21413 21410 21411
21410 21413 21414
21414 21413 21415
21416 21414 21415
21414 21416 21417
21417 21410 21414
21418 21416 21415
21416 21418 21419
21420 21419 21418
21419 21420 21421
21420 21422 21421
21410 21417 21423
21424 21410 21423
21410 21424 21407
21406 21407 21424
21412 21409 21425
21426 21425 21409
21426 21427 21425
21427 21426 21428
21429 21427 21428
21402 21429 21428
21430 21429 21402
21378 21429 21430
21401 21428 21426
21428 21401 21402
21405 21426 21409
21426 21405 21403
21401 21426 21403
21394 21430 21402
21394 21379 21430
21430 21379 21431
21372 21380 21391
21391 21375 21372
21375 21391 21392
21432 21433 21434
21433 21432 21435
21433 21435 21436
21437 21436 21435
21436 21437 21438
21435 21439 21437
21439 21435 21440
21432 21434 21441
21442 21438 21437
21438 21442 21443
21444 21443 21442
21443 21444 21445
21446 21445 21444
21445 21446 21447
21446 21444 21448
21437 21449 21442
21449 21437 21439
21446 21450 21447
21446 21451 21450
21447 21450 21452
21452 21450 21453
21454 21444 21442
21454 21442 21449
21440 21455 21439
21450 21456 21453
21457 21456 21450
21456 21457 21458
21457 21450 21459
21460 21458 21457
21457 21461 21460
21462 21461 21457
21457 21459 21462
21460 21461 21463
21464 21463 21461
21465 21464 21461
21466 21465 21461
21467 21465 21466
21465 21467 21468
21466 21469 21467
21467 21469 21470
21467 21470 21471
21467 21471 21468
21470 21469 21472
21470 21472 21473
21470 21473 21471
21474 21473 21472
21473 21474 21475
21474 21476 21475
21476 21474 21477
21476 21477 21478
21479 21474 21472
21472 21469 21479
21477 21474 21480
21480 21474 21479
21478 21477 21481
21481 21477 21480
21476 21478 21482
21482 21478 21483
21484 21483 21478
21485 21484 21478
21484 21486 21483
21486 21484 21487
21484 21488 21487
21488 21484 21489
21490 21488 21489
21490 21491 21488
21490 21492 21491
21490 21493 21492
21494 21492 21493
21493 21490 21495
21493 21495 21496
21496 21495 21497
21498 21496 21497
21497 21499 21498
21499 21497 21500
21496 21498 21501
21501 21493 21496
21501 21502 21493
21494 21493 21502
21500 21497 21503
21503 21497 21495
21503 21504 21500
21495 21490 21505
21505 21490 21489
21500 21504 21506
21500 21506 21507
21500 21507 21499
21506 21508 21507
21508 21506 21509
21506 21504 21510
21509 21506 21510
21510 21504 21511
21512 21510 21511
21510 21512 21513
21514 21510 21513
21515 21510 21514
21510 21515 21509
21516 21512 21511
21511 21504 21517
21511 21517 21516
21518 21516 21517
21519 21518 21517
21520 21519 21517
21521 21520 21517
21522 21520 21521
21523 21521 21517
21504 21523 21517
21504 21524 21523
21521 21523 21525
21522 21521 21525
21525 21523 21526
21523 21524 21526
21525 21526 21527
21524 21527 21526
21527 21528 21525
21525 21528 21529
21522 21525 21529
21527 21530 21528
21530 21531 21528
21527 21532 21530
21533 21532 21527
21527 21524 21533
21532 21533 21534
21532 21534 21535
21530 21532 21535
21530 21535 21536
21537 21530 21536
21530 21537 21531
21535 21538 21536
21534 21533 21539
21540 21536 21538
21541 21536 21540
21540 21538 21542
21543 21536 21541
21544 21536 21543
21537 21536 21544
21545 21542 21538
21546 21545 21538
21547 21545 21546
21548 21547 21546
21549 21548 21546
21550 21546 21538
21551 21546 21550
21551 21549 21546
21552 21549 21551
21551 21553 21552
21551 21554 21553
21555 21554 21551
21555 21556 21554
21556 21557 21554
21556 21558 21557
21558 21556 21559
21555 21551 21560
21551 21550 21560
21560 21561 21555
21561 21560 21562
21560 21550 21562
21556 21555 21563
21555 21564 21563
21564 21555 21561
21556 21563 21565
21565 21563 21564
21566 21565 21564
21566 21567 21565
21567 21556 21565
21556 21567 21559
21559 21567 21568
21568 21567 21569
21570 21567 21566
21571 21567 21570
21569 21567 21571
21572 21570 21566
21572 21573 21570
21574 21572 21566
21574 21575 21572
21575 21576 21572
21576 21573 21572
21577 21574 21566
21578 21577 21566
21577 21578 21579
21580 21578 21566
21581 21578 21580
21581 21582 21578
21578 21582 21579
21581 21583 21582
21583 21581 21584
21583 21584 21585
21584 21581 21586
21581 21580 21586
21584 21586 21587
21587 21588 21584
21589 21584 21588
21589 21585 21584
21586 21590 21587
21587 21591 21588
21587 21592 21591
21587 21593 21592
21590 21593 21587
21594 21592 21593
21592 21594 21595
21596 21595 21594
21594 21597 21596
21594 21598 21597
21599 21597 21598
21600 21598 21594
21601 21599 21598
21601 21598 21602
21602 21603 21601
21602 21604 21603
21605 21604 21602
21606 21605 21602
21598 21607 21602
21607 21606 21602
21604 21605 21608
21609 21604 21608
21609 21610 21604
21609 21611 21610
21611 21609 21612
21612 21609 21608
21604 21610 21613
21603 21604 21613
21611 21612 21614
21612 21615 21614
21614 21615 21616
21616 21615 21617
21615 21618 21617
21615 21612 21619
21618 21615 21620
21620 21615 21621
21620 21621 21622
21622 21623 21620
21624 21620 21623
21624 21623 21625
21626 21625 21623
21627 21626 21623
21628 21627 21623
21628 21629 21627
21629 21628 21630
21628 21623 21631
21628 21632 21630
21624 21633 21620
21618 21620 21633
21630 21634 21629
21630 21635 21634
21635 21636 21634
21636 21635 21637
21637 21638 21636
21638 21637 21639
21639 21640 21638
21640 21639 21641
21639 21637 21642
21637 21643 21642
21643 21637 21635
21644 21635 21630
21644 21643 21635
21639 21645 21641
21645 21639 21646
21639 21642 21646
21647 21646 21642
21646 21648 21645
21646 21647 21648
21641 21645 21649
21650 21649 21645
21650 21645 21648
21648 21651 21650
21649 21650 21652
21650 21653 21652
21654 21652 21653
21655 21654 21653
21652 21654 21656
21441 21655 21653
21653 21650 21657
21432 21653 21657
21432 21441 21653
21657 21435 21432
21435 21657 21440
21440 21657 21658
21650 21658 21657
21652 21659 21649
21659 21652 21656
21660 21649 21659
21661 21649 21660
21641 21649 21661
21641 21661 21662
21455 21440 21658
21658 21663 21455
21640 21641 21662
21461 21664 21466
21665 21489 21484
21505 21489 21665
21666 21667 21574
21574 21667 21575
21666 21574 21577
21577 21668 21666
21577 21579 21668
21669 21594 21593
21590 21669 21593
21562 21670 21671
21670 21562 21550
21538 21670 21550
21671 21672 21562
21562 21672 21561
21672 21671 21673
21674 21648 21647
21675 21648 21674
21648 21675 21651
21573 21676 21570
21571 21570 21676
21554 21557 21677
21553 21554 21677
21529 21528 21678
21528 21531 21678
21679 21680 21681
21679 21681 21682
21682 21681 21683
21683 21681 21684
21683 21684 21685
21681 21686 21684
21686 21681 21687
21681 21680 21688
21689 21685 21684
21690 21689 21684
21691 21690 21684
21691 21684 21692
21693 21692 21684
21692 21693 21694
21684 21695 21693
21695 21684 21696
21693 21697 21694
21693 21698 21697
21697 21698 21699
21698 21700 21699
21698 21701 21700
21701 21702 21700
21703 21702 21701
21702 21703 21704
21705 21704 21703
21704 21705 21706
21707 21706 21705
21708 21707 21705
21709 21708 21705
21710 21709 21705
21710 21705 21711
21701 21712 21703
21703 21713 21705
21710 21711 21714
21711 21715 21714
21716 21715 21711
21715 21716 21717
21716 21718 21717
21718 21716 21719
21719 21720 21718
21721 21720 21719
21721 21719 21722
21721 21722 21723
21723 21722 21724
21724 21722 21725
21725 21722 21726
21726 21722 21727
21726 21727 21728
21729 21728 21727
21730 21729 21727
21731 21730 21727
21731 21727 21732
21722 21733 21727
21731 21732 21734
21732 21735 21734
21736 21735 21732
21735 21736 21737
21736 21738 21737
21738 21736 21739
21739 21740 21738
21741 21740 21739
21741 21739 21742
21741 21742 21743
21743 21742 21744
21744 21742 21745
21746 21745 21742
21745 21746 21747
21739 21748 21742
21746 21749 21747
21749 21746 21750
21751 21749 21750
21752 21751 21750
21753 21752 21750
21753 21750 21754
21742 21755 21746
21754 21750 21756
21756 21757 21754
21758 21757 21756
21757 21758 21759
21760 21759 21758
21759 21760 21761
21760 21762 21761
21756 21763 21758
21763 21756 21764
21765 21762 21760
21766 21762 21765
21766 21765 21767
21767 21765 21768
21768 21765 21769
21770 21769 21765
21770 21765 21771
21772 21770 21771
21773 21772 21771
21774 21773 21771
21775 21774 21771
21775 21771 21776
21776 21771 21777
21777 21778 21776
21779 21778 21777
21778 21779 21780
21781 21780 21779
21780 21781 21782
21781 21783 21782
21781 21784 21783
21771 21785 21777
21785 21771 21786
21783 21784 21787
21787 21784 21788
21788 21784 21789
21789 21784 21790
21790 21784 21791
21791 21784 21792
21792 21784 21793
21794 21792 21793
21795 21794 21793
21793 21784 21796
21795 21793 21797
21797 21798 21795
21799 21798 21797
21798 21799 21800
21799 21801 21800
21801 21799 21802
21802 21803 21801
21804 21803 21802
21804 21802 21805
21804 21805 21806
21806 21805 21807
21807 21805 21808
21808 21805 21809
21809 21805 21810
21811 21809 21810
21812 21811 21810
21812 21810 21813
21814 21810 21805
21810 21814 21815
21813 21810 21816
21817 21816 21810
21816 21817 21818
21819 21815 21814
21815 21819 21820
21817 21820 21818
21820 21821 21818
21820 21819 21822
21820 21822 21823
21820 21823 21821
21822 21824 21823
21824 21822 21825
21826 21827 21819
21827 21826 21828
21827 21829 21819
21829 21827 21830
21830 21825 21829
21826 21802 21828
21802 21799 21828
21826 21805 21802
21831 21827 21832
21827 21831 21833
21797 21832 21799
21832 21797 21831
21833 21834 21827
21833 21835 21834
21835 21836 21834
21836 21825 21837
21833 21838 21835
21839 21838 21833
21840 21841 21838
21841 21840 21842
21781 21842 21840
21842 21781 21779
21841 21843 21838
21843 21841 21844
21836 21843 21844
21845 21836 21844
21846 21845 21844
21847 21846 21844
21847 21844 21841
21841 21848 21847
21848 21841 21849
21847 21850 21846
21850 21847 21851
21777 21849 21779
21849 21777 21848
21850 21852 21853
21852 21760 21853
21760 21758 21853
21854 21845 21855
21856 21857 21854
21857 21856 21858
21859 21858 21856
21858 21859 21860
21861 21860 21859
21860 21861 21862
21863 21850 21859
21854 21864 21863
21850 21863 21864
21739 21862 21861
21862 21739 21736
21850 21764 21859
21764 21850 21763
21865 21860 21866
21860 21865 21867
21732 21866 21736
21866 21732 21865
21867 21868 21860
21867 21869 21868
21869 21857 21868
21857 21869 21870
21867 21871 21869
21872 21871 21867
21871 21872 21873
21719 21873 21872
21873 21719 21716
21874 21871 21875
21871 21874 21876
21711 21875 21716
21875 21711 21874
21876 21877 21871
21876 21878 21877
21877 21879 21870
21879 21877 21878
21876 21880 21878
21881 21880 21876
21880 21881 21882
21701 21882 21881
21882 21701 21698
21883 21880 21884
21880 21883 21885
21885 21886 21880
21886 21885 21887
21887 21879 21886
21879 21887 21888
21693 21884 21698
21884 21693 21883
21888 21889 21824
21889 21888 21890
21891 21889 21890
21890 21885 21891
21891 21885 21892
21891 21821 21889
21893 21821 21891
21891 21892 21893
21892 21688 21893
21688 21892 21681
21687 21885 21686
21696 21885 21695
21867 21894 21895
21894 21722 21895
21722 21719 21895
21867 21896 21897
21896 21727 21897
21896 21732 21727
21793 21898 21899
21898 21833 21899
21797 21793 21899
21784 21900 21901
21900 21838 21901
21784 21781 21900
21765 21902 21903
21902 21847 21903
21771 21765 21903
21786 21847 21785
21904 21765 21760
21750 21905 21906
21905 21859 21906
21756 21750 21906
21748 21859 21907
21748 21907 21742
21908 21750 21746
21705 21909 21910
21909 21876 21910
21705 21910 21711
21712 21876 21911
21712 21911 21703
21912 21913 21914
21913 21912 21915
21914 21916 21912
21916 21914 21917
21917 21918 21916
21919 21916 21918
21919 21920 21916
21920 21912 21916
21920 21919 21921
21912 21920 21922
21922 21915 21912
21915 21922 21923
21924 21921 21919
21921 21924 21925
21924 21926 21925
21926 21924 21927
21928 21926 21927
21929 21928 21927
21928 21929 21930
21926 21928 21931
21932 21930 21929
21930 21932 21933
21934 21933 21932
21933 21934 21935
21936 21929 21927
21927 21937 21936
21924 21937 21927
21924 21938 21937
21939 21929 21936
21936 21937 21939
21939 21932 21929
21940 21932 21939
21934 21932 21940
21941 21937 21938
21942 21941 21938
21943 21942 21938
21918 21942 21943
21941 21942 21944
21944 21945 21941
21937 21941 21945
21939 21937 21945
21945 21944 21946
21918 21943 21919
21938 21924 21943
21943 21924 21919
21934 21947 21935
21948 21939 21945
21939 21948 21940
21948 21945 21946
21949 21940 21948
21948 21946 21949
21940 21949 21950
21940 21950 21934
21934 21950 21951
21947 21934 21951
21950 21952 21951
21952 21950 21953
21952 21953 21954
21955 21952 21954
21952 21955 21956
21956 21951 21952
21951 21956 21947
21957 21955 21954
21955 21957 21958
21959 21958 21957
21958 21959 21960
21959 21961 21960
21962 21963 21964
21963 21962 21965
21962 21966 21965
21965 21966 21967
21967 21966 21968
21968 21966 21969
21968 21969 21970
21965 21925 21963
21925 21965 21921
21967 21921 21965
21921 21967 21920
21967 21922 21920
21922 21967 21968
21968 21923 21922
21923 21968 21970
21926 21963 21925
21931 21963 21926
21963 21931 21964
21971 21972 21973
21972 21971 21974
21975 21973 21972
21973 21975 21976
21976 21975 21977
21978 21977 21975
21979 21978 21975
21972 21979 21975
21978 21979 21980
21981 21980 21979
21980 21981 21982
21982 21981 21983
21981 21984 21983
21985 21982 21983
21986 21982 21985
21985 21987 21986
21984 21988 21983
21984 21989 21988
21990 21986 21987
21986 21990 21991
21992 21986 21991
21982 21992 21980
21992 21982 21986
21981 21993 21984
21993 21981 21979
21984 21994 21989
21994 21984 21993
21995 21980 21992
21980 21995 21978
21995 21996 21978
21996 21997 21978
21995 21998 21996
21996 21998 21999
21977 21996 21999
21998 22000 21999
21995 22001 21998
22001 22000 21998
22002 22001 21995
21992 22002 21995
22002 21992 21991
22002 22003 22001
21999 22000 22004
22005 22004 22000
22000 22001 22005
22001 22003 22005
22004 22005 22006
22005 22003 22007
22008 22007 22003
22009 22003 22002
22008 22003 22009
22010 22009 22002
22009 22010 22011
22011 22008 22009
22008 22011 22012
22012 22013 22008
22014 22008 22013
22014 22007 22008
22015 22007 22014
22007 22015 22005
22005 22015 22006
22016 22014 22013
22014 22016 22017
22014 22018 22015
22018 22014 22017
22018 22006 22015
22016 22019 22017
22019 22016 22020
22020 22021 22019
22020 22022 22021
22022 22020 22023
22016 22023 22020
22022 22024 22021
22024 22022 22025
22025 22026 22024
22026 22025 22027
22026 22027 22028
22023 22016 22029
22016 22030 22029
22030 22016 22013
22013 22012 22030
21979 21972 21993
21974 21993 21972
21993 21974 21994
22031 22032 22033
22032 22031 22034
22032 22035 22033
22035 22036 22033
22036 22035 22037
22038 22033 22036
22033 22038 22039
22031 22040 22034
22037 22041 22036
22041 22037 22042
22042 22043 22041
22043 22042 22044
22044 22045 22043
22045 22044 22046
22045 22047 22043
22036 22048 22038
22048 22036 22041
22045 22046 22049
22045 22049 22050
22046 22051 22049
22051 22052 22049
22053 22041 22043
22053 22048 22041
22039 22038 22054
22049 22052 22055
22056 22049 22055
22055 22057 22056
22056 22058 22049
22059 22056 22057
22056 22059 22060
22061 22056 22060
22056 22061 22058
22059 22062 22060
22063 22060 22062
22064 22060 22063
22065 22060 22064
22064 22066 22065
22066 22064 22067
22065 22066 22068
22066 22069 22068
22066 22070 22069
22066 22067 22070
22069 22071 22068
22069 22072 22071
22069 22070 22072
22072 22073 22071
22073 22072 22074
22075 22073 22074
22073 22075 22076
22075 22077 22076
22078 22071 22073
22071 22078 22068
22076 22079 22073
22079 22078 22073
22077 22080 22076
22080 22079 22076
22075 22081 22077
22081 22082 22077
22083 22077 22082
22084 22077 22083
22083 22082 22085
22085 22086 22083
22087 22083 22086
22083 22087 22088
22089 22088 22087
22089 22087 22090
22089 22090 22091
22089 22091 22092
22093 22092 22091
22092 22094 22089
22092 22095 22094
22095 22096 22094
22095 22097 22096
22098 22096 22097
22096 22098 22099
22097 22095 22100
22100 22095 22092
22100 22092 22101
22093 22101 22092
22099 22102 22096
22102 22094 22096
22102 22099 22103
22094 22104 22089
22104 22088 22089
22099 22105 22103
22099 22106 22105
22099 22098 22106
22105 22106 22107
22107 22108 22105
22105 22109 22103
22108 22109 22105
22109 22110 22103
22109 22111 22110
22111 22109 22112
22113 22112 22109
22114 22113 22109
22109 22108 22114
22115 22110 22111
22110 22116 22103
22110 22115 22116
22117 22116 22115
22118 22116 22117
22119 22116 22118
22120 22116 22119
22121 22120 22119
22122 22116 22120
22103 22116 22122
22103 22122 22123
22120 22124 22122
22121 22124 22120
22124 22125 22122
22122 22125 22123
22124 22126 22125
22126 22123 22125
22126 22124 22127
22124 22128 22127
22121 22128 22124
22126 22127 22129
22129 22127 22130
22126 22129 22131
22132 22126 22131
22123 22126 22132
22131 22133 22132
22131 22134 22133
22129 22134 22131
22129 22135 22134
22136 22135 22129
22129 22130 22136
22134 22135 22137
22133 22138 22132
22139 22137 22135
22140 22139 22135
22139 22141 22137
22142 22140 22135
22143 22142 22135
22136 22143 22135
22144 22137 22141
22145 22137 22144
22146 22145 22144
22147 22145 22146
22148 22145 22147
22149 22137 22145
22150 22149 22145
22150 22145 22148
22151 22150 22148
22150 22151 22152
22150 22152 22153
22154 22150 22153
22154 22153 22155
22155 22153 22156
22155 22156 22157
22157 22158 22155
22154 22159 22150
22150 22159 22149
22159 22154 22160
22160 22161 22159
22159 22161 22149
22155 22162 22154
22163 22154 22162
22154 22163 22160
22155 22164 22162
22164 22163 22162
22165 22163 22164
22165 22164 22166
22166 22164 22155
22155 22158 22166
22158 22167 22166
22167 22168 22166
22169 22165 22166
22170 22169 22166
22168 22170 22166
22171 22165 22169
22171 22169 22172
22173 22165 22171
22173 22171 22174
22174 22171 22175
22175 22171 22172
22176 22165 22173
22177 22165 22176
22176 22178 22177
22179 22165 22177
22180 22179 22177
22180 22177 22181
22177 22178 22181
22180 22181 22182
22182 22183 22180
22182 22184 22183
22183 22185 22180
22180 22185 22179
22183 22186 22185
22186 22183 22187
22188 22187 22183
22188 22183 22184
22185 22186 22189
22186 22187 22190
22186 22190 22191
22186 22191 22192
22189 22186 22192
22191 22193 22192
22193 22191 22194
22195 22193 22194
22193 22195 22196
22193 22196 22197
22198 22197 22196
22199 22193 22197
22200 22197 22198
22200 22201 22197
22201 22200 22202
22201 22202 22203
22204 22201 22203
22205 22201 22204
22197 22201 22206
22206 22201 22205
22203 22207 22204
22208 22207 22203
22208 22203 22209
22208 22209 22210
22210 22211 22208
22211 22207 22208
22203 22212 22209
22202 22212 22203
22210 22213 22211
22211 22213 22214
22213 22215 22214
22215 22216 22214
22214 22216 22217
22214 22218 22211
22217 22219 22214
22219 22220 22214
22219 22221 22220
22221 22219 22222
22223 22222 22219
22223 22224 22222
22225 22222 22224
22226 22222 22225
22227 22222 22226
22228 22227 22226
22227 22228 22229
22227 22230 22222
22227 22229 22231
22223 22219 22232
22217 22232 22219
22229 22228 22233
22229 22233 22234
22235 22234 22233
22234 22235 22236
22237 22236 22235
22236 22237 22238
22238 22237 22239
22239 22240 22238
22238 22241 22236
22236 22242 22234
22242 22236 22241
22243 22229 22234
22243 22234 22242
22244 22238 22240
22238 22244 22245
22238 22245 22241
22246 22241 22245
22245 22244 22247
22245 22247 22246
22240 22248 22244
22248 22249 22244
22249 22247 22244
22247 22249 22250
22249 22248 22251
22252 22249 22251
22251 22253 22252
22254 22252 22253
22253 22251 22255
22040 22252 22254
22249 22252 22256
22031 22256 22252
22031 22252 22040
22033 22256 22031
22256 22033 22039
22039 22257 22256
22249 22256 22257
22251 22258 22255
22258 22251 22248
22259 22258 22248
22260 22259 22248
22240 22260 22248
22240 22261 22260
22054 22257 22039
22257 22054 22262
22239 22261 22240
22060 22065 22263
22264 22083 22088
22104 22264 22088
22265 22173 22266
22173 22174 22266
22265 22176 22173
22176 22265 22267
22176 22267 22178
22268 22192 22193
22189 22192 22268
22161 22269 22149
22269 22161 22270
22137 22149 22269
22271 22270 22161
22161 22160 22271
22270 22271 22272
22273 22246 22247
22247 22274 22273
22274 22247 22250
22172 22169 22275
22170 22275 22169
22153 22276 22156
22152 22276 22153
22128 22277 22127
22127 22277 22130
22278 22279 22280
22278 22281 22279
22281 22282 22279
22282 22283 22279
22282 22284 22283
22285 22279 22283
22279 22285 22286
22279 22287 22280
22288 22283 22284
22289 22283 22288
22290 22283 22289
22290 22291 22283
22291 22292 22283
22292 22291 22293
22294 22283 22292
22283 22294 22295
22292 22293 22296
22292 22296 22297
22296 22298 22297
22297 22298 22299
22297 22299 22300
22300 22299 22301
22301 22302 22300
22302 22301 22303
22303 22304 22302
22304 22303 22305
22306 22304 22305
22307 22304 22306
22308 22304 22307
22309 22304 22308
22309 22310 22304
22300 22302 22311
22302 22304 22312
22309 22313 22310
22310 22313 22314
22314 22315 22310
22315 22314 22316
22317 22315 22316
22315 22317 22318
22318 22317 22319
22320 22318 22319
22320 22321 22318
22320 22322 22321
22322 22323 22321
22323 22324 22321
22324 22325 22321
22325 22326 22321
22325 22327 22326
22328 22326 22327
22329 22326 22328
22330 22326 22329
22330 22331 22326
22321 22326 22332
22330 22333 22331
22331 22333 22334
22334 22335 22331
22335 22334 22336
22337 22335 22336
22335 22337 22338
22338 22337 22339
22340 22338 22339
22340 22341 22338
22340 22342 22341
22342 22343 22341
22343 22344 22341
22344 22345 22341
22345 22344 22346
22338 22341 22347
22348 22345 22346
22345 22348 22349
22350 22349 22348
22351 22349 22350
22352 22349 22351
22352 22353 22349
22341 22345 22354
22353 22355 22349
22355 22353 22356
22356 22357 22355
22357 22356 22358
22358 22359 22357
22359 22358 22360
22359 22360 22361
22362 22355 22357
22355 22362 22363
22364 22359 22361
22365 22364 22361
22365 22366 22364
22366 22367 22364
22367 22368 22364
22369 22364 22368
22369 22370 22364
22371 22370 22369
22372 22370 22371
22373 22370 22372
22374 22370 22373
22374 22375 22370
22375 22376 22370
22376 22375 22377
22377 22378 22376
22378 22377 22379
22379 22380 22378
22380 22379 22381
22380 22381 22382
22380 22382 22383
22384 22370 22376
22370 22384 22385
22382 22386 22383
22386 22387 22383
22387 22388 22383
22388 22389 22383
22389 22390 22383
22390 22391 22383
22391 22392 22383
22393 22392 22391
22394 22392 22393
22392 22395 22383
22394 22396 22392
22396 22394 22397
22397 22398 22396
22398 22397 22399
22400 22398 22399
22398 22400 22401
22401 22400 22402
22403 22401 22402
22403 22404 22401
22403 22405 22404
22405 22406 22404
22406 22407 22404
22407 22408 22404
22408 22409 22404
22410 22409 22408
22411 22409 22410
22411 22412 22409
22409 22413 22404
22413 22409 22414
22412 22415 22409
22415 22416 22409
22416 22415 22417
22414 22418 22413
22418 22414 22419
22416 22417 22419
22419 22417 22420
22419 22421 22418
22419 22422 22421
22419 22420 22422
22423 22421 22422
22421 22423 22424
22425 22426 22418
22426 22425 22427
22428 22425 22418
22425 22428 22429
22429 22428 22424
22426 22427 22401
22401 22427 22398
22426 22401 22404
22425 22430 22431
22430 22425 22432
22396 22431 22430
22431 22396 22398
22432 22425 22433
22432 22433 22434
22434 22433 22435
22435 22436 22424
22432 22434 22437
22438 22432 22437
22439 22440 22437
22440 22439 22441
22441 22380 22440
22380 22441 22378
22442 22439 22437
22439 22442 22443
22435 22443 22442
22444 22443 22435
22445 22443 22444
22446 22443 22445
22446 22439 22443
22447 22439 22446
22439 22447 22448
22446 22445 22449
22449 22450 22446
22376 22448 22447
22448 22376 22378
22449 22451 22452
22452 22451 22359
22359 22451 22357
22453 22454 22444
22455 22456 22453
22456 22455 22457
22457 22458 22456
22458 22457 22459
22459 22460 22458
22460 22459 22461
22449 22462 22458
22453 22462 22463
22462 22449 22463
22461 22338 22460
22338 22461 22335
22363 22449 22458
22449 22363 22362
22459 22464 22465
22464 22459 22466
22331 22465 22464
22465 22331 22335
22466 22459 22467
22466 22467 22468
22455 22468 22467
22468 22455 22469
22466 22468 22470
22470 22471 22466
22471 22470 22472
22472 22318 22471
22318 22472 22315
22470 22473 22474
22473 22470 22475
22310 22474 22473
22474 22310 22315
22475 22470 22476
22475 22476 22477
22478 22476 22469
22476 22478 22477
22475 22477 22479
22479 22480 22475
22480 22479 22481
22481 22300 22480
22300 22481 22297
22479 22482 22483
22482 22479 22484
22485 22484 22479
22484 22485 22486
22478 22486 22485
22486 22478 22487
22292 22483 22482
22483 22292 22297
22487 22488 22489
22488 22487 22423
22490 22489 22488
22489 22490 22484
22490 22491 22484
22490 22488 22420
22492 22490 22420
22490 22492 22491
22287 22491 22492
22491 22287 22279
22286 22285 22484
22295 22294 22484
22466 22493 22494
22494 22493 22321
22321 22493 22318
22466 22495 22496
22496 22495 22326
22496 22326 22331
22392 22497 22498
22498 22497 22432
22396 22497 22392
22383 22499 22500
22500 22499 22437
22383 22500 22380
22364 22501 22502
22502 22501 22446
22370 22501 22364
22385 22384 22446
22503 22359 22364
22349 22504 22505
22505 22504 22458
22355 22504 22349
22347 22506 22458
22347 22341 22506
22507 22345 22349
22304 22508 22509
22509 22508 22475
22304 22310 22508
22311 22510 22475
22311 22302 22510
21991 22010 22002
22010 21991 21990
