byte offset: 0
first index: 0
index count: 4695
topology: trianglelist
format: DXGI_FORMAT_R16_UINT

0 1 2
1 0 3
1 4 2
4 1 5
6 3 0
3 6 7
4 5 8
9 4 8
7 6 10
11 7 10
10 12 11
12 10 13
14 12 13
12 14 15
16 17 18
17 19 18
19 20 18
21 18 20
21 22 18
22 23 18
16 18 23
24 25 26
27 24 26
28 27 26
29 28 26
30 29 26
31 30 26
25 31 26
32 33 34
33 32 35
36 33 35
33 36 37
34 38 32
38 34 39
36 40 37
41 40 36
39 42 38
43 42 39
44 42 43
42 44 45
44 46 45
46 44 47
48 49 50
50 49 51
51 49 52
53 52 49
53 49 54
54 49 55
48 55 49
56 57 58
59 57 56
60 57 59
61 57 60
62 57 61
63 57 62
58 57 63
64 65 66
67 66 65
66 67 68
69 64 66
69 66 68
70 69 68
71 64 69
70 71 69
71 72 64
70 73 71
72 74 64
74 72 75
76 74 75
74 76 77
76 78 77
78 76 79
80 81 82
81 80 83
80 82 84
85 82 81
82 85 86
87 86 85
85 88 87
88 89 87
89 90 87
86 87 90
90 89 91
91 92 90
92 91 93
89 88 94
90 95 86
95 90 92
82 95 84
95 82 86
96 97 98
96 99 97
99 96 100
100 101 99
101 100 102
103 100 96
104 103 96
103 104 105
100 103 106
107 96 98
96 107 104
103 108 106
109 106 108
106 109 110
100 106 110
109 102 110
100 110 102
108 103 111
103 112 111
112 103 105
104 113 105
113 114 105
114 112 105
114 113 115
116 101 102
102 109 116
101 116 117
118 119 120
119 118 121
122 120 119
120 122 123
120 124 118
124 120 125
126 120 123
126 125 120
126 127 125
127 126 128
129 126 123
125 130 124
130 125 127
118 124 131
131 124 130
132 131 130
133 123 122
123 133 134
135 134 133
134 135 136
135 137 136
137 135 138
136 139 134
139 136 140
136 137 140
135 141 138
134 139 142
142 143 134
123 134 143
123 143 129
143 142 144
143 144 145
146 143 145
129 143 146
129 146 147
147 126 129
126 147 148
126 148 128
149 150 151
150 149 152
151 153 149
153 151 154
154 155 153
155 154 156
157 155 156
157 158 155
158 157 159
152 160 150
160 152 161
161 162 160
162 161 163
164 165 166
165 164 167
168 164 166
164 168 169
170 169 168
169 170 171
172 171 170
171 172 173
173 174 171
174 173 175
169 176 164
177 176 169
177 171 174
171 177 169
176 177 178
179 176 178
179 178 180
177 180 178
176 179 181
172 182 173
182 183 173
183 175 173
183 182 184
182 185 184
185 182 186
187 186 182
182 172 187
186 187 188
189 186 188
186 189 190
190 185 186
185 190 191
190 192 191
192 190 193
190 189 193
189 194 193
194 189 195
196 194 195
194 196 197
196 165 197
165 196 166
198 199 200
199 198 201
202 200 199
199 203 202
203 199 204
205 202 203
202 205 206
206 207 202
207 206 208
206 209 208
209 206 210
205 210 206
210 205 211
212 211 205
203 212 205
211 212 213
213 214 211
214 213 215
216 211 214
211 216 210
217 210 216
210 217 209
218 202 207
202 218 200
219 200 218
200 219 198
220 217 216
214 220 216
217 220 221
220 214 222
215 222 214
222 223 220
223 221 220
224 223 222
222 215 224
212 203 225
203 226 225
226 203 204
227 228 229
228 227 230
229 231 227
231 229 232
232 233 231
233 232 234
232 235 234
235 232 236
237 229 228
237 228 238
228 239 238
239 228 240
230 240 228
240 241 239
241 240 242
242 243 241
243 242 244
244 245 243
245 244 246
234 179 233
247 234 235
234 247 181
179 234 181
247 164 181
164 247 167
164 176 181
248 242 240
240 230 248
242 248 249
249 244 242
250 246 244
244 249 250
246 250 251
252 245 246
246 251 252
245 252 253
252 254 253
254 252 255
251 256 252
257 256 251
256 257 258
259 256 258
256 259 260
252 260 255
260 252 256
258 261 259
261 258 262
262 263 261
263 262 264
264 265 263
265 264 266
175 265 266
265 175 267
264 268 266
266 268 269
175 266 269
268 270 269
270 268 271
177 269 270
269 177 174
175 269 174
268 264 272
272 273 268
268 273 271
175 183 267
270 180 177
272 274 273
274 272 275
264 275 272
275 264 262
275 257 274
257 275 258
258 275 262
179 180 233
276 277 278
277 276 279
278 280 276
280 278 281
282 281 278
281 282 283
284 277 279
277 284 285
286 285 284
285 286 287
287 288 285
288 287 289
286 290 287
287 291 289
291 287 290
276 292 279
293 285 288
278 293 282
294 293 288
289 294 288
293 294 295
295 282 293
295 296 282
285 293 277
294 289 297
289 298 297
298 289 291
293 278 277
292 276 299
276 300 299
276 301 300
302 300 301
300 302 303
301 276 280
300 304 299
304 300 303
299 304 292
305 282 296
305 283 282
283 305 306
306 305 307
229 237 308
232 229 308
232 308 236
309 310 311
310 309 312
311 313 309
313 311 314
315 316 317
316 315 318
317 319 315
319 317 320
321 319 320
319 321 322
321 323 322
324 323 321
323 324 325
326 327 328
326 329 327
328 327 330
331 328 330
328 331 332
331 333 332
333 331 334
331 335 334
335 331 330
335 327 329
330 327 335
336 335 329
337 333 334
333 337 338
335 339 334
334 339 337
339 335 340
335 341 340
336 341 335
340 341 342
340 342 343
341 336 344
336 345 344
345 341 344
345 336 346
341 345 347
347 342 341
346 336 329
348 346 329
326 348 329
349 350 351
350 349 352
353 352 349
352 353 354
355 354 353
352 356 350
356 352 357
354 357 352
358 359 360
360 359 361
362 363 364
363 365 364
365 366 364
366 365 367
366 368 364
368 366 369
366 367 369
370 371 372
371 370 373
372 374 370
374 372 375
376 377 378
377 376 379
378 380 376
380 378 381
382 383 384
383 382 385
386 384 383
384 386 387
388 389 390
389 388 391
392 391 388
393 394 395
394 393 396
394 397 395
398 399 400
401 399 398
399 401 402
401 403 402
403 401 404
398 400 405
406 407 408
406 409 407
409 406 410
411 410 406
410 411 412
413 414 415
413 416 414
416 417 414
418 419 420
419 418 421
420 422 418
422 420 423
424 425 426
425 427 426
424 428 425
429 430 431
430 429 432
433 429 431
429 433 434
435 434 433
435 433 436
436 437 435
437 436 438
439 437 438
437 439 440
430 440 439
432 440 430
441 442 443
442 444 443
444 442 445
446 442 441
446 445 442
447 445 446
448 446 441
447 446 448
448 441 449
447 448 450
451 449 441
449 451 452
451 453 452
453 451 454
455 453 454
453 455 456
457 458 459
458 457 460
457 461 460
460 462 458
462 460 463
463 464 462
462 464 465
466 465 464
467 466 464
464 463 467
466 467 468
469 468 467
468 469 470
465 466 471
467 472 469
472 467 463
460 472 463
472 460 461
473 474 475
476 473 475
473 476 477
478 477 476
477 478 479
477 480 473
480 481 473
481 480 482
480 477 483
484 474 473
473 481 484
485 480 483
483 486 485
486 483 487
477 487 483
479 486 487
477 479 487
480 485 488
480 489 482
489 480 488
481 482 490
491 490 482
491 482 489
490 491 492
478 493 479
486 479 493
493 478 494
495 496 497
496 495 498
498 499 496
499 498 500
501 498 495
498 501 502
503 500 498
503 498 502
504 503 502
503 504 505
506 500 503
502 507 504
507 502 501
495 508 501
508 507 501
509 507 508
500 510 499
510 500 511
511 512 510
512 511 513
514 512 513
512 514 515
516 513 511
513 516 517
513 517 514
512 515 518
511 519 516
520 519 511
500 520 511
500 506 520
519 520 521
520 522 521
520 523 522
506 523 520
506 524 523
503 524 506
524 503 525
503 505 525
526 527 528
527 526 529
530 529 526
529 530 531
532 531 530
531 532 533
534 533 532
535 534 532
534 535 536
537 528 527
528 537 538
539 538 537
538 539 540
541 542 543
542 541 544
541 545 544
545 541 546
546 547 545
547 546 548
548 549 547
549 548 550
551 550 548
550 551 552
546 541 553
553 554 546
554 548 546
548 554 551
554 553 555
553 556 555
556 553 557
558 549 550
559 558 550
552 559 550
558 559 560
561 558 560
558 561 562
562 563 558
549 558 563
563 562 564
562 565 564
565 562 566
561 566 562
566 561 567
568 566 567
566 568 569
566 569 565
570 565 569
565 570 571
570 572 571
572 570 573
542 572 573
572 542 544
574 575 576
575 574 577
578 574 576
579 574 578
574 579 580
578 581 579
581 578 582
583 582 578
582 583 584
585 582 584
582 585 586
586 581 582
581 586 587
587 588 581
588 579 581
588 587 589
590 589 587
589 590 591
587 592 590
592 587 586
586 593 592
593 586 585
578 594 583
579 588 595
593 596 592
596 590 592
596 593 597
590 596 598
598 591 590
598 596 599
599 596 597
600 598 599
591 598 600
576 601 594
601 576 575
594 578 576
602 579 595
579 602 580
603 604 605
604 603 606
607 606 603
606 607 608
609 608 607
608 609 610
611 608 610
608 611 612
606 613 604
613 614 604
615 604 614
604 615 616
616 605 604
617 616 615
616 617 618
619 618 617
618 619 620
621 620 619
620 621 622
610 609 556
556 609 623
610 624 611
624 610 557
541 624 557
624 541 543
541 557 553
618 625 616
605 616 625
625 618 626
620 626 618
622 627 620
626 620 627
627 622 628
556 557 610
621 629 622
622 629 628
629 621 630
631 629 630
629 631 632
628 629 633
633 634 628
634 633 635
633 636 635
636 633 637
637 629 632
629 637 633
638 635 636
635 638 639
640 639 638
639 640 641
642 641 640
641 642 643
642 552 643
552 642 644
645 641 643
643 646 645
552 646 643
647 645 646
645 647 648
646 554 647
554 646 551
552 551 646
641 645 649
649 645 650
650 645 648
559 552 644
647 554 623
651 649 650
649 651 652
652 641 649
641 652 639
634 652 651
652 634 635
635 639 652
623 554 555
556 623 555
653 654 655
654 653 656
657 656 653
656 657 658
658 659 656
659 658 660
654 661 655
661 654 662
662 663 661
663 662 664
665 664 662
664 665 666
663 664 667
664 668 667
668 664 666
669 653 655
653 669 670
653 670 671
662 672 665
672 673 665
673 666 665
673 672 674
672 662 654
666 673 675
676 653 671
671 677 676
677 671 678
653 676 657
671 679 678
679 671 670
670 669 679
674 672 659
674 659 680
681 680 659
660 681 659
681 660 682
682 683 681
672 656 659
656 672 654
684 666 675
666 684 668
613 606 685
608 685 606
608 612 685
686 687 688
687 686 689
690 688 687
688 690 691
692 693 694
693 692 695
696 695 692
695 696 697
696 698 697
698 696 699
698 699 700
700 701 698
701 700 702
703 704 705
703 705 706
704 707 705
704 708 707
708 704 709
710 708 709
708 710 711
708 712 707
712 708 711
712 706 705
707 712 705
713 706 712
710 714 711
714 710 715
716 712 711
711 714 716
712 716 717
712 717 718
713 712 718
717 719 718
717 720 719
718 721 713
722 713 721
718 722 721
713 722 723
722 718 724
724 718 719
723 706 713
725 706 723
703 706 725
726 727 728
727 726 729
729 730 727
730 729 731
732 730 731
733 729 726
729 733 734
731 729 734
735 736 737
736 738 737
739 740 741
741 740 742
742 740 743
743 744 742
743 740 745
745 746 743
743 746 744
747 748 749
748 747 750
751 750 747
750 751 752
753 754 755
754 753 756
757 755 754
755 757 758
759 760 761
760 759 762
761 763 759
763 761 764
765 766 767
766 765 768
769 765 767
770 771 772
771 770 773
771 773 774
775 776 777
777 778 775
778 777 779
780 778 779
778 780 781
775 782 776
783 784 785
786 783 785
783 786 787
787 788 783
788 787 789
790 791 792
790 792 793
793 792 794
795 796 797
796 795 798
799 797 796
797 799 800
801 802 803
803 802 804
801 803 805
806 807 808
807 806 809
806 810 809
810 806 811
812 810 811
812 813 810
814 813 812
813 814 815
814 816 815
816 814 817
807 816 817
808 807 817
818 819 820
819 818 821
820 822 818
822 820 823
818 822 824
824 825 818
825 826 818
826 825 827
828 829 830
829 828 831
830 832 828
833 834 835
834 833 836
835 837 833
836 838 834
838 836 839
833 837 840
837 841 840
839 842 838
842 839 843
840 841 844
845 846 847
846 845 848
849 848 845
848 849 850
849 845 851
851 845 852
853 852 845
852 853 854
855 856 857
856 855 858
858 855 859
860 861 862
861 860 863
863 860 864
865 862 861
862 865 866
860 867 864
864 867 868
869 866 865
866 869 870
868 867 871
872 873 874
873 872 875
876 875 872
875 876 877
876 872 878
878 872 879
880 879 872
879 880 881
882 883 884
883 882 885
885 882 886
887 888 889
888 887 890
890 887 891
892 889 888
889 892 893
887 894 891
891 894 895
896 893 892
893 896 897
895 894 898
899 900 901
900 899 902
901 903 899
903 901 904
899 903 905
905 906 899
906 907 899
907 906 908
909 910 911
910 909 912
911 913 909
914 915 916
915 914 917
916 918 914
917 919 915
919 917 920
914 918 921
918 922 921
920 923 919
923 920 924
921 922 925
926 927 928
929 928 927
929 927 930
930 931 929
932 929 931
929 932 933
934 933 932
933 934 935
931 930 936
933 935 937
935 938 937
934 938 935
934 939 938
936 930 940
933 937 941
929 933 941
928 929 941
941 937 928
942 928 937
943 928 942
926 928 943
944 945 946
946 947 944
947 946 948
949 947 948
947 949 950
948 951 949
951 948 952
946 952 948
950 953 947
944 947 953
953 950 954
952 946 955
955 946 956
957 951 952
956 946 958
946 945 958
959 960 961
960 959 962
960 963 961
963 960 964
965 962 959
962 965 966
965 967 966
967 965 968
969 967 968
967 969 970
971 970 969
970 971 972
973 974 975
974 973 976
974 977 975
977 974 978
973 979 976
979 973 980
980 981 979
981 980 982
983 981 982
981 983 984
985 984 983
984 985 986
987 988 989
988 987 990
987 991 990
991 987 992
993 989 988
989 993 994
995 994 993
994 995 996
997 996 995
996 997 998
999 998 997
998 999 1000
1001 1002 1003
1001 1004 1002
1005 1002 1004
1002 1005 1006
1006 1003 1002
1007 1004 1001
1008 1005 1004
1008 1004 1007
1005 1008 1009
1007 1010 1008
1010 1007 1011
1008 1010 1012
1008 1013 1009
1013 1008 1012
1014 1012 1010
1011 1014 1010
1012 1014 1015
1015 1013 1012
1013 1015 1016
1017 1015 1014
1017 1014 1018
1014 1011 1018
1015 1017 1019
1019 1016 1015
1016 1019 1020
1021 1020 1019
1017 1021 1019
1020 1021 1022
1017 1023 1021
1021 1024 1022
1024 1021 1025
1021 1026 1025
1026 1021 1023
1025 1026 1027
1027 1024 1025
1024 1027 1028
1027 1029 1028
1029 1027 1030
1027 1031 1030
1027 1026 1031
1030 1032 1029
1032 1030 1033
1033 1034 1032
1034 1033 1035
1033 1036 1035
1030 1036 1033
1036 1037 1035
1037 1036 1038
1036 1030 1039
1030 1031 1039
1040 1038 1036
1038 1040 1041
1026 1042 1031
1031 1043 1039
1036 1043 1040
1043 1036 1039
1043 1031 1044
1031 1042 1044
1040 1045 1041
1045 1040 1046
1043 1046 1040
1047 1048 1042
1026 1047 1042
1047 1026 1023
1047 1023 1017
1018 1047 1017
1049 1050 1051
1049 1052 1050
1052 1049 1053
1054 1052 1053
1052 1054 1055
1056 1055 1054
1055 1056 1057
1057 1058 1055
1058 1052 1055
1058 1057 1059
1057 1060 1059
1060 1057 1061
1057 1062 1061
1062 1057 1056
1063 1061 1062
1061 1063 1064
1064 1060 1061
1060 1064 1065
1066 1064 1063
1067 1065 1064
1064 1066 1067
1065 1067 1068
1069 1068 1067
1068 1069 1070
1071 1070 1069
1070 1071 1072
1073 1069 1067
1066 1073 1067
1069 1073 1074
1074 1075 1069
1075 1071 1069
1076 1071 1075
1071 1076 1077
1071 1077 1078
1076 1079 1077
1078 1080 1071
1071 1080 1072
1078 1081 1080
1082 1083 1084
1085 1084 1083
1083 1086 1085
1086 1083 1087
1088 1087 1083
1083 1082 1088
1084 1085 1089
1085 1090 1089
1091 1090 1085
1092 1091 1085
1092 1085 1086
1086 1093 1092
1090 1091 1094
1095 1091 1092
1091 1095 1096
1096 1094 1091
1092 1097 1095
1097 1092 1093
1093 1098 1097
1098 1093 1099
1086 1099 1093
1100 1097 1098
1097 1100 1101
1097 1101 1095
1101 1096 1095
1102 1101 1100
1094 1096 1103
1096 1104 1103
1105 1104 1096
1096 1101 1105
1105 1101 1106
1105 1106 1107
1104 1105 1107
1107 1108 1104
1108 1103 1104
1108 1107 1109
1107 1110 1109
1110 1107 1106
1103 1108 1111
1111 1094 1103
1094 1111 1112
1112 1090 1094
1090 1112 1113
1113 1089 1090
1089 1113 1114
1114 1084 1089
1084 1114 1115
1116 1084 1115
1116 1082 1084
1117 1082 1116
1118 1119 1120
1120 1121 1118
1121 1120 1122
1123 1122 1120
1119 1123 1120
1122 1123 1124
1123 1125 1124
1125 1123 1126
1127 1122 1124
1125 1127 1124
1122 1128 1121
1121 1128 1129
1121 1129 1130
1130 1131 1121
1121 1131 1118
1128 1122 1132
1122 1127 1132
1132 1127 1133
1127 1134 1133
1134 1127 1135
1136 1134 1135
1134 1136 1137
1137 1136 1138
1135 1139 1136
1139 1135 1140
1140 1127 1125
1127 1140 1135
1138 1136 1141
1139 1141 1136
1126 1142 1143
1142 1126 1123
1142 1123 1144
1123 1119 1144
1145 1146 1147
1148 1149 1150
1151 1149 1148
1149 1151 1152
1153 1149 1152
1149 1153 1154
1151 1155 1152
1155 1151 1156
1150 1157 1148
1151 1157 1156
1157 1151 1148
1157 1150 1158
1159 1150 1149
1150 1159 1160
1160 1158 1150
1158 1160 1161
1159 1162 1160
1162 1159 1163
1164 1163 1159
1163 1164 1165
1166 1165 1164
1165 1166 1167
1167 1168 1165
1168 1167 1169
1170 1169 1167
1167 1166 1170
1169 1170 1171
1165 1172 1163
1172 1165 1168
1163 1173 1162
1173 1163 1172
1173 1160 1162
1160 1173 1161
1099 1086 1174
1086 1175 1174
1175 1086 1087
1087 1176 1175
1176 1087 1088
1177 1178 1179
1180 1179 1178
1179 1180 1181
1181 1180 1182
1178 1183 1180
1180 1184 1182
1184 1180 1185
1186 1185 1180
1180 1183 1186
1187 1185 1186
1185 1187 1188
1189 1184 1185
1184 1189 1190
1191 1190 1189
1190 1191 1192
1189 1193 1191
1191 1193 1194
1194 1192 1191
1194 1195 1192
1194 1196 1195
1193 1189 1197
1189 1198 1197
1188 1199 1185
1189 1199 1198
1199 1189 1185
1001 1003 1200
1003 1006 1201
1178 1202 1183
1202 1178 1177
1203 1050 1052
1052 1058 1203
1204 1205 1206
1204 1206 1207
1206 1208 1207
1208 1206 1209
1205 1209 1206
1210 1204 1207
1208 1211 1207
1211 1210 1207
1211 1208 1212
1213 1210 1211
1210 1213 1214
1211 1215 1213
1211 1216 1215
1216 1211 1212
1215 1217 1213
1217 1214 1213
1217 1215 1218
1216 1218 1215
1218 1216 1219
1218 1220 1217
1220 1221 1217
1214 1217 1221
1220 1218 1222
1219 1222 1218
1222 1219 1223
1223 1224 1222
1220 1222 1224
1224 1223 1225
1220 1224 1226
1227 1224 1225
1224 1227 1228
1224 1229 1226
1229 1224 1228
1228 1230 1229
1227 1230 1228
1230 1227 1231
1232 1230 1231
1230 1232 1233
1230 1233 1234
1230 1234 1229
1235 1233 1232
1233 1235 1236
1237 1236 1235
1236 1237 1238
1236 1238 1239
1239 1233 1236
1240 1239 1238
1239 1240 1241
1233 1239 1242
1233 1242 1234
1241 1243 1239
1243 1241 1244
1229 1234 1245
1246 1234 1242
1239 1246 1242
1246 1239 1243
1234 1246 1247
1234 1247 1245
1248 1243 1244
1243 1248 1249
1246 1243 1249
1250 1245 1251
1250 1229 1245
1229 1250 1226
1250 1220 1226
1221 1220 1250
1252 1253 1254
1255 1252 1254
1252 1255 1256
1255 1257 1256
1257 1255 1258
1258 1259 1257
1259 1258 1260
1261 1260 1258
1255 1261 1258
1260 1261 1262
1263 1260 1262
1260 1263 1264
1260 1265 1259
1265 1260 1264
1264 1266 1265
1266 1264 1267
1263 1267 1264
1267 1263 1268
1269 1266 1267
1268 1270 1267
1267 1270 1269
1270 1268 1271
1271 1272 1270
1272 1271 1273
1273 1274 1272
1274 1273 1275
1272 1276 1270
1269 1270 1276
1276 1272 1277
1277 1272 1278
1278 1272 1274
1274 1279 1278
1279 1274 1280
1274 1281 1280
1279 1280 1282
1281 1274 1283
1274 1275 1283
1281 1283 1284
1285 1286 1287
1286 1288 1287
1289 1287 1288
1287 1289 1290
1291 1287 1290
1287 1291 1285
1288 1286 1292
1288 1292 1293
1293 1294 1288
1295 1288 1294
1295 1289 1288
1289 1295 1296
1294 1293 1297
1294 1298 1295
1298 1294 1299
1297 1299 1294
1295 1300 1296
1300 1295 1298
1301 1296 1300
1296 1301 1302
1302 1289 1296
1300 1303 1301
1303 1300 1304
1300 1298 1304
1299 1304 1298
1304 1305 1303
1299 1297 1306
1299 1306 1307
1307 1308 1299
1304 1299 1308
1308 1309 1304
1308 1310 1309
1308 1307 1310
1311 1310 1307
1306 1311 1307
1310 1311 1312
1310 1313 1309
1313 1310 1312
1311 1306 1314
1297 1314 1306
1314 1297 1315
1293 1315 1297
1315 1293 1316
1292 1316 1293
1316 1292 1317
1286 1317 1292
1317 1286 1318
1319 1318 1286
1319 1286 1285
1320 1319 1285
1321 1322 1323
1324 1322 1321
1322 1324 1325
1325 1326 1322
1326 1323 1322
1326 1325 1327
1328 1326 1327
1326 1328 1329
1330 1327 1325
1328 1327 1330
1331 1325 1324
1324 1332 1331
1324 1333 1332
1333 1324 1334
1324 1321 1334
1325 1331 1335
1325 1335 1330
1335 1336 1330
1337 1330 1336
1330 1337 1338
1337 1339 1338
1339 1337 1340
1340 1341 1339
1342 1338 1339
1338 1342 1343
1343 1330 1338
1330 1343 1328
1341 1344 1339
1342 1339 1344
1329 1345 1326
1345 1346 1326
1323 1326 1346
1345 1329 1347
1348 1349 1350
1351 1352 1353
1353 1354 1351
1354 1353 1355
1356 1355 1353
1353 1357 1356
1358 1354 1355
1354 1358 1359
1360 1352 1351
1354 1360 1351
1360 1354 1359
1352 1360 1361
1352 1362 1353
1362 1352 1363
1361 1363 1352
1363 1361 1364
1362 1363 1365
1365 1366 1362
1367 1362 1366
1366 1368 1367
1368 1369 1367
1369 1368 1370
1371 1370 1368
1370 1371 1372
1372 1373 1370
1370 1373 1369
1373 1372 1374
1368 1375 1371
1375 1368 1366
1366 1376 1375
1376 1366 1365
1376 1363 1364
1363 1376 1365
1289 1302 1377
1378 1289 1377
1289 1378 1290
1379 1290 1378
1290 1379 1291
1380 1381 1382
1381 1383 1382
1383 1381 1384
1384 1385 1383
1382 1383 1386
1387 1383 1385
1383 1387 1388
1389 1383 1388
1383 1389 1386
1390 1389 1388
1388 1391 1390
1387 1392 1388
1392 1387 1393
1393 1394 1392
1394 1393 1395
1396 1392 1394
1394 1397 1396
1397 1394 1395
1397 1395 1398
1397 1398 1399
1392 1396 1400
1392 1400 1401
1391 1388 1402
1392 1402 1388
1402 1392 1401
1204 1403 1205
1209 1205 1404
1382 1405 1380
1405 1382 1386
1406 1255 1254
1261 1255 1406
