byte offset: 0
first index: 0
index count: 7710
topology: trianglelist
format: DXGI_FORMAT_R16_UINT

0 1 2
3 1 0
4 1 3
5 1 4
6 5 4
7 1 5
8 1 7
9 8 7
8 9 10
10 11 8
11 10 12
12 13 11
13 12 14
7 15 9
15 7 5
5 16 15
16 5 17
6 17 5
17 18 16
18 17 19
17 20 19
17 6 20
21 18 19
18 21 22
19 23 21
24 22 21
22 24 25
26 21 23
21 26 24
20 27 19
19 27 23
23 27 28
28 27 29
29 27 30
30 27 20
31 24 26
24 31 32
32 25 24
32 31 33
33 34 32
25 32 34
35 36 37
35 37 38
36 39 37
40 37 39
37 40 38
41 40 39
42 41 39
42 39 36
43 41 42
40 41 44
41 45 44
45 41 43
35 38 46
40 46 38
35 46 47
47 46 48
46 40 48
49 40 44
40 49 48
49 44 50
51 48 49
51 47 48
52 51 49
50 52 49
53 54 55
56 54 53
57 54 56
54 57 58
57 59 58
59 57 60
60 61 59
61 60 62
62 63 61
63 62 64
64 65 63
65 64 66
67 65 66
65 67 68
69 68 67
67 70 69
71 55 54
72 71 54
54 73 72
73 54 74
75 73 74
73 75 76
77 76 75
76 77 78
79 78 77
78 79 80
81 80 79
80 81 82
81 83 82
83 81 84
85 83 84
83 85 86
53 87 88
87 89 88
88 89 90
91 87 53
91 71 87
71 92 87
87 92 93
92 94 93
95 96 97
96 95 98
99 98 95
98 99 100
99 95 101
102 97 96
103 95 97
102 103 97
95 103 104
104 105 95
105 101 95
105 104 106
107 108 109
110 107 109
107 110 111
112 111 110
111 112 113
114 111 113
111 114 115
113 116 114
116 113 117
118 111 115
111 118 107
107 118 119
113 120 117
120 113 112
121 117 120
117 121 122
116 117 122
123 122 121
122 123 124
116 122 124
125 126 127
126 125 128
129 127 126
130 125 127
129 130 127
125 130 131
131 132 125
132 128 125
132 131 133
133 134 132
134 133 135
134 136 132
128 132 136
136 134 137
137 134 138
134 135 139
135 140 139
141 137 138
137 141 142
143 142 141
142 143 144
143 145 144
139 140 146
146 140 147
140 148 147
147 148 149
149 148 150
149 150 151
151 150 152
153 152 150
152 153 154
154 153 155
155 156 154
156 155 157
155 158 157
159 156 157
160 144 145
160 161 144
162 161 160
163 160 145
160 163 164
164 163 165
163 145 166
162 160 167
164 167 160
163 168 165
168 163 169
163 166 169
170 165 168
168 171 170
168 169 171
170 171 172
162 173 161
173 144 161
174 144 173
174 175 144
176 175 174
175 176 177
176 178 177
177 178 179
180 179 178
180 181 179
182 179 181
183 182 181
184 182 183
183 185 184
185 186 184
185 187 186
187 188 186
189 186 188
190 189 188
190 188 187
190 191 189
192 189 191
189 192 193
192 194 193
193 195 189
189 195 186
196 186 195
196 197 186
197 196 198
193 199 195
198 200 197
200 198 201
200 201 202
202 203 200
203 202 204
202 205 204
205 202 206
202 207 206
206 207 208
209 204 205
204 209 210
211 210 209
210 211 212
213 210 212
210 213 214
204 214 203
214 204 210
215 213 212
215 212 211
207 216 208
216 217 208
208 217 218
217 219 218
219 220 218
219 221 220
221 222 220
223 220 222
222 224 223
224 225 223
225 224 226
226 157 225
225 157 158
159 157 226
227 228 158
229 228 227
227 230 229
228 229 231
231 229 232
233 232 229
230 233 229
234 232 233
232 234 235
236 234 233
237 236 233
237 233 230
234 236 238
239 231 232
235 239 232
234 240 235
235 240 239
240 234 241
241 242 240
243 240 242
239 240 243
242 244 243
244 242 245
245 242 246
246 242 241
245 158 244
247 234 238
234 247 241
248 241 247
248 246 241
249 250 251
250 249 252
252 253 250
251 254 249
254 251 255
253 252 256
253 256 257
258 254 255
254 258 259
259 258 260
259 260 261
261 262 259
262 261 263
263 264 262
265 264 263
266 264 265
266 267 264
266 268 267
267 268 269
267 269 270
270 269 271
270 271 272
272 271 273
272 273 274
275 276 277
277 276 278
278 276 279
279 276 280
279 280 281
282 275 277
275 282 283
284 283 282
285 283 284
285 286 283
286 285 287
288 286 287
288 287 289
281 280 290
290 280 291
290 291 292
292 291 293
292 293 294
294 293 295
288 289 296
296 289 297
296 297 298
298 297 299
300 298 299
298 300 301
302 301 300
301 302 303
304 303 302
303 304 305
305 304 306
306 304 307
306 307 308
309 308 307
310 308 309
306 308 311
310 309 312
306 311 312
306 312 313
309 313 312
306 313 314
315 306 314
314 316 315
316 314 317
317 318 316
318 317 319
319 320 318
320 319 321
320 321 322
323 320 322
323 322 324
325 323 324
325 324 326
325 326 327
327 326 328
328 329 327
328 330 329
330 331 329
332 329 331
331 333 332
332 333 334
333 335 334
335 336 334
336 337 334
336 338 337
338 339 337
339 340 337
339 341 340
341 342 340
341 343 342
343 344 342
345 346 347
348 346 345
346 348 349
350 349 348
347 351 345
347 352 351
352 353 351
353 352 354
355 353 354
355 356 353
357 356 355
358 356 357
359 358 357
358 359 360
361 360 359
361 362 360
363 362 361
361 364 363
363 365 362
363 366 365
365 366 367
366 368 367
367 368 369
367 369 370
370 369 371
371 369 372
373 370 371
374 370 373
374 373 375
374 375 376
377 374 376
378 379 380
379 378 381
382 379 381
379 382 383
378 380 384
384 380 385
384 385 386
386 387 384
382 388 383
388 382 389
390 388 389
388 390 391
392 391 390
391 392 393
394 393 392
393 394 395
396 395 394
395 396 397
398 397 396
397 398 399
400 399 398
399 400 401
402 401 400
401 402 403
404 403 402
403 404 405
406 405 404
405 406 407
408 409 410
411 408 410
408 411 412
413 408 412
413 412 414
413 414 415
415 416 413
415 414 417
418 416 415
416 418 419
419 420 416
386 420 419
386 385 420
421 422 423
424 421 423
425 424 423
426 425 423
426 427 425
427 424 425
427 426 428
424 427 429
424 430 421
430 424 429
430 422 421
422 430 431
432 433 434
435 434 433
434 435 436
436 435 437
432 434 438
439 438 434
438 439 440
440 441 438
442 437 435
443 442 435
432 438 443
432 443 444
435 444 443
445 443 438
438 446 445
446 438 441
447 448 449
449 448 450
450 448 451
451 452 450
451 448 453
452 454 450
450 454 455
455 454 456
456 454 457
454 458 457
458 454 452
459 457 458
458 452 460
458 461 459
452 462 460
462 452 451
451 453 462
463 460 462
464 462 453
465 462 464
462 465 463
463 465 466
466 465 467
467 465 468
465 464 468
469 458 460
469 460 463
463 470 469
470 463 471
472 470 471
470 472 473
474 473 472
473 475 470
475 473 476
474 476 473
477 470 475
470 477 469
458 469 477
478 475 476
474 478 476
474 479 478
479 480 478
475 478 480
480 477 475
480 479 481
482 480 481
480 482 483
477 480 483
484 477 483
483 485 484
483 482 485
482 486 485
484 485 487
487 485 486
486 482 488
482 489 488
489 490 488
490 491 488
488 492 486
488 491 492
492 493 486
484 487 494
494 457 484
459 484 457
484 459 461
456 457 494
455 456 494
495 455 494
487 495 494
496 495 487
486 496 487
496 486 493
496 493 497
495 496 497
449 495 497
447 449 497
498 499 500
499 498 501
500 502 498
502 500 503
504 498 502
498 504 505
505 501 498
501 505 506
507 499 501
507 504 502
499 507 508
502 508 507
508 502 503
504 507 509
509 501 506
501 509 507
510 511 512
511 510 513
514 513 510
513 514 515
516 515 514
514 517 516
515 516 518
519 518 516
518 519 520
521 520 519
520 521 522
522 521 523
521 524 523
525 524 521
525 526 524
523 524 526
527 519 516
516 517 527
525 521 528
528 521 519
529 525 528
529 528 530
525 529 531
532 525 531
519 533 528
519 527 533
533 527 534
534 535 533
528 535 530
528 533 535
530 535 536
536 535 534
537 530 536
530 537 538
530 538 529
538 539 529
529 539 531
539 540 531
536 534 541
536 542 537
542 536 541
541 543 542
543 541 544
543 544 545
544 546 545
541 546 544
546 541 547
547 541 534
547 534 517
534 527 517
539 548 540
537 549 538
549 537 550
542 550 537
549 550 551
552 545 546
543 545 552
547 517 553
550 553 551
553 554 551
554 553 555
553 517 555
550 556 553
556 543 552
546 556 552
556 546 547
547 553 556
550 542 556
543 556 542
557 549 551
557 551 554
558 549 557
558 559 548
559 558 557
560 548 559
561 557 554
561 554 555
555 562 561
518 561 562
561 518 520
520 563 561
559 557 563
557 561 563
563 520 522
522 564 563
559 563 565
563 564 565
559 565 566
564 566 565
562 515 518
515 562 567
567 513 515
513 567 568
568 511 513
511 568 569
567 562 517
562 555 517
567 517 570
570 568 567
514 570 517
510 570 514
570 510 571
568 570 571
571 569 568
512 571 510
571 512 572
569 571 572
573 574 575
573 575 576
575 577 576
576 577 578
579 577 575
574 579 575
577 579 580
581 577 580
577 581 582
578 577 582
583 582 581
582 583 584
585 584 583
584 585 586
587 584 586
584 587 588
582 584 588
582 588 589
578 582 589
586 590 587
590 586 591
585 591 586
591 592 590
592 591 593
594 590 592
590 594 595
595 587 590
587 595 596
596 597 587
598 587 597
598 588 587
599 597 596
597 599 600
600 601 597
601 598 597
599 602 600
600 602 603
601 600 603
588 598 604
589 604 605
605 604 606
607 593 591
591 585 607
594 608 595
595 609 596
608 610 609
611 609 610
585 611 610
609 611 612
610 608 613
613 585 610
585 613 607
614 613 608
613 614 615
615 607 613
608 594 614
609 595 608
605 606 616
617 605 616
612 617 616
618 617 612
618 612 611
612 616 619
619 609 612
619 620 609
596 609 620
599 596 620
620 621 599
621 620 601
601 620 619
599 621 602
621 603 602
601 603 621
622 615 614
623 614 594
614 623 622
592 623 594
623 592 624
593 624 592
624 593 625
593 626 625
626 593 627
593 607 627
626 628 625
628 626 629
630 625 628
625 630 624
624 631 623
631 624 630
631 622 623
607 615 627
615 626 627
626 615 632
615 622 632
626 633 629
633 626 632
632 634 633
634 632 622
622 631 634
635 636 637
636 635 638
638 639 636
639 638 640
641 639 640
637 642 635
642 637 643
644 642 643
642 644 645
573 643 637
573 637 636
573 636 646
646 636 639
646 639 647
647 639 641
647 648 646
648 574 646
646 574 573
648 647 649
649 647 641
643 573 576
578 643 576
578 644 643
589 644 578
605 644 589
605 645 644
650 574 648
579 574 650
651 642 645
605 651 645
642 651 652
653 648 649
648 653 654
648 654 655
655 579 650
650 648 655
649 641 653
656 642 652
642 656 635
657 635 656
635 657 638
658 638 657
654 653 658
653 641 658
654 658 657
641 640 658
638 658 640
659 654 657
652 659 656
654 659 655
659 657 656
659 660 655
579 655 660
661 579 660
579 661 580
661 581 580
581 661 618
618 583 581
583 618 611
611 585 583
662 618 661
663 662 661
659 663 660
660 663 661
662 617 618
617 662 651
659 652 663
662 663 652
662 652 651
605 617 651
664 665 666
667 664 666
667 668 664
664 668 665
668 667 669
665 668 670
669 670 668
669 671 670
672 667 666
673 666 665
674 670 671
675 666 673
672 666 675
676 675 673
675 676 674
665 670 676
673 665 676
674 676 670
677 678 679
678 680 679
679 680 540
531 540 680
680 532 531
678 681 680
680 681 532
677 679 682
679 540 683
682 679 683
548 683 540
683 548 560
682 683 684
683 560 684
558 548 539
538 558 539
549 558 538
685 686 687
688 689 690
689 691 690
689 692 691
693 692 689
692 694 691
694 692 695
695 692 693
693 696 695
696 693 697
698 695 696
695 698 699
695 699 700
700 694 695
694 700 701
700 699 702
700 702 703
701 700 703
701 703 704
705 704 703
704 705 706
707 706 705
706 707 708
705 709 707
709 705 710
703 710 705
710 703 702
709 711 707
711 708 707
708 711 712
713 712 711
712 713 714
713 711 715
716 715 711
711 717 716
718 716 717
716 718 719
720 719 718
719 720 721
722 721 720
721 722 723
724 723 722
723 724 725
726 725 724
725 726 727
728 727 726
727 728 729
730 731 732
731 730 733
730 734 733
731 735 732
736 732 735
737 732 736
736 738 737
737 738 739
740 741 742
742 741 743
741 744 743
743 744 745
742 746 740
747 748 749
747 750 748
750 747 751
752 751 747
751 752 753
754 753 752
754 752 755
752 756 755
752 747 756
756 747 749
753 754 757
758 748 750
748 758 759
758 760 759
761 759 760
759 761 762
762 748 759
748 762 749
763 762 761
762 763 764
764 749 762
761 765 763
760 758 766
766 767 760
767 766 768
768 769 767
769 768 770
770 771 769
772 769 771
771 773 772
769 772 774
771 770 775
775 773 771
776 764 763
764 776 777
763 765 778
763 778 776
776 778 779
780 778 765
765 781 780
781 782 780
782 781 783
782 783 784
780 782 785
783 786 784
787 786 783
787 788 786
780 785 789
789 779 778
778 780 789
789 790 779
790 789 791
789 785 791
792 783 781
783 792 787
781 765 792
761 792 765
761 793 792
793 761 760
794 793 760
760 767 794
769 794 767
794 769 774
774 795 794
790 796 797
797 779 790
797 796 798
799 797 798
799 798 800
801 799 800
800 802 801
800 803 802
804 799 801
802 803 805
806 802 805
806 805 807
799 804 808
797 808 779
808 797 799
776 779 808
809 808 804
809 776 808
810 809 804
811 809 810
809 811 812
812 776 809
810 813 811
813 810 814
814 758 813
758 814 766
815 766 814
766 815 768
816 768 815
768 816 770
817 770 816
816 818 817
817 818 773
818 816 819
770 817 775
775 817 773
820 812 811
812 820 821
821 822 812
823 821 820
824 816 815
816 824 819
819 824 825
814 824 815
824 814 826
826 814 810
810 827 826
810 804 827
801 827 804
827 801 802
802 806 827
823 820 828
829 823 828
751 829 828
829 751 753
828 750 751
750 828 830
828 820 830
753 831 829
831 832 829
829 832 823
831 753 757
830 758 750
758 830 813
830 811 813
811 830 820
833 834 835
836 837 838
839 840 841
842 843 844
845 846 847
847 846 848
849 847 848
847 849 850
850 849 851
845 847 852
853 847 850
850 851 853
847 853 854
847 854 852
855 856 857
858 857 856
858 859 857
858 860 859
858 861 860
861 858 862
861 862 863
864 861 863
864 863 865
855 857 866
867 859 860
867 866 857
867 857 859
867 860 868
868 869 867
868 870 869
871 870 868
871 872 870
873 874 875
876 874 873
877 874 876
878 879 880
878 881 879
881 878 882
883 881 882
882 884 883
884 882 885
882 886 885
886 882 878
887 886 878
887 878 880
888 886 887
886 888 889
885 886 889
885 889 884
888 890 889
884 889 891
892 884 891
892 891 893
894 884 892
894 883 884
895 893 891
893 895 896
895 897 896
897 895 898
898 899 897
899 898 900
898 895 901
900 898 902
898 901 902
903 902 901
902 903 904
904 905 902
900 902 905
905 904 906
907 905 906
905 908 900
907 908 905
909 908 907
909 900 908
900 909 899
895 910 901
891 910 895
911 901 910
910 889 911
910 891 889
901 911 912
901 912 913
913 914 901
915 901 914
915 916 901
913 912 917
917 918 913
919 913 918
913 919 920
920 914 913
917 921 918
921 917 922
918 923 919
923 918 921
924 919 923
919 924 925
925 920 919
926 925 924
925 926 927
928 927 926
927 928 929
929 930 927
930 929 931
932 930 931
930 932 933
933 934 930
934 935 920
934 936 935
934 933 936
934 937 930
937 925 927
937 927 930
938 929 928
929 938 939
931 929 939
931 939 940
920 925 937
937 934 920
914 920 935
941 914 935
936 941 935
941 915 914
931 942 932
942 931 940
938 943 939
943 938 944
944 945 943
945 944 946
947 939 943
947 942 940
940 939 947
947 943 948
948 943 945
948 949 947
942 947 949
949 948 950
946 951 945
951 946 952
952 953 951
951 953 954
954 945 951
945 954 948
954 950 948
954 953 955
950 954 955
956 955 953
956 950 955
944 957 946
957 944 958
952 959 953
959 956 953
946 959 952
959 946 957
957 956 959
960 949 950
956 957 960
950 956 960
960 957 958
961 960 958
949 960 961
961 958 962
958 938 962
938 963 962
963 938 928
928 964 963
965 963 964
963 965 966
966 962 963
965 932 966
932 965 933
966 967 962
967 961 962
968 933 965
968 965 969
969 965 964
933 968 936
968 970 936
968 971 970
969 971 968
964 928 926
926 972 964
969 964 972
972 971 969
972 926 924
924 973 972
971 972 973
973 974 971
974 973 975
976 974 975
921 976 975
976 921 922
974 976 977
923 975 973
975 923 921
973 924 923
978 976 922
976 978 977
979 971 974
971 979 970
941 970 979
974 980 979
980 974 977
915 979 980
941 979 915
915 980 916
980 977 981
981 982 980
982 981 983
984 980 982
985 980 984
984 897 985
897 984 896
893 896 984
899 985 897
985 899 986
984 987 893
987 984 982
982 983 987
892 893 987
986 988 985
985 988 980
988 903 980
903 988 904
989 904 988
986 989 988
904 989 906
907 906 989
989 986 990
907 989 990
909 907 990
986 909 990
909 986 899
892 987 991
894 892 991
991 987 983
992 991 983
993 991 992
991 993 994
894 991 994
994 993 995
996 993 992
992 983 996
993 996 997
997 995 993
998 997 996
999 998 996
996 983 999
999 983 1000
995 997 1001
997 1002 1001
998 1002 997
983 981 1000
1000 981 977
978 1000 977
999 1000 978
978 1003 999
978 1004 1003
1005 1004 978
1006 1005 978
1005 1006 1007
1006 1008 1007
1008 1006 1009
1010 1008 1009
1009 1011 1010
1009 888 1011
1008 1010 1012
888 1013 1011
1012 1014 1008
1014 1007 1008
1014 1012 1015
1014 1015 1016
1017 1014 1016
1007 1014 1017
888 1009 890
1009 912 890
917 912 1009
1009 922 917
890 912 911
889 890 911
888 887 1013
1013 887 1018
887 880 1018
880 1019 1018
1019 1020 1018
1019 1021 1020
1019 1022 1021
1022 1019 1023
1019 879 1023
879 1019 880
879 1024 1023
1024 879 881
881 1025 1024
1026 1025 881
1027 1025 1026
1026 1028 1027
1028 1026 883
883 1026 881
1028 883 1029
1028 1029 1030
1030 1031 1028
1032 1028 1031
1033 1028 1032
1028 1033 1027
1031 1034 1032
1034 1031 1035
1036 1035 1031
1036 1031 1030
1035 1036 1037
1038 1034 1035
1037 1038 1035
1034 1038 1039
1039 1038 1040
1040 1038 1041
1038 1037 1041
1033 1042 1027
1042 1043 1027
1043 1042 1044
1044 1045 1043
1045 1046 1043
1046 1045 1047
1043 1046 1025
1027 1043 1025
1045 1048 1047
1049 1048 1045
1048 1049 1050
1051 1049 1045
1051 1045 1044
1051 1052 1049
1053 1052 1051
1054 1052 1053
1055 1052 1054
1052 1055 1056
1052 1056 1049
1049 1056 1057
1049 1057 1050
1047 1048 1058
1058 1059 1047
1059 1060 1047
1047 1060 1061
1060 1062 1061
1059 1063 1060
1060 1063 1064
1060 1064 1062
1063 1065 1064
1022 1061 1062
1022 1023 1061
1023 1046 1061
1023 1024 1046
1046 1047 1061
1021 1022 1062
1046 1024 1025
1066 1059 1058
1066 1058 1067
1067 1068 1066
1069 1066 1068
1068 1067 1070
1071 1070 1067
1070 1071 1072
1073 1070 1072
1074 1071 1067
1071 1074 1057
1067 1058 1074
1048 1074 1058
1066 1069 1059
1074 1048 1050
1057 1074 1050
1071 1075 1072
1075 1071 1076
1077 1072 1075
1076 1078 1075
1078 1076 1079
1080 1071 1057
1071 1080 1076
1076 1080 1081
1079 1076 1081
1082 1081 1080
1083 1081 1082
1081 1083 1084
1079 1081 1084
1084 1083 1085
1083 1086 1085
1085 1086 1087
1088 1083 1082
1089 1088 1082
1082 1090 1089
1080 1090 1082
1051 1088 1089
1051 1089 1091
1053 1051 1091
1054 1053 1091
1055 1054 1091
1091 1056 1055
1091 1089 1056
1089 1057 1056
1089 1090 1057
1088 1092 1083
1092 1086 1083
1092 1088 1093
1093 1094 1092
1044 1093 1088
1051 1044 1088
1093 1044 1042
1092 1094 1095
995 1095 1094
1096 995 1094
1096 1094 1097
1042 1097 1093
1097 1094 1093
1097 1098 1096
1098 994 1096
994 995 1096
1098 1029 994
1098 1030 1029
1030 1098 1099
1032 1099 1098
1033 1032 1098
1033 1097 1042
1098 1097 1033
1034 1099 1032
1099 1034 1100
1100 1036 1099
1036 1030 1099
1036 1100 1037
1034 1101 1100
1101 1037 1100
1101 1034 1039
1039 1040 1101
1040 1041 1101
1037 1101 1041
1029 894 994
1029 883 894
588 604 589
1102 1103 1104
1104 1103 1065
1104 1065 1063
1104 1063 1059
1069 1104 1059
1104 1069 1102
1069 1068 1102
1105 696 1106
696 1105 1107
696 1107 698
1106 696 697
1108 1109 1110
1109 1108 1111
1111 1112 1109
1111 1113 1112
1114 1112 1113
1114 1115 1112
1114 1116 1115
1116 1114 1117
1117 1118 1116
1118 1117 1119
1108 1110 1120
1120 1121 1108
1121 1120 1122
1121 1122 1123
1124 1123 1122
1124 1122 1125
1126 1124 1125
1124 1126 1127
1127 1118 1119
1118 1127 1126
2 1 1128
1128 1 8
11 1128 8
1129 1130 1131
1130 1129 1132
1133 1132 1129
1132 1133 1134
1134 1135 1132
1135 1134 1136
1137 1135 1136
1135 1137 1138
1138 1139 1135
1140 1138 1137
1140 1141 1138
1138 1141 1139
1139 1142 1135
1141 1143 1139
1139 1143 1142
1143 1141 1144
1145 1131 1130
1131 1145 1146
1147 1146 1145
1146 1147 1148
1147 1149 1148
1149 1150 1148
1149 1151 1150
1152 1151 1149
1153 1151 1152
1151 1154 1150
1151 1155 1154
1153 1155 1151
1155 1153 1156
1155 1156 1157
1155 1157 1154
1153 1158 1156
1156 1158 1159
1160 1159 1158
1158 1161 1160
1161 1158 1162
1158 1153 1162
1162 1153 1152
1163 1159 1160
1162 1164 1161
1162 1165 1164
1152 1165 1162
1166 1165 1152
1165 1166 1167
1167 1164 1165
1168 1167 1166
1167 1168 1169
1164 1170 1161
1164 1171 1170
1164 1172 1171
1164 1167 1172
1173 1171 1172
1167 1169 1173
1172 1167 1173
1171 1173 1174
1166 1175 1168
1168 1175 1176
1168 1176 1177
1177 1169 1168
1169 1178 1173
1178 1174 1173
1142 1177 1176
1175 1145 1176
1177 1179 1169
1143 1179 1177
1143 1177 1142
1130 1176 1145
1176 1130 1180
1142 1176 1180
1130 1132 1180
1180 1132 1135
1180 1135 1142
1175 1147 1145
1149 1147 1175
1166 1149 1175
1152 1149 1166
1179 1143 1144
1179 1144 1181
1182 1178 1181
1178 1182 1183
1184 1181 1144
1181 1184 1182
1144 1185 1184
1185 1144 1141
1185 1141 1140
1140 1137 1186
1187 1186 1137
1137 1188 1187
1189 1187 1188
1187 1189 1190
1191 1190 1189
1192 1191 1189
1188 1192 1189
1191 1192 1193
1193 1194 1191
1194 1193 1195
1190 1191 1196
1194 1196 1191
1194 1197 1196
1192 1188 1198
1193 1192 1199
1192 1198 1199
1199 1198 1200
1199 1200 1201
1202 1195 1193
1195 1202 1203
1193 1204 1202
1193 1199 1204
1197 1205 1196
1205 1197 1206
1207 1196 1205
1196 1207 1190
1208 1190 1207
1190 1208 1187
1198 1133 1200
1133 1198 1134
1188 1134 1198
1134 1188 1136
1188 1137 1136
1186 1187 1208
1201 1209 1210
1209 1211 1210
1211 1212 1210
1199 1210 1212
1212 1211 1213
1211 1214 1213
1214 1211 1215
1214 1215 1216
1215 1217 1216
1215 1218 1217
1218 1215 1211
1211 1209 1218
1199 1201 1210
1199 1212 1219
1220 1221 1222
1220 1223 1221
1223 1220 1224
1225 1224 1220
1220 1226 1225
1226 1220 1227
1220 1222 1227
1226 1227 1228
1227 1222 1228
1222 1229 1228
1230 1228 1229
1228 1230 1231
1224 1225 1232
1232 1233 1224
1233 1232 1234
1234 1235 1233
1235 1234 1236
1236 1237 1235
1238 1235 1237
1237 1239 1238
1239 1237 1240
1241 1240 1237
1237 1236 1241
1240 1241 1242
1240 1243 1239
1243 1240 1244
1240 1242 1244
1245 1243 1244
1235 1238 1246
1235 1246 1247
1235 1247 1233
1247 1248 1233
1248 1249 1233
1249 1224 1233
1249 1223 1224
1250 1251 1252
1251 1250 1253
1254 1251 1253
1251 1254 1255
1251 1256 1252
1256 1251 1257
1255 1257 1251
1257 1255 1258
1256 1259 1252
1259 1231 1252
1260 1259 1256
1252 1230 1250
1231 1230 1252
1261 1258 1255
1258 1261 1262
1261 1263 1262
1263 1261 1264
1264 1255 1254
1255 1264 1261
1265 1231 1259
1266 1265 1259
1266 1259 1267
1268 1267 1259
1260 1268 1259
1267 1268 1269
1268 1270 1269
1270 1268 1271
1272 1270 1271
1270 1272 1273
1273 1272 1274
1274 1272 1275
1271 1275 1272
1275 1271 1276
1276 1271 1268
1276 1268 1260
1277 1265 1266
1277 1228 1265
1228 1231 1265
1226 1228 1277
1278 1279 1280
1280 1279 1281
1279 1282 1281
1279 1283 1282
1280 1203 1278
1203 1280 1195
1281 1195 1280
1195 1281 1194
1282 1194 1281
1194 1282 1197
1283 1197 1282
1197 1283 1206
1284 1285 1286
1285 1284 1287
1286 1288 1284
1288 1286 1289
1288 1290 1284
1290 1288 1291
1292 1286 1285
1286 1292 1293
1293 1289 1286
1294 1293 1292
1293 1294 1295
1296 1293 1295
1293 1296 1297
1289 1293 1297
1298 1296 1295
1296 1298 1299
1295 1300 1298
1301 1299 1298
1299 1301 1302
1303 1302 1301
1301 1304 1303
1304 1298 1300
1298 1304 1301
1290 1291 1305
1305 1306 1290
1306 1284 1290
1284 1306 1287
1294 1307 1295
1295 1307 1300
1300 1307 1308
1308 1307 1309
1309 1307 1310
1307 1294 1310
1311 1312 1313
1312 1314 1313
1312 1315 1314
1315 1316 1314
1316 1315 1317
1317 1318 1316
1318 1317 1319
1311 1313 1320
1320 1313 1321
1320 1321 1322
1323 1322 1321
1322 1323 1324
1325 1324 1323
1324 1325 1326
1327 1328 1329
1328 1327 1330
1331 1329 1328
1329 1331 1332
1333 1334 1335
1336 1333 1335
1333 1336 1337
1336 1338 1337
1338 1336 1339
1337 1338 1340
1341 1340 1338
1340 1341 1342
1343 1342 1341
1342 1343 1344
1339 1345 1338
1345 1339 1346
1346 1347 1345
1347 1346 1348
1349 1335 1334
1349 1336 1335
1336 1350 1339
1350 1336 1351
1336 1349 1351
1351 1352 1350
1352 1353 1350
1353 1352 1354
1354 1355 1353
1355 1354 1356
1346 1357 1348
1357 1346 1358
1339 1358 1346
1358 1339 1350
1359 1360 1361
1362 1360 1359
1360 1362 1363
1364 1365 1366
1364 1367 1365
1367 1364 1368
1369 1365 1367
1370 1367 1368
1367 1370 1371
1369 1367 1371
1370 1372 1371
1373 1374 1375
1374 1373 1376
1377 1376 1373
1376 1377 1378
1379 1374 1376
1374 1379 1380
1381 1376 1378
1376 1381 1379
1382 1380 1379
1380 1382 1383
1384 1379 1381
1379 1384 1382
1375 1385 1373
1385 1375 1386
1386 1387 1385
1387 1386 1388
1389 1385 1387
1385 1389 1390
1390 1373 1385
1373 1390 1377
1388 1391 1387
1391 1388 1392
1393 1387 1391
1387 1393 1389
1382 1394 1383
1394 1382 1395
1384 1395 1382
1396 1394 1395
1394 1396 1397
1398 1396 1395
1395 1384 1398
1396 1398 1399
1400 1397 1396
1397 1400 1401
1402 1396 1399
1396 1402 1400
1400 1403 1401
1403 1400 1404
1405 1403 1404
1406 1400 1402
1400 1406 1404
1407 1404 1406
1405 1404 1408
1408 1404 1407
1408 1407 1409
1410 1408 1409
1411 1408 1410
1411 1405 1408
1398 1412 1399
1412 1402 1399
1412 1394 1397
1394 1412 1413
1412 1398 1413
1397 1414 1412
1402 1412 1414
1414 1406 1402
1414 1397 1401
1403 1414 1401
1405 1415 1403
1407 1406 1415
1414 1403 1415
1406 1414 1415
1411 1410 1416
1410 1409 1416
1416 1409 1407
1416 1407 1415
1405 1416 1415
1411 1416 1405
1417 1394 1413
1394 1417 1383
1417 1380 1383
1380 1417 1418
1418 1374 1380
1374 1418 1419
1420 1374 1419
1374 1420 1375
1419 1377 1420
1377 1419 1378
1419 1381 1378
1381 1419 1418
1418 1384 1381
1384 1418 1417
1421 1375 1420
1375 1421 1386
1422 1386 1421
1386 1422 1388
1421 1389 1422
1389 1421 1390
1390 1420 1377
1420 1390 1421
1423 1388 1422
1388 1423 1392
1422 1393 1423
1393 1422 1389
1413 1384 1417
1384 1413 1398
1424 1425 1426
1425 1424 1427
1426 1428 1424
1428 1426 1429
1425 1430 1426
1430 1429 1426
1430 1425 1431
1429 1430 1432
1433 1425 1427
1425 1433 1434
1434 1428 1429
1428 1434 1433
1435 1425 1434
1425 1435 1431
1435 1429 1432
1429 1435 1434
1436 1437 1438
1437 1436 1439
1439 1440 1437
1440 1439 1441
1442 1438 1437
1438 1442 1443
1437 1444 1442
1444 1437 1440
1445 1436 1438
1445 1444 1440
1436 1445 1446
1440 1446 1445
1446 1440 1441
1447 1438 1443
1438 1447 1445
1444 1445 1447
1448 1449 1450
1450 1451 1448
1451 1452 1448
1452 1451 1453
1453 1454 1452
1454 1453 1455
1455 1456 1454
1456 1455 1457
1457 1458 1456
1458 1457 1459
749 764 1460
1460 764 822
756 749 1460
764 777 822
812 822 777
776 812 777
13 14 1461
1174 1178 1183
1169 1181 1178
1181 1169 1179
1462 1463 1464
1465 1462 1464
1466 1465 1464
1467 1466 1464
1468 1466 1467
1469 1467 1464
1470 1469 1464
1470 1471 1469
1471 1470 1472
1473 1472 1470
1472 1473 1474
1475 1474 1473
1474 1475 1476
1469 1477 1467
1477 1469 1471
1478 1467 1477
1467 1478 1479
1468 1467 1479
1480 1479 1478
1479 1480 1481
1479 1481 1482
1479 1482 1468
1480 1483 1481
1483 1480 1484
1481 1483 1485
1484 1486 1483
1486 1484 1487
1488 1483 1486
1483 1488 1485
1482 1481 1489
1481 1485 1489
1485 1490 1489
1490 1491 1489
1491 1492 1489
1492 1482 1489
1486 1493 1488
1493 1486 1494
1487 1494 1486
1494 1495 1493
1495 1494 1496
1494 1487 1496
1497 1498 1499
1497 1500 1498
1500 1497 1501
1501 1502 1500
1502 1501 1503
1501 1504 1503
1504 1501 1505
1506 1503 1504
1503 1506 1507
1508 1501 1497
1501 1508 1505
1497 1509 1508
1503 1510 1502
1510 1503 1507
1507 1511 1510
1511 1507 1512
1506 1512 1507
1513 1511 1512
1512 1514 1513
1506 1514 1512
1515 1516 1517
1516 1515 1518
1518 1515 1519
1520 1517 1516
1517 1520 1521
1519 1522 1518
1519 1523 1522
1524 1521 1520
1520 1525 1524
1525 1526 1524
1525 1527 1526
1527 1525 1528
1528 1529 1527
1529 1528 1530
1531 1529 1530
1532 1531 1530
1532 1530 1533
1532 1533 1534
1533 1535 1534
1533 1536 1535
1536 1537 1535
1536 1538 1537
1538 1539 1537
1538 1540 1539
1541 1542 1543
1543 1544 1541
1544 1543 1545
1546 1544 1545
1542 1541 1547
1542 1547 1548
1549 1548 1547
1548 1549 1550
1551 1550 1549
1551 1549 1552
1553 1551 1552
1554 1553 1552
1554 1555 1553
1555 1554 1556
1557 1555 1556
1557 1556 1558
1557 1558 1559
1559 1560 1557
1559 1558 1561
1559 1561 1562
1561 1563 1562
1562 1563 1564
1563 1565 1564
1563 1566 1565
1566 1567 1565
1567 1568 1565
1569 1567 1566
1570 1569 1566
1570 1571 1569
1570 1572 1571
1573 1572 1570
1574 1575 1576
1575 1574 1577
1575 1578 1576
1578 1575 1579
1574 1580 1577
1580 1581 1577
1582 1581 1580
1580 1583 1582
1578 1579 1584
1584 1585 1578
1584 1586 1585
1586 1584 1587
1587 1588 1586
1588 1587 1589
1589 1590 1588
1590 1589 1591
1591 1592 1590
1592 1591 1593
1593 1594 1592
1594 1593 1595
1595 1596 1594
1596 1595 1597
1597 1598 1596
1598 1597 1599
1599 1600 1598
1600 1599 1601
1601 1602 1600
1602 1601 1603
1604 1605 1606
1607 1605 1604
1604 1608 1607
1609 1608 1604
1609 1610 1608
1609 1611 1610
1611 1609 1612
1611 1613 1610
1614 1611 1612
1612 1615 1614
1615 1612 1616
1582 1615 1616
1582 1616 1581
1617 1618 1619
1620 1618 1617
1621 1618 1620
1622 1618 1621
1623 1622 1621
1620 1623 1621
1622 1623 1624
1623 1620 1625
1626 1620 1617
1620 1626 1625
1619 1626 1617
1626 1619 1627
1628 1629 1630
1631 1632 1633
1633 1632 1634
1633 1634 1635
1636 1633 1635
1637 1635 1634
1635 1637 1638
1638 1636 1635
1639 1636 1638
1636 1639 1640
1638 1641 1639
1641 1638 1642
1638 1643 1642
1637 1643 1638
1643 1637 1644
1643 1645 1642
1643 1646 1645
1644 1646 1643
1644 1647 1646
1647 1648 1646
1648 1647 1649
1649 1650 1648
1650 1649 1651
1652 1648 1650
1648 1652 1653
1646 1653 1645
1653 1646 1648
1652 1650 1654
1651 1654 1650
1654 1651 1655
1655 1656 1654
1656 1655 1657
1656 1658 1654
1659 1654 1658
1654 1659 1660
1659 1661 1660
1661 1659 1662
1662 1663 1661
1663 1662 1664
1664 1665 1663
1665 1664 1666
1666 1667 1665
1667 1666 1668
1668 1669 1667
1669 1668 1670
1670 1671 1669
1671 1670 1672
1673 1674 1675
1674 1676 1675
1675 1676 1677
1676 1678 1677
1674 1673 1679
1680 1681 1682
1683 1684 1685
1686 1687 1688
1689 1690 1691
1692 1693 1694
1695 1692 1694
1696 1695 1694
1697 1016 1698
1017 1016 1697
1699 1697 1698
1697 1699 1005
1004 1005 1699
1697 1007 1017
1007 1697 1005
1085 1700 1701
1084 1085 1701
1701 1700 1702
1703 1701 1702
1703 1084 1701
1084 1703 1704
1703 1705 1704
1705 1703 1706
1703 1702 1706
1085 1087 1700
1079 1084 1704
1705 1078 1704
1078 1079 1704
1707 1087 1086
1707 1086 1708
1708 1086 1092
1708 1092 1095
1095 1001 1708
1001 1095 995
1709 1708 1001
1707 1708 1709
1709 1710 1707
1710 1087 1707
1709 1711 1710
1709 1712 1711
1002 1712 1709
1001 1002 1709
998 1712 1002
1713 1712 998
999 1713 998
999 1003 1713
1714 1715 193
193 194 1714
1716 1714 194
1714 1716 1717
1714 1717 1715
1716 1718 1717
193 1715 199
1719 1720 1639
1639 1721 1719
1639 1641 1721
1720 1640 1639
1463 1722 1464
1722 1470 1464
1473 1470 1722
1723 1724 1725
1724 1723 1726
1726 1727 1724
1727 1726 1728
1729 1728 1726
1728 1729 1730
1729 1731 1730
1731 1729 1732
1732 1729 1733
1734 1731 1732
1734 1732 1735
1732 1733 1735
1733 1729 1736
1735 1733 1737
1733 1736 1737
1737 1738 1735
1725 1739 1723
1739 1725 1740
1740 1741 1739
1741 1740 1742
1741 1742 1743
1743 1742 1744
1743 1744 1745
1746 1743 1745
1747 1746 1745
1745 1744 1748
1745 1748 1749
1747 1745 1749
1749 1750 1747
1749 1751 1750
1749 1748 1751
1747 1750 1752
1750 1753 1752
1754 1752 1753
1755 1752 1754
1752 1755 1756
1752 1756 1747
1756 1746 1747
1757 1754 1753
1756 1755 1758
1756 1758 1759
1746 1756 1759
1759 1760 1746
1760 1759 1761
1758 1761 1759
1761 1762 1760
1762 1761 1763
1758 1755 1764
1758 1764 1765
1758 1765 1766
1761 1758 1766
1765 1767 1766
1761 1767 1763
1766 1767 1761
1767 1765 1768
1760 1762 1769
1762 1770 1769
1762 1771 1770
1771 1762 1763
1763 1767 1772
1768 1772 1767
1736 1770 1771
1769 1770 1739
1771 1763 1773
1737 1771 1773
1737 1736 1771
1723 1739 1770
1770 1774 1723
1736 1774 1770
1723 1774 1726
1774 1729 1726
1774 1736 1729
1769 1739 1741
1743 1769 1741
1760 1769 1743
1746 1760 1743
1773 1738 1737
1773 1775 1738
1772 1776 1775
1776 1772 1777
1778 1775 1776
1775 1778 1738
1779 1738 1778
1738 1779 1735
1779 1734 1735
1734 1780 1731
1780 1781 1731
1782 1731 1781
1781 1783 1782
1783 1781 1784
1784 1785 1783
1785 1786 1783
1786 1782 1783
1786 1785 1787
1788 1787 1785
1787 1788 1789
1785 1784 1790
1788 1785 1790
1788 1790 1791
1782 1786 1792
1787 1793 1786
1786 1793 1792
1793 1794 1792
1793 1795 1794
1789 1796 1787
1796 1789 1797
1787 1796 1798
1787 1798 1793
1799 1791 1790
1791 1799 1800
1790 1801 1799
1801 1790 1784
1784 1802 1801
1802 1784 1781
1727 1792 1794
1792 1727 1728
1728 1782 1792
1782 1728 1730
1731 1782 1730
1781 1780 1802
1795 1803 1804
1805 1804 1803
1806 1805 1803
1793 1806 1803
1805 1806 1807
1808 1805 1807
1805 1808 1809
1808 1810 1809
1809 1810 1811
1812 1809 1811
1809 1812 1805
1804 1805 1812
1793 1803 1795
1793 1813 1806
1814 1815 1816
1817 1814 1816
1814 1817 1818
1818 1819 1814
1820 1814 1819
1814 1820 1821
1814 1821 1815
1820 1822 1821
1821 1822 1815
1815 1822 1823
1822 1824 1823
1824 1822 1825
1819 1818 1826
1827 1826 1818
1826 1827 1828
1829 1828 1827
1828 1829 1830
1831 1830 1829
1829 1832 1831
1833 1831 1832
1831 1833 1834
1834 1835 1831
1830 1831 1835
1835 1834 1836
1837 1834 1833
1834 1837 1838
1834 1838 1836
1839 1838 1837
1832 1829 1840
1829 1841 1840
1829 1827 1841
1841 1827 1842
1842 1827 1843
1843 1818 1817
1843 1827 1818
1844 1845 1846
1845 1844 1847
1845 1848 1846
1848 1845 1849
1850 1845 1847
1845 1850 1851
1851 1849 1845
1849 1851 1852
1850 1847 1853
1853 1847 1825
1854 1850 1853
1847 1844 1824
1825 1847 1824
1852 1855 1849
1855 1852 1856
1855 1856 1857
1857 1858 1855
1849 1858 1848
1858 1849 1855
1859 1853 1825
1860 1853 1859
1860 1861 1853
1861 1862 1853
1854 1853 1862
1862 1861 1863
1864 1862 1863
1862 1864 1865
1864 1866 1865
1866 1864 1867
1867 1868 1866
1868 1869 1866
1869 1865 1866
1865 1869 1870
1870 1862 1865
1870 1854 1862
1871 1860 1859
1871 1859 1822
1822 1859 1825
1820 1871 1822
1872 1873 1874
1873 1875 1874
1874 1875 1876
1874 1876 1877
1797 1873 1872
1873 1797 1789
1789 1875 1873
1875 1789 1788
1788 1876 1875
1876 1788 1791
1791 1877 1876
1877 1791 1800
1878 1879 1880
1879 1878 1881
1882 1881 1878
1881 1882 1883
1884 1882 1878
1882 1884 1885
1881 1886 1879
1886 1881 1887
1883 1887 1881
1887 1888 1886
1888 1887 1889
1887 1890 1889
1890 1887 1891
1887 1883 1891
1890 1892 1889
1892 1890 1893
1889 1892 1894
1893 1895 1892
1895 1893 1896
1897 1895 1896
1895 1897 1898
1898 1892 1895
1892 1898 1894
1884 1899 1885
1899 1884 1900
1901 1888 1889
1889 1894 1901
1894 1902 1901
1902 1903 1901
1903 1904 1901
1888 1901 1904
1900 1878 1880
1878 1900 1884
1905 1906 1907
1906 1905 1908
1908 1909 1906
1909 1908 1910
1911 1912 1913
1913 1914 1911
1914 1913 1915
1916 1917 1918
1917 1916 1919
1920 1919 1916
1919 1920 1921
1922 1921 1920
1921 1922 1923
1924 1923 1922
1923 1924 1925
1926 1925 1924
1925 1926 1927
1475 1928 1476
936 970 941
1772 1768 1777
1775 1763 1772
1763 1775 1773
942 966 932
966 942 967
942 961 967
961 942 949
938 958 944
1057 1090 1080
1929 1930 1931
1930 1929 1932
1930 1933 1931
1933 1930 1934
1935 1936 1937
1936 1935 1938
1939 1940 1941
1940 1939 1942
1943 1939 1941
1939 1943 1944
1945 1946 1947
1946 1945 1948
1949 1945 1947
1945 1949 1950
1951 1952 1953
1951 1954 1955
