byte offset: 0
first index: 0
index count: 1656
topology: trianglelist
format: DXGI_FORMAT_R16_UINT

0 1 2
0 2 3
3 2 4
3 4 5
5 4 6
5 6 7
7 6 8
7 8 9
9 8 10
11 1 0
11 12 1
13 14 15
13 15 16
17 16 15
17 15 18
19 17 18
19 18 20
21 15 14
21 22 15
23 20 18
23 18 24
24 18 15
24 15 22
25 26 27
25 27 28
29 25 28
29 30 25
31 27 26
31 26 32
30 29 33
30 33 34
34 33 35
25 36 26
25 37 36
38 37 25
38 25 30
34 35 39
30 34 39
30 39 38
40 32 26
40 26 36
41 42 43
41 43 44
42 45 43
42 46 45
46 47 45
48 49 50
48 50 51
52 50 49
52 53 50
48 54 49
52 49 54
48 55 54
52 54 56
57 58 59
57 59 60
61 57 60
61 62 57
62 61 63
62 63 64
62 64 65
65 64 66
65 66 67
67 66 68
67 68 69
69 68 70
71 72 73
71 73 74
72 75 73
72 76 75
76 77 75
76 78 77
79 78 76
79 80 78
79 81 80
82 83 84
82 84 85
83 86 84
83 87 86
86 87 88
89 88 87
89 90 88
86 88 91
92 91 88
92 93 91
93 92 94
93 94 95
95 94 96
95 96 97
98 82 85
85 99 98
99 85 100
99 100 101
102 82 98
103 102 98
103 104 102
103 105 104
104 105 106
103 107 105
103 108 107
109 110 111
109 111 112
113 110 109
113 114 110
115 114 113
115 113 116
117 118 119
117 119 120
121 119 118
121 122 119
123 122 121
123 124 122
125 126 127
125 127 128
129 125 128
129 128 130
131 129 130
131 132 129
133 134 135
133 135 136
137 134 133
137 138 134
139 140 141
139 141 142
143 144 145
143 145 146
147 148 149
147 149 150
151 152 153
151 153 154
155 156 157
155 157 158
159 160 161
159 161 162
161 160 163
164 163 160
164 165 163
166 167 168
166 168 169
170 171 172
173 174 175
173 175 176
177 178 179
177 179 180
179 181 180
178 177 182
178 182 183
184 185 186
184 186 187
188 189 190
188 190 191
192 189 188
192 188 193
193 194 192
193 195 194
196 197 198
199 200 201
199 201 202
203 204 205
203 205 206
206 205 207
206 207 208
204 209 205
204 210 209
205 209 211
205 211 207
207 211 212
207 212 213
213 208 207
203 206 214
215 206 208
206 215 214
214 215 216
214 216 217
214 217 218
214 218 219
220 216 215
215 208 220
221 220 208
221 208 222
213 222 208
220 223 216
220 221 224
220 224 223
221 222 225
226 225 222
226 222 227
227 212 228
227 228 226
226 228 229
226 229 230
226 231 225
221 225 232
232 225 231
232 233 221
232 234 233
235 234 232
232 231 235
235 236 234
237 231 226
237 238 231
237 239 238
239 237 240
239 240 241
241 240 242
240 243 242
240 244 243
244 245 243
244 246 245
246 247 245
246 248 247
241 242 249
250 251 252
250 252 253
250 254 251
250 255 254
253 252 256
253 256 257
258 259 260
258 260 261
262 263 264
262 264 265
265 264 266
265 266 267
268 269 270
268 270 271
272 273 274
272 274 275
276 277 278
276 278 279
280 281 282
280 282 283
284 283 282
284 285 283
286 281 280
286 280 287
288 289 290
288 290 291
292 289 288
293 294 204
293 204 203
293 203 219
219 203 214
294 210 204
294 295 210
296 297 298
298 299 296
298 300 299
301 296 299
301 297 296
301 299 302
303 301 302
303 302 304
301 305 297
306 305 301
305 306 307
307 306 308
308 309 307
308 310 309
311 309 310
311 312 309
311 310 313
312 314 309
315 314 312
316 314 315
315 317 316
315 318 317
306 301 319
320 321 322
320 322 323
324 325 321
324 326 325
326 324 327
326 327 328
329 328 327
329 330 328
331 332 325
331 325 333
334 333 322
334 322 335
335 336 334
335 337 336
338 336 337
338 337 339
340 341 342
340 342 343
342 341 344
342 344 345
345 344 346
345 346 347
340 343 348
340 348 349
349 348 350
349 350 351
350 352 351
350 353 352
354 355 356
357 356 355
358 359 360
358 360 361
362 361 360
362 360 363
359 358 364
359 364 365
358 361 366
358 366 367
367 364 358
368 366 361
368 369 366
367 370 364
371 372 373
371 373 374
372 375 373
372 376 375
376 377 375
376 378 377
378 379 377
378 380 379
380 381 379
382 371 374
382 374 383
384 385 386
384 386 387
387 386 388
387 388 389
389 388 390
391 392 393
391 393 394
395 392 391
395 391 396
396 397 395
396 398 397
396 399 398
399 400 398
399 401 400
401 402 400
401 403 402
403 404 402
405 406 407
405 407 408
408 407 409
408 409 410
410 409 411
410 411 412
413 410 412
413 412 414
413 414 415
416 417 418
416 418 419
419 418 420
419 420 421
420 422 421
423 421 422
423 422 424
420 425 422
426 422 425
426 425 427
427 428 426
427 429 428
429 430 428
429 431 430
432 417 416
433 432 416
434 432 433
434 433 435
434 435 436
435 437 436
434 436 438
434 438 439
417 432 440
440 441 417
440 442 441
443 444 445
443 445 446
447 443 446
447 446 448
449 447 448
449 450 447
451 452 453
451 453 454
455 454 453
455 453 456
457 455 456
457 456 458
459 460 461
459 461 462
463 460 459
463 464 460
465 464 463
465 463 466
467 468 469
467 469 470
471 467 470
471 470 472
473 474 475
473 475 476
477 478 479
477 479 480
481 482 483
481 483 484
485 486 487
485 487 488
489 490 491
489 491 492
493 494 495
493 495 496
495 497 496
498 496 497
498 497 499
500 501 502
500 502 503
504 505 506
507 508 509
507 509 510
511 512 513
511 513 514
513 512 515
514 516 511
514 517 516
518 519 520
518 520 521
522 523 524
522 524 525
526 522 525
526 527 522
527 526 528
527 528 529
530 531 532
533 534 535
533 535 536
537 538 539
537 539 540
538 541 539
538 542 541
540 539 543
540 543 544
539 541 545
539 545 543
541 546 545
541 547 546
547 541 542
537 548 538
549 542 538
538 548 549
548 550 549
548 551 550
548 552 551
548 553 552
554 549 550
549 554 542
555 542 554
555 556 542
547 542 556
554 550 557
554 557 233
554 233 555
555 558 556
559 556 558
559 560 556
560 559 561
559 562 561
559 563 562
560 561 546
559 558 564
555 565 558
565 564 558
565 555 224
565 224 566
567 565 566
565 567 564
567 566 568
569 559 564
569 564 570
569 570 571
571 572 569
571 573 572
573 574 572
572 574 575
572 575 576
576 575 577
576 577 578
578 577 579
578 579 580
573 581 574
582 583 584
582 584 585
582 585 586
582 586 587
583 588 584
583 589 588
590 591 592
590 592 593
594 595 596
594 596 597
595 598 596
595 599 598
600 601 602
600 602 603
604 605 606
604 606 607
608 609 610
608 610 611
612 613 614
612 614 615
616 614 613
616 613 617
618 612 615
618 619 612
620 621 622
620 622 623
624 620 623
625 537 540
625 540 626
625 553 537
553 548 537
626 540 544
626 544 627
628 629 630
629 628 631
629 631 632
633 631 628
633 628 630
633 634 631
635 634 633
635 636 634
633 630 637
638 633 637
638 639 633
637 640 638
640 641 638
641 640 642
641 642 643
644 643 642
644 642 645
644 646 643
645 642 647
648 645 647
649 648 647
648 649 650
648 650 651
652 653 654
652 654 655
654 656 655
654 657 656
657 658 656
657 659 658
652 660 653
652 661 660
661 662 660
661 663 662
662 663 664
662 664 665
