byte offset: 0
first index: 0
index count: 4326
topology: trianglelist
format: DXGI_FORMAT_R16_UINT

0 1 2
1 3 2
3 4 2
4 5 2
1 0 6
0 7 6
0 8 7
8 9 7
7 9 10
9 11 10
9 8 12
12 13 9
11 9 13
13 14 11
15 13 12
16 15 12
17 15 16
17 16 18
19 17 18
19 20 17
20 15 17
19 18 21
22 21 18
19 23 20
23 24 20
23 19 25
21 25 19
26 23 25
27 21 22
21 27 25
22 28 27
28 29 27
30 29 28
28 31 30
30 31 32
31 33 32
32 33 34
33 35 34
33 36 35
36 37 35
4 37 36
38 4 36
34 39 32
39 40 32
32 40 30
40 41 30
29 30 41
41 42 29
43 29 42
43 27 29
43 44 27
25 27 44
44 26 25
15 45 46
45 15 20
20 24 45
15 46 13
14 13 46
6 7 47
7 10 47
48 18 49
18 48 50
48 49 51
52 48 51
48 52 53
52 54 53
22 48 53
52 55 54
56 54 55
56 57 54
57 56 58
59 57 58
59 60 57
22 57 60
61 55 52
52 62 61
63 61 62
61 63 55
64 63 62
64 51 65
51 66 65
66 51 16
67 68 69
69 70 67
70 69 71
72 71 69
69 73 72
74 72 73
72 74 75
73 69 76
68 76 69
76 77 73
77 76 78
79 78 76
79 76 68
78 80 77
80 78 81
82 80 81
81 83 82
80 82 84
85 80 84
86 85 84
85 86 87
80 85 88
88 77 80
89 73 77
77 88 89
73 89 74
90 87 86
91 85 87
91 88 85
89 91 74
91 89 88
90 91 87
91 75 74
92 75 91
93 75 92
93 92 94
91 94 92
91 90 94
94 90 95
90 86 95
84 96 86
96 84 82
97 95 86
82 98 96
98 82 99
100 96 98
96 100 101
98 99 102
102 103 98
103 102 104
105 103 104
103 105 106
107 103 106
103 107 108
108 98 103
98 108 100
102 99 109
83 109 99
83 99 82
109 110 102
110 109 111
107 112 108
112 107 113
100 114 101
114 100 115
115 108 112
115 116 114
117 114 116
116 118 117
118 116 119
119 116 120
121 118 119
118 121 122
123 122 121
122 123 124
125 123 121
126 124 123
126 123 127
125 127 123
124 126 128
128 129 124
129 128 130
131 130 128
128 126 132
128 132 131
126 133 132
133 126 134
134 126 127
135 131 132
136 124 129
124 136 122
137 122 136
122 137 118
138 118 137
118 138 117
138 139 117
139 138 140
129 130 141
140 138 141
137 141 138
129 141 136
136 141 137
141 130 142
131 142 130
143 142 131
141 142 143
131 135 143
140 141 144
141 143 144
144 139 140
144 95 139
95 144 143
135 95 143
114 117 139
139 95 97
101 139 97
139 101 114
86 101 97
101 86 96
135 94 95
94 135 93
135 71 93
135 145 71
146 71 145
71 146 70
147 70 146
70 147 148
148 67 70
67 148 149
135 132 145
132 146 145
146 132 133
133 147 146
147 133 150
133 151 150
151 133 134
134 152 151
152 134 127
127 153 152
153 127 154
154 155 153
155 154 156
157 155 156
155 157 158
159 157 156
154 159 156
157 159 160
161 160 159
160 161 162
163 162 161
161 164 163
162 163 165
163 166 165
166 163 167
168 166 167
169 168 167
168 169 170
170 171 168
171 172 168
166 168 172
172 171 173
171 170 174
161 159 175
161 175 164
164 176 163
176 167 163
176 177 167
178 177 176
164 178 176
175 179 180
181 180 179
180 181 182
181 120 182
181 119 120
119 181 121
120 183 182
183 120 184
185 183 184
181 179 125
125 121 181
154 125 179
159 154 179
154 127 125
159 179 175
120 186 184
120 116 186
116 115 186
115 187 186
187 184 186
112 187 115
187 112 188
113 188 112
188 113 189
184 187 190
108 115 100
191 81 78
81 191 83
192 83 191
193 192 191
191 194 193
195 193 194
195 194 196
191 79 194
79 191 78
197 196 194
197 194 79
197 79 68
68 198 197
199 197 198
197 199 200
196 197 200
199 201 200
201 199 202
203 200 201
200 203 196
204 196 203
196 204 205
205 195 196
206 195 205
207 205 204
205 207 208
206 205 208
198 68 209
210 208 207
208 210 110
211 110 210
110 211 212
213 212 211
212 213 214
215 212 214
212 215 216
212 217 110
217 212 216
208 110 111
206 208 111
111 218 206
111 219 218
68 149 209
149 68 67
220 221 222
223 221 220
224 223 220
220 225 224
220 222 225
223 224 226
224 227 226
227 224 228
224 229 228
225 229 224
221 223 230
231 221 230
221 231 232
232 233 221
221 233 222
234 232 231
232 234 235
236 230 223
230 236 237
227 238 226
238 223 226
223 238 236
238 227 239
231 240 234
240 231 241
230 241 231
241 230 237
240 241 242
243 241 237
241 243 242
237 236 243
243 236 244
238 244 236
244 238 245
238 246 245
246 238 239
247 240 242
243 248 242
248 247 242
248 243 249
243 244 249
246 250 245
250 244 245
250 246 251
244 252 249
252 248 249
252 244 253
244 250 253
248 252 254
254 247 248
247 254 255
109 192 256
257 109 256
109 83 192
258 259 260
258 261 259
260 262 258
262 263 258
258 263 261
263 262 264
265 263 264
263 265 266
263 266 267
263 267 261
262 260 268
260 269 268
269 260 270
270 260 271
259 271 260
270 272 269
272 270 273
268 274 262
274 264 262
274 268 275
269 275 268
264 276 265
276 264 277
264 274 277
278 269 272
269 278 279
275 269 279
278 280 279
280 275 279
275 280 281
275 281 274
282 277 274
281 282 274
281 283 282
277 282 284
277 285 276
285 277 284
281 286 283
286 281 280
286 280 287
280 278 287
284 288 285
288 284 289
283 290 282
290 284 282
284 290 289
290 283 291
286 291 283
287 292 286
291 286 292
292 287 293
294 295 296
295 294 297
298 294 296
294 298 299
300 299 298
299 300 301
302 301 300
301 302 303
304 295 297
295 304 305
306 303 302
303 306 307
308 305 304
305 308 309
309 307 306
307 309 308
310 311 312
311 310 313
314 310 312
310 314 315
316 315 314
315 316 317
316 318 317
318 316 319
317 320 315
320 317 321
318 321 317
321 318 322
322 323 321
323 322 324
321 325 320
325 321 323
326 311 313
311 326 327
326 328 327
328 326 329
329 330 328
330 329 331
331 332 330
332 331 333
334 331 329
323 334 325
331 334 335
335 333 331
334 323 335
323 336 335
336 323 324
333 335 336
337 338 339
340 337 339
337 340 341
342 341 340
341 342 343
344 345 346
344 347 345
347 344 348
348 349 347
349 348 350
351 352 353
352 351 354
355 353 352
353 355 356
357 356 355
358 357 355
357 358 359
358 360 359
360 358 361
360 361 362
361 363 362
363 361 364
364 365 363
365 364 366
367 368 369
368 367 370
371 369 368
367 372 370
372 367 373
374 369 371
375 369 374
372 373 376
377 372 376
378 379 380
381 379 378
382 381 378
380 382 378
381 382 383
383 384 381
384 379 381
384 383 385
385 386 384
384 386 379
386 385 387
387 388 386
379 386 388
389 379 388
379 389 380
388 387 390
390 391 388
391 389 388
391 390 392
391 393 389
393 391 394
391 392 394
395 396 397
396 395 398
396 398 399
400 395 397
395 400 401
401 400 402
399 398 403
404 403 398
400 405 402
406 407 408
409 406 408
409 410 406
407 406 410
410 409 411
412 411 409
412 409 408
411 412 413
414 413 412
412 408 414
413 414 415
416 415 414
408 416 414
417 416 408
408 407 417
415 416 418
419 418 416
419 416 417
418 419 420
421 420 419
419 417 422
422 421 419
423 424 425
424 426 425
423 425 427
425 428 427
427 428 429
428 430 429
430 431 429
429 431 432
425 426 433
434 425 433
428 435 430
436 435 428
436 428 425
425 434 436
437 435 436
435 437 438
435 438 430
431 430 438
437 439 438
440 438 439
440 431 438
441 440 439
437 442 439
442 443 439
441 439 443
437 444 442
444 437 436
444 445 442
445 446 442
446 443 442
446 445 447
443 446 448
449 441 443
448 449 443
448 450 449
441 449 451
441 451 452
449 453 451
450 454 449
454 453 449
452 455 441
455 440 441
455 452 456
457 455 456
455 457 458
459 458 457
460 455 458
456 461 457
461 462 457
459 457 462
463 462 461
464 463 461
465 459 462
462 463 465
463 466 465
467 463 464
463 467 466
468 467 464
467 468 469
467 470 466
469 470 467
471 458 459
472 471 459
473 458 471
473 474 458
474 460 458
475 474 473
476 475 473
477 474 475
478 477 475
474 477 479
480 479 477
481 480 477
479 480 482
483 479 482
484 479 483
485 484 483
486 473 471
486 471 487
488 486 487
488 487 489
487 490 489
490 491 489
489 491 492
493 488 489
492 493 489
490 487 472
487 471 472
494 480 481
495 494 481
480 494 482
494 496 482
497 494 495
494 497 496
498 497 495
497 498 499
497 500 496
499 500 497
501 432 502
432 503 502
485 502 503
484 485 503
484 503 431
431 503 432
460 484 431
460 431 440
455 460 440
484 460 479
460 474 479
504 505 506
506 505 507
508 506 507
508 509 506
509 508 510
508 511 510
509 512 506
436 506 512
506 436 504
513 436 512
514 510 511
510 514 515
511 508 516
508 507 516
516 514 511
514 516 517
518 505 504
519 518 504
519 504 520
504 521 520
522 518 519
523 522 519
523 524 522
524 523 525
526 525 523
523 519 526
519 520 526
525 526 527
528 521 504
528 529 521
529 530 521
529 528 531
528 532 531
530 529 533
529 534 533
434 528 504
434 433 528
433 535 528
535 532 528
532 535 536
537 532 536
536 535 538
535 539 538
539 535 433
540 539 433
536 538 541
542 536 541
541 543 542
543 544 542
542 544 536
544 537 536
544 543 545
543 541 546
540 433 426
436 434 504
547 548 545
547 546 548
513 444 436
549 448 550
549 550 551
550 552 551
550 447 552
553 450 448
553 554 450
450 554 555
450 555 454
556 515 557
557 517 556
558 524 559
559 527 558
560 561 476
561 475 476
475 561 478
561 562 478
563 561 560
561 563 562
564 563 560
563 564 565
563 566 562
565 566 563
567 568 569
567 570 568
534 570 571
570 534 572
534 529 572
529 531 572
533 571 569
571 533 534
573 574 575
574 576 575
575 576 577
578 575 577
577 579 578
579 580 578
581 573 575
582 581 575
575 578 583
583 582 575
584 578 580
578 584 583
585 584 580
586 584 585
583 584 586
587 586 585
585 588 587
588 589 587
590 586 587
591 586 590
583 586 591
592 591 590
593 590 587
593 587 589
594 593 589
595 593 594
595 590 593
589 596 594
597 596 589
596 598 594
599 594 598
588 585 600
585 580 600
601 588 600
602 601 600
603 602 600
604 602 603
605 604 603
606 605 603
600 606 603
605 606 607
604 608 602
608 609 602
601 602 609
609 608 610
611 609 610
611 610 612
610 613 612
614 612 613
615 614 613
609 611 616
611 617 616
611 612 617
612 618 617
612 614 618
614 619 618
614 620 619
620 614 615
609 616 621
621 616 622
621 622 623
622 624 623
622 625 624
625 626 624
616 627 622
625 622 627
625 628 626
628 625 629
629 625 627
630 628 629
628 631 626
628 632 631
632 628 630
623 633 621
633 623 634
633 634 635
634 636 635
636 634 637
638 636 637
638 637 639
640 638 639
639 637 641
642 639 641
639 643 640
643 639 642
634 644 637
644 641 637
623 644 634
635 645 633
645 635 646
646 647 645
647 648 645
647 646 649
650 647 649
650 649 651
651 649 652
653 651 652
654 650 651
652 649 655
649 646 655
635 655 646
651 656 654
656 651 653
657 645 648
597 657 648
645 657 633
657 601 633
657 588 601
633 601 621
621 601 609
589 588 657
589 657 597
658 659 660
659 661 660
662 659 658
663 659 662
664 663 662
665 663 664
666 665 664
666 664 667
664 668 667
666 669 665
669 666 670
667 670 666
670 667 671
660 672 658
673 672 660
674 673 660
668 664 675
664 662 675
676 675 662
677 675 676
678 677 676
679 677 678
680 679 678
678 676 681
676 682 681
680 678 683
678 681 683
684 673 674
674 685 684
685 674 686
674 660 686
660 661 686
673 684 687
688 679 680
679 688 689
680 690 688
690 680 683
691 690 692
691 692 689
693 685 694
693 694 687
695 682 696
697 695 696
698 695 697
699 698 697
699 697 700
697 701 700
697 696 701
696 702 701
702 696 583
703 702 583
583 696 676
582 583 676
704 698 699
698 704 705
699 706 704
706 699 700
696 682 676
582 676 662
581 582 662
658 581 662
581 658 707
708 581 707
581 708 573
672 707 658
703 583 591
709 706 710
709 710 705
711 712 713
714 713 712
595 711 713
714 715 713
716 595 717
717 595 594
599 717 594
599 718 717
716 717 719
718 719 717
592 720 715
720 592 590
590 595 720
721 671 722
721 722 669
606 600 579
600 580 579
723 724 725
724 723 726
727 724 726
724 727 728
729 727 726
729 726 723
727 729 730
731 730 729
730 731 732
731 729 733
733 729 723
731 734 732
734 731 735
736 734 735
734 736 737
736 738 737
738 736 739
736 740 739
740 736 741
735 741 736
741 735 742
742 735 731
742 731 743
731 733 743
744 739 740
739 744 745
746 739 745
739 746 738
745 747 746
747 745 748
749 745 744
745 749 748
750 747 748
750 748 749
747 750 751
750 752 751
752 750 753
753 754 752
754 753 755
724 754 755
756 724 755
753 756 755
724 756 757
754 724 758
753 759 756
759 753 750
759 750 760
760 750 749
756 761 757
761 756 762
759 762 756
763 759 760
759 763 762
764 760 749
764 765 760
763 760 765
749 766 764
766 749 744
744 767 766
767 744 740
741 767 740
767 741 768
742 768 741
768 742 769
769 742 743
770 769 743
771 770 743
733 771 743
772 771 733
772 733 723
723 773 772
773 723 725
774 775 776
775 774 777
778 779 780
779 778 781
782 783 784
783 782 785
786 787 788
787 786 789
790 791 792
791 790 793
794 795 796
795 794 797
798 799 800
799 798 801
802 803 804
803 802 805
806 807 808
807 806 809
810 811 812
811 810 813
814 815 816
815 814 817
818 819 820
819 818 821
72 93 71
93 72 75
822 823 824
822 824 825
824 826 825
826 827 825
827 826 828
827 829 825
825 829 822
826 824 830
831 824 823
824 831 830
830 832 826
832 830 833
831 833 830
833 834 832
833 831 835
836 833 835
833 836 834
836 837 834
837 836 838
838 839 837
839 838 840
841 837 839
837 841 842
842 834 837
839 843 841
844 841 843
841 844 845
845 842 841
843 839 846
844 847 845
847 848 845
845 848 842
848 847 849
847 844 850
851 847 850
847 851 852
852 849 847
852 840 838
853 839 840
839 853 846
854 853 840
853 854 855
849 852 856
856 857 849
857 848 849
857 856 858
858 856 859
848 857 860
860 861 848
848 861 842
861 860 862
832 861 862
834 842 861
832 834 861
860 828 862
828 860 863
859 864 858
864 859 865
865 866 864
866 865 867
868 866 867
866 868 869
864 866 870
870 858 864
858 870 857
857 870 871
826 862 828
862 826 832
860 871 863
860 857 871
869 872 866
872 869 873
872 873 874
870 866 875
871 870 875
875 866 872
875 872 876
871 875 876
876 872 874
877 871 876
877 876 878
879 877 878
877 879 880
879 827 880
827 879 881
828 880 827
880 828 863
863 871 877
880 863 877
827 881 829
878 876 882
883 838 836
883 836 835
852 838 856
884 843 885
843 884 844
886 844 884
844 886 850
886 851 850
851 886 887
843 888 885
888 843 846
853 888 846
888 853 889
855 889 853
889 855 890
891 892 893
894 893 892
892 895 894
894 896 893
896 894 897
894 898 897
898 894 899
895 899 894
895 900 899
901 893 896
893 901 891
902 896 897
896 902 903
903 901 896
901 903 904
903 905 904
906 905 903
902 906 903
906 907 905
907 906 908
908 909 907
909 908 910
908 911 910
911 908 912
911 913 910
913 909 910
913 911 914
915 914 911
912 915 911
914 915 916
917 916 915
915 918 917
918 915 919
912 919 915
916 917 920
921 920 917
918 921 917
920 921 922
909 913 923
923 924 909
924 923 925
921 918 926
918 927 926
927 918 928
926 927 929
930 918 919
918 930 928
919 931 930
931 919 932
931 932 902
931 933 930
933 931 898
934 929 927
929 934 935
934 936 935
936 934 937
938 936 937
936 938 939
940 937 934
940 927 928
927 940 934
928 941 940
930 933 941
928 930 941
931 897 898
897 931 902
942 938 937
938 942 943
944 943 942
945 937 940
945 942 937
941 945 940
899 933 898
933 899 946
900 946 899
946 900 947
948 946 947
946 948 949
949 933 946
949 941 933
950 941 949
945 950 942
950 945 941
950 949 948
950 944 942
950 948 951
907 909 924
907 924 926
905 907 952
905 952 904
932 908 906
908 932 912
912 932 919
932 906 902
953 916 954
916 953 914
916 955 954
955 916 920
920 956 955
956 920 922
953 913 914
913 953 957
958 913 957
913 958 923
959 923 958
923 959 925
822 960 961
961 960 892
822 961 823
891 961 892
962 963 964
963 965 964
965 966 964
967 964 966
968 966 965
965 963 969
970 969 963
962 970 963
969 970 971
970 972 971
971 972 973
974 972 970
966 968 975
976 965 969
971 976 969
965 976 977
977 968 965
968 977 978
979 968 978
968 979 980
968 980 975
981 980 979
980 981 982
982 983 980
983 975 980
984 971 973
971 984 985
976 971 985
972 974 986
966 975 987
988 966 987
989 988 987
989 990 988
991 990 989
992 991 989
992 993 991
993 992 994
995 994 992
996 995 992
995 996 997
998 997 996
997 998 999
999 986 997
986 999 1000
994 995 1001
995 1002 1001
1002 995 1003
1004 992 989
1004 989 1005
995 1006 1003
1006 995 1007
1006 1007 1008
1006 1008 1009
1006 1010 1003
1009 1010 1006
1011 1010 1009
1012 1011 1009
1011 1012 1013
1014 1013 1012
999 982 1000
1012 1015 1014
1014 1015 1016
1017 1016 1015
1017 1015 1018
1017 1018 1019
1020 1019 1018
1018 988 1020
988 990 1020
1021 1022 1018
1012 1022 1021
1023 1024 1025
1024 1023 1026
1027 1024 1026
1024 1027 1028
1029 1023 1025
1023 1029 1030
1029 1031 1030
1031 1029 1032
1033 1031 1032
1031 1033 1034
1033 1035 1034
1035 1033 1036
1036 1037 1035
1038 1039 1040
1039 1041 1040
1041 1042 1040
1040 1042 1038
1042 1041 1043
1042 1043 1044
1043 1045 1044
1046 1042 1044
1041 1039 1047
1047 1039 1048
1048 1039 1049
1050 1047 1048
1051 1050 1048
1052 1041 1047
1050 1052 1047
1041 1052 1053
1053 1043 1041
1052 1050 1054
1055 1054 1050
1051 1055 1050
1055 1051 1056
1054 1055 1057
1058 1057 1055
1055 1056 1058
1056 1059 1058
1057 1058 1060
1061 1048 1049
1061 1051 1048
1056 1062 1059
1062 1056 1063
1056 1064 1063
1064 1065 1063
1065 1064 1066
1067 1065 1066
1066 1068 1067
1068 1066 1069
1066 1070 1069
1069 1070 1071
1070 1049 1071
1070 1061 1049
1065 1067 1072
1073 1065 1072
1065 1073 1074
1070 1075 1061
1070 1066 1075
1065 1074 1076
1065 1076 1077
1077 1076 1078
1079 1078 1076
1076 1080 1079
1076 1074 1080
1080 1081 1079
1081 1082 1079
1082 1081 1083
1084 1082 1083
1084 1085 1082
1086 1087 1082
1088 1087 1086
1088 1085 1089
1089 1090 1088
1088 1090 1091
1091 1092 1088
1091 1071 1092
1093 1094 1095
1094 1093 1096
1093 1097 1096
1097 1093 1098
1094 1099 1095
1099 1094 1100
1101 1099 1100
1099 1101 1102
1103 1102 1101
1102 1103 1104
1103 1105 1104
1105 1103 1106
1105 1106 1107
1045 1108 1109
1108 1045 1043
1043 1053 1108
1110 1111 1112
1110 1112 1113
1114 1115 1111
1116 1115 1114
1117 1118 1119
1117 1120 1118
1121 1120 1122
1123 1121 1122
1064 1124 1125
1064 1056 1124
1126 1044 1127
996 1128 998
