byte offset: 0
first index: 33744
index count: 2832
topology: trianglelist
format: DXGI_FORMAT_R16_UINT

12819 12820 12821
12820 12819 12822
12820 12823 12821
12823 12820 12824
12823 12824 12825
12824 12826 12825
12826 12827 12825
12828 12827 12826
12827 12828 12829
12830 12822 12819
12830 12831 12822
12831 12830 12832
12833 12834 12835
12834 12833 12836
12833 12835 12837
12838 12837 12835
12837 12838 12839
12838 12840 12839
12840 12838 12841
12840 12841 12842
12841 12843 12842
12843 12844 12842
12845 12844 12843
12844 12845 12846
12847 12848 12849
12848 12847 12850
12850 12851 12848
12851 12850 12852
12852 12853 12851
12853 12852 12854
12854 12855 12853
12855 12854 12856
12849 12857 12847
12857 12849 12858
12859 12860 12861
12860 12859 12862
12862 12863 12860
12863 12862 12864
12864 12865 12863
12865 12864 12866
12866 12867 12865
12867 12866 12868
12868 12869 12867
12869 12868 12870
12871 12872 12873
12872 12871 12874
12871 12873 12875
12876 12875 12873
12875 12876 12877
12876 12878 12877
12878 12876 12879
12878 12879 12880
12879 12881 12880
12881 12882 12880
12883 12882 12881
12882 12883 12884
12885 12886 12887
12886 12885 12888
12889 12888 12885
12888 12889 12890
12891 12890 12889
12890 12891 12892
12893 12892 12891
12892 12893 12894
12895 12894 12893
12894 12895 12896
12897 12898 12899
12898 12897 12900
12901 12899 12898
12899 12901 12902
12903 12902 12901
12902 12903 12904
12905 12904 12903
12904 12905 12906
12907 12906 12905
12906 12907 12908
12909 12910 12911
12910 12909 12912
12911 12913 12909
12914 12913 12911
12913 12914 12915
12914 12916 12915
12916 12914 12917
12916 12917 12918
12917 12919 12918
12919 12920 12918
12921 12920 12919
12920 12921 12922
12923 12924 12925
12924 12923 12926
12926 12927 12924
12927 12926 12928
12929 12930 12931
12932 12930 12929
12933 12932 12929
12931 12934 12929
12929 12934 12935
12929 12935 12936
12936 12937 12929
12937 12938 12929
12929 12938 12939
12939 12940 12929
12929 12940 12941
12929 12941 12942
12942 12943 12929
12943 12944 12929
12929 12944 12945
12945 12946 12929
12929 12946 12947
12929 12947 12948
12948 12949 12929
12949 12950 12929
12929 12950 12951
12951 12952 12929
12929 12952 12953
12929 12953 12933
12954 12955 12956
12955 12957 12956
12955 12958 12957
12959 12960 12961
12959 12962 12960
12963 12964 12965
12964 12963 12966
12967 12965 12964
12965 12967 12968
12969 12970 12971
12970 12969 12972
12973 12974 12975
12976 12977 12978
12977 12976 12979
12980 12981 12982
12982 12981 12983
12982 12983 12984
12985 12986 12987
12986 12985 12988
12988 12989 12986
12989 12988 12990
12991 12992 12993
12992 12991 12994
12995 12996 12997
12998 12999 13000
12999 12998 13001
13002 13003 13004
13004 13003 13005
13004 13005 13006
13007 13008 13009
13007 13009 13010
13011 13012 13013
13012 13011 13014
13014 13015 13012
13015 13014 13016
13017 13018 13019
13018 13017 13020
13021 13022 13023
13024 13025 13026
13025 13024 13027
13028 13029 13030
13029 13028 13031
13032 13031 13028
13031 13032 13033
13034 13035 13036
13035 13034 13037
13037 13038 13035
13038 13037 13039
13040 13041 13042
13041 13043 13042
13041 13044 13043
13045 13046 13047
13046 13045 13048
13049 13047 13046
13047 13049 13050
13051 13052 13053
13052 13051 13054
13055 13056 13057
13058 13059 13060
13059 13058 13061
13062 13063 13064
13063 13062 13065
13066 13063 13065
13063 13066 13067
13068 13069 13070
13070 13069 13071
13070 13071 13072
13073 13074 13075
13073 13075 13076
13077 13078 13079
13078 13077 13080
13080 13081 13078
13081 13080 13082
13083 13084 13085
13084 13083 13086
13087 13088 13089
13090 13091 13092
13091 13090 13093
13094 13095 13096
13095 13097 13096
13095 13098 13097
13099 13100 13101
13099 13102 13100
13103 13104 13105
13104 13103 13106
13107 13105 13104
13105 13107 13108
13109 13110 13111
13110 13109 13112
13113 13114 13115
13116 13117 13118
13117 13116 13119
13120 13121 13122
13122 13121 13123
13122 13123 13124
13125 13126 13127
13126 13125 13128
13128 13129 13126
13129 13128 13130
13131 13132 13133
13132 13131 13134
13135 13136 13137
13138 13139 13140
13139 13138 13141
13142 13143 13144
13143 13145 13144
13143 13146 13145
13147 13148 13149
13148 13147 13150
13151 13149 13148
13149 13151 13152
13153 13154 13155
13154 13153 13156
13157 13158 13159
13160 13161 13162
13161 13160 13163
13164 13165 13166
13167 13168 13169
13170 13171 13172
13173 13174 13175
13176 13177 13178
13177 13176 13179
13180 13176 13178
13176 13180 13181
13180 13182 13181
13181 13182 13183
13183 13182 13184
13184 13185 13183
13185 13184 13186
13187 13177 13179
13188 13187 13179
13187 13188 13189
13190 13191 13192
13191 13190 13193
13190 13194 13193
13194 13195 13193
13195 13194 13196
13197 13195 13196
13195 13197 13198
13197 13199 13198
13198 13199 13200
13200 13199 13201
13201 13202 13200
13202 13201 13203
13204 13205 13206
13205 13204 13207
13208 13206 13205
13206 13208 13209
13210 13209 13208
13209 13210 13211
13212 13211 13210
13211 13212 13213
13214 13207 13204
13207 13214 13215
13216 13217 13218
13217 13216 13219
13220 13218 13217
13218 13220 13221
13222 13221 13220
13221 13222 13223
13224 13223 13222
13223 13224 13225
13226 13225 13224
13225 13226 13227
13228 13229 13230
13229 13228 13231
13228 13232 13231
13232 13233 13231
13233 13232 13234
13235 13233 13234
13233 13235 13236
13235 13237 13236
13236 13237 13238
13238 13237 13239
13239 13240 13238
13240 13239 13241
13242 13243 13244
13243 13242 13245
13245 13246 13243
13246 13245 13247
13247 13248 13246
13248 13247 13249
13249 13250 13248
13250 13249 13251
13251 13252 13250
13252 13251 13253
13254 13255 13256
13255 13254 13257
13256 13258 13254
13258 13256 13259
13259 13260 13258
13260 13259 13261
13261 13262 13260
13262 13261 13263
13263 13264 13262
13264 13263 13265
13266 13267 13268
13267 13266 13269
13269 13266 13270
13270 13271 13269
13271 13270 13272
13273 13271 13272
13271 13273 13274
13273 13275 13274
13274 13275 13276
13276 13275 13277
13277 13278 13276
13278 13277 13279
13280 13281 13282
13281 13280 13283
13284 13282 13281
13282 13284 13285
13286 13287 13288
13289 13286 13288
13290 13286 13289
13287 13286 13291
13286 13292 13291
13286 13293 13292
13293 13286 13294
13294 13286 13295
13286 13296 13295
13296 13286 13297
13286 13298 13297
13286 13299 13298
13299 13286 13300
13300 13286 13301
13286 13302 13301
13302 13286 13303
13286 13304 13303
13286 13305 13304
13305 13286 13306
13306 13286 13307
13286 13308 13307
13308 13286 13309
13286 13310 13309
13286 13290 13310
13311 13312 13313
13313 13312 13314
13313 13314 13315
13316 13317 13318
13316 13318 13319
13320 13321 13322
13321 13320 13323
13323 13324 13321
13324 13323 13325
13326 13327 13328
13327 13326 13329
13330 13331 13332
13333 13334 13335
13334 13333 13336
13337 13338 13339
13338 13340 13339
13338 13341 13340
13342 13343 13344
13343 13342 13345
13346 13344 13343
13344 13346 13347
13348 13349 13350
13349 13348 13351
13352 13353 13354
13355 13356 13357
13356 13355 13358
13359 13360 13361
13360 13362 13361
13360 13363 13362
13364 13365 13366
13364 13367 13365
13368 13369 13370
13369 13368 13371
13372 13370 13369
13370 13372 13373
13374 13375 13376
13375 13374 13377
13378 13379 13380
13381 13382 13383
13382 13381 13384
13385 13386 13387
13386 13385 13388
13388 13389 13386
13389 13388 13390
13391 13392 13393
13392 13391 13394
13395 13393 13392
13393 13395 13396
13397 13398 13399
13399 13398 13400
13399 13400 13401
13402 13403 13404
13403 13402 13405
13405 13406 13403
13406 13405 13407
13408 13409 13410
13409 13408 13411
13412 13413 13414
13415 13416 13417
13416 13415 13418
13419 13420 13421
13420 13419 13422
13420 13423 13421
13423 13420 13424
13425 13426 13427
13426 13428 13427
13426 13429 13428
13430 13431 13432
13430 13433 13431
13434 13435 13436
13435 13434 13437
13438 13436 13435
13436 13438 13439
13440 13441 13442
13441 13440 13443
13444 13445 13446
13447 13448 13449
13448 13447 13450
13451 13452 13453
13453 13452 13454
13453 13454 13455
13456 13457 13458
13456 13458 13459
13460 13461 13462
13461 13460 13463
13463 13464 13461
13464 13463 13465
13466 13467 13468
13467 13466 13469
13470 13471 13472
13473 13474 13475
13474 13473 13476
13477 13478 13479
13478 13480 13479
13478 13481 13480
13482 13483 13484
13483 13482 13485
13486 13484 13483
13484 13486 13487
13488 13489 13490
13489 13488 13491
13492 13493 13494
13495 13496 13497
13496 13495 13498
13499 13500 13501
13501 13500 13502
13501 13502 13503
13504 13505 13506
13505 13504 13507
13507 13508 13505
13508 13507 13509
13510 13511 13512
13511 13510 13513
13514 13515 13516
13517 13518 13519
13518 13517 13520
13521 13522 13523
13524 13525 13526
13527 13528 13529
13530 13531 13532
13533 13534 13535
13534 13533 13536
13537 13533 13535
13533 13537 13538
13537 13539 13538
13538 13539 13540
13540 13539 13541
13541 13542 13540
13542 13541 13543
13544 13534 13536
13545 13544 13536
13544 13545 13546
13547 13548 13549
13548 13547 13550
13547 13551 13550
13551 13552 13550
13552 13551 13553
13554 13552 13553
13552 13554 13555
13554 13556 13555
13555 13556 13557
13557 13556 13558
13558 13559 13557
13559 13558 13560
13561 13562 13563
13562 13561 13564
13565 13563 13562
13563 13565 13566
13567 13566 13565
13566 13567 13568
13569 13568 13567
13568 13569 13570
13571 13564 13561
13564 13571 13572
13573 13574 13575
13574 13573 13576
13577 13575 13574
13575 13577 13578
13579 13578 13577
13578 13579 13580
13581 13580 13579
13580 13581 13582
13583 13582 13581
13582 13583 13584
13585 13586 13587
13586 13585 13588
13585 13589 13588
13589 13590 13588
13590 13589 13591
13592 13590 13591
13590 13592 13593
13592 13594 13593
13593 13594 13595
13595 13594 13596
13596 13597 13595
13597 13596 13598
13599 13600 13601
13600 13599 13602
13602 13603 13600
13603 13602 13604
13604 13605 13603
13605 13604 13606
13606 13607 13605
13607 13606 13608
13608 13609 13607
13609 13608 13610
13611 13612 13613
13612 13611 13614
13613 13615 13611
13615 13613 13616
13616 13617 13615
13617 13616 13618
13618 13619 13617
13619 13618 13620
13620 13621 13619
13621 13620 13622
13623 13624 13625
13624 13623 13626
13626 13623 13627
13627 13628 13626
13628 13627 13629
13630 13628 13629
13628 13630 13631
13630 13632 13631
13631 13632 13633
13633 13632 13634
13634 13635 13633
13635 13634 13636
13637 13638 13639
13638 13637 13640
13641 13639 13638
13639 13641 13642
13643 13644 13645
13646 13643 13645
13647 13643 13646
13644 13643 13648
13643 13649 13648
13643 13650 13649
13650 13643 13651
13651 13643 13652
13643 13653 13652
13653 13643 13654
13643 13655 13654
13643 13656 13655
13656 13643 13657
13657 13643 13658
13643 13659 13658
13659 13643 13660
13643 13661 13660
13643 13662 13661
13662 13643 13663
13663 13643 13664
13643 13665 13664
13665 13643 13666
13643 13667 13666
13643 13647 13667
13668 13669 13670
13670 13669 13671
13670 13671 13672
13673 13674 13675
13673 13675 13676
13677 13678 13679
13678 13677 13680
13680 13681 13678
13681 13680 13682
13683 13684 13685
13684 13683 13686
13687 13688 13689
13690 13691 13692
13691 13690 13693
13694 13695 13696
13695 13697 13696
13695 13698 13697
13699 13700 13701
13700 13699 13702
13703 13701 13700
13701 13703 13704
13705 13706 13707
13706 13705 13708
13709 13710 13711
13712 13713 13714
13713 13712 13715
13716 13717 13718
13717 13719 13718
13717 13720 13719
13721 13722 13723
13721 13724 13722
13725 13726 13727
13726 13725 13728
13729 13727 13726
13727 13729 13730
13731 13732 13733
13732 13731 13734
13735 13736 13737
13738 13739 13740
13739 13738 13741
13742 13743 13744
13743 13742 13745
13745 13746 13743
13746 13745 13747
13748 13749 13750
13749 13748 13751
13752 13750 13749
13750 13752 13753
13754 13755 13756
13756 13755 13757
13756 13757 13758
13759 13760 13761
13760 13759 13762
13762 13763 13760
13763 13762 13764
13765 13766 13767
13766 13765 13768
13769 13770 13771
13772 13773 13774
13773 13772 13775
13776 13777 13778
13777 13776 13779
13777 13780 13778
13780 13777 13781
13782 13783 13784
13783 13785 13784
13783 13786 13785
13787 13788 13789
13787 13790 13788
13791 13792 13793
13792 13791 13794
13795 13793 13792
13793 13795 13796
13797 13798 13799
13798 13797 13800
13801 13802 13803
13804 13805 13806
13805 13804 13807
13808 13809 13810
13810 13809 13811
13810 13811 13812
13813 13814 13815
13813 13815 13816
13817 13818 13819
13818 13817 13820
13820 13821 13818
13821 13820 13822
13823 13824 13825
13824 13823 13826
13827 13828 13829
13830 13831 13832
13831 13830 13833
13834 13835 13836
13835 13837 13836
13835 13838 13837
13839 13840 13841
13840 13839 13842
13843 13841 13840
13841 13843 13844
13845 13846 13847
13846 13845 13848
13849 13850 13851
13852 13853 13854
13853 13852 13855
13856 13857 13858
13858 13857 13859
13858 13859 13860
13861 13862 13863
13862 13861 13864
13864 13865 13862
13865 13864 13866
13867 13868 13869
13868 13867 13870
13871 13872 13873
13874 13875 13876
13875 13874 13877
13878 13879 13880
13881 13882 13883
13884 13885 13886
13887 13888 13889
13890 13891 13892
13891 13890 13893
13891 13894 13892
13894 13891 13895
13894 13895 13896
13895 13897 13896
13897 13898 13896
13899 13898 13897
13898 13899 13900
13901 13893 13890
13901 13902 13893
13902 13901 13903
13904 13905 13906
13905 13904 13907
13904 13906 13908
13909 13908 13906
13908 13909 13910
13909 13911 13910
13911 13909 13912
13911 13912 13913
13912 13914 13913
13914 13915 13913
13916 13915 13914
13915 13916 13917
13918 13919 13920
13919 13918 13921
13921 13922 13919
13922 13921 13923
13923 13924 13922
13924 13923 13925
13925 13926 13924
13926 13925 13927
13920 13928 13918
13928 13920 13929
13930 13931 13932
13931 13930 13933
13933 13934 13931
13934 13933 13935
13935 13936 13934
13936 13935 13937
13937 13938 13936
13938 13937 13939
13939 13940 13938
13940 13939 13941
13942 13943 13944
13943 13942 13945
13942 13944 13946
13947 13946 13944
13946 13947 13948
13947 13949 13948
13949 13947 13950
13949 13950 13951
13950 13952 13951
13952 13953 13951
13954 13953 13952
13953 13954 13955
13956 13957 13958
13957 13956 13959
13960 13959 13956
13959 13960 13961
13962 13961 13960
13961 13962 13963
13964 13963 13962
13963 13964 13965
13966 13965 13964
13965 13966 13967
13968 13969 13970
13969 13968 13971
13972 13970 13969
13970 13972 13973
13974 13973 13972
13973 13974 13975
13976 13975 13974
13975 13976 13977
13978 13977 13976
13977 13978 13979
13980 13981 13982
13981 13980 13983
13982 13984 13980
13985 13984 13982
13984 13985 13986
13985 13987 13986
13987 13985 13988
13987 13988 13989
13988 13990 13989
13990 13991 13989
13992 13991 13990
13991 13992 13993
13994 13995 13996
13995 13994 13997
13997 13998 13995
13998 13997 13999
14000 14001 14002
14003 14001 14000
14004 14003 14000
14002 14005 14000
14000 14005 14006
14000 14006 14007
14007 14008 14000
14008 14009 14000
14000 14009 14010
14010 14011 14000
14000 14011 14012
14000 14012 14013
14013 14014 14000
14014 14015 14000
14000 14015 14016
14016 14017 14000
14000 14017 14018
14000 14018 14019
14019 14020 14000
14020 14021 14000
14000 14021 14022
14022 14023 14000
14000 14023 14024
14000 14024 14004
14025 14026 14027
14026 14028 14027
14026 14029 14028
14030 14031 14032
14030 14033 14031
14034 14035 14036
14035 14034 14037
14038 14036 14035
14036 14038 14039
14040 14041 14042
14041 14040 14043
14044 14045 14046
14047 14048 14049
14048 14047 14050
14051 14052 14053
14053 14052 14054
14053 14054 14055
14056 14057 14058
14057 14056 14059
14059 14060 14057
14060 14059 14061
14062 14063 14064
14063 14062 14065
14066 14067 14068
14069 14070 14071
14070 14069 14072
14073 14074 14075
14075 14074 14076
14075 14076 14077
14078 14079 14080
14078 14080 14081
14082 14083 14084
14083 14082 14085
14085 14086 14083
14086 14085 14087
14088 14089 14090
14089 14088 14091
14092 14093 14094
14095 14096 14097
14096 14095 14098
14099 14100 14101
14100 14099 14102
14103 14102 14099
14102 14103 14104
14105 14106 14107
14106 14105 14108
14108 14109 14106
14109 14108 14110
14111 14112 14113
14112 14114 14113
14112 14115 14114
14116 14117 14118
14117 14116 14119
14120 14118 14117
14118 14120 14121
14122 14123 14124
14123 14122 14125
14126 14127 14128
14129 14130 14131
14130 14129 14132
14133 14134 14135
14134 14133 14136
14137 14134 14136
14134 14137 14138
14139 14140 14141
14141 14140 14142
14141 14142 14143
14144 14145 14146
14144 14146 14147
14148 14149 14150
14149 14148 14151
14151 14152 14149
14152 14151 14153
14154 14155 14156
14155 14154 14157
14158 14159 14160
14161 14162 14163
14162 14161 14164
14165 14166 14167
14166 14168 14167
14166 14169 14168
14170 14171 14172
14170 14173 14171
14174 14175 14176
14175 14174 14177
14178 14176 14175
14176 14178 14179
14180 14181 14182
14181 14180 14183
14184 14185 14186
14187 14188 14189
14188 14187 14190
14191 14192 14193
14193 14192 14194
14193 14194 14195
14196 14197 14198
14197 14196 14199
14199 14200 14197
14200 14199 14201
14202 14203 14204
14203 14202 14205
14206 14207 14208
14209 14210 14211
14210 14209 14212
14213 14214 14215
14214 14216 14215
14214 14217 14216
14218 14219 14220
14219 14218 14221
14222 14220 14219
14220 14222 14223
14224 14225 14226
14225 14224 14227
14228 14229 14230
14231 14232 14233
14232 14231 14234
14235 14236 14237
14238 14239 14240
14241 14242 14243
14244 14245 14246
