byte offset: 0
first index: 0
index count: 10170
topology: trianglelist
format: DXGI_FORMAT_R16_UINT

0 1 2
0 2 3
3 4 0
3 5 4
1 6 2
1 7 6
8 6 7
9 5 3
9 10 5
11 5 10
11 10 12
10 13 12
10 14 13
9 14 10
9 15 14
16 14 15
16 17 14
14 17 13
17 16 18
17 18 19
19 18 20
16 15 21
21 15 9
21 9 22
21 22 23
3 22 9
3 2 22
23 22 24
24 25 23
24 26 25
24 27 26
24 22 6
6 22 2
25 26 28
25 28 29
30 29 28
8 27 24
8 24 6
31 8 7
31 7 32
33 32 7
33 7 34
34 35 33
36 33 35
36 37 33
32 33 37
34 38 35
1 34 7
1 39 34
1 0 39
40 34 39
40 39 41
39 42 41
39 43 42
39 0 43
43 0 4
43 4 44
45 44 4
45 46 44
47 43 44
47 44 48
48 44 46
49 47 48
48 50 49
50 48 51
50 51 52
51 48 53
48 46 53
40 41 54
41 42 54
4 55 45
4 5 55
56 57 58
57 56 59
57 59 60
61 60 59
62 60 61
62 61 63
63 61 64
61 65 64
61 59 65
66 57 60
66 60 62
67 57 66
58 57 67
67 66 68
56 58 69
58 70 69
69 70 71
69 71 72
72 56 69
73 74 75
73 75 76
76 77 73
76 78 77
73 79 74
73 80 79
78 76 81
78 81 82
76 75 83
76 83 81
73 77 84
73 84 80
80 84 85
80 85 86
86 85 87
88 79 80
88 80 86
88 86 87
89 90 91
89 91 92
90 89 93
90 93 94
93 95 94
96 92 91
97 37 98
97 98 99
100 97 99
100 99 101
98 37 102
98 102 103
103 102 104
103 104 105
104 106 105
32 37 97
32 97 100
32 100 31
107 108 109
107 109 110
111 108 107
112 108 111
113 110 109
113 109 114
114 115 113
114 116 115
115 116 117
115 117 118
118 117 119
118 119 120
120 119 121
120 121 122
120 122 123
123 122 124
125 112 111
126 127 128
126 128 129
130 129 128
130 131 129
127 126 132
133 131 130
134 133 130
135 133 134
135 136 133
135 137 136
135 138 137
137 138 139
137 139 140
139 141 140
139 142 141
142 143 141
139 138 144
135 144 138
139 144 145
146 139 145
147 146 145
148 146 147
149 148 147
149 147 150
151 149 150
152 136 137
152 137 153
154 152 153
154 153 155
154 155 156
154 156 157
157 156 158
159 160 161
162 159 161
162 38 159
35 38 162
36 35 163
36 163 164
164 163 165
166 167 168
166 169 167
166 170 169
170 171 169
170 172 171
172 173 171
174 175 176
174 176 177
177 176 178
174 179 175
180 181 182
183 182 181
183 181 184
185 183 184
185 184 186
186 187 185
188 189 190
188 190 191
190 192 191
193 189 188
193 194 189
193 195 194
196 197 198
198 199 196
198 197 200
196 199 201
201 199 202
203 204 205
203 205 206
205 204 207
206 208 203
209 210 211
209 211 212
213 210 209
213 214 210
215 214 213
215 216 214
215 217 216
211 218 212
219 220 221
221 220 222
220 223 222
220 224 223
223 224 225
223 225 226
226 225 227
228 229 230
231 230 229
231 232 230
231 233 232
234 232 233
234 235 232
236 235 234
236 237 235
238 237 236
239 240 241
242 241 240
239 241 243
244 239 243
244 245 239
246 245 244
247 248 249
249 248 250
249 250 251
251 250 252
251 252 253
253 252 254
253 254 255
256 255 254
257 258 259
257 259 260
260 259 261
262 258 257
263 264 265
263 265 266
266 265 267
263 268 264
269 270 271
269 271 272
273 270 269
273 274 270
275 274 273
275 276 274
275 277 276
272 271 278
279 280 281
279 281 282
282 281 283
282 283 284
284 283 285
279 286 280
279 287 286
288 286 287
289 290 291
289 291 292
290 293 291
290 294 293
295 293 294
295 296 293
291 293 296
297 296 295
291 296 297
297 295 298
299 297 298
299 292 291
299 291 297
299 298 300
301 302 303
301 303 304
305 302 301
305 306 302
304 303 307
304 307 308
309 302 306
309 306 310
311 310 306
311 312 310
310 312 313
310 313 314
309 310 314
309 314 315
316 315 314
316 314 317
314 313 317
317 318 316
317 319 318
319 320 318
316 321 315
321 309 315
321 322 309
323 307 322
321 324 322
324 323 322
323 324 325
325 326 323
325 327 326
307 303 322
302 322 303
302 309 322
323 326 328
323 328 307
325 329 327
330 329 325
331 329 330
328 308 307
328 332 308
328 333 332
334 308 332
334 335 308
335 334 336
337 336 334
337 334 338
332 338 334
335 336 339
304 308 335
304 335 340
304 340 301
341 340 335
341 342 340
340 342 343
340 343 344
340 344 301
344 305 301
344 345 305
346 305 345
346 345 347
348 345 344
348 349 345
349 347 345
350 349 348
349 350 351
351 352 349
351 353 352
352 354 349
349 354 347
341 355 342
342 355 343
346 356 305
306 305 356
357 358 359
360 357 359
360 359 361
360 362 357
360 363 362
363 364 362
363 365 364
365 366 364
364 366 367
364 367 368
364 368 362
357 362 368
357 368 369
369 358 357
358 369 370
370 369 371
370 372 358
371 372 370
371 373 372
374 375 376
374 376 377
374 377 378
374 378 379
380 379 378
380 381 379
375 382 376
375 383 382
384 383 375
384 385 383
386 384 375
386 375 374
387 386 374
387 374 379
381 387 379
381 388 387
389 388 381
380 389 381
390 391 392
390 392 393
393 394 390
393 395 394
394 395 396
391 397 392
398 399 400
398 400 338
399 398 401
399 401 402
400 403 338
400 404 403
404 405 403
404 406 405
405 406 407
332 401 398
332 398 338
332 333 401
408 409 410
408 410 411
412 408 411
413 412 411
414 410 409
414 415 410
415 414 416
415 416 417
416 418 417
416 419 418
419 420 418
419 421 420
421 422 420
421 423 422
421 424 423
424 425 423
426 412 413
427 428 429
427 429 430
431 429 428
431 432 429
433 432 431
434 427 430
433 435 432
436 435 433
436 437 435
438 437 436
438 439 437
440 439 438
440 438 441
438 436 441
440 441 442
440 442 443
440 443 444
444 443 445
440 446 439
447 446 440
448 446 447
449 448 447
450 448 449
450 451 448
452 451 450
453 454 441
453 441 455
456 454 453
456 457 454
456 458 457
456 459 458
459 460 458
455 441 436
455 436 433
461 462 463
464 462 461
464 461 339
336 464 339
337 465 336
337 466 465
466 467 465
468 469 470
468 470 471
468 471 472
472 471 473
472 473 474
474 473 475
476 477 478
476 478 479
477 480 478
476 479 481
482 483 484
485 484 483
485 486 484
487 486 485
487 488 486
488 487 489
490 491 492
490 492 493
492 491 494
495 490 493
495 493 496
495 496 497
498 499 500
499 498 501
499 502 500
498 503 501
503 504 501
505 506 507
505 507 508
507 509 508
506 505 510
511 512 513
511 513 514
515 511 514
515 514 516
517 515 516
517 516 518
517 518 519
513 512 520
521 522 523
522 524 523
524 525 523
524 526 525
526 527 525
526 528 527
528 529 527
530 531 532
532 531 533
531 534 533
531 535 534
536 534 535
536 535 537
538 536 537
538 537 539
540 538 539
541 542 543
544 543 542
541 545 542
546 545 541
546 541 547
548 546 547
549 550 551
550 552 551
550 553 552
553 554 552
553 555 554
555 556 554
555 557 556
558 556 557
559 560 561
559 561 562
560 563 561
564 559 562
565 566 567
565 567 568
566 569 567
565 568 570
571 572 573
571 573 574
575 571 574
575 574 576
577 575 576
577 576 578
577 578 579
572 580 573
581 582 583
581 583 584
582 585 583
582 586 585
586 587 585
581 584 588
581 588 589
590 589 588
591 592 593
591 593 594
594 593 595
594 595 596
597 596 595
597 595 598
593 598 595
599 597 598
593 599 598
599 600 597
601 600 599
601 599 593
601 593 592
601 602 600
135 603 144
135 134 603
604 605 606
604 606 607
604 607 608
609 606 610
609 610 611
612 613 614
612 614 615
612 615 616
616 615 617
618 617 619
620 621 622
620 622 623
623 624 620
625 621 626
625 626 627
628 629 630
628 631 629
628 632 631
632 633 631
634 635 633
636 637 638
636 638 639
640 636 639
640 639 641
642 639 638
642 643 639
643 641 639
643 644 641
644 643 645
644 645 646
643 642 647
643 647 645
640 648 636
640 649 648
650 648 649
650 651 648
650 652 651
651 652 653
651 653 654
654 648 651
650 655 652
654 656 648
636 648 656
636 656 637
637 656 657
657 656 654
637 657 658
657 659 658
657 660 659
661 659 660
661 662 659
663 660 657
657 654 663
663 664 660
663 665 664
666 660 664
666 667 660
666 668 667
669 662 661
669 670 662
670 669 671
671 672 670
663 673 665
664 665 674
654 673 663
654 653 673
675 676 677
675 677 678
678 679 675
678 680 679
675 679 681
675 681 682
675 682 683
675 683 676
684 676 683
684 685 676
677 676 685
677 685 686
687 685 684
687 688 685
687 689 688
688 689 690
685 688 690
685 690 686
678 691 680
678 692 691
677 692 678
677 693 692
690 694 686
686 694 693
695 693 694
686 693 677
696 692 693
696 693 695
697 691 692
697 692 696
698 691 697
698 699 691
700 699 698
700 701 699
702 699 701
702 701 703
704 702 703
704 705 702
705 704 706
705 706 707
708 701 700
708 709 701
703 701 709
710 709 708
710 711 709
710 712 711
712 713 711
712 714 713
715 714 712
716 714 715
716 717 714
713 714 717
715 712 718
713 717 719
710 720 712
720 718 712
721 717 716
721 716 722
720 723 718
724 718 723
724 725 718
726 725 724
726 727 725
728 725 727
728 727 729
730 728 729
731 730 729
732 730 731
732 731 733
732 733 734
732 735 730
731 729 736
735 737 730
730 737 728
735 738 737
731 736 739
731 739 733
734 733 740
734 740 741
742 741 740
740 743 742
740 744 743
733 739 744
733 744 740
743 744 745
742 746 741
744 739 747
744 747 748
745 744 748
739 736 749
739 749 747
749 736 729
749 729 727
750 748 747
751 748 750
745 748 751
751 750 752
750 747 753
753 747 749
754 749 727
753 749 754
754 727 726
755 756 757
755 757 758
758 757 759
758 759 760
761 755 758
761 762 755
756 755 762
761 763 762
762 763 764
762 764 765
766 765 764
761 767 763
761 647 767
642 767 647
642 768 767
642 769 768
642 638 769
638 770 769
638 637 770
771 769 770
771 768 769
771 770 659
772 771 659
772 773 771
774 773 772
774 775 773
775 774 776
776 777 775
771 778 768
779 778 771
779 780 778
767 768 778
767 778 781
782 781 778
782 778 783
782 783 784
782 784 785
785 784 786
787 780 779
787 788 780
787 789 788
781 782 764
790 781 764
790 764 763
791 792 793
791 793 794
792 795 793
792 796 795
797 795 796
797 796 798
757 792 791
757 791 759
756 796 792
756 792 757
797 798 799
798 800 799
798 801 800
801 798 796
801 796 756
756 762 801
762 800 801
797 799 802
802 799 803
804 802 803
804 805 802
806 805 804
805 806 807
805 807 808
802 805 808
802 808 797
809 808 807
809 810 808
806 804 811
812 811 804
813 810 809
814 810 813
815 814 813
815 794 814
814 816 810
817 815 813
817 813 818
813 809 818
817 818 819
809 819 818
817 819 820
809 821 819
821 822 819
821 823 822
824 822 823
819 822 825
819 825 820
825 822 826
826 822 824
827 826 824
824 823 828
824 828 829
830 829 828
830 828 831
832 823 821
832 831 828
832 828 823
809 832 821
809 807 832
807 806 832
832 806 831
806 811 831
831 811 812
831 812 830
830 812 833
830 833 834
834 833 835
834 835 836
837 836 835
837 838 836
837 839 838
840 830 841
840 841 842
842 841 843
842 843 844
844 843 845
844 845 846
847 846 845
824 840 848
824 848 849
849 848 850
849 850 851
851 850 852
851 852 853
852 854 853
852 855 854
855 856 854
857 858 719
857 719 859
859 719 717
859 717 721
713 719 858
713 858 860
711 713 860
711 860 709
706 858 857
706 704 858
858 704 703
858 703 860
703 709 860
861 862 863
861 863 864
863 865 864
863 866 865
863 867 866
862 867 863
868 866 867
868 867 869
870 866 868
870 868 871
871 872 870
871 873 872
874 865 866
874 866 870
870 875 874
874 875 876
874 876 877
865 874 877
878 877 876
878 876 879
878 879 880
878 881 877
878 882 881
881 882 883
883 882 884
883 884 885
881 883 886
887 884 882
887 882 878
878 880 887
887 888 884
888 885 884
887 889 888
886 883 890
883 885 890
886 890 891
888 892 885
893 891 890
893 890 894
895 891 893
895 896 891
894 890 897
894 897 898
891 864 886
891 861 864
899 861 891
899 900 861
901 899 895
901 902 899
902 900 899
903 900 902
904 902 901
904 901 905
906 904 905
907 904 906
906 908 907
909 907 908
910 909 908
911 909 910
911 910 912
910 908 913
912 910 914
912 914 915
916 909 911
916 917 909
909 917 907
918 917 916
918 907 917
918 916 919
918 920 907
910 913 890
910 890 914
921 913 908
921 898 913
922 921 908
922 908 906
906 905 922
890 885 914
923 920 918
924 920 923
920 924 925
920 925 926
927 925 924
927 924 928
920 926 904
920 904 907
926 929 904
925 929 926
928 930 927
928 931 930
932 930 931
932 933 930
933 934 930
933 935 934
935 936 934
935 937 936
938 933 932
938 939 933
939 935 933
939 940 935
940 937 935
940 941 937
941 942 937
941 943 942
942 943 944
942 944 945
946 942 945
947 942 946
937 942 947
937 947 936
946 945 948
949 939 938
949 950 939
950 940 939
951 950 949
952 950 951
952 953 950
950 953 940
953 941 940
954 953 952
954 955 953
953 955 941
956 955 954
956 957 955
958 957 956
958 959 957
951 949 960
961 960 949
961 949 962
941 955 957
941 957 943
943 957 959
943 959 944
938 963 962
932 963 938
932 964 963
931 964 932
931 965 964
966 965 931
966 931 928
938 962 949
961 967 968
961 968 969
970 969 968
970 968 971
972 970 971
972 971 973
974 972 973
974 973 975
976 974 975
976 975 977
978 976 977
978 977 979
968 980 971
968 981 980
981 968 967
981 982 980
981 983 982
983 984 982
983 985 984
982 984 986
982 986 987
980 982 987
987 986 988
987 988 989
980 987 990
990 987 989
990 989 991
991 989 992
991 992 993
992 994 993
993 994 979
992 995 994
996 995 992
997 996 992
989 997 992
989 988 997
996 998 995
973 990 991
971 990 973
971 980 990
973 991 975
991 993 977
991 977 975
993 979 977
997 999 996
1000 998 996
999 1000 996
1001 1000 999
1001 1002 1000
1002 1003 1000
1000 1003 998
1002 1004 1003
1005 999 997
988 1005 997
988 1006 1005
1007 1006 988
1006 1007 1008
1006 1008 1009
1008 1010 1009
1007 988 986
984 1007 986
984 1011 1007
1011 1008 1007
1012 1011 984
1011 1012 1013
1014 1013 1012
1011 1013 1015
1011 1015 1008
1016 1015 1013
1016 1017 1015
1013 1018 1016
1016 1019 1017
1016 1020 1019
1020 1021 1019
1021 1020 1022
1023 1022 1020
1024 1022 1023
1025 1024 1023
1025 1026 1024
1024 1027 1022
1026 1028 1024
1026 1029 1028
1030 1025 1023
1030 1023 1031
1023 1020 1031
1032 1030 1031
1032 1031 1020
1032 1033 1030
1032 1020 1016
1024 1028 1034
1024 1034 1027
1035 1022 1027
1035 1027 1036
1037 1022 1035
1037 1021 1022
1021 1037 1038
1021 1038 1019
1019 1038 1039
1019 1039 1040
1039 1041 1040
1039 1042 1041
1040 1041 1043
1044 1040 1043
1041 1045 1043
1041 1046 1045
1047 1046 1034
1047 1034 1048
1049 1047 1048
1049 1048 1050
1048 1051 1050
1048 1052 1051
1048 1034 1052
1053 1049 1050
1053 1054 1049
1053 1055 1054
1056 1054 1055
1056 1055 1057
1053 1058 1055
1053 1059 1058
1060 1056 1057
1056 1060 1061
1060 1062 1061
1062 1063 1061
1062 1064 1063
1065 1061 1063
1065 1066 1061
1056 1061 1066
1066 1054 1056
1065 1067 1066
1045 1067 1065
1045 1065 1068
1068 1065 1063
1060 1069 1062
1069 1060 1070
1069 1070 1071
1070 1072 1071
1072 1058 1073
1058 1059 1073
1058 1072 1055
1055 1072 1057
1046 1067 1045
1046 1047 1067
1067 1049 1066
1067 1047 1049
1045 1068 1074
1045 1074 1043
1068 1075 1074
1068 1076 1075
1059 1077 1073
1078 1074 1075
1078 1075 1079
1078 1079 1002
1078 1002 1001
1079 1004 1002
1079 1080 1004
1081 1075 1076
1081 1082 1075
1082 1080 1079
1082 1079 1075
1081 1076 1063
1068 1063 1076
1081 1063 1064
1083 1084 1085
1086 1084 1083
1086 1083 1087
1087 936 1086
936 1088 1086
1087 934 936
930 934 1087
930 1087 927
927 1087 1083
936 947 1088
927 1083 925
1088 947 1089
947 946 1089
1089 946 1090
1091 1089 1090
1091 1090 1092
1092 1090 1093
1092 1093 1094
1090 946 948
1090 948 1093
1095 1091 1092
1095 1092 1096
1096 1092 1094
1096 1094 1097
1095 1096 1098
1095 1098 1099
862 1099 1098
861 1099 862
861 900 1099
862 1098 1100
862 1100 867
1101 1100 1098
1101 867 1100
1101 1098 1102
1102 1098 1096
1102 1096 1097
1101 869 867
1103 1104 1105
1106 1105 1104
1106 1107 1105
1106 1108 1107
1106 1109 1108
1110 1109 1106
1110 1106 1111
1112 1110 1111
1110 1112 1113
1110 1113 1114
1109 1110 1114
1109 1114 1115
1116 1109 1115
1116 1117 1109
1117 1108 1109
1118 1117 1116
1118 1116 1119
1118 1119 1120
1118 1120 1121
1121 1120 1122
1121 1122 1123
1121 1123 1124
1118 1121 1124
1123 1122 1125
1123 1125 1126
1126 1127 1123
1126 1128 1127
1129 1127 1128
1127 1129 1130
1129 1131 1130
1127 1130 1132
1132 1124 1123
1132 1123 1127
1133 1132 1130
1124 1132 1133
1133 1130 1134
1129 1128 1135
1136 1129 1135
1137 1135 1128
1137 1128 1138
1126 1138 1128
1126 1125 1139
1126 1139 1138
1134 1107 1133
1105 1107 1134
1140 1105 1134
1103 1105 1140
1140 1141 1103
1140 1142 1141
1142 1143 1141
1142 1144 1143
1145 1144 1142
1145 1146 1144
1141 1143 1147
1141 1147 1148
1149 1146 1145
1149 1150 1146
1131 1145 1142
1131 1142 1151
1152 1141 1148
1152 1148 1153
1152 1153 1154
1149 1145 1136
1149 1136 1155
1131 1151 1130
1130 1151 1134
1154 1153 1156
1112 1154 1156
1112 1111 1154
1154 1111 1106
1154 1106 1104
1103 1154 1104
1136 1135 1155
1155 1135 1137
1157 1158 1159
1158 1160 1159
1159 1160 1161
1159 1161 1162
1163 1164 1165
1166 1163 1165
1166 1165 1167
1163 1168 1164
1166 1168 1163
1169 1170 1171
1169 1172 1170
1173 1174 1175
1107 1108 1176
1117 1176 1108
1117 1118 1176
1107 1176 1177
1177 1176 1133
1118 1124 1176
1133 1176 1124
1178 1179 1180
1181 1182 879
879 876 1181
876 875 1181
879 1182 880
880 1182 1183
872 873 1181
1184 1185 1186
1185 1184 1187
1188 1186 1185
1188 1185 1189
1190 1191 1192
1192 1191 1193
1194 1195 1196
1194 1196 1197
864 865 881
865 877 881
864 881 886
1198 903 902
1198 1084 903
902 929 1198
904 929 902
1083 1085 929
1085 1199 1198
1083 929 925
1200 1201 1202
1203 1204 1205
1204 1203 1206
1207 1208 1209
1210 1211 1212
1211 1213 1212
1214 1215 1216
1217 1215 1214
1218 1217 1214
1218 1219 1217
1220 1219 1218
1220 766 1219
766 1220 800
766 800 765
762 765 800
1221 799 800
803 799 1221
803 1221 1222
803 1222 1223
1222 1224 1223
1222 1225 1224
1224 1225 1226
1224 1226 1227
1228 1227 1226
803 1223 804
1229 1230 1231
1229 1231 1232
1233 1232 1231
1233 1234 1232
1230 1229 1235
1230 1235 1236
1229 1232 1237
1237 1232 1234
1229 1237 1238
1235 1229 1238
1239 1238 1237
1239 1237 1240
1241 1239 1240
1241 1240 1242
1242 1243 1241
1243 1242 1244
1237 1234 1245
1246 1237 1245
1246 1245 1247
1248 1246 1247
1248 1247 1249
1248 1249 1250
1235 1238 1251
1252 1251 1238
1252 1238 1253
1254 1252 1253
1254 1253 1255
1255 1256 1254
1256 1255 1257
1235 1251 1258
1259 1258 1251
1259 1251 1260
1259 1260 1261
1262 1263 1264
1265 1262 1264
1265 1266 1262
1265 1267 1266
1267 1268 1266
1267 1269 1268
1269 1270 1268
1269 1271 1270
1269 1272 1271
1271 1273 1270
1270 1273 1274
1270 1274 1275
1276 1274 1273
1274 1276 1277
1274 1277 1278
1278 1275 1274
1276 1273 1279
1280 1279 1273
1271 1280 1273
1272 1280 1271
1280 1281 1279
1280 1282 1281
1280 1283 1282
1272 1283 1280
1272 1284 1283
1272 1285 1284
1286 1282 1283
1286 1283 1284
1286 1284 1234
1286 1234 1233
1278 1277 1287
1278 1287 1288
1288 1287 1289
1288 1289 1290
1291 1290 1289
1290 1291 1292
1293 1292 1291
1293 1294 1292
1295 1292 1294
1295 1296 1292
1290 1292 1296
1296 1295 1297
1296 1297 1298
1290 1296 1299
1298 1299 1296
1290 1299 1288
1293 1300 1294
1293 1301 1300
1301 1302 1300
1301 1303 1302
1303 1304 1302
1303 1305 1304
1304 1305 1306
1304 1306 1307
1307 1306 1308
1294 1309 1295
1294 1310 1309
1310 1311 1309
1310 1312 1311
1312 1313 1311
1312 1314 1313
1315 1313 1314
1285 1316 1317
1285 1317 1245
1317 1316 1318
1317 1318 1319
1318 1320 1319
1245 1284 1285
1245 1234 1284
1316 1285 1272
1321 1322 1323
1321 1324 1322
1321 1325 1324
1326 1324 1325
1326 1325 1327
1295 1326 1327
1295 1327 1297
1298 1297 1328
1328 1329 1298
1328 1330 1329
1275 1330 1328
1278 1330 1275
1288 1330 1278
1288 1299 1330
1275 1328 1331
1275 1331 1332
1333 1332 1331
1333 1331 1334
1334 1331 1328
1335 1333 1334
1335 1334 1336
1337 1335 1336
1337 1336 1338
1339 1337 1338
1275 1332 1270
1340 1341 1342
1342 1341 1343
1342 1343 1344
1344 1343 1345
1346 1345 1340
1344 1345 1346
1346 1340 1347
1347 1348 1346
1347 1349 1348
1348 1349 1350
1348 1350 1351
1346 1348 1352
1346 1352 1344
1351 1352 1348
1351 1353 1352
1343 1354 1345
1345 1354 1355
1355 1342 1356
1342 1344 1356
1355 1356 1357
1357 1356 1358
1357 1358 1359
1360 1359 1358
1360 1358 1361
1356 1362 1358
1362 1361 1358
1356 1344 1362
1362 1363 1361
1364 1365 1366
1364 1366 1367
1364 1367 1368
1368 1367 1369
1368 1369 1370
1371 1370 1369
1371 1369 1372
1367 1373 1369
1373 1372 1369
1367 1374 1373
1366 1374 1367
1373 1375 1372
1366 1376 1374
1366 1365 1376
1377 1378 1379
1380 1377 1379
1380 1379 1381
1381 1382 1380
1381 1383 1382
1382 1383 1384
1382 1384 1385
1380 1382 1386
1385 1386 1382
1380 1386 1387
1387 1377 1380
1385 1388 1386
1387 1389 1377
1389 1378 1377
1390 1391 1392
1390 1392 1393
1390 1393 1394
1394 1393 1395
1394 1395 1396
1397 1396 1395
1397 1395 1398
1393 1399 1395
1399 1398 1395
1393 1400 1399
1392 1400 1393
1401 1399 1400
1401 1402 1399
1403 1402 1401
1401 1404 1403
1401 1405 1404
1400 1405 1401
1405 1406 1404
1403 1407 1402
1402 1407 1408
1402 1408 1409
1409 1410 1402
1409 1411 1410
1400 1412 1405
1412 1406 1405
1399 1413 1398
1392 1412 1400
1392 1391 1412
1414 1415 1416
1417 1414 1416
1417 1416 1418
1419 1417 1418
1419 1418 1420
1419 1420 1421
1419 1421 1422
1423 1417 1419
1422 1423 1419
1423 1424 1417
1422 1425 1423
1426 1414 1417
1423 1427 1426
1423 1428 1427
1428 1429 1427
1430 1427 1429
1430 1431 1427
1431 1426 1427
1428 1432 1429
1433 1432 1428
1433 1428 1434
1435 1434 1428
1435 1436 1434
1431 1437 1426
1430 1438 1439
1439 1438 1437
1426 1440 1414
1440 1415 1414
1146 1150 1441
1146 1441 1442
1144 1146 1442
1144 1442 1443
1143 1144 1443
1143 1443 1444
1445 1442 1441
1445 1441 1446
1445 1446 1447
1444 1147 1143
1444 1448 1147
1444 1449 1448
1444 1450 1449
1449 1450 1451
1449 1451 1452
1453 1443 1442
1444 1443 1453
1444 1453 1450
1454 1450 1453
1454 1453 1455
1453 1456 1455
1453 1457 1456
1453 1442 1457
1456 1445 1458
1457 1447 1459
1447 1446 1460
1461 1462 1463
1461 1463 1464
1465 1462 1461
1465 1466 1462
1467 1464 1463
1467 1463 1468
1468 1469 1467
1468 1470 1469
1471 1467 1469
1471 1472 1467
1464 1467 1472
1471 1473 1472
1471 1474 1473
1475 1473 1474
1475 1474 1476
1464 1477 1461
1464 1478 1477
1464 1472 1478
1478 1479 1477
1478 1480 1479
1478 1472 1481
1478 1481 1480
1477 1479 1482
1483 1482 1479
1484 1482 1483
1484 1483 1485
1483 1479 1486
1483 1486 1487
1483 1487 1488
1485 1483 1488
1485 1488 1489
1490 1487 1486
1490 1491 1487
1492 1482 1484
1492 1484 1493
1494 1492 1493
1494 1493 1495
1496 1492 1494
1496 1477 1492
1477 1482 1492
1497 1485 1489
1497 1489 1498
1497 1498 1499
1497 1499 1500
1501 1495 1493
1501 1502 1495
1503 1502 1501
1503 1501 1504
1505 1500 1499
1505 1506 1500
1507 1503 1504
1507 1504 1508
1509 1497 1500
1509 1504 1501
1509 1500 1510
1506 1510 1500
1508 1504 1510
1509 1510 1504
1485 1497 1509
1485 1509 1484
1506 1511 1510
1508 1510 1511
1512 1507 1508
1512 1513 1507
1514 1513 1512
1514 1512 1515
1516 1511 1506
1516 1512 1508
1516 1508 1511
1516 1506 1517
1517 1506 1505
1516 1517 1518
1516 1518 1519
1517 1520 1518
1521 1518 1520
1521 1520 1522
1517 1523 1520
1517 1505 1523
1516 1519 1524
1516 1524 1512
1514 1524 1525
1514 1525 1526
1524 1519 1527
1524 1527 1528
1529 1519 1518
1529 1518 1521
1530 1531 1532
1530 1532 1533
1534 1530 1533
1534 1535 1530
1536 1530 1535
1536 1537 1530
1530 1537 1538
1530 1538 1539
1540 1534 1533
1540 1533 1541
1540 1541 1542
1542 1541 1543
1543 1541 1533
1542 1543 1544
1544 1543 1545
1540 1542 1546
1547 1546 1542
1547 1542 1544
1547 1548 1546
1547 1544 1549
1550 1546 1548
1551 1546 1550
1551 1552 1546
1546 1552 1540
1553 1552 1551
1553 1554 1552
1543 1555 1545
1556 1545 1555
1556 1555 1557
1558 1545 1556
1558 1559 1545
1559 1544 1545
1554 1560 1552
1560 1540 1552
1560 1561 1540
1540 1561 1534
1554 1562 1560
1554 1563 1562
1554 1564 1563
1565 1563 1564
1565 1564 1566
1566 1567 1565
1566 1568 1567
1569 1566 1564
1569 1564 1570
1566 1569 1571
1566 1571 1568
1554 1570 1564
1554 1553 1570
1572 1567 1568
1572 1568 1573
1574 1572 1573
1575 1574 1573
1575 1573 1568
1575 1568 1571
1575 1576 1574
1574 1577 1572
1574 1578 1577
1576 1578 1574
1579 1580 1470
1579 1470 1581
1582 1579 1581
1582 1581 1463
1583 1582 1463
1583 1584 1582
1584 1583 1466
1584 1466 1585
1586 1584 1585
1586 1587 1584
1588 1587 1586
1588 1586 1589
1590 1587 1588
1590 1591 1587
1591 1579 1582
1590 1592 1591
1590 1593 1592
1593 1594 1592
1593 1595 1594
1594 1579 1592
1591 1592 1579
1594 1580 1579
1595 1593 1596
1595 1596 1597
1596 1598 1597
1596 1599 1598
1600 1599 1596
1600 1590 1588
1593 1590 1600
1593 1600 1596
1600 1601 1599
1602 1601 1600
1603 1601 1602
1603 1602 1604
1604 1602 1605
1604 1605 1606
1605 1602 1607
1602 1600 1607
1605 1607 1608
1603 1609 1601
1610 1598 1609
1603 1610 1609
1610 1611 1598
1612 1611 1610
1612 1613 1611
1612 1614 1613
1612 1615 1614
1614 1615 1616
1614 1616 1617
1606 1618 1604
1606 1619 1618
1604 1618 1620
1610 1620 1612
1610 1603 1620
1604 1620 1603
1621 1615 1612
1621 1612 1620
1620 1622 1621
1622 1623 1621
1615 1621 1623
1615 1623 1616
1622 1624 1623
1624 1622 1625
1624 1625 1626
1627 1619 1625
1627 1625 1622
1620 1627 1622
1628 1629 1630
1628 1630 1631
1630 1632 1631
1630 1633 1632
1634 1632 1633
1634 1635 1632
1634 1491 1635
1634 1636 1491
1637 1638 1633
1637 1639 1638
1639 1636 1638
1637 1640 1639
1637 1641 1640
1642 1637 1633
1642 1633 1643
1629 1642 1643
1637 1642 1644
1637 1644 1641
1639 1645 1636
1642 1646 1644
1647 1644 1646
1647 1648 1644
1648 1641 1644
1642 1649 1646
1650 1648 1647
1648 1650 1651
1648 1651 1652
1648 1652 1641
1653 1652 1651
1653 1641 1652
1653 1651 1654
1655 1653 1654
1656 1653 1655
1653 1656 1641
1656 1655 1657
1657 1639 1656
1657 1658 1639
1655 1654 1659
1650 1647 1660
1654 1651 1661
1650 1661 1651
1654 1661 1662
1662 1659 1654
1663 1662 1661
1663 1661 1664
1665 1664 1661
1665 1661 1666
1667 1665 1666
1665 1667 1668
1667 1666 1669
1662 1663 1670
1670 1663 1671
1662 1670 1672
1673 1671 1663
1673 1663 1664
1673 1664 1665
1673 1665 1668
1662 1674 1659
1650 1675 1661
1660 1675 1650
1660 1676 1675
1677 1678 1679
1677 1679 1680
1678 1681 1679
1678 1682 1681
1677 1680 1473
1680 1472 1473
1680 1481 1472
1481 1680 1683
1481 1683 1684
1685 1684 1679
1685 1679 1686
1677 1473 1475
1678 1677 1687
1687 1677 1475
1678 1687 1688
1688 1682 1678
1689 1688 1687
1689 1690 1688
1691 1690 1689
1691 1692 1690
1693 1690 1692
1693 1692 1694
1690 1693 1695
1690 1695 1688
1688 1695 1682
1687 1475 1696
1689 1687 1696
1696 1475 1476
1696 1476 1697
1698 1696 1697
1689 1696 1698
1691 1689 1698
1698 1697 1699
1699 1700 1698
1691 1698 1700
1699 1701 1700
1702 1700 1701
1702 1701 1703
1704 1694 1692
1704 1705 1694
1702 1703 1706
1702 1706 1707
1708 1707 1706
1708 1706 1709
1704 1710 1705
1704 1711 1710
1710 1711 1712
1710 1712 1713
1714 1711 1704
1700 1702 1714
1714 1702 1707
1714 1715 1711
1714 1707 1715
1714 1704 1692
1714 1692 1691
1700 1714 1691
1711 1715 1716
1711 1716 1712
1717 1715 1707
1717 1707 1718
1719 1720 1547
1719 1547 1721
1722 1547 1720
1722 1723 1547
1724 1720 1719
1724 1719 1725
1726 1722 1720
1726 1720 1724
1727 1728 1724
1727 1729 1728
1730 1724 1728
1730 1728 1731
1731 1728 1732
1732 1728 1733
1732 1733 1734
1734 1735 1732
1734 1736 1735
1732 1735 1737
1732 1737 1738
1731 1732 1738
1735 1736 1739
1735 1739 1740
1735 1740 1741
1735 1741 1737
1742 1743 1740
1742 1744 1743
1742 1740 1745
1742 1745 1746
1742 1747 1744
1746 1747 1742
1748 1747 1746
1748 1749 1747
1750 1744 1747
1750 1747 1749
1543 1533 1751
1543 1751 1752
1543 1752 1555
1629 1753 1642
1754 1755 1756
1754 1756 1757
1754 1758 1755
1754 1759 1758
1760 1754 1757
1760 1759 1754
1760 1757 1761
1760 1762 1759
1760 1763 1762
1760 1764 1763
1765 1764 1760
1765 1760 1761
1766 1767 1764
1766 1768 1767
1768 1769 1767
1767 1769 1770
1767 1770 1771
1767 1771 1764
1772 1773 1774
1772 1774 1775
1776 1775 1774
1776 1774 1777
1556 1775 1776
1772 1775 1556
1556 1776 1558
1772 1556 1557
1778 1774 1773
1778 1779 1774
1779 1777 1774
1779 1780 1777
1781 1780 1779
1781 1779 1782
1781 1782 1783
1784 1783 1782
1784 1782 1779
1784 1779 1778
1784 1785 1783
1781 1783 1786
1783 1787 1786
1785 1787 1783
1788 1501 1493
1788 1493 1484
1789 1685 1628
1789 1684 1685
1789 1790 1684
1790 1481 1684
1790 1791 1481
1481 1791 1480
1791 1479 1480
1791 1792 1479
1479 1792 1486
1792 1490 1486
1549 1544 1793
1559 1793 1544
1496 1465 1461
1496 1461 1477
1794 1795 1796
1794 1796 1797
1794 1798 1795
1794 1799 1798
1794 1797 1538
1794 1538 1537
1794 1537 1536
1794 1536 1799
1795 1800 1796
1795 1755 1800
1795 1798 1801
1795 1801 1755
1802 1591 1582
1802 1582 1584
1607 1588 1589
1607 1589 1803
1600 1588 1607
1804 1805 1806
1805 1804 1807
1805 1807 1808
1806 1805 1809
1810 1806 1809
1806 1810 1811
1811 1810 1812
1811 1812 1813
1806 1811 1814
1815 1806 1814
1804 1806 1815
1804 1815 1816
1804 1816 1817
1818 1816 1815
1818 1819 1816
1818 1820 1819
1818 1815 1821
1815 1814 1821
1822 1812 1810
1823 1812 1822
1823 1822 1824
1822 1810 1825
1810 1809 1825
1819 1820 1826
1819 1826 1827
1827 1826 1828
1829 1823 1830
1831 1812 1830
1831 1830 1832
1809 1805 1833
1833 1805 1834
1833 1834 1835
1836 1835 1834
1836 1834 1837
1836 1837 1838
1839 1831 1840
1839 1840 1841
1842 1839 1841
1842 1843 1839
1844 1843 1842
1845 1841 1840
1846 1845 1840
1846 1847 1845
1845 1848 1841
1841 1848 1849
1841 1849 1842
1842 1849 1850
1851 1842 1850
1851 1844 1842
1850 1852 1851
1850 1853 1852
1851 1854 1844
1851 1855 1854
1856 1844 1854
1856 1854 1857
1856 1857 1858
1856 1859 1844
1860 1852 1853
1860 1861 1852
1860 1862 1861
1857 1863 1858
1857 1864 1863
1864 1865 1863
1866 1867 1850
1866 1868 1867
1869 1867 1868
1869 1870 1867
1869 1871 1870
1849 1866 1850
1844 1859 1843
1872 1873 1874
1872 1807 1873
1872 1808 1807
1875 1876 1816
1875 1816 1877
1875 1877 1878
646 645 1879
646 1879 1880
645 761 1879
645 647 761
761 758 1879
758 1880 1879
758 760 1880
738 722 716
738 716 737
737 716 715
737 715 728
728 715 1881
728 1881 725
1882 1883 702
1882 702 705
707 1882 705
707 681 1882
680 699 702
680 691 699
797 808 810
797 810 816
1884 1885 1886
1887 1886 1885
1887 1885 1888
1887 1888 1889
1887 1889 1890
1891 1887 1890
1891 1892 1887
1893 1892 1891
1891 1894 1893
1891 1895 1894
1890 1895 1891
1890 1896 1895
1897 1896 1890
1897 1890 1898
1898 1890 1889
1899 1897 1898
1899 1900 1897
1899 1901 1900
1899 1902 1901
1902 1903 1901
1902 1904 1903
1902 1905 1904
1899 1905 1902
1904 1906 1903
1904 1907 1906
1907 1904 1908
1907 1908 1909
1910 1909 1908
1908 1911 1910
1910 1911 1912
1908 1913 1911
1913 1908 1904
1913 1904 1905
1914 1911 1913
1905 1914 1913
1914 1915 1911
1910 1916 1909
1917 1916 1910
1918 1909 1916
1918 1919 1909
1907 1909 1919
1907 1919 1920
1907 1920 1906
1915 1914 1888
1885 1915 1888
1921 1915 1885
1884 1921 1885
1921 1884 1922
1921 1922 1923
1923 1922 1924
1923 1924 1925
1926 1923 1925
1926 1925 1927
1922 1928 1924
1922 1929 1928
1930 1926 1927
1930 1927 1931
1912 1923 1926
1912 1932 1923
1933 1929 1922
1933 1934 1929
1933 1935 1934
1930 1917 1926
1930 1936 1917
1912 1911 1932
1911 1915 1932
1935 1937 1934
1893 1937 1935
1893 1935 1892
1935 1887 1892
1935 1886 1887
1884 1886 1935
1917 1936 1916
1936 1918 1916
1938 1939 1940
1940 1939 1941
1939 1942 1941
1939 1943 1942
1944 1945 1946
1947 1945 1944
1947 1948 1945
1944 1946 1949
1947 1944 1949
1950 1951 1952
1950 1952 1953
1954 1053 1050
1954 1050 1051
1954 1051 1955
1954 1955 1956
1955 1051 1052
1955 1052 1957
1053 1954 1059
1034 1028 1052
1958 1959 1034
1958 1034 1046
1042 1958 1046
1042 1046 1960
1959 1961 1034
1959 1036 1961
1962 1963 1964
1888 1965 1889
1898 1889 1965
1898 1965 1899
1888 1966 1965
1966 1914 1965
1899 1965 1905
1914 1905 1965
1967 1968 1969
1970 1971 1972
1972 1973 1970
1974 1972 1971
1974 1975 1972
1976 1977 1978
1977 1979 1978
1980 1981 1982
1980 1983 1981
1017 1019 1984
1015 1017 1984
1008 1015 1984
1008 1984 1010
1019 1040 1984
1040 1985 1984
1985 1040 1044
1985 1044 1009
1010 1985 1986
1987 1012 985
1987 985 1988
1012 984 985
985 1989 1988
985 983 1989
983 1990 1989
983 981 1990
981 967 1990
1018 1032 1016
1991 1992 1993
1994 1995 1996
1996 1997 1994
1998 1999 2000
2001 2002 2003
2003 2002 2004
2005 2006 2007
2006 2008 2007
2006 2009 2008
2009 2010 2008
2011 2005 2010
2009 2011 2010
2011 2012 2005
2012 2011 2013
2012 2013 2014
2013 2015 2014
2013 2016 2015
2011 2009 2017
2011 2017 2013
2016 2013 2017
2016 2017 2018
2008 2010 2019
2010 2020 2019
2020 2021 2006
2006 2021 2009
2020 2022 2021
2022 2023 2021
2022 2024 2023
2025 2023 2024
2025 2026 2023
2021 2023 2027
2027 2023 2026
2021 2027 2009
2027 2026 2028
2029 2030 2031
2029 2032 2030
2029 2033 2032
2033 2034 2032
2033 2035 2034
2036 2034 2035
2036 2037 2034
2032 2034 2038
2038 2034 2037
2032 2038 2039
2030 2032 2039
2038 2037 2040
2030 2039 2041
2030 2041 2031
2042 2043 2044
2045 2043 2042
2045 2046 2043
2046 2045 2047
2046 2047 2048
2047 2049 2048
2047 2050 2049
2045 2051 2047
2050 2047 2051
2045 2052 2051
2052 2045 2042
2050 2051 2053
2052 2042 2054
2054 2042 2044
2055 2056 2057
2055 2058 2056
2055 2059 2058
2059 2060 2058
2059 2061 2060
2062 2060 2061
2062 2063 2060
2058 2060 2064
2064 2060 2063
2058 2064 2065
2056 2058 2065
2066 2065 2064
2066 2064 2067
2068 2066 2067
2066 2068 2069
2066 2069 2070
2065 2066 2070
2070 2069 2071
2068 2067 2072
2067 2073 2072
2067 2074 2073
2074 2067 2075
2074 2075 2076
2065 2070 2077
2077 2070 2071
2064 2063 2078
2056 2065 2077
2056 2077 2057
2079 2080 2081
2082 2080 2079
2082 2083 2080
2084 2083 2082
2084 2085 2083
2084 2086 2085
2084 2087 2086
2088 2084 2082
2087 2084 2088
2088 2082 2089
2087 2088 2090
2091 2082 2079
2088 2091 2092
2088 2092 2093
2093 2092 2094
2095 2094 2092
2095 2092 2096
2096 2092 2091
2093 2094 2097
2098 2093 2097
2098 2099 2093
2100 2093 2099
2100 2099 2101
2096 2091 2102
2095 2103 2104
2103 2102 2104
2091 2079 2105
2105 2079 2081
1927 2106 2107
1927 2107 1931
1925 2106 1927
1925 2108 2106
1924 2108 1925
1924 2109 2108
2110 2107 2106
2110 2111 2107
2110 2112 2111
2109 1924 1928
2109 1928 2113
2109 2113 2114
2109 2114 2115
2114 2116 2115
2114 2117 2116
2118 2106 2108
2109 2115 2118
2109 2118 2108
2119 2118 2115
2119 2120 2118
2118 2121 2106
2118 2122 2121
2118 2120 2122
2122 2123 2110
2121 2124 2112
2112 2125 2111
2126 2127 2128
2126 2128 2129
2130 2126 2129
2130 2129 2131
2132 2128 2127
2132 2133 2128
2133 2132 2134
2133 2134 2135
2136 2134 2132
2136 2132 2137
2127 2137 2132
2136 2137 2138
2136 2138 2139
2140 2139 2138
2140 2141 2139
2127 2126 2142
2127 2142 2143
2143 2142 2144
2143 2144 2145
2143 2145 2146
2143 2146 2137
2142 2147 2144
2148 2144 2147
2149 2148 2147
2149 2150 2148
2148 2151 2144
2148 2152 2151
2148 2153 2152
2150 2153 2148
2150 2154 2153
2155 2151 2152
2155 2152 2156
2157 2149 2147
2142 2157 2147
2158 2157 2142
2158 2159 2157
2159 2160 2157
2157 2160 2149
2159 2161 2160
2162 2154 2150
2162 2163 2154
2162 2164 2163
2162 2165 2164
2166 2160 2161
2166 2161 2167
2168 2166 2167
2168 2169 2166
2170 2164 2165
2170 2165 2171
2172 2169 2168
2172 2173 2169
2174 2165 2162
2174 2166 2169
2174 2175 2165
2171 2165 2175
2173 2175 2169
2174 2169 2175
2150 2174 2162
2150 2149 2174
2171 2175 2176
2173 2176 2175
2177 2173 2172
2177 2172 2178
2179 2177 2178
2179 2180 2177
2181 2171 2176
2181 2176 2173
2181 2173 2177
2181 2182 2171
2182 2170 2171
2181 2183 2182
2181 2184 2183
2182 2183 2185
2186 2185 2183
2186 2187 2185
2182 2185 2188
2182 2188 2170
2181 2177 2189
2181 2189 2184
2179 2190 2189
2179 2191 2190
2189 2192 2184
2189 2193 2192
2194 2186 2183
2194 2183 2184
2195 2196 2197
2195 2197 2198
2199 2196 2195
2199 2195 2200
2201 2200 2195
2201 2195 2202
2195 2203 2202
2195 2204 2203
2205 2196 2199
2205 2206 2196
2205 2207 2206
2207 2208 2206
2208 2196 2206
2207 2209 2208
2209 2210 2208
2205 2211 2207
2212 2207 2211
2212 2209 2207
2212 2211 2213
2212 2214 2209
2215 2213 2211
2216 2215 2211
2216 2211 2217
2211 2205 2217
2218 2216 2217
2218 2217 2219
2208 2210 2220
2221 2220 2210
2221 2222 2220
2223 2221 2210
2223 2210 2224
2224 2210 2209
2219 2217 2225
2225 2217 2205
2225 2205 2226
2205 2199 2226
2219 2225 2227
2219 2227 2228
2219 2228 2229
2230 2229 2228
2230 2231 2229
2231 2230 2232
2231 2232 2233
2234 2229 2231
2234 2235 2229
2231 2233 2236
2231 2236 2234
2219 2229 2235
2219 2235 2218
2237 2233 2232
2237 2238 2233
2239 2238 2237
2240 2238 2239
2240 2236 2233
2240 2233 2238
2240 2239 2241
2239 2237 2242
2239 2242 2243
2241 2239 2243
2244 2245 2135
2244 2135 2246
2247 2245 2244
2247 2128 2245
2248 2128 2247
2248 2247 2249
2249 2131 2248
2249 2250 2131
2251 2250 2249
2251 2249 2252
2253 2251 2252
2253 2254 2251
2255 2253 2252
2255 2252 2256
2256 2247 2244
2255 2256 2257
2255 2257 2258
2258 2257 2259
2258 2259 2260
2259 2257 2244
2256 2244 2257
2259 2244 2246
2260 2261 2258
2260 2262 2261
2261 2262 2263
2261 2263 2264
2265 2261 2264
2265 2253 2255
2258 2261 2265
2258 2265 2255
2265 2264 2266
2267 2265 2266
2268 2267 2266
2268 2269 2267
2269 2270 2267
2269 2271 2270
2270 2272 2267
2267 2272 2265
2270 2273 2272
2268 2266 2274
2275 2274 2263
2268 2274 2275
2275 2263 2276
2277 2275 2276
2277 2276 2278
2277 2278 2279
2277 2279 2280
2279 2281 2280
2279 2282 2281
2271 2269 2283
2271 2283 2284
2269 2285 2283
2275 2277 2285
2275 2285 2268
2269 2268 2285
2286 2285 2277
2286 2277 2280
2285 2286 2287
2287 2286 2288
2280 2281 2288
2280 2288 2286
2287 2288 2289
2289 2290 2287
2289 2291 2290
2292 2287 2290
2292 2290 2284
2285 2287 2292
2293 2294 2295
2293 2295 2296
2295 2294 2297
2295 2297 2298
2299 2298 2297
2299 2297 2300
2299 2300 2156
2299 2156 2301
2302 2298 2303
2302 2303 2304
2304 2303 2301
2302 2304 2305
2302 2305 2306
2307 2298 2302
2307 2308 2298
2296 2308 2307
2302 2306 2309
2302 2309 2307
2304 2301 2310
2307 2309 2311
2312 2311 2309
2312 2309 2313
2313 2309 2306
2307 2311 2314
2315 2312 2313
2313 2316 2315
2313 2317 2316
2313 2306 2317
2318 2316 2317
2318 2317 2306
2318 2319 2316
2320 2319 2318
2321 2320 2318
2318 2306 2321
2321 2322 2320
2322 2321 2304
2322 2304 2323
2320 2324 2319
2315 2325 2312
2319 2326 2316
2315 2316 2326
2319 2327 2326
2327 2319 2324
2328 2326 2327
2328 2329 2326
2330 2326 2329
2330 2331 2326
2332 2331 2330
2330 2333 2332
2332 2334 2331
2327 2335 2328
2335 2336 2328
2327 2337 2335
2338 2329 2328
2338 2328 2336
2338 2333 2330
2338 2330 2329
2327 2324 2339
2315 2326 2340
2325 2315 2340
2325 2340 2341
2342 2343 2344
2342 2344 2345
2345 2344 2346
2345 2346 2347
2342 2138 2343
2343 2138 2137
2343 2137 2146
2146 2348 2343
2146 2349 2348
2350 2344 2349
2350 2351 2344
2342 2140 2138
2345 2352 2342
2352 2140 2342
2345 2353 2352
2353 2345 2347
2354 2352 2353
2354 2353 2355
2356 2354 2355
2356 2355 2357
2358 2357 2355
2358 2359 2357
2355 2353 2360
2355 2360 2358
2353 2347 2360
2352 2361 2140
2354 2361 2352
2361 2141 2140
2361 2362 2141
2363 2362 2361
2354 2363 2361
2356 2363 2354
2363 2364 2362
2364 2363 2365
2356 2365 2363
2364 2365 2366
2367 2366 2365
2367 2368 2366
2369 2357 2359
2369 2359 2370
2367 2371 2368
2367 2372 2371
2373 2371 2372
2373 2374 2371
2369 2370 2375
2369 2375 2376
2375 2377 2376
2375 2378 2377
2379 2369 2376
2365 2379 2367
2379 2372 2367
2379 2376 2380
2379 2380 2372
2379 2357 2369
2379 2356 2357
2365 2356 2379
2376 2377 2381
2376 2381 2380
2382 2372 2380
2382 2383 2372
2384 2385 2212
2384 2212 2386
2387 2386 2212
2387 2212 2388
2389 2384 2386
2389 2390 2384
2391 2389 2386
2391 2386 2387
2392 2389 2393
2392 2393 2394
2395 2393 2389
2395 2396 2393
2396 2397 2393
2397 2398 2393
2397 2399 2398
2399 2397 2400
2399 2400 2401
2397 2402 2400
2397 2403 2402
2396 2403 2397
2400 2404 2401
2400 2405 2404
2400 2402 2406
2400 2406 2405
2407 2405 2408
2407 2408 2409
2407 2410 2405
2407 2411 2410
2407 2409 2412
2411 2407 2412
2413 2411 2412
2413 2412 2414
2415 2414 2412
2415 2412 2409
2208 2416 2196
2208 2417 2416
2208 2220 2417
2296 2307 2418
2419 2420 2421
2419 2421 2422
2419 2422 2423
2419 2423 2424
2425 2420 2419
2425 2419 2424
2425 2426 2420
2425 2424 2427
2425 2427 2428
2425 2428 2429
2430 2426 2425
2430 2425 2429
2431 2429 2432
2431 2432 2433
2433 2432 2434
2432 2435 2434
2432 2429 2436
2432 2436 2435
2437 2438 2422
2437 2439 2438
2440 2439 2437
2440 2441 2439
2440 2437 2442
2440 2442 2443
2440 2203 2441
2440 2202 2203
2440 2443 2201
2440 2201 2202
2437 2422 2444
2437 2444 2442
2445 2446 2447
2445 2447 2448
2449 2447 2446
2449 2450 2447
2221 2449 2446
2445 2221 2446
2221 2223 2449
2445 2222 2221
2451 2448 2447
2451 2447 2452
2452 2447 2450
2452 2450 2453
2454 2452 2453
2454 2455 2452
2454 2456 2455
2457 2455 2456
2457 2451 2452
2457 2452 2455
2457 2456 2458
2454 2459 2456
2456 2459 2460
2458 2456 2460
2461 2149 2160
2461 2160 2166
2462 2293 2350
2462 2350 2349
2462 2349 2463
2463 2349 2146
2463 2146 2464
2146 2145 2464
2464 2145 2144
2464 2144 2465
2144 2151 2465
2465 2151 2155
2214 2466 2209
2224 2209 2466
2127 2143 2137
2158 2142 2126
2158 2126 2130
2467 2249 2247
2467 2247 2256
2272 2468 2254
2272 2254 2253
2265 2272 2253
1813 2469 2470
1813 2470 1840
2471 2470 1846
2472 2473 1854
2472 1854 2474
2472 2475 2473
1066 1049 1054
2476 1013 1014
924 2477 928
924 2478 2477
2479 2480 2481
2480 2479 2482
2483 2481 2480
2483 2480 2484
2485 2486 2487
2487 2486 2488
2489 2490 2491
2491 2492 2489
2493 2491 2490
2493 2494 2491
2495 2496 2497
2496 2498 2497
2499 2500 2501
2499 2501 2502
2503 2500 2499
2503 2504 2500
2505 2501 2500
2505 2500 2506
2506 2500 2504
2506 2504 2507
2507 2508 2506
2507 2509 2508
2506 2508 2510
2506 2510 2505
2503 2499 2511
2503 2511 2512
2513 2512 2511
2513 2511 2514
2513 2514 2515
2514 2516 2515
2514 2517 2516
2517 2514 2511
2513 2515 2518
2517 2511 2519
2499 2519 2511
2499 2502 2519
2502 2520 2519
2520 2517 2519
2502 2521 2520
2520 2521 2522
2520 2522 2523
2524 2523 2522
2524 2522 2525
2526 2520 2523
2520 2526 2517
2526 2523 2527
2526 2527 2528
2529 2527 2523
2529 2523 2530
2529 2530 2531
2532 2524 2525
2532 2525 2533
2533 2534 2532
2534 2533 2535
2526 2528 2536
2527 2537 2528
2517 2526 2536
2517 2536 2516
2538 2539 2540
2538 2540 2541
2539 2538 2542
2539 2542 2543
2538 2544 2542
2538 2545 2544
2538 2541 2546
2538 2546 2545
2547 2546 2541
2547 2541 2548
2540 2548 2541
2540 2549 2548
2550 2547 2548
2550 2548 2551
2550 2551 2552
2551 2553 2552
2548 2549 2553
2548 2553 2551
2539 2543 2554
2539 2554 2555
2540 2539 2555
2553 2549 2556
2549 2557 2556
2540 2555 2557
2549 2540 2557
2558 2556 2557
2559 2558 2557
2559 2557 2555
2560 2559 2555
2560 2555 2554
2561 2560 2554
2561 2554 2562
2563 2561 2562
2563 2562 2564
2565 2564 2562
2565 2566 2564
2567 2566 2565
2567 2565 2568
2568 2569 2567
2568 2570 2569
2571 2563 2564
2571 2564 2572
2566 2572 2564
2573 2571 2572
2573 2572 2574
2573 2574 2575
2575 2574 2576
2575 2576 2577
2578 2575 2577
2579 2578 2577
2579 2577 2580
2576 2580 2577
2578 2581 2575
2576 2582 2580
2573 2575 2583
2583 2575 2581
2584 2579 2580
2584 2585 2579
2583 2581 2586
2587 2586 2581
2587 2581 2588
2589 2587 2588
2589 2588 2590
2591 2590 2588
2591 2592 2590
2593 2592 2591
2594 2592 2593
2595 2594 2593
2595 2596 2594
2595 2597 2596
2595 2593 2598
2594 2599 2592
2598 2593 2600
2593 2591 2600
2598 2600 2601
2594 2596 2602
2594 2602 2599
2597 2603 2596
2597 2604 2603
2605 2603 2604
2603 2605 2606
2603 2606 2607
2596 2603 2607
2596 2607 2602
2606 2608 2607
2605 2604 2609
2607 2610 2602
2607 2611 2610
2608 2611 2607
2602 2610 2612
2602 2612 2599
2612 2592 2599
2612 2590 2592
2613 2610 2611
2614 2613 2611
2608 2614 2611
2614 2615 2613
2613 2616 2610
2616 2612 2610
2617 2590 2612
2616 2617 2612
2617 2589 2590
2618 2619 2620
2618 2620 2621
2619 2622 2620
2619 2623 2622
2624 2619 2618
2624 2618 2625
2621 2625 2618
2624 2625 2626
2625 2627 2626
2625 2628 2627
2629 2627 2628
2624 2626 2630
2624 2630 2510
2505 2510 2630
2505 2630 2631
2505 2631 2632
2505 2632 2501
2501 2632 2633
2501 2633 2502
2634 2633 2632
2634 2632 2631
2634 2522 2633
2635 2522 2634
2635 2634 2636
2637 2635 2636
2637 2636 2638
2638 2639 2637
2639 2638 2640
2634 2631 2641
2642 2634 2641
2642 2641 2643
2630 2641 2631
2630 2644 2641
2645 2641 2644
2645 2646 2641
2645 2647 2646
2645 2648 2647
2648 2649 2647
2650 2642 2643
2650 2643 2651
2650 2651 2652
2644 2627 2645
2653 2627 2644
2653 2626 2627
2654 2655 2656
2654 2656 2657
2657 2656 2658
2657 2658 2659
2660 2659 2658
2660 2661 2659
2620 2654 2657
2620 2622 2654
2621 2620 2657
2621 2657 2659
2660 2662 2661
2661 2662 2663
2661 2663 2664
2664 2621 2659
2664 2659 2661
2621 2664 2625
2625 2664 2663
2660 2665 2662
2665 2666 2662
2667 2666 2665
2667 2665 2668
2669 2667 2668
2668 2670 2669
2668 2671 2670
2665 2660 2671
2665 2671 2668
2672 2670 2671
2672 2671 2673
2669 2674 2667
2675 2667 2674
2676 2672 2673
2677 2676 2673
2678 2676 2677
2678 2677 2655
2677 2673 2679
2680 2676 2678
2680 2681 2676
2676 2681 2672
2680 2682 2681
2672 2681 2682
2680 2683 2682
2672 2682 2684
2684 2682 2685
2684 2685 2686
2687 2686 2685
2682 2683 2688
2682 2688 2685
2688 2689 2685
2689 2687 2685
2690 2687 2689
2687 2691 2686
2687 2692 2691
2693 2691 2692
2693 2694 2691
2695 2684 2686
2695 2691 2694
2695 2686 2691
2672 2684 2695
2672 2695 2670
2670 2695 2669
2695 2694 2669
2669 2694 2674
2694 2693 2675
2694 2675 2674
2693 2696 2675
2693 2697 2696
2697 2698 2696
2697 2699 2698
2700 2698 2699
2700 2699 2701
2700 2701 2702
2703 2704 2693
2703 2705 2704
2705 2706 2704
2705 2707 2706
2707 2708 2706
2707 2709 2708
2710 2708 2709
2687 2711 2703
2687 2712 2711
2712 2713 2711
2712 2714 2713
2714 2715 2713
2714 2716 2715
2715 2716 2717
2715 2717 2718
2718 2717 2719
2720 2721 2582
2720 2582 2722
2721 2580 2582
2721 2584 2580
2576 2722 2582
2576 2723 2722
2574 2723 2576
2574 2572 2723
2569 2720 2722
2569 2722 2567
2722 2723 2566
2722 2566 2567
2566 2723 2572
2724 2725 2726
2727 2724 2726
2728 2724 2727
2728 2727 2729
2730 2728 2729
2730 2729 2629
2629 2663 2730
2629 2628 2663
2625 2663 2628
2731 2663 2662
2666 2731 2662
2666 2732 2731
2666 2733 2732
2732 2733 2734
2732 2734 2735
2734 2736 2735
2734 2737 2736
2738 2736 2737
2666 2667 2733
2739 2740 2741
2739 2741 2742
2743 2741 2740
2743 2740 2744
2742 2745 2739
2742 2746 2745
2739 2747 2740
2747 2744 2740
2739 2748 2747
2745 2748 2739
2749 2747 2748
2749 2750 2747
2751 2750 2749
2751 2752 2750
2752 2751 2753
2753 2754 2752
2747 2755 2744
2756 2755 2747
2756 2757 2755
2758 2757 2756
2758 2759 2757
2758 2760 2759
2745 2761 2748
2762 2748 2761
2762 2763 2748
2764 2763 2762
2764 2765 2763
2765 2764 2766
2766 2767 2765
2745 2768 2761
2769 2761 2768
2769 2770 2761
2769 2771 2770
2772 2773 2774
2775 2773 2772
2775 2772 2776
2775 2776 2777
2777 2776 2778
2777 2778 2779
2779 2778 2780
2779 2780 2781
2779 2781 2782
2781 2780 2783
2780 2784 2783
2780 2785 2784
2786 2783 2784
2784 2787 2786
2784 2788 2787
2788 2784 2785
2786 2789 2783
2790 2783 2789
2781 2783 2790
2782 2781 2790
2790 2789 2791
2790 2791 2792
2790 2792 2793
2782 2790 2793
2782 2793 2794
2782 2794 2795
2796 2794 2793
2796 2793 2792
2796 2744 2794
2796 2743 2744
2788 2797 2787
2788 2798 2797
2798 2799 2797
2798 2800 2799
2801 2799 2800
2800 2802 2801
2803 2801 2802
2803 2802 2804
2805 2804 2802
2805 2802 2806
2800 2806 2802
2806 2807 2805
2806 2808 2807
2800 2809 2806
2808 2806 2809
2800 2798 2809
2803 2804 2810
2803 2810 2811
2811 2810 2812
2811 2812 2813
2813 2812 2814
2813 2814 2815
2814 2816 2815
2814 2817 2816
2817 2818 2816
2804 2805 2819
2804 2819 2820
2820 2819 2821
2820 2821 2822
2822 2821 2823
2822 2823 2824
2825 2824 2823
2795 2755 2826
2795 2826 2827
2826 2828 2827
2826 2829 2828
2828 2829 2830
2755 2795 2794
2755 2794 2744
2827 2782 2795
2831 2832 2833
2831 2833 2834
2831 2834 2835
2836 2835 2834
2836 2837 2835
2805 2837 2836
2805 2807 2837
2808 2838 2807
2838 2808 2839
2838 2839 2840
2785 2838 2840
2788 2785 2840
2798 2788 2840
2798 2840 2809
2785 2841 2838
2785 2842 2841
2843 2841 2842
2843 2844 2841
2844 2838 2841
2845 2844 2843
2845 2846 2844
2847 2846 2845
2847 2848 2846
2849 2848 2847
2785 2780 2842
2509 2850 2851
2509 2851 2508
2508 2851 2624
2508 2624 2510
2624 2851 2619
2619 2851 2850
2619 2850 2623
2601 2600 2579
2601 2579 2585
2600 2578 2579
2600 2591 2578
2591 2852 2578
2591 2588 2852
2853 2568 2565
2853 2565 2854
2570 2568 2853
2570 2853 2544
2543 2565 2562
2543 2562 2554
2660 2679 2673
2660 2673 2671
