byte offset: 0
first index: 54651
index count: 4914
topology: trianglelist
format: DXGI_FORMAT_R16_UINT

16819 16820 16821
16819 16821 16822
16823 16820 16819
16823 16824 16820
16824 16825 16820
16824 16826 16825
16820 16825 16827
16820 16827 16821
16825 16828 16827
16827 16828 16829
16828 16830 16829
16828 16831 16830
16831 16832 16830
16831 16833 16832
16833 16834 16832
16825 16835 16828
16835 16831 16828
16826 16835 16825
16835 16836 16831
16836 16833 16831
16836 16837 16833
16837 16838 16833
16833 16838 16834
16837 16839 16838
16839 16840 16838
16838 16840 16841
16838 16841 16842
16834 16838 16842
16840 16843 16841
16840 16844 16843
16839 16845 16840
16845 16844 16840
16845 16846 16844
16846 16847 16844
16846 16848 16847
16849 16848 16846
16849 16850 16848
16850 16851 16848
16850 16852 16851
16852 16853 16851
16848 16851 16854
16848 16854 16847
16851 16853 16855
16851 16855 16854
16856 16855 16853
16857 16849 16846
16857 16846 16845
16858 16849 16857
16859 16857 16845
16859 16858 16857
16859 16860 16858
16859 16845 16839
16861 16859 16839
16862 16859 16861
16863 16862 16861
16863 16861 16864
16865 16863 16864
16862 16866 16859
16866 16860 16859
16861 16839 16837
16864 16861 16837
16864 16837 16836
16865 16864 16836
16865 16836 16835
16826 16865 16835
16862 16867 16866
16867 16860 16866
16868 16869 16870
16868 16870 16871
16871 16870 16872
16871 16872 16873
16874 16868 16871
16874 16871 16875
16875 16871 16873
16876 16874 16875
16876 16875 16877
16877 16875 16878
16875 16873 16878
16877 16878 16879
16880 16876 16877
16880 16877 16881
16881 16877 16879
16880 16881 16882
16880 16882 16883
16883 16882 16884
16883 16884 16885
16885 16884 16886
16885 16886 16887
16884 16888 16886
16884 16889 16888
16882 16889 16884
16882 16890 16889
16881 16890 16882
16881 16891 16890
16881 16879 16891
16892 16893 16894
16893 16895 16894
16893 16896 16895
16847 16893 16892
16844 16847 16892
16844 16892 16843
16847 16854 16893
16854 16896 16893
16854 16855 16896
16897 16896 16855
16895 16896 16897
16897 16855 16856
16897 16856 16898
16895 16897 16899
16895 16899 16900
16900 16899 16901
16901 16899 16897
16901 16897 16898
16900 16901 16902
16903 16904 16905
16903 16905 16906
16907 16903 16906
16907 16906 16908
16908 16906 16909
16908 16909 16910
16906 16905 16911
16906 16911 16909
16909 16911 16912
16911 16913 16912
16912 16913 16914
16912 16914 16915
16915 16914 16916
16915 16916 16917
16917 16916 16918
16909 16912 16919
16919 16912 16915
16910 16909 16919
16919 16915 16920
16920 16915 16917
16920 16917 16921
16921 16917 16922
16917 16918 16922
16921 16922 16923
16923 16922 16924
16922 16925 16924
16922 16926 16925
16918 16926 16922
16924 16925 16927
16924 16927 16928
16923 16924 16929
16929 16924 16928
16929 16928 16930
16930 16928 16931
16930 16931 16932
16933 16930 16932
16933 16932 16934
16934 16932 16935
16934 16935 16936
16936 16935 16937
16932 16931 16938
16932 16938 16935
16935 16938 16939
16935 16939 16937
16940 16937 16939
16941 16929 16930
16941 16930 16933
16942 16941 16933
16943 16929 16941
16943 16941 16942
16943 16942 16944
16943 16923 16929
16945 16923 16943
16946 16945 16943
16947 16945 16946
16947 16948 16945
16949 16948 16947
16946 16943 16950
16950 16943 16944
16945 16921 16923
16948 16921 16945
16948 16920 16921
16949 16920 16948
16949 16919 16920
16910 16919 16949
16946 16950 16951
16951 16950 16944
16952 16953 16954
16952 16954 16955
16953 16956 16954
16953 16957 16956
16958 16957 16953
16958 16959 16957
16960 16959 16958
16961 16960 16958
16961 16958 16962
16962 16958 16953
16962 16953 16952
16960 16963 16959
16964 16963 16960
16964 16965 16963
16966 16965 16964
16967 16966 16964
16967 16964 16968
16968 16964 16960
16968 16960 16961
16966 16969 16965
16970 16966 16967
16970 16971 16966
16971 16969 16966
16972 16971 16970
16972 16973 16971
16973 16974 16971
16971 16974 16969
16973 16975 16974
16976 16977 16978
16978 16977 16979
16978 16979 16980
16931 16976 16978
16928 16976 16931
16928 16927 16976
16931 16978 16938
16938 16978 16980
16938 16980 16939
16981 16939 16980
16979 16981 16980
16981 16940 16939
16981 16982 16940
16979 16983 16981
16979 16984 16983
16984 16985 16983
16985 16982 16981
16985 16981 16983
16984 16986 16985
16954 16956 16904
16954 16904 16903
16955 16954 16903
16955 16903 16907
16869 16823 16819
16869 16819 16870
16870 16819 16822
16870 16822 16872
16987 16988 16989
16987 16989 16990
16991 16987 16990
16989 16992 16990
16989 16993 16992
16994 16992 16993
16995 16994 16993
16995 16996 16994
16994 16996 16997
16994 16997 16998
16999 16994 16998
16994 16999 16992
16999 16998 17000
16998 17001 17000
16998 17002 17001
16997 17002 16998
16997 17003 17002
17004 16995 16993
17004 16993 16989
17005 16995 17004
17006 17005 17004
17006 17007 17005
17005 17008 16995
17008 16996 16995
17009 17008 17005
17007 17009 17005
17009 17010 17008
17011 17008 17010
17012 17011 17010
17012 17013 17011
17011 17014 17008
17015 17012 17010
17015 17010 17009
17016 17013 17012
17013 17016 17017
17016 17012 17018
17019 17016 17018
17019 17018 17020
17021 17020 17018
17021 17018 17012
17021 17012 17015
17021 17022 17020
17023 17022 17021
17023 17024 17022
17022 17024 17025
17022 17025 17026
17026 17020 17022
17027 17019 17020
17026 17027 17020
17027 17028 17019
17029 17023 17021
17030 17027 17026
17030 17031 17027
17032 17030 17026
17032 17026 17025
17033 17030 17032
17033 17034 17030
17035 17034 17033
17035 17036 17034
17036 17037 17034
17034 17037 17030
17038 17036 17035
17038 17039 17036
17039 17040 17036
17039 17041 17040
17039 17038 17042
17039 17042 17043
17044 17041 17039
17044 17039 17043
17043 17042 17045
17043 17045 17046
17046 17045 17047
17043 17048 17044
17046 17048 17043
17047 17049 17046
17046 17049 17050
17050 17048 17046
17050 17051 17048
17050 17052 17051
17050 17053 17052
17045 17054 17047
17055 17054 17045
17054 17055 17056
17056 17055 17057
17055 17045 17058
17059 17058 17045
17059 17060 17058
17059 17061 17060
17060 17061 17062
17062 17061 17063
17062 17063 17064
17062 17064 17065
17063 17061 17066
17066 17061 17067
17067 17068 17066
17069 17068 17067
17066 17068 17070
17069 17067 17071
17067 17061 17072
17067 17072 17073
17071 17067 17073
17073 17072 17074
17073 17074 17075
17075 17074 17076
17075 17076 17077
17078 17077 17076
17071 17073 17079
17079 17073 17080
17080 17073 17075
17080 17075 17081
17081 17075 17082
17082 17075 17077
17082 17077 17083
17083 17077 17084
17084 17077 17085
17077 17078 17085
17078 17076 17086
17078 17086 17087
17087 17086 17088
17088 17086 17089
17088 17089 17090
17090 17089 17091
17092 17093 17094
17093 17092 17095
17095 17092 17000
17092 16999 17000
17092 17096 16999
17094 17096 17092
17096 16992 16999
17096 17097 16992
17096 17098 17097
17098 17096 17099
17094 17099 17096
17097 16990 16992
17097 17100 16990
17100 16991 16990
17095 17000 17001
17094 17093 17101
17093 17102 17101
17093 17103 17102
17094 17104 17099
17105 17100 17097
17106 17105 17097
17097 17098 17106
17106 17107 17105
17108 17100 17105
17108 17109 17100
17100 17109 16991
17105 17110 17108
17111 17112 17103
17113 17111 17103
17113 17103 17093
17113 17093 17095
17095 17001 17114
17095 17114 17115
17116 17095 17115
17113 17095 17116
17115 17117 17116
17115 17114 17118
17118 17114 17119
17118 17119 17120
17120 17119 17121
17120 17121 17122
17119 17114 17001
17119 17001 17002
17121 17119 17002
17121 17002 17003
17123 17120 17122
17123 17124 17120
17120 17124 17125
17120 17125 17118
17126 17125 17124
17126 17127 17125
17128 17126 17124
17128 17124 17123
17129 17128 17123
17130 17128 17129
17130 17129 17131
17129 17123 17132
17132 17123 17122
17133 17129 17132
17131 17129 17133
17133 17132 17134
17135 17134 17132
17136 17134 17135
17136 17135 17137
17135 17132 17138
17139 17133 17134
17139 17134 17136
17140 17136 17137
17137 17141 17140
17140 17142 17136
17143 17142 17140
17143 17144 17142
17145 17142 17144
17145 17139 17136
17145 17136 17142
17145 17144 17146
17147 17145 17146
17147 17146 17148
17146 17149 17148
17146 17150 17149
17150 17146 17144
17151 17144 17143
17150 17144 17151
17151 17143 17152
17153 17145 17147
17133 17139 17153
17154 17150 17151
17154 17151 17155
17156 17149 17150
17156 17150 17154
17157 17156 17154
17157 17154 17158
17159 17157 17158
17159 17158 17160
17160 17158 17161
17158 17154 17161
17162 17159 17160
17162 17160 17163
17163 17160 17164
17163 17164 17165
17163 17166 17162
17163 17167 17166
17168 17167 17163
17168 17163 17165
17167 17169 17166
17167 17170 17169
17170 17171 17169
17167 17168 17172
17170 17167 17172
17171 17170 17173
17170 17174 17173
17174 17170 17172
17174 17172 17175
17174 17175 17176
17174 17176 17177
17169 17171 17178
17179 17169 17178
17178 17180 17179
17180 17181 17179
17179 17182 17169
17183 17169 17182
17183 17182 17184
17183 17184 17185
17184 17186 17185
17186 17187 17185
17186 17188 17187
17186 17189 17188
17187 17190 17185
17190 17191 17185
17191 17190 17192
17193 17191 17192
17190 17194 17192
17193 17195 17191
17191 17196 17185
17191 17197 17196
17195 17197 17191
17197 17198 17196
17197 17199 17198
17199 17200 17198
17199 17201 17200
17202 17200 17201
17195 17203 17197
17203 17204 17197
17204 17199 17197
17204 17205 17199
17205 17206 17199
17206 17201 17199
17206 17207 17201
17207 17208 17201
17208 17209 17201
17201 17209 17202
17202 17210 17200
17202 17211 17210
17211 17212 17210
17212 17213 17210
17212 17214 17213
17214 17215 17213
17216 17013 17217
17217 17013 17017
17217 17017 17218
17219 17217 17218
17220 17217 17219
17220 17219 17221
17222 17220 17221
17223 17216 17222
17223 17224 17216
17225 17216 17224
17011 17216 17225
17216 17011 17013
17226 17223 17222
17226 17222 17221
17227 17223 17226
17227 17228 17223
17229 17228 17227
17230 17229 17227
17230 17231 17229
17230 17232 17231
17226 17221 17233
17234 17226 17233
17221 17235 17233
17233 17235 17236
17233 17236 17237
17238 17237 17236
17239 17234 17233
17239 17240 17234
17239 17241 17240
17241 17227 17240
17241 17242 17227
17239 17233 17243
17238 17243 17237
17244 17239 17243
17238 17244 17243
17245 17238 17236
17246 17245 17236
17246 17236 17247
17248 17246 17247
17249 17238 17245
17249 17250 17238
17251 17250 17249
17251 17249 17252
17253 17251 17252
17253 17254 17251
17248 17255 17246
17019 17255 17248
17255 17256 17246
17255 17253 17257
17255 17257 17256
17248 17247 17017
17253 17255 17258
17028 17258 17255
17028 17255 17019
17259 17258 17028
17259 17028 17260
17260 17028 17027
17260 17027 17031
17261 17259 17260
17261 17260 17262
17263 17261 17262
17263 17262 17264
17264 17262 17265
17262 17260 17265
17266 17263 17264
17266 17264 17267
17267 17264 17040
17267 17040 17268
17267 17269 17266
17267 17270 17269
17271 17270 17267
17271 17267 17268
17270 17272 17269
17270 17273 17272
17273 17274 17272
17270 17271 17275
17273 17270 17275
17274 17273 17276
17273 17277 17276
17277 17273 17275
17277 17275 17278
17277 17278 17279
17277 17279 17280
17272 17274 17281
17282 17272 17281
17281 17283 17282
17283 17284 17282
17282 17285 17272
17286 17272 17285
17286 17285 17287
17286 17287 17288
17287 17289 17288
17289 17290 17288
17289 17291 17290
17289 17292 17291
17290 17293 17288
17293 17294 17288
17294 17293 17295
17296 17294 17295
17293 17297 17295
17296 17298 17294
17294 17299 17288
17294 17300 17299
17298 17300 17294
17300 17301 17299
17300 17302 17301
17302 17303 17301
17302 17304 17303
17305 17303 17304
17298 17306 17300
17306 17307 17300
17307 17302 17300
17307 17308 17302
17308 17309 17302
17309 17304 17302
17309 17310 17304
17310 17311 17304
17311 17312 17304
17304 17312 17305
17305 17313 17303
17305 17314 17313
17314 17315 17313
17315 17316 17313
17315 17317 17316
17317 17318 17316
17319 17320 17009
17009 17320 17029
17029 17015 17009
17007 17319 17009
17029 17321 17015
17322 17323 17253
17322 17253 17324
17258 17324 17253
17322 17324 17325
17324 17326 17325
17326 17327 17325
17326 17328 17327
17327 17329 17325
17322 17325 17330
17330 17325 17331
17322 17330 17332
17322 17332 17254
17332 17333 17254
17332 17334 17333
17333 17334 17335
17333 17335 17336
17335 17337 17336
17335 17338 17337
17338 17339 17337
17337 17339 17340
17341 17340 17339
17341 17339 17342
17343 17341 17342
17344 17341 17343
17345 17341 17344
17344 17343 17346
17346 17343 17347
17344 17346 17348
17349 17344 17348
17349 17348 17350
17351 17349 17350
17230 17349 17351
17230 17351 17352
17230 17352 17232
17353 17349 17230
17348 17346 17354
17348 17354 17355
17356 17355 17354
17135 17356 17354
17138 17356 17135
17357 17356 17138
17121 17357 17138
17357 17121 17358
17352 17358 17232
17358 17121 17003
17232 17358 17003
17232 17003 17359
17359 17003 16997
17360 17359 16997
16997 17014 17360
17360 17014 17225
17014 17011 17225
16997 16996 17014
17008 17014 16996
17121 17138 17122
17132 17122 17138
17231 17232 17359
17030 17361 17031
17030 17037 17361
17260 17031 17361
17260 17361 17265
17036 17362 17037
17036 17040 17362
17264 17362 17040
17264 17265 17362
17016 17248 17017
17016 17019 17248
16988 17004 16989
16988 17006 17004
17363 17364 17365
17363 17365 17366
17366 17365 17367
17366 17367 17368
17369 17367 17370
17371 17372 17373
17371 17373 17374
17374 17373 17375
17374 17375 17376
17376 17375 17377
17376 17377 17378
17378 17377 17379
17378 17379 17380
17380 17379 17381
17381 17382 17383
17384 17385 17386
17387 17126 17388
17387 17127 17126
17389 17127 17387
17390 17127 17389
17391 17127 17390
17391 17125 17127
17392 17125 17391
17392 17391 17393
17393 17394 17392
17392 17118 17125
17115 17118 17392
17117 17115 17392
17117 17392 17394
17117 17394 17395
17396 17391 17390
17397 17391 17396
17391 17397 17393
17397 17396 17398
17399 17396 17390
17399 17390 17400
17390 17389 17400
17396 17399 17401
17117 17402 17116
17116 17402 17403
17116 17403 17404
17113 17116 17404
17405 17404 17112
17406 17404 17405
17354 17407 17137
17407 17141 17137
17407 17408 17141
17409 17408 17407
17347 17409 17407
17347 17343 17409
17354 17137 17135
17410 17141 17411
17410 17411 17412
17412 17411 17339
17412 17339 17338
17410 17412 17413
17143 17410 17413
17413 17412 17414
17413 17414 17415
17413 17415 17332
17332 17416 17413
17152 17413 17416
17152 17143 17413
17417 17152 17416
17417 17418 17152
17418 17151 17152
17418 17155 17151
17419 17418 17417
17419 17420 17418
17421 17420 17419
17421 17422 17420
17422 17423 17420
17420 17423 17418
17424 17422 17421
17424 17425 17422
17425 17164 17422
17425 17426 17164
17425 17424 17427
17425 17427 17428
17429 17426 17425
17429 17425 17428
17428 17427 17430
17428 17430 17431
17431 17430 17432
17428 17433 17429
17431 17433 17428
17432 17434 17431
17431 17434 17435
17435 17433 17431
17435 17436 17433
17435 17437 17436
17435 17438 17437
17430 17439 17432
17440 17439 17430
17439 17440 17441
17441 17440 17442
17440 17430 17443
17444 17443 17430
17444 17445 17443
17444 17446 17445
17445 17446 17447
17447 17446 17448
17447 17448 17449
17447 17449 17450
17448 17446 17451
17451 17446 17452
17452 17453 17451
17454 17453 17452
17451 17453 17455
17454 17452 17456
17452 17446 17457
17452 17457 17458
17456 17452 17458
17458 17457 17459
17458 17459 17460
17460 17459 17461
17460 17461 17462
17463 17462 17461
17456 17458 17464
17464 17458 17465
17465 17458 17460
17465 17460 17466
17466 17460 17467
17467 17460 17462
17467 17462 17468
17468 17462 17469
17469 17462 17470
17462 17463 17470
17463 17461 17471
17463 17471 17472
17472 17471 17473
17473 17471 17474
17473 17474 17475
17475 17474 17476
17477 17133 17478
17153 17478 17133
17131 17133 17477
17153 17139 17479
17154 17155 17480
17154 17480 17161
17418 17480 17155
17418 17423 17480
17160 17161 17481
17160 17481 17164
17422 17164 17481
17422 17481 17423
17482 17345 17483
17482 17483 17241
17241 17483 17349
17482 17341 17345
17482 17484 17341
17485 17484 17482
17337 17340 17484
17337 17484 17244
17140 17141 17410
17140 17410 17143
17416 17332 17330
17331 17325 17486
17331 17486 17487
17486 17325 17329
17388 17126 17128
17388 17128 17130
17488 17489 17490
17488 17490 17491
17489 17492 17490
17489 17493 17492
17494 17495 17492
17496 17497 17498
17496 17498 17499
17497 17500 17498
17497 17501 17500
17501 17502 17500
17501 17503 17502
17503 17504 17502
17503 17505 17504
17505 17506 17504
17506 17507 17508
17509 17510 17511
17512 17513 17514
17512 17514 17515
17514 17516 17515
17514 17517 17516
17517 17518 17516
17517 17519 17518
17519 17520 17518
17519 17521 17520
17520 17521 17522
17520 17522 17523
17522 17524 17523
17522 17525 17524
17525 17526 17524
17525 17527 17526
17524 17526 17528
17524 17528 17529
17523 17524 17529
17523 17529 17530
17531 17520 17523
17531 17523 17530
17518 17520 17531
17518 17531 17532
17516 17518 17532
17516 17532 17533
17515 17516 17533
17515 17533 17534
17535 17515 17534
17535 17512 17515
17528 17526 17536
17526 17537 17536
17526 17527 17537
17537 17538 17536
17536 17538 17539
17538 17540 17539
17539 17540 17541
17539 17541 17542
17542 17541 17543
17542 17543 17544
17541 17545 17543
17541 17546 17545
17540 17546 17541
17546 17547 17545
17546 17548 17547
17549 17548 17546
17540 17549 17546
17549 17550 17548
17548 17551 17547
17548 17552 17551
17550 17552 17548
17550 17553 17552
17554 17550 17549
17554 17555 17550
17555 17553 17550
17556 17555 17554
17556 17557 17555
17555 17558 17553
17559 17553 17558
17553 17559 17560
17552 17553 17560
17552 17560 17561
17551 17552 17561
17562 17551 17561
17563 17558 17555
17563 17564 17558
17564 17565 17558
17565 17559 17558
17566 17556 17554
17566 17554 17567
17568 17566 17567
17568 17567 17538
17538 17567 17540
17567 17549 17540
17567 17554 17549
17537 17568 17538
17564 17569 17565
17570 17562 17571
17572 17570 17571
17573 17562 17570
17551 17562 17573
17570 17574 17573
17572 17574 17570
17574 17575 17573
17547 17573 17575
17547 17551 17573
17575 17545 17547
17575 17576 17545
17577 17545 17576
17577 17543 17545
17543 17577 17544
17572 17571 17578
17579 17542 17544
17579 17544 17580
17581 17579 17580
17582 17542 17579
17583 17582 17579
17582 17539 17542
17536 17539 17582
17584 17536 17582
17579 17581 17585
17581 17586 17585
17581 17587 17586
17587 17588 17586
17587 17589 17588
17589 17590 17588
17589 17591 17590
17591 17592 17590
17591 17593 17592
17593 17594 17592
17593 17595 17594
17595 17596 17594
17595 17597 17596
17597 17598 17596
17597 17599 17598
17600 17589 17587
17601 17600 17587
17601 17587 17581
17600 17602 17589
17602 17591 17589
17602 17603 17591
17603 17593 17591
17603 17604 17593
17604 17595 17593
17604 17605 17595
17605 17597 17595
17605 17606 17597
17606 17599 17597
17606 17607 17599
17581 17608 17601
17609 17610 17611
17609 17611 17612
17611 17613 17612
17611 17614 17613
17613 17614 17615
17613 17615 17583
17616 17610 17609
17616 17609 17617
17618 17616 17617
17618 17619 17616
17620 17619 17618
17620 17618 17621
17622 17620 17621
17622 17623 17620
17624 17613 17583
17612 17613 17624
17624 17583 17625
17612 17624 17626
17627 17612 17626
17627 17609 17612
17617 17609 17627
17617 17627 17628
17629 17618 17617
17629 17617 17628
17621 17618 17629
17621 17629 17630
17631 17622 17621
17631 17621 17630
17625 17583 17579
17583 17615 17582
17632 17584 17582
17633 17584 17632
17634 17584 17633
17634 17633 17635
17636 17635 17633
17636 17633 17637
17638 17636 17637
17638 17639 17636
17639 17638 17640
17639 17640 17641
17640 17642 17641
17640 17643 17642
17644 17642 17643
17644 17643 17645
17646 17644 17645
17646 17647 17644
17637 17633 17648
17633 17632 17648
17637 17648 17649
17650 17638 17637
17650 17637 17649
17640 17638 17650
17640 17650 17651
17651 17643 17640
17651 17652 17643
17645 17643 17652
17645 17652 17653
17654 17646 17645
17654 17645 17653
17584 17634 17536
17655 17656 17657
17655 17657 17658
17657 17656 17659
17657 17659 17660
17660 17659 17661
17660 17661 17662
17662 17661 17663
17662 17663 17664
17663 17665 17664
17663 17666 17665
17665 17666 17667
17665 17667 17668
17668 17667 17669
17668 17669 17670
17667 17671 17669
17667 17672 17671
17666 17672 17667
17666 17673 17672
17674 17673 17666
17674 17666 17663
17661 17674 17663
17661 17675 17674
17659 17675 17661
17659 17676 17675
17656 17676 17659
17656 17677 17676
17678 17677 17656
17678 17656 17655
17671 17679 17669
17669 17679 17680
17669 17680 17670
17680 17679 17681
17679 17682 17681
17681 17682 17683
17682 17684 17683
17682 17685 17684
17685 17686 17684
17685 17687 17686
17684 17686 17688
17684 17688 17689
17683 17684 17689
17689 17688 17690
17689 17690 17691
17692 17689 17691
17683 17689 17692
17692 17691 17693
17691 17690 17694
17691 17694 17695
17693 17691 17695
17693 17695 17696
17697 17692 17693
17697 17693 17698
17698 17693 17696
17699 17697 17698
17699 17698 17563
17698 17696 17700
17701 17700 17696
17696 17702 17701
17695 17702 17696
17695 17703 17702
17694 17703 17695
17704 17703 17694
17557 17698 17700
17557 17700 17705
17705 17700 17706
17706 17700 17701
17707 17697 17699
17707 17708 17697
17709 17708 17707
17709 17681 17708
17681 17683 17708
17708 17683 17692
17708 17692 17697
17680 17681 17709
17705 17706 17710
17711 17712 17704
17713 17712 17711
17714 17711 17704
17694 17714 17704
17711 17714 17715
17713 17711 17715
17715 17714 17716
17690 17716 17714
17690 17714 17694
17716 17690 17688
17716 17688 17717
17718 17717 17688
17718 17688 17686
17686 17687 17718
17713 17719 17712
17720 17721 17687
17722 17721 17720
17720 17687 17685
17723 17720 17685
17724 17720 17723
17723 17685 17682
17679 17723 17682
17725 17723 17679
17720 17726 17722
17722 17726 17727
17722 17727 17728
17728 17727 17729
17728 17729 17730
17730 17729 17731
17730 17731 17732
17732 17731 17733
17732 17733 17734
17734 17733 17735
17734 17735 17736
17736 17735 17737
17736 17737 17738
17738 17737 17739
17738 17739 17740
17741 17728 17730
17742 17728 17741
17742 17722 17728
17741 17730 17743
17743 17730 17732
17743 17732 17744
17744 17732 17734
17744 17734 17745
17745 17734 17736
17745 17736 17746
17746 17736 17738
17746 17738 17747
17747 17738 17740
17747 17740 17748
17722 17742 17749
17750 17751 17752
17750 17752 17753
17752 17751 17754
17752 17754 17755
17754 17756 17755
17754 17724 17756
17757 17750 17753
17757 17758 17750
17759 17758 17757
17759 17757 17760
17761 17759 17760
17761 17762 17759
17763 17762 17761
17763 17761 17764
17765 17724 17754
17751 17765 17754
17765 17766 17724
17767 17758 17759
17762 17767 17759
17767 17768 17758
17758 17768 17769
17758 17769 17750
17769 17751 17750
17751 17770 17765
17769 17770 17751
17762 17771 17767
17772 17771 17762
17772 17762 17763
17766 17720 17724
17724 17723 17756
17773 17723 17725
17774 17773 17725
17775 17774 17725
17775 17776 17774
17777 17774 17776
17777 17778 17774
17779 17778 17777
17779 17777 17780
17780 17781 17779
17780 17782 17781
17781 17782 17783
17781 17783 17784
17785 17784 17783
17785 17786 17784
17787 17786 17785
17787 17785 17788
17778 17789 17774
17774 17789 17773
17778 17790 17789
17791 17790 17778
17791 17778 17779
17781 17791 17779
17781 17792 17791
17792 17781 17784
17792 17784 17793
17786 17793 17784
17786 17794 17793
17795 17794 17786
17795 17786 17787
17725 17679 17775
17796 17797 17798
17798 17799 17796
17800 17796 17799
17800 17801 17796
17798 17802 17799
17803 17800 17799
17803 17799 17804
17805 17803 17804
17805 17804 17806
17807 17805 17806
17807 17806 17808
17806 17809 17808
17806 17810 17809
17804 17810 17806
17811 17807 17808
17811 17808 17812
17809 17812 17808
17809 17813 17812
17804 17814 17810
17799 17802 17814
17799 17814 17804
17815 17811 17812
17815 17812 17816
17817 17815 17816
17817 17816 17818
17819 17817 17818
17819 17818 17820
17818 17821 17820
17818 17822 17821
17816 17822 17818
17823 17819 17820
17823 17820 17824
17821 17824 17820
17821 17825 17824
17816 17826 17822
17812 17813 17826
17812 17826 17816
17827 17823 17824
17827 17824 17828
17829 17827 17828
17829 17828 17830
17831 17829 17830
17831 17830 17832
17830 17833 17832
17830 17834 17833
17828 17834 17830
17828 17835 17834
17824 17825 17835
17824 17835 17828
17831 17832 17836
17831 17836 17837
17838 17836 17832
17838 17832 17833
17839 17836 17838
17839 17840 17836
17839 17838 17841
17842 17836 17840
17837 17836 17842
17837 17842 17843
17796 17844 17845
17845 17797 17796
17801 17844 17796
17797 17845 17846
17845 17847 17846
17845 17844 17847
17844 17848 17847
17798 17797 17849
17850 17851 17852
17851 17850 17853
17854 17853 17850
17854 17850 17855
17851 17853 17856
17857 17853 17854
17857 17858 17853
17859 17858 17857
17859 17860 17858
17861 17860 17859
17861 17862 17860
17860 17862 17863
17860 17863 17864
17858 17860 17864
17865 17862 17861
17865 17866 17862
17863 17862 17866
17863 17866 17867
17858 17864 17868
17853 17858 17868
17853 17868 17856
17869 17866 17865
17869 17870 17866
17871 17870 17869
17871 17872 17870
17873 17872 17871
17873 17874 17872
17872 17874 17875
17872 17875 17876
17870 17872 17876
17877 17874 17873
17877 17878 17874
17875 17874 17878
17875 17878 17879
17870 17876 17880
17866 17870 17880
17866 17880 17867
17881 17878 17877
17881 17882 17878
17883 17882 17881
17883 17884 17882
17885 17884 17883
17885 17886 17884
17884 17886 17887
17884 17887 17888
17882 17884 17888
17882 17888 17889
17878 17882 17889
17878 17889 17879
17885 17890 17886
17885 17891 17890
17892 17887 17886
17892 17886 17890
17893 17892 17890
17893 17890 17894
17893 17895 17892
17896 17894 17890
17891 17896 17890
17891 17897 17896
17850 17898 17899
17898 17850 17852
17855 17850 17899
17852 17900 17898
17898 17900 17901
17898 17901 17899
17899 17901 17902
17851 17903 17852
17904 17905 17906
17904 17906 17907
17908 17904 17907
17908 17907 17909
17909 17907 17910
17909 17910 17911
17907 17906 17912
17907 17912 17910
17910 17912 17913
17912 17914 17913
17913 17914 17915
17913 17915 17916
17916 17915 17917
17916 17917 17918
17918 17917 17919
17910 17913 17920
17920 17913 17916
17911 17910 17920
17920 17916 17921
17921 17916 17918
17921 17918 17922
17922 17918 17923
17918 17919 17923
17922 17923 17924
17924 17923 17925
17923 17926 17925
17923 17927 17926
17919 17927 17923
17925 17926 17928
17925 17928 17929
17924 17925 17930
17930 17925 17929
17930 17929 17931
17931 17929 17932
17931 17932 17933
17934 17931 17933
17934 17933 17935
17935 17933 17936
17935 17936 17937
17937 17936 17938
17933 17932 17939
17933 17939 17936
17936 17939 17940
17936 17940 17938
17941 17938 17940
17942 17930 17931
17942 17931 17934
17943 17942 17934
17944 17930 17942
17944 17942 17943
17944 17943 17945
17944 17924 17930
17946 17924 17944
17947 17946 17944
17948 17946 17947
17948 17949 17946
17950 17949 17948
17947 17944 17951
17951 17944 17945
17946 17922 17924
17949 17922 17946
17949 17921 17922
17950 17921 17949
17950 17920 17921
17911 17920 17950
17947 17951 17952
17952 17951 17945
17953 17954 17955
17953 17955 17956
17954 17957 17955
17954 17958 17957
17959 17954 17953
17959 17960 17954
17960 17958 17954
17961 17960 17959
17961 17962 17960
17962 17963 17960
17960 17963 17958
17962 17964 17963
17965 17962 17961
17965 17966 17962
17966 17964 17962
17965 17967 17966
17965 17968 17967
17968 17969 17967
17968 17970 17969
17970 17971 17969
17970 17972 17971
17969 17971 17973
17969 17973 17974
17967 17969 17974
17967 17974 17975
17966 17967 17975
17966 17975 17976
17966 17976 17964
17977 17978 17979
17979 17978 17980
17979 17980 17981
17932 17977 17979
17929 17977 17932
17929 17928 17977
17932 17979 17939
17939 17979 17981
17939 17981 17940
17982 17940 17981
17980 17982 17981
17982 17941 17940
17982 17983 17941
17980 17984 17982
17980 17985 17984
17985 17986 17984
17986 17983 17982
17986 17982 17984
17985 17987 17986
17988 17989 17990
17988 17990 17991
17992 17989 17988
17992 17993 17989
17993 17994 17989
17993 17995 17994
17989 17994 17996
17989 17996 17990
17994 17997 17996
17996 17997 17998
17997 17999 17998
17997 18000 17999
18000 18001 17999
18000 18002 18001
18002 18003 18001
17994 18004 17997
18004 18000 17997
17995 18004 17994
18004 18005 18000
18005 18002 18000
18005 18006 18002
18006 18007 18002
18002 18007 18003
18006 18008 18007
18008 18009 18007
18007 18009 18010
18007 18010 18011
18003 18007 18011
18009 18012 18010
18009 18013 18012
18008 18014 18009
18014 18013 18009
18014 18015 18013
18015 18016 18013
18015 18017 18016
18018 18017 18015
18018 18019 18017
18019 18020 18017
18019 18021 18020
18021 18022 18020
18017 18020 18023
18017 18023 18016
18020 18022 18024
18020 18024 18023
18025 18018 18015
18025 18015 18014
18026 18018 18025
18027 18025 18014
18027 18026 18025
18027 18028 18026
18027 18014 18008
18029 18027 18008
18030 18027 18029
18031 18030 18029
18031 18029 18032
18033 18031 18032
18030 18034 18027
18034 18028 18027
18029 18008 18006
18032 18029 18006
18032 18006 18005
18033 18032 18005
18033 18005 18004
17995 18033 18004
18030 18035 18034
18035 18028 18034
18036 18037 18038
18036 18038 18039
18039 18038 18040
18039 18040 18041
18042 18039 18041
18042 18041 18043
18044 18042 18043
18045 18042 18044
18045 18046 18042
18046 18036 18039
18046 18039 18042
18044 18043 18047
18048 18044 18047
18048 18047 18049
18050 18048 18049
18051 18048 18050
18051 18052 18048
18052 18045 18044
18052 18044 18048
18050 18049 18053
18054 18051 18050
18054 18050 18055
18055 18050 18053
18056 18054 18055
18056 18055 18057
18057 18055 18058
18055 18053 18058
18057 18058 18059
18060 18061 18062
18061 18063 18062
18061 18064 18063
18016 18061 18060
18013 18016 18060
18013 18060 18012
18016 18023 18061
18023 18064 18061
18023 18024 18064
18065 18064 18024
18063 18064 18065
18065 18024 18066
18066 18024 18067
18065 18066 18068
18063 18065 18069
18063 18069 18070
18070 18069 18071
18071 18069 18065
18071 18065 18068
18070 18071 18072
18038 17988 17991
18038 17991 18040
18037 17988 18038
18037 17992 17988
17956 17955 17904
17956 17904 17908
17955 17905 17904
17955 17957 17905
