byte offset: 0
first index: 0
index count: 5214
topology: trianglelist
format: DXGI_FORMAT_R16_UINT

0 1 2
0 3 1
0 4 3
5 0 2
1 6 2
6 7 2
7 6 8
6 9 8
9 6 10
7 11 2
12 2 11
12 5 2
13 5 12
11 7 14
15 11 14
11 15 16
17 11 16
18 9 10
9 18 19
18 20 19
20 18 21
22 18 10
23 22 10
23 24 22
23 25 24
26 23 10
27 26 10
28 26 27
28 29 26
30 21 18
30 31 21
32 31 30
31 32 33
34 31 33
31 34 35
27 10 6
36 37 38
39 36 38
40 36 39
36 40 41
42 41 40
41 42 43
44 43 42
43 44 45
45 46 43
46 45 47
48 47 45
48 45 44
47 48 49
50 49 48
49 50 51
52 43 46
52 41 43
53 41 52
54 50 48
48 44 54
53 55 41
55 53 56
57 55 56
57 36 55
41 55 36
57 37 36
51 50 58
59 50 54
60 50 59
50 60 58
60 61 58
59 62 60
61 60 62
62 63 61
62 59 64
65 62 64
63 62 65
38 37 66
66 67 38
67 66 68
69 38 67
38 69 70
71 38 70
39 38 71
72 73 74
74 75 72
75 74 76
75 76 77
78 79 80
81 79 78
78 82 81
82 78 83
83 84 82
84 83 85
85 86 84
86 85 87
88 87 85
87 88 89
89 90 87
90 86 87
90 89 91
91 92 90
92 91 93
94 88 85
94 85 83
95 94 83
96 90 92
90 96 86
95 83 97
97 98 95
99 98 97
99 97 78
83 78 97
99 78 80
100 96 92
101 100 92
100 101 102
102 101 103
101 104 103
104 101 92
93 104 92
102 105 100
106 105 102
107 106 102
103 107 102
79 108 80
108 79 109
79 110 109
110 79 111
112 111 79
81 112 79
113 108 109
114 115 116
117 114 116
114 117 17
118 116 115
114 17 16
119 120 121
122 119 121
123 119 122
119 123 124
125 124 123
124 125 126
127 126 125
126 127 128
128 129 126
129 128 130
131 130 128
131 128 127
130 131 132
133 132 131
132 133 134
135 126 129
135 124 126
136 124 135
137 133 131
131 127 137
136 138 124
138 136 139
140 138 139
140 119 138
124 138 119
140 120 119
134 133 141
142 133 137
143 133 142
133 143 141
143 144 141
142 145 143
144 143 145
145 146 144
145 142 147
148 145 147
146 145 148
121 120 149
150 121 149
150 151 121
152 121 151
122 121 152
151 150 153
154 150 149
155 156 157
158 156 155
155 159 158
159 155 160
160 161 159
161 160 162
162 163 161
163 162 164
165 164 162
164 165 166
166 167 164
167 163 164
167 166 168
168 169 167
169 168 170
171 165 162
171 162 160
172 171 160
173 167 169
167 173 163
172 160 174
174 175 172
176 175 174
176 174 155
160 155 174
176 155 157
177 173 169
178 177 169
177 178 179
179 178 180
178 181 180
181 178 169
170 181 169
179 182 177
183 182 179
184 183 179
180 184 179
156 185 157
185 156 186
156 187 186
187 156 188
189 188 156
158 189 156
190 185 186
191 192 193
194 191 193
195 191 194
191 195 196
197 196 195
196 197 198
199 198 197
198 199 200
200 201 198
201 200 202
203 202 200
203 200 199
202 203 204
205 204 203
204 205 206
207 198 201
207 196 198
208 196 207
209 205 203
203 199 209
208 210 196
210 208 211
212 210 211
212 191 210
196 210 191
212 192 191
206 205 213
214 205 209
215 205 214
205 215 213
215 216 213
214 217 215
216 215 217
217 218 216
217 214 219
220 217 219
218 217 220
193 192 221
193 221 222
222 223 193
224 193 223
193 224 225
226 193 225
194 193 226
227 228 229
230 227 229
227 230 231
231 230 232
233 234 235
236 234 233
233 237 236
237 233 238
238 239 237
239 238 240
240 241 239
241 240 242
240 243 242
243 240 244
243 245 242
245 241 242
245 243 246
246 247 245
247 246 248
249 244 240
249 240 238
250 249 238
251 245 247
245 251 241
250 238 252
252 253 250
254 253 252
254 252 233
238 233 252
254 233 235
255 251 247
256 255 247
255 256 257
257 256 258
256 259 258
259 256 247
248 259 247
257 260 255
261 260 257
262 261 257
258 262 257
234 263 235
234 264 263
234 265 264
265 234 266
267 266 234
236 267 234
264 268 263
269 270 271
270 269 272
270 273 271
273 270 274
275 276 277
276 275 278
275 279 278
279 275 280
281 282 283
282 281 284
285 286 287
286 285 288
289 290 291
290 289 292
293 294 295
294 293 296
297 298 299
298 297 300
301 302 303
302 301 304
305 306 307
306 305 308
305 309 308
309 305 310
311 312 313
312 311 314
312 315 313
315 312 316
317 318 319
318 317 320
321 322 323
322 321 324
325 326 327
326 325 328
329 330 331
330 329 332
333 334 335
334 333 336
337 338 339
338 337 340
341 342 343
342 341 344
345 341 343
341 345 346
347 348 349
348 347 350
347 351 350
351 347 352
353 354 355
354 353 356
357 358 359
358 357 360
361 362 363
362 361 364
365 366 367
366 365 368
369 370 371
370 369 372
373 374 375
374 373 376
377 378 379
378 377 380
381 380 377
380 381 382
381 383 382
383 381 384
384 385 383
385 384 386
387 385 386
385 387 388
389 388 387
388 389 390
377 379 391
381 392 384
392 386 384
392 381 393
386 394 387
394 386 395
392 395 386
396 395 392
397 396 392
396 397 398
397 399 398
387 400 389
400 387 394
389 401 390
401 389 402
400 402 389
402 403 401
403 402 404
405 403 404
403 405 406
407 406 405
406 407 408
407 409 408
409 407 410
410 378 409
378 410 379
411 407 405
404 411 405
407 411 412
407 412 413
407 413 410
414 411 404
415 404 402
404 415 414
402 400 415
416 411 414
416 417 411
417 416 418
417 418 419
410 420 379
379 420 421
410 422 420
410 413 422
391 379 421
377 391 423
424 377 423
381 377 424
381 424 393
425 426 427
426 425 428
429 425 427
425 429 430
428 431 426
431 428 432
433 430 429
430 433 434
434 433 435
436 437 438
437 436 439
440 438 437
438 440 441
440 442 441
442 440 443
443 444 442
444 443 445
445 446 444
447 448 449
448 450 449
451 447 449
452 451 449
453 452 449
454 453 449
450 455 449
455 456 449
457 454 449
458 457 449
459 458 449
456 459 449
460 461 462
463 460 462
461 464 462
464 465 462
466 463 462
467 466 462
468 467 462
469 468 462
470 469 462
462 471 470
462 465 472
473 462 472
473 474 462
474 471 462
475 476 477
478 475 477
475 478 479
478 480 479
480 478 481
482 480 481
483 482 481
477 476 484
485 486 487
486 485 488
487 489 485
489 487 490
490 491 489
491 490 492
492 493 491
493 492 494
494 495 493
495 494 496
496 497 495
497 496 498
498 499 497
499 498 500
500 501 499
501 500 502
502 503 501
503 502 504
505 488 506
488 505 486
507 508 509
508 507 510
511 509 508
509 511 512
513 512 511
512 513 514
515 507 509
516 507 515
515 509 517
512 517 509
517 512 518
518 512 519
519 512 514
520 507 516
507 520 521
521 510 507
521 520 522
522 523 521
524 521 523
523 522 525
523 525 526
524 523 527
527 523 528
523 526 528
528 526 529
529 530 528
530 527 528
530 529 531
530 531 532
532 533 530
534 530 533
530 534 535
535 527 530
533 532 536
521 524 537
538 527 535
527 538 539
539 524 527
524 539 540
541 535 534
535 541 538
542 540 539
540 542 543
539 544 542
544 539 538
538 545 544
545 538 541
546 540 543
540 546 547
548 537 547
537 548 510
510 521 537
549 510 548
510 549 508
550 508 549
508 550 511
550 513 511
513 550 551
548 552 549
552 548 553
553 547 546
547 553 548
550 554 551
554 550 555
546 556 553
556 546 557
557 558 556
558 557 559
560 559 557
557 543 560
543 557 546
559 560 561
562 558 559
563 559 561
555 564 554
564 555 565
564 566 554
560 543 542
567 556 558
568 567 558
558 569 568
542 570 560
570 561 560
542 571 570
572 570 571
570 572 573
561 570 573
561 573 574
571 542 544
544 575 571
544 576 575
545 576 544
545 577 576
561 574 578
556 567 579
553 556 579
553 580 552
581 582 583
582 581 584
585 583 582
583 585 586
585 587 586
587 585 588
588 589 587
589 588 590
591 586 587
587 592 591
589 592 587
586 591 593
593 583 586
589 594 592
595 582 584
582 595 596
596 585 582
585 596 597
597 588 585
598 590 588
588 597 598
590 598 599
600 596 595
596 600 601
601 597 596
597 601 602
602 598 597
598 603 599
603 598 604
598 602 604
600 605 601
605 600 606
607 601 605
601 607 602
604 608 603
608 604 609
609 602 607
602 609 604
610 581 611
583 611 581
611 583 612
583 593 612
613 614 615
614 613 616
616 613 617
618 615 614
616 617 619
617 620 619
621 619 620
619 621 622
623 622 621
622 623 624
625 624 623
624 625 626
627 626 625
626 627 628
629 628 627
628 629 630
631 630 629
630 631 632
633 632 631
632 633 634
635 634 633
634 635 636
637 636 635
636 637 638
639 638 637
638 639 640
641 640 639
640 641 642
643 642 641
642 643 644
645 644 643
644 645 646
647 646 645
646 647 648
649 648 647
648 649 650
651 650 649
650 651 652
653 652 651
652 653 654
655 654 653
654 655 656
657 656 655
656 657 658
659 658 657
658 659 660
661 660 659
660 661 662
663 662 661
662 663 664
663 665 664
665 663 666
547 524 540
524 547 537
667 668 669
670 669 668
669 670 671
667 672 668
673 668 672
673 672 674
672 675 674
676 674 675
674 676 677
675 672 678
667 678 672
677 679 674
673 674 679
679 680 673
680 679 681
679 682 681
682 679 683
679 677 683
684 685 686
684 687 685
687 684 688
689 687 688
687 689 690
691 690 689
690 691 692
693 692 691
692 693 694
695 694 693
694 695 696
697 684 686
686 698 697
698 686 699
700 698 699
698 700 701
702 701 700
701 702 703
704 689 688
688 705 704
684 697 705
705 688 684
706 692 694
692 706 707
708 692 707
692 708 690
709 690 708
690 709 687
709 685 687
685 709 710
710 711 685
711 710 712
685 711 686
699 686 711
694 713 706
713 694 696
714 713 696
695 714 696
714 695 715
716 714 715
714 716 717
715 718 716
718 715 719
695 719 715
717 720 714
713 714 720
720 717 721
719 695 722
693 722 695
722 693 723
691 723 693
723 691 724
691 725 724
725 691 689
689 704 725
726 721 717
721 726 727
717 728 726
728 717 716
716 729 728
729 716 718
702 730 731
730 702 732
733 702 731
731 734 733
734 731 735
702 733 703
736 730 732
730 736 737
738 730 737
730 738 739
739 735 731
730 739 731
700 732 702
732 700 740
741 732 740
732 741 736
740 700 699
742 743 744
743 742 745
746 743 745
743 746 747
748 743 747
747 749 748
750 748 749
748 750 751
748 752 743
751 752 748
752 744 743
752 751 753
753 754 752
752 754 744
754 753 755
756 744 754
757 758 759
758 757 760
761 760 757
762 763 764
765 764 763
766 767 768
769 768 767
768 769 770
771 772 773
774 775 771
776 777 774
776 778 777
778 779 777
778 776 780
773 781 782
781 779 783
781 783 782
782 784 785
786 787 785
787 786 788
786 779 788
787 789 790
791 779 792
793 779 791
779 793 794
792 779 795
792 795 796
796 795 797
797 795 798
793 799 800
799 801 800
802 800 801
800 802 803
804 800 803
794 803 805
806 803 802
803 806 805
807 793 800
808 809 810
808 811 812
813 809 790
809 813 814
815 812 816
817 816 813
817 815 816
813 818 817
813 779 818
815 817 819
820 821 822
822 823 820
823 822 824
821 564 565
555 825 826
825 555 827
827 555 550
549 827 550
13 828 5
829 830 831
832 833 834
832 834 835
832 835 836
837 833 832
834 833 838
839 838 833
838 839 840
841 838 840
838 841 842
843 839 833
844 843 833
844 833 837
845 844 837
839 843 846
843 847 846
847 843 848
849 848 843
841 850 842
850 841 851
852 850 851
850 852 853
854 842 850
855 842 854
855 854 856
855 856 857
858 842 855
859 842 858
860 859 858
860 858 861
862 850 853
862 853 863
863 864 862
864 863 865
863 866 865
866 863 867
859 838 842
868 869 870
871 869 868
868 872 871
872 868 873
873 874 872
874 873 875
875 876 874
876 875 877
878 877 875
877 878 879
879 880 877
880 876 877
880 879 881
881 882 880
882 881 883
884 878 875
884 875 873
885 884 873
886 880 882
880 886 876
885 873 887
887 888 885
889 888 887
889 887 868
873 868 887
889 868 870
883 890 882
891 886 882
892 891 882
882 890 892
892 890 893
891 892 894
893 894 892
894 893 895
894 896 891
897 896 894
895 897 894
869 898 870
898 869 899
899 900 898
869 901 899
901 869 902
903 902 869
871 903 869
904 905 906
907 905 904
905 907 908
907 909 908
910 911 912
913 910 912
914 910 913
910 914 915
916 915 914
915 916 917
918 917 916
917 918 919
919 920 917
920 919 921
922 921 919
922 919 918
921 922 923
924 923 922
923 924 925
926 917 920
926 915 917
927 915 926
928 924 922
922 918 928
927 929 915
929 927 930
931 929 930
931 910 929
915 929 910
931 911 910
932 924 928
933 924 932
932 934 933
934 935 933
933 935 936
936 924 933
925 924 936
934 932 937
938 934 937
939 934 938
935 934 939
912 911 940
940 941 912
942 912 941
912 942 943
944 912 943
913 912 944
945 941 940
946 947 948
946 949 947
949 946 849
950 948 947
946 848 849
951 952 953
954 952 951
951 955 954
955 951 956
956 957 955
957 956 958
958 959 957
959 958 960
961 960 958
960 961 962
962 963 960
963 959 960
963 962 964
964 965 963
965 964 966
967 961 958
967 958 956
968 967 956
969 963 965
963 969 959
968 956 970
970 971 968
972 971 970
972 970 951
956 951 970
972 951 953
966 973 965
974 969 965
975 974 965
965 973 975
975 973 976
974 975 977
976 977 975
977 976 978
977 979 974
980 979 977
978 980 977
952 981 953
982 981 952
983 982 952
984 983 952
954 984 952
982 983 985
986 981 982
987 988 989
990 987 989
991 987 990
987 991 992
993 992 991
992 993 994
995 994 993
994 995 996
996 997 994
997 996 998
999 998 996
999 996 995
998 999 1000
1001 1000 999
1000 1001 1002
1003 994 997
1003 992 994
1004 992 1003
1005 1001 999
999 995 1005
1004 1006 992
1006 1004 1007
1008 1006 1007
1008 987 1006
992 1006 987
1008 988 987
1009 1001 1005
1010 1001 1009
1009 1011 1010
1011 1012 1010
1010 1012 1013
1013 1001 1010
1002 1001 1013
1011 1009 1014
1015 1011 1014
1016 1011 1015
1012 1011 1016
989 988 1017
1017 1018 989
1019 989 1018
989 1019 1020
1021 989 1020
990 989 1021
1022 1018 1017
1023 1024 1025
1026 1024 1023
1023 1027 1026
1027 1023 1028
1028 1029 1027
1029 1028 1030
1030 1031 1029
1031 1030 1032
1033 1032 1030
1032 1033 1034
1034 1035 1032
1035 1031 1032
1035 1034 1036
1036 1037 1035
1037 1036 1038
1039 1033 1030
1039 1030 1028
1040 1039 1028
1041 1035 1037
1035 1041 1031
1040 1028 1042
1042 1043 1040
1044 1043 1042
1044 1042 1023
1028 1023 1042
1044 1023 1025
1038 1045 1037
1046 1041 1037
1047 1046 1037
1037 1045 1047
1047 1045 1048
1046 1047 1049
1048 1049 1047
1049 1048 1050
1049 1051 1046
1052 1051 1049
1050 1052 1049
1024 1053 1025
1024 1054 1053
1054 1024 1055
1024 1056 1055
1056 1024 1057
1058 1057 1024
1026 1058 1024
1059 1060 1061
1059 1062 1060
1062 1059 1063
1063 1064 1062
1065 1066 1067
1068 1065 1067
1069 1065 1068
1065 1069 1070
1071 1070 1069
1070 1071 1072
1073 1072 1071
1072 1073 1074
1075 1072 1074
1072 1075 1076
1077 1075 1074
1077 1074 1073
1075 1077 1078
1079 1078 1077
1078 1079 1080
1081 1072 1076
1081 1070 1072
1082 1070 1081
1083 1079 1077
1077 1073 1083
1082 1084 1070
1084 1082 1085
1086 1084 1085
1086 1065 1084
1070 1084 1065
1086 1066 1065
1087 1079 1083
1088 1079 1087
1087 1089 1088
1089 1090 1088
1088 1090 1091
1091 1079 1088
1080 1079 1091
1089 1087 1092
1093 1089 1092
1094 1089 1093
1090 1089 1094
1067 1066 1095
1067 1095 1096
1097 1067 1096
1067 1097 1098
1099 1067 1098
1068 1067 1099
1096 1095 1100
1101 1102 1103
1102 1101 1104
1105 1102 1104
1102 1105 1106
1107 1108 1109
1108 1107 1110
1111 1108 1110
1108 1111 1112
1113 1114 1115
1114 1113 1116
1117 1118 1119
1118 1117 1120
1121 1122 1123
1122 1121 1124
1125 1126 1127
1126 1125 1128
1129 1130 1131
1130 1129 1132
1133 1134 1135
1134 1133 1136
1137 1138 1139
1138 1137 1140
1141 1138 1140
1138 1141 1142
1143 1144 1145
1144 1143 1146
1147 1143 1145
1143 1147 1148
1149 1150 1151
1150 1149 1152
1153 1154 1155
1154 1153 1156
1157 1158 1159
1158 1157 1160
1161 1162 1163
1162 1161 1164
1165 1166 1167
1166 1165 1168
1169 1170 1171
1170 1169 1172
1173 1174 1175
1174 1173 1176
1173 1177 1176
1177 1173 1178
1179 1180 1181
1180 1179 1182
1183 1180 1182
1180 1183 1184
1185 1186 1187
1186 1185 1188
1189 1190 1191
1190 1189 1192
1193 1194 1195
1194 1193 1196
1197 1198 1199
1198 1197 1200
1201 1202 1203
1202 1201 1204
1205 1206 1207
1206 1205 1208
1209 1210 1211
1210 1209 1212
1211 1213 1209
1213 1211 1214
1215 1213 1214
1213 1215 1216
1217 1216 1215
1216 1217 1218
1217 1219 1218
1219 1217 1220
1220 1221 1219
1221 1220 1222
1209 1223 1212
1224 1213 1216
1224 1216 1218
1213 1224 1225
1226 1218 1219
1218 1226 1227
1224 1218 1227
1228 1224 1227
1228 1229 1224
1229 1228 1230
1229 1230 1231
1232 1219 1221
1219 1232 1226
1233 1221 1222
1221 1233 1234
1234 1232 1221
1235 1234 1233
1234 1235 1236
1235 1237 1236
1237 1235 1238
1238 1239 1237
1239 1238 1240
1241 1239 1240
1239 1241 1242
1210 1242 1241
1242 1210 1212
1239 1243 1237
1236 1237 1243
1243 1239 1244
1239 1245 1244
1239 1242 1245
1246 1236 1243
1236 1247 1234
1247 1236 1246
1232 1234 1247
1248 1246 1243
1249 1248 1243
1248 1249 1250
1249 1251 1250
1242 1212 1252
1212 1253 1252
1242 1252 1254
1223 1253 1212
1242 1254 1245
1209 1255 1223
1256 1255 1209
1213 1256 1209
1213 1225 1256
1257 1258 1259
1258 1257 1260
1258 1261 1259
1261 1258 1262
1263 1260 1257
1260 1263 1264
1262 1265 1261
1265 1262 1266
1266 1267 1265
1268 1269 1270
1269 1268 1271
1270 1272 1268
1272 1270 1273
1274 1272 1273
1272 1274 1275
1276 1275 1274
1275 1276 1277
1277 1276 1278
1279 1280 1281
1281 1280 1282
1283 1280 1279
1284 1280 1283
1285 1280 1284
1286 1280 1285
1282 1280 1287
1287 1280 1288
1289 1280 1286
1290 1280 1289
1291 1280 1290
1288 1280 1291
1292 1293 1294
1295 1293 1292
1294 1293 1296
1296 1293 1297
1298 1293 1295
1299 1293 1298
1300 1293 1299
1301 1293 1300
1302 1293 1301
1293 1302 1303
1293 1304 1297
1305 1304 1293
1305 1293 1306
1306 1293 1303
1307 1308 1309
1307 1310 1308
1310 1307 1311
1312 1310 1311
1310 1312 1313
1314 1313 1312
1315 1313 1314
1308 1316 1309
1317 1318 1319
1318 1317 1320
1321 1319 1318
1319 1321 1322
1323 1322 1321
1322 1323 1324
1325 1324 1323
1324 1325 1326
1327 1326 1325
1326 1327 1328
1329 1328 1327
1328 1329 1330
1331 1330 1329
1330 1331 1332
1333 1332 1331
1332 1333 1334
1335 1334 1333
1334 1335 1336
1320 1337 1338
1337 1320 1317
1339 1340 1341
1340 1339 1342
1341 1343 1339
1343 1341 1344
1344 1345 1343
1345 1344 1346
1347 1341 1340
1348 1347 1340
1347 1349 1341
1349 1344 1341
1344 1349 1350
1350 1351 1344
1351 1346 1344
1340 1352 1348
1352 1340 1353
1342 1353 1340
1353 1354 1352
1355 1354 1353
1356 1355 1353
1354 1355 1357
1355 1358 1357
1356 1359 1355
1359 1360 1355
1355 1360 1358
1360 1361 1358
1362 1361 1360
1362 1360 1359
1361 1362 1363
1362 1364 1363
1365 1364 1362
1362 1366 1365
1366 1362 1367
1367 1362 1359
1364 1365 1368
1353 1369 1356
1359 1370 1367
1370 1359 1371
1356 1371 1359
1371 1356 1372
1373 1367 1370
1367 1373 1366
1372 1374 1371
1374 1372 1375
1376 1371 1374
1371 1376 1370
1377 1370 1376
1370 1377 1373
1372 1378 1375
1378 1372 1379
1369 1380 1379
1380 1369 1342
1353 1342 1369
1342 1381 1380
1381 1342 1339
1339 1382 1381
1382 1339 1343
1345 1382 1343
1382 1345 1383
1384 1380 1381
1380 1384 1385
1385 1379 1380
1379 1385 1378
1386 1382 1383
1382 1386 1387
1388 1378 1385
1378 1388 1389
1390 1389 1388
1389 1390 1391
1391 1392 1389
1375 1389 1392
1389 1375 1378
1392 1391 1393
1394 1391 1390
1395 1393 1391
1387 1386 1396
1396 1386 1397
1392 1374 1375
1385 1398 1388
1388 1398 1399
1399 1390 1388
1400 1390 1399
1390 1400 1401
1374 1392 1402
1393 1402 1392
1374 1402 1403
1402 1404 1403
1404 1402 1405
1402 1393 1405
1393 1406 1405
1403 1376 1374
1376 1403 1407
1376 1407 1408
1377 1376 1408
1377 1408 1409
1393 1410 1406
1411 1412 1413
1412 1411 1414
1413 1415 1411
1415 1413 1416
1417 1415 1416
1415 1417 1418
1419 1418 1417
1418 1419 1420
1416 1421 1417
1417 1421 1422
1419 1417 1422
1421 1416 1423
1413 1423 1416
1419 1422 1424
1411 1425 1414
1425 1411 1426
1415 1426 1411
1426 1415 1427
1418 1427 1415
1420 1428 1418
1427 1418 1428
1428 1420 1429
1426 1430 1425
1430 1426 1431
1427 1431 1426
1431 1427 1432
1428 1432 1427
1433 1428 1429
1428 1433 1434
1432 1428 1434
1435 1430 1431
1430 1435 1436
1437 1431 1432
1431 1437 1435
1438 1434 1433
1434 1438 1439
1439 1432 1434
1432 1439 1437
1440 1441 1412
1441 1413 1412
1413 1441 1442
1423 1413 1442
1443 1444 1445
1444 1443 1446
1445 1447 1443
1448 1444 1446
1445 1449 1447
1447 1449 1450
1449 1451 1450
1451 1449 1452
1452 1453 1451
1453 1452 1454
1454 1455 1453
1455 1454 1456
1456 1457 1455
1457 1456 1458
1458 1459 1457
1459 1458 1460
1460 1461 1459
1461 1460 1462
1462 1463 1461
1463 1462 1464
1464 1465 1463
1465 1464 1466
1466 1467 1465
1467 1466 1468
1468 1469 1467
1469 1468 1470
1470 1471 1469
1471 1470 1472
1472 1473 1471
1473 1472 1474
1474 1475 1473
1475 1474 1476
1476 1477 1475
1477 1476 1478
1478 1479 1477
1479 1478 1480
1480 1481 1479
1481 1480 1482
1482 1483 1481
1483 1482 1484
1484 1485 1483
1485 1484 1486
1486 1487 1485
1487 1486 1488
1488 1489 1487
1489 1488 1490
1490 1491 1489
1491 1490 1492
1492 1493 1491
1493 1492 1494
1495 1493 1494
1493 1495 1496
1356 1379 1372
1379 1356 1369
1497 1498 1499
1498 1500 1499
1500 1498 1501
1497 1499 1502
1503 1502 1499
1503 1504 1502
1505 1502 1504
1504 1506 1505
1506 1504 1507
1502 1505 1508
1497 1502 1508
1509 1507 1504
1503 1509 1504
1510 1509 1503
1509 1510 1511
1512 1509 1511
1509 1512 1513
1507 1509 1513
1514 1515 1396
1515 1387 1396
1516 1514 1517
1517 1518 1516
1519 1387 1516
1387 1519 1520
1520 1382 1387
1381 1382 1520
1518 1521 1516
1522 1523 1524
1525 1522 1524
1522 1525 1526
1525 1527 1526
1527 1525 1528
1528 1529 1527
1529 1528 1530
1530 1531 1529
1531 1530 1532
1532 1533 1531
1533 1532 1534
1522 1535 1523
1536 1523 1535
1523 1536 1537
1536 1538 1537
1538 1536 1539
1539 1540 1538
1540 1539 1541
1527 1542 1526
1543 1526 1542
1535 1522 1543
1526 1543 1522
1530 1544 1532
1545 1531 1533
1531 1545 1546
1546 1529 1531
1529 1546 1547
1548 1529 1547
1542 1527 1548
1529 1548 1527
1549 1540 1541
1540 1549 1550
1551 1540 1550
1540 1551 1552
1553 1550 1549
1550 1553 1554
1551 1555 1552
1555 1551 1556
1551 1557 1556
1557 1551 1558
1558 1550 1554
1551 1550 1558
1552 1538 1540
1538 1552 1559
1552 1560 1559
1560 1552 1555
1559 1537 1538
1537 1561 1523
1524 1523 1561
1561 1562 1524
1562 1561 1563
1564 1524 1562
1524 1564 1525
1564 1528 1525
1528 1564 1565
1565 1530 1528
1530 1565 1566
1544 1530 1566
1567 1532 1544
1532 1567 1534
1567 1568 1534
1568 1533 1534
1533 1568 1569
1568 1570 1569
1570 1568 1571
1572 1569 1570
1569 1572 1573
1573 1533 1569
1574 1571 1568
1568 1567 1574
1571 1574 1575
1533 1573 1545
1575 1576 1571
1576 1575 1577
1571 1578 1570
1578 1571 1576
1570 1579 1572
1579 1570 1578
1580 1581 1582
1581 1580 1583
1580 1584 1583
1584 1580 1585
1586 1585 1580
1585 1586 1587
1586 1588 1587
1588 1586 1589
1586 1580 1590
1590 1589 1586
1590 1580 1582
1589 1590 1591
1592 1591 1590
1590 1582 1592
1591 1592 1593
1594 1592 1582
1595 1596 1597
1596 1595 1598
1599 1595 1597
1600 1601 1602
1603 1602 1601
1604 1605 1606
1605 1607 1606
1607 1605 1608
1609 1610 1611
1611 1612 1609
1612 1611 1613
1614 1610 1615
1616 1614 1615
1616 1613 1617
1618 1616 1615
1619 1610 1620
1620 1621 1619
1621 1620 1622
1623 1624 1610
1625 1623 1610
1626 1625 1610
1610 1627 1626
1628 1622 1624
1623 1628 1624
1629 1610 1630
1631 1629 1630
1630 1632 1631
1633 1631 1632
1632 1634 1633
1631 1633 1635
1636 1634 1637
1636 1638 1639
1630 1639 1640
1639 1630 1641
1612 1641 1642
1643 1644 1645
1644 1643 1646
1646 1647 1644
1645 1644 1610
1647 1648 1649
1648 1618 1650
845 837 1651
1385 1384 1652
1653 1654 1655
1656 1657 1626
1657 1658 1626
1657 1659 1658
1657 1660 1659
1660 1657 1661
1661 1662 1660
1662 1661 1663
1656 1663 1661
1664 1661 1657
