byte offset: 0
first index: 66771
index count: 1734
topology: trianglelist
format: DXGI_FORMAT_R16_UINT

17689 17690 17691
17690 17689 17692
17690 17693 17691
17694 17692 17689
17692 17694 17695
17696 17695 17694
17695 17696 17697
17698 17697 17696
17697 17698 17699
17700 17699 17698
17699 17700 17701
17702 17701 17700
17701 17702 17703
17703 17702 17704
17704 17705 17703
17705 17704 17706
17706 17707 17705
17707 17706 17708
17702 17709 17704
17709 17710 17704
17711 17710 17709
17710 17711 17712
17713 17712 17711
17712 17713 17714
17715 17707 17708
17707 17715 17716
17717 17716 17715
17716 17717 17718
17719 17718 17717
17718 17719 17720
17720 17719 17721
17721 17722 17720
17722 17721 17723
17723 17724 17722
17724 17723 17725
17726 17724 17725
17724 17726 17727
17728 17727 17726
17719 17729 17721
17730 17721 17729
17730 17729 17731
17732 17730 17731
17732 17733 17730
17734 17733 17732
17732 17735 17734
17734 17735 17736
17736 17737 17734
17736 17738 17737
17738 17736 17739
17737 17740 17734
17734 17740 17741
17733 17734 17741
17742 17741 17740
17743 17742 17740
17743 17744 17742
17744 17743 17745
17746 17743 17740
17737 17746 17740
17739 17713 17738
17713 17739 17714
17745 17747 17744
17747 17745 17748
17748 17749 17747
17749 17748 17750
17750 17751 17749
17751 17750 17752
17753 17751 17752
17751 17753 17754
17753 17755 17754
17756 17757 17758
17757 17756 17759
17756 17758 17760
17759 17761 17757
17761 17759 17762
17762 17763 17761
17763 17762 17764
17764 17765 17763
17765 17764 17766
17766 17767 17765
17767 17766 17768
17768 17769 17767
17769 17768 17770
17770 17771 17769
17772 17771 17770
17771 17772 17773
17774 17773 17772
17773 17774 17775
17769 17771 17776
17776 17771 17777
17777 17778 17776
17778 17777 17779
17779 17780 17778
17780 17779 17781
17774 17782 17775
17782 17774 17783
17783 17784 17782
17784 17783 17785
17785 17786 17784
17786 17785 17787
17787 17788 17786
17789 17788 17787
17788 17789 17790
17791 17790 17789
17790 17791 17792
17791 17793 17792
17793 17791 17794
17795 17793 17794
17786 17788 17796
17797 17796 17788
17797 17798 17796
17799 17798 17797
17799 17797 17800
17801 17799 17800
17799 17801 17802
17801 17803 17802
17803 17801 17804
17805 17803 17804
17803 17805 17806
17804 17801 17807
17801 17808 17807
17800 17808 17801
17809 17807 17808
17810 17807 17809
17811 17810 17809
17810 17811 17812
17813 17807 17810
17804 17807 17813
17780 17806 17805
17806 17780 17781
17814 17812 17811
17812 17814 17815
17816 17815 17814
17815 17816 17817
17818 17817 17816
17817 17818 17819
17818 17820 17819
17820 17818 17821
17820 17821 17822
17823 17824 17825
17823 17826 17824
17826 17823 17827
17827 17828 17826
17828 17827 17829
17829 17830 17828
17830 17829 17831
17831 17832 17830
17832 17831 17833
17833 17834 17832
17834 17833 17835
17835 17836 17834
17836 17835 17837
17837 17838 17836
17838 17837 17839
17840 17839 17837
17839 17840 17841
17837 17842 17840
17842 17837 17835
17841 17843 17839
17843 17841 17844
17845 17839 17843
17839 17845 17838
17835 17846 17842
17846 17835 17833
17844 17847 17843
17847 17844 17848
17848 17849 17847
17850 17847 17849
17847 17850 17851
17851 17843 17847
17843 17851 17845
17849 17848 17852
17852 17853 17849
17853 17852 17854
17855 17849 17853
17849 17855 17850
17854 17856 17853
17856 17854 17857
17856 17857 17858
17859 17856 17858
17859 17853 17856
17853 17859 17855
17860 17846 17861
17846 17860 17862
17863 17862 17860
17863 17864 17862
17865 17864 17863
17866 17864 17865
17867 17861 17833
17833 17831 17867
17833 17861 17846
17868 17869 17870
17871 17869 17868
17872 17871 17868
17873 17871 17872
17874 17873 17872
17875 17873 17874
17876 17875 17874
17877 17875 17876
17875 17877 17878
17879 17878 17877
17880 17878 17879
17880 17881 17878
17869 17882 17870
17870 17882 17883
17882 17884 17883
17883 17884 17885
17884 17886 17885
17885 17886 17887
17888 17887 17886
17887 17888 17889
17890 17889 17888
17889 17890 17891
17892 17891 17890
17891 17892 17893
17894 17893 17892
17893 17894 17895
17896 17895 17894
17895 17896 17897
17898 17897 17896
17897 17898 17899
17900 17899 17898
17899 17900 17901
17902 17901 17900
17901 17902 17903
17904 17903 17902
17903 17904 17905
17904 17906 17905
17906 17904 17907
17906 17907 17908
17909 17910 17911
17911 17910 17880
17880 17910 17881
17912 17913 17914
17915 17912 17914
17912 17915 17916
17917 17916 17915
17916 17917 17918
17919 17918 17917
17918 17919 17920
17921 17920 17919
17920 17921 17922
17923 17922 17921
17922 17923 17924
17925 17924 17923
17924 17925 17926
17927 17926 17925
17926 17927 17928
17928 17929 17926
17929 17928 17930
17931 17926 17929
17926 17931 17924
17932 17930 17928
17930 17932 17933
17928 17934 17932
17934 17928 17927
17935 17924 17931
17924 17935 17922
17936 17933 17932
17933 17936 17937
17938 17937 17936
17936 17939 17938
17939 17936 17940
17932 17940 17936
17940 17932 17934
17937 17938 17941
17942 17941 17938
17941 17942 17943
17938 17944 17942
17944 17938 17939
17945 17943 17942
17943 17945 17946
17945 17947 17946
17948 17947 17945
17942 17948 17945
17948 17942 17944
17949 17950 17935
17935 17951 17949
17952 17949 17951
17952 17951 17953
17954 17952 17953
17955 17954 17953
17956 17922 17950
17922 17956 17920
17922 17935 17950
17957 17958 17959
17960 17957 17959
17961 17957 17960
17962 17961 17960
17963 17961 17962
17964 17963 17962
17965 17963 17964
17966 17965 17964
17964 17967 17966
17968 17966 17967
17969 17968 17967
17969 17967 17970
17959 17958 17971
17958 17972 17971
17971 17972 17973
17972 17974 17973
17973 17974 17975
17974 17976 17975
17976 17977 17975
17977 17976 17978
17978 17979 17977
17979 17978 17980
17980 17981 17979
17981 17980 17982
17982 17983 17981
17983 17982 17984
17984 17985 17983
17985 17984 17986
17986 17987 17985
17987 17986 17988
17988 17989 17987
17989 17988 17990
17990 17991 17989
17991 17990 17992
17992 17993 17991
17993 17992 17994
17995 17993 17994
17993 17995 17996
17995 17997 17996
17998 17999 18000
17999 17969 18000
17969 17970 18000
18001 18002 18003
18002 18001 18004
18003 18005 18001
18005 18003 18006
18004 18007 18002
18007 18004 18008
18008 18009 18007
18009 18008 18010
18011 18009 18010
18012 18010 18008
18010 18012 18013
18010 18013 18014
18014 18011 18010
18008 18015 18012
18015 18008 18004
18004 18016 18015
18016 18004 18001
18001 18017 18016
18017 18001 18005
18006 18018 18005
18019 18005 18018
18019 18017 18005
18018 18020 18019
18020 18021 18019
18020 18022 18021
18022 18023 18021
18022 18024 18023
18024 18025 18023
18013 18026 18014
18014 18026 18027
18026 18028 18027
18027 18029 18014
18027 18030 18029
18030 18027 18028
18031 18030 18028
18030 18031 18032
18031 18033 18032
18034 18033 18031
18033 18034 18035
18036 18035 18034
18035 18036 18037
18038 18037 18036
18037 18038 18039
18040 18039 18038
18032 18041 18030
18042 18030 18041
18041 18043 18042
18043 18041 18044
18044 18045 18043
18045 18044 18046
18046 18047 18045
18047 18046 18048
18048 18049 18047
18049 18048 18050
18051 18049 18050
18052 18050 18048
18050 18052 18053
18052 18054 18053
18053 18054 18055
18054 18052 18056
18057 18056 18052
18048 18057 18052
18057 18048 18046
18056 18057 18058
18058 18059 18056
18059 18060 18056
18061 18058 18057
18046 18061 18057
18058 18061 18062
18063 18062 18061
18062 18063 18064
18050 18053 18065
18051 18050 18065
18053 18055 18065
18065 18066 18051
18066 18065 18067
18055 18067 18065
18067 18068 18066
18068 18067 18069
18070 18068 18069
18071 18069 18067
18069 18071 18072
18070 18069 18072
18067 18055 18071
18044 18063 18061
18061 18046 18044
18063 18044 18041
18041 18032 18063
18032 18064 18063
18064 18032 18033
18073 18074 18075
18075 18076 18073
18076 18075 18077
18076 18077 18029
18030 18076 18029
18030 18042 18076
18077 18078 18029
18029 18078 18011
18029 18011 18014
18078 18079 18011
18011 18079 18009
18080 18081 18082
18083 18080 18082
18083 18082 18084
18083 18084 18085
18086 18083 18085
18086 18085 18087
18088 18086 18087
18088 18087 18089
18090 18088 18089
18090 18089 18025
18024 18090 18025
18091 18092 18093
18092 18091 18094
18095 18094 18091
18094 18095 18096
18097 18093 18092
18093 18097 18098
18099 18098 18097
18098 18099 18100
18101 18100 18099
18100 18102 18098
18102 18100 18103
18100 18104 18103
18104 18100 18101
18105 18098 18102
18098 18105 18093
18106 18093 18105
18093 18106 18091
18107 18091 18106
18091 18107 18095
18096 18095 18108
18109 18108 18095
18109 18095 18107
18108 18109 18110
18110 18109 18111
18110 18111 18112
18112 18111 18113
18112 18113 18114
18114 18113 18115
18103 18104 18116
18104 18117 18116
18116 18117 18118
18117 18104 18119
18117 18119 18120
18120 18118 18117
18121 18118 18120
18120 18122 18121
18121 18122 18123
18123 18124 18121
18124 18123 18125
18125 18126 18124
18126 18125 18127
18127 18128 18126
18128 18127 18129
18130 18128 18129
18131 18122 18120
18120 18132 18131
18133 18131 18132
18131 18133 18134
18135 18134 18133
18134 18135 18136
18137 18136 18135
18136 18137 18138
18139 18138 18137
18138 18139 18140
18141 18140 18139
18140 18142 18138
18142 18140 18143
18144 18142 18143
18143 18145 18144
18142 18144 18146
18146 18147 18142
18147 18138 18142
18138 18147 18136
18147 18146 18148
18148 18146 18149
18149 18146 18150
18148 18151 18147
18151 18136 18147
18151 18148 18152
18152 18153 18151
18153 18152 18154
18140 18155 18143
18141 18155 18140
18143 18155 18145
18156 18155 18141
18155 18156 18157
18157 18145 18155
18158 18157 18156
18157 18158 18159
18160 18159 18158
18159 18161 18157
18161 18159 18162
18160 18162 18159
18145 18157 18161
18153 18134 18151
18136 18151 18134
18134 18153 18131
18122 18131 18153
18154 18122 18153
18122 18154 18123
18163 18164 18165
18166 18164 18163
18164 18166 18167
18166 18119 18167
18120 18119 18166
18132 18120 18166
18167 18119 18168
18119 18101 18168
18119 18104 18101
18168 18101 18169
18101 18099 18169
18170 18171 18172
18173 18171 18170
18173 18174 18171
18173 18175 18174
18176 18175 18173
18176 18177 18175
18178 18177 18176
18178 18179 18177
18180 18179 18178
18180 18115 18179
18114 18115 18180
18181 18182 18183
18182 18184 18183
18184 18182 18185
18185 18186 18184
18186 18185 18187
18187 18188 18186
18188 18187 18189
18189 18190 18188
18190 18189 18191
18191 18192 18190
18192 18191 18193
18192 18193 18194
18194 18193 18195
18195 18193 18196
18197 18198 18199
18200 18199 18198
18199 18200 18201
18202 18201 18200
18201 18202 18203
18204 18203 18202
18203 18204 18205
18206 18205 18204
18205 18206 18207
18208 18207 18206
18207 18208 18209
18208 18210 18209
18210 18211 18209
18211 18212 18209
