byte offset: 0
first index: 0
index count: 18978
topology: trianglelist
format: DXGI_FORMAT_R16_UINT

0 1 2
0 3 1
3 0 4
1 5 2
5 1 6
3 6 1
6 3 7
8 4 0
4 9 3
9 7 3
9 4 10
11 10 4
7 9 12
13 2 5
2 13 14
11 4 15
8 15 4
11 15 16
10 17 9
17 12 9
17 10 18
12 17 19
20 19 17
19 20 21
17 22 20
22 17 18
18 23 22
24 22 23
24 25 22
20 22 25
24 26 25
26 24 27
20 25 28
28 25 26
21 20 28
29 27 24
23 29 24
27 29 30
31 23 18
31 18 32
32 33 31
34 33 32
34 32 11
35 34 11
33 36 31
36 33 37
38 37 33
33 34 38
37 38 39
40 38 34
41 38 40
41 39 38
41 40 42
40 43 42
42 44 41
41 44 45
44 42 46
42 43 46
43 40 47
40 34 47
35 47 34
43 47 48
47 35 48
45 49 41
39 41 49
39 49 50
51 39 50
51 37 39
51 50 52
46 43 53
46 53 54
54 55 46
46 55 44
45 44 55
56 43 48
56 53 43
57 54 53
57 53 56
57 56 58
58 56 48
59 58 48
60 58 59
51 52 61
62 51 61
37 51 62
63 37 62
37 63 36
63 62 64
65 64 62
62 61 65
64 66 63
66 67 63
36 63 67
68 36 67
66 64 69
64 70 69
64 65 70
69 71 66
69 72 71
72 73 71
74 71 73
74 67 66
66 71 74
67 74 75
76 75 74
74 73 76
77 73 72
73 78 76
78 73 77
78 79 76
76 79 75
78 80 79
80 78 81
80 82 79
82 80 83
83 84 82
84 83 85
86 84 85
84 86 87
87 88 84
88 82 84
88 87 89
79 90 75
90 79 82
82 88 90
89 68 88
88 68 90
91 87 86
87 91 92
92 89 87
91 93 92
94 92 93
68 94 95
96 95 94
96 94 93
96 23 95
92 94 97
97 94 68
89 92 97
97 68 89
93 91 98
96 93 99
98 99 93
98 100 99
95 36 68
95 31 36
23 31 95
67 90 68
90 67 75
29 23 96
96 99 29
30 99 100
99 30 29
98 101 100
101 30 100
98 102 101
91 102 98
102 91 103
103 104 102
104 103 105
91 106 103
106 91 86
86 107 106
107 86 85
83 107 85
107 83 108
109 106 107
108 109 107
106 109 110
110 103 106
103 110 105
80 108 83
108 80 111
80 112 111
112 80 81
111 113 108
109 108 113
113 111 114
110 109 115
109 113 115
105 110 115
112 116 111
116 114 111
116 117 114
118 114 117
113 114 118
118 115 113
115 118 119
120 112 81
78 120 81
120 78 77
77 121 120
121 77 122
122 123 121
123 122 124
124 122 72
72 122 77
124 125 123
125 124 126
127 126 124
127 124 69
69 124 72
70 127 69
126 127 128
127 129 128
129 127 130
70 130 127
131 129 130
129 132 128
133 126 128
132 133 128
133 134 126
126 134 125
135 134 133
134 135 136
129 137 132
129 138 137
131 138 129
138 131 139
131 52 139
52 131 61
61 131 130
130 65 61
70 65 130
139 52 140
50 140 52
50 49 140
138 139 141
142 141 139
140 142 139
141 142 143
143 144 141
140 145 142
142 145 143
145 140 49
145 49 45
145 45 146
147 141 144
148 147 144
147 148 149
150 149 148
149 150 151
152 151 150
151 152 153
141 147 154
154 138 141
138 154 137
145 155 143
156 137 154
137 156 157
158 157 156
156 159 158
159 156 160
160 154 147
154 160 156
149 160 147
161 159 160
160 149 161
151 161 149
159 161 162
163 162 161
161 151 163
153 163 151
162 163 164
163 165 164
165 163 166
163 153 166
157 158 167
167 168 157
168 167 169
169 135 168
133 168 135
168 133 132
132 157 168
135 169 170
136 135 170
170 171 136
171 172 136
173 172 171
172 173 174
175 136 172
176 172 174
172 176 175
177 136 175
136 177 178
178 134 136
134 178 179
179 180 134
179 181 180
182 180 181
183 182 181
182 183 184
185 184 183
183 181 186
186 181 179
180 182 187
182 188 187
189 188 182
189 182 184
190 188 189
191 188 190
190 192 191
191 192 118
188 191 193
188 193 194
188 194 187
194 193 195
117 195 193
117 191 118
191 117 193
196 194 195
195 112 196
112 120 196
121 196 120
196 121 197
187 194 197
194 196 197
112 195 116
117 116 195
192 190 198
192 198 199
199 119 192
119 118 192
119 199 200
201 200 199
199 202 201
203 201 202
203 204 201
203 205 204
204 205 206
204 207 201
200 201 207
207 208 200
205 203 209
203 210 209
209 211 205
205 211 206
206 212 204
204 212 207
206 213 212
210 203 214
202 214 203
202 215 214
216 215 202
216 217 215
207 218 208
219 218 207
219 207 212
212 213 219
211 220 206
211 221 220
221 211 222
211 209 222
210 222 209
223 220 221
216 224 217
198 224 216
199 198 216
216 202 199
198 225 224
225 198 190
184 224 225
185 217 224
224 184 185
217 185 226
227 226 185
189 184 225
190 189 225
227 228 226
229 226 228
228 230 229
230 228 231
229 230 232
233 229 232
233 226 229
226 233 217
215 217 233
215 233 214
232 214 233
232 210 214
232 234 210
185 183 227
183 235 227
183 186 235
228 236 231
236 237 231
237 236 238
238 239 237
239 238 240
240 241 239
241 240 242
186 243 235
243 186 244
244 245 243
246 243 245
243 246 247
247 235 243
248 247 246
247 248 249
249 238 236
248 250 249
238 249 250
250 240 238
250 248 251
251 252 250
240 250 252
252 242 240
252 251 253
254 252 253
252 254 255
242 252 255
245 244 256
178 256 244
244 179 178
179 244 186
256 178 177
249 257 247
235 247 257
257 227 235
227 257 228
236 228 257
257 249 236
258 259 14
258 14 260
261 258 260
261 260 60
15 258 261
8 258 15
258 8 259
8 0 259
15 261 16
16 261 59
261 60 59
16 59 35
48 35 59
11 16 35
259 0 2
14 259 2
11 32 10
10 32 18
146 262 263
55 263 262
263 55 264
54 264 55
264 54 265
265 54 57
45 55 262
146 45 262
157 132 137
155 266 143
144 143 266
148 144 266
267 268 269
270 267 269
267 270 271
5 269 268
269 5 6
6 270 269
270 6 7
272 267 271
273 271 270
7 273 270
271 273 274
218 271 274
273 7 12
13 5 268
268 275 13
218 276 271
272 271 276
218 277 276
278 274 273
12 278 273
274 278 279
278 12 19
19 280 278
280 19 21
281 278 280
278 281 279
279 281 282
283 282 281
283 281 284
280 284 281
26 283 284
283 26 27
280 28 284
28 26 284
21 28 280
27 285 283
282 283 285
285 27 30
286 279 282
286 208 279
208 286 200
200 286 119
287 119 286
282 287 286
288 287 282
285 288 282
288 104 287
115 287 104
287 115 119
105 115 104
288 102 104
288 101 102
30 101 285
288 285 101
218 274 208
274 279 208
218 219 277
277 219 289
213 289 219
289 213 290
291 289 290
277 289 292
292 289 291
292 291 293
276 277 292
276 292 294
292 293 294
294 293 275
294 275 295
272 276 294
294 295 272
272 295 267
290 213 296
223 290 296
296 213 206
296 206 220
223 296 220
295 268 267
275 268 295
297 223 221
221 298 297
298 221 222
222 299 298
299 222 300
234 299 300
210 300 222
234 300 210
123 197 121
197 123 187
125 187 123
187 125 180
180 125 134
232 230 301
301 230 302
231 302 230
237 302 231
303 304 305
306 303 305
307 303 306
308 305 304
309 308 304
309 310 308
309 311 310
311 312 310
311 313 312
311 314 313
315 316 314
316 315 317
318 319 320
321 319 318
319 322 320
322 323 320
323 322 324
324 325 323
325 324 326
325 326 327
328 327 326
327 328 329
330 331 332
330 333 331
334 330 332
332 335 334
335 332 336
337 335 336
335 337 338
339 338 337
340 338 339
341 340 339
342 343 344
342 345 343
343 345 346
347 346 345
348 346 347
342 344 349
342 349 350
350 349 351
350 351 352
353 354 355
356 353 355
357 358 359
360 361 362
361 360 363
364 362 361
362 364 365
366 365 364
365 366 367
368 365 367
365 368 369
365 370 362
370 365 369
362 371 360
371 362 370
367 372 368
372 367 373
367 366 373
374 372 373
374 373 375
376 374 375
376 375 377
378 377 375
375 379 378
373 366 379
379 375 373
377 378 380
381 378 379
382 380 378
378 381 382
383 382 381
383 381 384
384 381 385
379 385 381
384 385 386
386 385 387
385 379 366
387 385 366
366 388 387
388 366 364
388 389 387
387 389 386
389 388 390
364 391 388
391 364 361
361 392 391
392 361 363
393 388 391
388 393 390
391 394 393
394 391 392
395 396 397
395 398 396
395 399 398
399 395 400
401 398 399
399 400 402
399 402 401
403 398 401
400 404 402
405 404 400
406 404 405
406 407 404
402 408 401
409 402 404
407 409 404
409 408 402
410 407 406
411 407 410
401 408 412
403 401 412
403 412 413
411 414 407
411 415 414
414 415 416
414 416 417
417 416 418
418 419 417
419 418 420
421 419 420
419 421 422
403 413 423
403 423 424
403 424 398
424 425 398
426 398 425
426 396 398
426 397 396
425 427 426
425 428 427
425 424 428
427 428 429
430 427 429
431 430 429
431 429 432
428 424 433
424 423 433
434 429 428
432 429 434
434 428 433
435 431 432
436 435 432
436 432 437
436 437 438
437 439 438
437 440 439
440 441 439
441 440 442
442 443 441
444 443 442
442 445 444
446 447 448
449 447 446
450 447 449
451 450 449
451 449 452
452 449 453
454 450 451
455 451 452
456 454 451
454 456 457
457 456 458
457 458 459
460 459 458
461 459 460
460 462 461
462 463 461
464 463 462
464 465 463
466 465 464
467 465 466
468 467 466
468 469 467
470 456 471
471 456 472
472 451 455
472 456 451
473 474 475
476 474 473
476 477 474
478 477 476
479 477 478
480 479 478
479 480 481
482 481 480
481 482 483
484 483 482
483 484 485
486 485 484
485 486 487
488 487 486
487 488 489
490 489 488
489 490 491
490 492 491
492 490 493
493 494 492
494 493 495
495 496 494
496 495 497
498 499 500
498 501 499
502 501 498
502 503 501
501 503 504
504 503 505
506 505 503
506 507 505
507 506 508
507 508 509
510 507 509
511 510 509
512 510 511
512 511 513
513 514 512
514 513 515
514 515 516
517 516 515
516 517 518
517 519 518
517 520 519
520 517 521
521 522 520
521 523 522
519 520 524
519 524 525
519 525 526
519 526 527
528 527 526
527 528 529
521 530 523
523 530 531
530 532 531
529 533 527
533 529 534
533 534 535
530 535 532
533 535 536
533 536 537
532 535 538
538 535 534
533 537 539
539 537 540
539 540 541
542 543 544
543 542 545
546 545 542
545 546 547
548 547 546
547 548 549
550 549 548
549 550 551
550 552 551
552 550 553
554 555 556
556 555 557
558 555 554
554 559 558
560 558 559
561 560 559
560 561 562
563 564 565
564 563 566
567 566 563
566 567 568
569 568 567
568 569 570
571 570 569
570 571 572
573 572 571
572 573 574
575 574 573
574 575 576
577 576 575
576 577 578
579 578 577
578 579 580
579 581 580
581 579 582
582 583 581
583 582 584
584 585 583
585 584 586
587 585 586
587 588 585
589 590 591
590 589 592
591 593 589
593 591 594
595 590 592
590 595 596
594 597 593
597 594 598
598 599 597
599 598 600
600 601 599
601 600 602
603 596 595
596 603 604
603 605 604
605 603 606
606 607 605
607 606 608
602 609 601
609 602 610
608 611 607
611 608 612
612 613 611
613 612 614
615 616 617
618 615 617
616 619 617
620 618 617
619 621 617
622 620 617
621 623 617
624 622 617
623 625 617
626 624 617
625 627 617
627 626 617
628 629 630
631 632 633
634 635 636
637 638 639
640 641 642
643 644 645
646 643 645
647 646 645
648 646 647
648 649 646
649 650 646
651 648 647
652 649 648
653 648 651
651 654 653
654 655 653
654 656 655
657 655 656
658 657 656
657 658 659
659 658 660
661 659 660
661 660 662
663 661 662
664 663 662
665 663 664
665 664 666
667 668 653
668 669 653
669 648 653
669 652 648
670 671 672
673 670 672
673 672 674
675 673 674
676 675 674
676 677 675
677 676 678
678 679 677
679 678 680
680 681 679
681 680 682
682 683 681
683 682 684
684 685 683
685 684 686
686 687 685
687 686 688
689 687 688
687 689 690
691 690 689
690 691 692
693 692 691
692 693 694
695 696 697
695 697 698
699 695 698
699 698 700
698 701 700
701 702 700
703 700 702
703 702 704
704 705 703
704 706 705
707 706 704
708 706 707
709 708 707
709 710 708
710 709 711
711 712 710
711 713 712
714 712 713
713 715 714
714 715 716
714 716 717
717 718 714
718 717 719
718 719 720
716 721 717
716 722 721
716 723 722
716 724 723
725 723 724
724 726 725
718 720 727
720 728 727
727 728 729
726 724 730
730 731 726
730 732 731
727 729 732
730 733 732
730 734 733
729 735 732
735 731 732
730 736 734
736 737 734
736 738 737
739 740 741
740 739 742
741 743 739
743 741 744
744 745 743
745 744 746
746 747 745
747 746 748
749 747 748
747 749 750
751 752 753
752 754 753
755 751 753
751 755 756
757 756 755
758 756 757
757 759 758
760 761 762
761 760 763
762 764 760
764 762 765
765 766 764
766 765 767
767 768 766
768 767 769
769 770 768
770 769 771
771 772 770
772 771 773
773 774 772
774 773 775
775 776 774
776 775 777
778 776 777
776 778 779
780 779 778
779 780 781
782 781 780
781 782 783
784 783 782
784 782 785
786 787 788
787 786 789
790 788 787
788 790 791
786 792 789
792 786 793
794 791 790
791 794 795
796 795 794
795 796 797
798 797 796
797 798 799
793 800 792
800 793 801
802 800 801
800 802 803
804 803 802
803 804 805
806 799 798
799 806 807
808 805 804
805 808 809
810 809 808
809 810 811
812 813 814
815 813 812
814 813 816
817 813 815
816 813 818
819 813 817
818 813 820
821 813 819
820 813 822
823 813 821
822 813 824
824 813 823
825 826 827
828 829 830
831 832 833
834 835 836
837 838 839
840 841 842
843 840 842
840 843 844
845 844 843
844 845 846
847 846 845
846 847 848
847 849 848
849 847 850
840 851 841
852 853 854
853 852 855
856 855 852
855 856 857
858 857 856
857 858 859
859 858 860
858 861 860
862 860 861
863 862 861
863 864 862
863 865 864
866 867 868
867 869 868
866 868 870
869 871 868
872 871 869
871 872 873
874 866 870
870 875 874
875 876 874
877 876 875
877 878 876
878 877 879
880 878 879
879 881 880
882 873 872
873 882 883
884 883 882
883 884 885
885 884 886
884 887 886
886 887 888
887 889 888
889 887 890
890 891 889
892 891 890
890 893 892
892 893 894
893 895 894
896 897 898
897 896 899
896 900 899
900 896 901
901 902 900
902 901 903
903 904 902
904 903 905
906 907 908
908 909 906
909 910 906
911 906 910
910 912 911
913 911 912
912 914 913
915 913 914
914 916 915
916 917 915
918 919 920
921 919 918
921 918 922
919 921 923
924 923 921
924 921 925
924 925 926
925 927 926
921 922 928
929 921 928
925 921 929
929 928 930
929 930 931
929 931 932
931 933 932
931 934 933
931 935 934
935 936 934
934 937 933
929 938 925
932 938 929
938 932 939
932 940 939
932 933 940
937 940 933
938 941 925
942 925 941
925 942 943
944 945 946
944 946 947
948 944 947
948 947 949
950 948 949
950 949 951
950 951 952
950 952 953
954 955 956
954 956 957
957 956 958
957 958 959
958 960 959
960 961 959
962 961 960
962 963 961
964 965 966
965 967 966
968 966 967
968 967 969
968 969 970
970 971 968
972 971 970
971 972 973
974 975 976
976 975 977
977 978 976
976 978 979
980 981 982
983 984 985
984 983 986
987 988 989
987 990 988
990 987 991
987 992 991
993 994 995
996 997 998
997 996 999
998 1000 996
1000 998 1001
1002 1000 1001
1000 1002 1003
1004 997 999
1005 1006 1007
1008 1009 1010
1008 1010 1011
1012 1013 1014
1013 1012 1015
1014 1013 1016
1017 1018 1019
1020 1019 1018
1019 1020 1021
1020 1022 1021
1021 1022 1023
1022 1024 1023
1024 1022 1025
1026 1024 1025
1024 1026 1027
1028 1027 1026
1026 1029 1028
1029 1030 1028
1031 1032 1033
1033 1032 1034
1035 1033 1034
1036 1033 1035
1035 1037 1036
1038 1036 1037
1039 1040 1041
1042 1043 1044
1044 1043 1045
1046 1042 1044
1042 1046 1047
1046 1048 1047
1048 1046 1049
1050 1051 1052
1050 1053 1051
1054 1055 1056
1055 1057 1056
1057 1055 1058
1054 1056 1059
1060 1054 1059
1061 1060 1059
1061 1062 1060
1061 1063 1062
1064 1057 1058
1057 1064 1065
1066 1067 1068
1068 1069 1066
1068 1070 1069
1068 1071 1070
1070 1071 1072
1073 1074 1075
1074 1073 1076
1076 1073 1077
1074 1078 1075
1078 1074 1079
1080 1076 1077
1081 1080 1077
1081 1082 1080
1083 1084 1085
1084 1083 1086
1083 1087 1086
1087 1083 1088
1089 1090 1091
1089 1091 1092
1091 1093 1092
1093 1094 1092
1093 1095 1094
1095 1096 1094
1094 1096 1097
1096 1098 1097
1098 1099 1097
1098 1100 1099
1101 1099 1100
1101 1100 1102
1100 1103 1102
1104 1105 1106
1105 1104 1107
1104 1108 1107
1108 1104 1109
1110 1111 1112
1113 1110 1112
1113 1114 1110
1113 1115 1114
1115 1113 1116
1117 1115 1116
1118 1111 1110
1119 1120 1121
1122 1120 1119
1123 1124 1125
1124 1123 1126
1127 1128 1129
1128 1127 1130
1131 1132 1133
1132 1131 1134
1135 1136 1137
1135 1138 1136
1139 1140 1141
1139 1142 1140
1143 1144 1145
1144 1143 1146
1147 1148 1149
1150 1147 1149
1151 1152 1153
1152 1151 1154
1155 1156 1157
1158 1159 1160
1159 1158 1161
1162 1163 1164
1163 1162 1165
1166 1167 1168
1167 1166 1169
1168 1170 1166
1170 1171 1166
1172 1167 1169
1173 1174 1175
1175 1176 1173
1177 1173 1176
1173 1178 1174
1178 1179 1174
1180 1179 1178
1178 1181 1180
1176 1182 1177
1182 1183 1177
1183 1182 1184
1184 1185 1183
1182 1186 1184
1184 1186 1187
1184 1188 1185
1189 1185 1188
1190 1188 1184
1184 1187 1190
1178 1191 1181
1181 1191 1192
1181 1192 1193
1194 1195 1192
1192 1196 1194
1196 1197 1194
1195 1198 1192
1196 1199 1197
1199 1200 1197
1199 1201 1200
1202 1201 1199
1203 1202 1199
1203 1204 1202
1199 1205 1203
1204 1203 1206
1203 1207 1206
1204 1206 1208
1204 1209 1202
1204 1210 1209
1211 1212 1213
1211 1214 1212
1214 1211 1215
1215 1216 1214
1216 1215 1217
1217 1218 1216
1218 1217 1219
1220 1218 1219
1218 1220 1221
1211 1213 1222
1223 1224 1225
1224 1223 1226
1225 1227 1223
1227 1225 1228
1228 1229 1227
1229 1228 1230
1230 1231 1229
1229 1231 1232
1233 1232 1231
1234 1232 1233
1234 1233 1235
1234 1235 1236
1237 1238 1239
1239 1238 1240
1237 1241 1238
1240 1238 1242
1242 1243 1240
1243 1242 1244
1245 1241 1237
1241 1245 1246
1246 1245 1247
1248 1246 1247
1248 1247 1249
1249 1250 1248
1251 1250 1249
1250 1251 1252
1244 1253 1243
1253 1244 1254
1255 1253 1254
1254 1256 1255
1255 1256 1257
1258 1255 1257
1257 1259 1258
1259 1260 1258
1261 1258 1260
1260 1262 1261
1263 1261 1262
1261 1263 1264
1263 1265 1264
1264 1265 1266
1267 1268 1269
1268 1267 1270
1271 1267 1269
1267 1271 1272
1273 1272 1271
1272 1273 1274
1275 1274 1273
1274 1275 1276
1277 1278 1279
1278 1277 1280
1280 1277 1281
1282 1281 1277
1281 1282 1283
1284 1283 1282
1283 1284 1285
1286 1285 1284
1285 1286 1287
1287 1286 1288
1289 1290 1291
1292 1289 1291
1292 1293 1289
1291 1294 1292
1295 1292 1294
1295 1296 1292
1295 1297 1296
1296 1297 1298
1292 1299 1293
1300 1299 1292
1296 1300 1292
1300 1301 1299
1300 1302 1301
1300 1303 1302
1302 1303 1304
1302 1304 1305
1302 1305 1306
1306 1305 1307
1305 1304 1308
1300 1296 1309
1303 1300 1309
1309 1310 1303
1303 1310 1311
1303 1311 1304
1308 1304 1311
1309 1296 1312
1313 1312 1296
1296 1314 1313
1315 1316 1317
1315 1318 1316
1319 1318 1315
1319 1320 1318
1321 1320 1319
1321 1322 1320
1321 1323 1322
1321 1324 1323
1325 1326 1327
1325 1328 1326
1328 1329 1326
1328 1330 1329
1329 1330 1331
1331 1330 1332
1333 1331 1332
1333 1332 1334
1335 1336 1337
1337 1336 1338
1339 1338 1336
1339 1340 1338
1339 1341 1340
1341 1339 1342
1343 1341 1342
1342 1344 1343
1345 1346 1347
1346 1348 1347
1348 1346 1349
1346 1350 1349
1351 1352 1353
1354 1355 1356
1355 1354 1357
1358 1359 1360
1358 1360 1361
1361 1362 1358
1358 1362 1363
1364 1365 1366
1364 1367 1365
1368 1369 1370
1371 1370 1369
1370 1371 1372
1373 1372 1371
1372 1373 1374
1375 1374 1373
1373 1376 1375
1377 1378 1379
1380 1381 1382
1382 1383 1380
1381 1384 1382
1385 1386 1387
1388 1387 1386
1386 1389 1388
1388 1389 1390
1389 1391 1390
1392 1390 1391
1390 1392 1393
1392 1394 1393
1394 1392 1395
1396 1394 1395
1394 1396 1397
1397 1396 1398
1399 1400 1401
1400 1402 1401
1403 1402 1400
1404 1403 1400
1403 1404 1405
1406 1405 1404
1407 1408 1409
1410 1411 1412
1411 1413 1412
1410 1414 1411
1414 1410 1415
1416 1414 1415
1414 1416 1417
1418 1419 1420
1418 1420 1421
1422 1423 1424
1425 1424 1423
1424 1425 1426
1422 1427 1423
1428 1427 1422
1429 1427 1428
1429 1428 1430
1429 1430 1431
1425 1432 1426
1432 1425 1433
1434 1435 1436
1435 1434 1437
1435 1437 1438
1435 1438 1439
1438 1440 1439
1441 1442 1443
1442 1441 1444
1444 1445 1442
1446 1441 1443
1441 1446 1447
1448 1445 1444
1449 1445 1448
1449 1448 1450
1451 1452 1453
1452 1451 1454
1455 1451 1453
1451 1455 1456
1457 1458 1459
1457 1460 1458
1458 1460 1461
1461 1460 1462
1461 1462 1463
1463 1462 1464
1462 1465 1464
1464 1465 1466
1466 1465 1467
1466 1467 1468
1469 1468 1467
1469 1470 1468
1468 1470 1471
1472 1473 1474
1473 1472 1475
1476 1472 1474
1472 1476 1477
1478 1479 1480
1481 1479 1478
1481 1478 1482
1481 1482 1483
1483 1484 1481
1485 1484 1483
1486 1478 1480
1487 1488 1489
1490 1487 1489
1491 1492 1493
1492 1491 1494
1495 1496 1497
1496 1495 1498
1499 1500 1501
1500 1499 1502
1503 1504 1505
1503 1505 1506
1507 1508 1509
1507 1509 1510
1511 1512 1513
1512 1511 1514
1515 1516 1517
1518 1516 1515
1519 1520 1521
1520 1519 1522
1523 1524 1525
1526 1527 1528
1528 1529 1526
1530 1531 1532
1531 1530 1533
1534 1535 1536
1535 1534 1537
1537 1534 1538
1538 1534 1539
1540 1536 1535
1541 1542 1543
1542 1541 1544
1545 1544 1541
1541 1543 1546
1546 1543 1547
1548 1546 1547
1546 1548 1549
1544 1545 1550
1550 1545 1551
1551 1552 1550
1552 1551 1553
1550 1552 1554
1552 1555 1554
1552 1553 1556
1557 1556 1553
1558 1552 1556
1552 1558 1555
1546 1549 1559
1549 1560 1559
1549 1561 1560
1560 1561 1562
1563 1562 1561
1564 1562 1563
1562 1564 1565
1565 1564 1566
1565 1566 1567
1567 1566 1568
1567 1568 1569
1570 1567 1569
1571 1567 1570
1571 1570 1572
1567 1571 1573
1572 1574 1571
1571 1574 1575
1572 1576 1574
1572 1570 1577
1572 1577 1578
1579 1580 1581
1582 1583 1584
1582 1585 1583
1585 1582 1586
1586 1587 1585
1587 1586 1588
1588 1589 1587
1589 1588 1590
1591 1589 1590
1589 1591 1592
1582 1584 1593
1594 1595 1596
1595 1594 1597
1596 1598 1594
1598 1596 1599
1599 1600 1598
1600 1599 1601
1601 1602 1600
1600 1602 1603
1604 1603 1602
1605 1603 1604
1605 1604 1606
1605 1606 1607
1608 1609 1610
1610 1609 1611
1608 1612 1609
1611 1609 1613
1613 1614 1611
1614 1613 1615
1616 1612 1608
1612 1616 1617
1617 1616 1618
1619 1617 1618
1619 1618 1620
1620 1621 1619
1622 1621 1620
1621 1622 1623
1615 1624 1614
1624 1615 1625
1626 1624 1625
1625 1627 1626
1627 1628 1626
1626 1628 1629
1628 1630 1629
1629 1630 1631
1631 1632 1629
1632 1631 1633
1634 1632 1633
1632 1634 1635
1634 1636 1635
1635 1636 1637
1638 1639 1640
1639 1638 1641
1642 1638 1640
1638 1642 1643
1644 1643 1642
1643 1644 1645
1646 1645 1644
1645 1646 1647
1648 1649 1650
1649 1648 1651
1651 1648 1652
1653 1652 1648
1652 1653 1654
1655 1654 1653
1654 1655 1656
1657 1656 1655
1656 1657 1658
1658 1657 1659
1660 1661 1662
1663 1660 1662
1663 1664 1660
1662 1665 1663
1666 1663 1665
1666 1667 1663
1666 1668 1667
1667 1668 1669
1663 1670 1664
1671 1670 1663
1667 1671 1663
1671 1672 1670
1671 1673 1672
1671 1674 1673
1673 1674 1675
1673 1675 1676
1673 1676 1677
1677 1676 1678
1676 1675 1679
1671 1667 1680
1674 1671 1680
1680 1681 1674
1674 1681 1682
1674 1682 1675
1679 1675 1682
1680 1667 1683
1684 1683 1667
1667 1685 1684
1686 1687 1688
1686 1689 1687
1690 1689 1686
1690 1691 1689
1692 1691 1690
1692 1693 1691
1692 1694 1693
1692 1695 1694
1696 1697 1698
1696 1699 1697
1699 1700 1697
1699 1701 1700
1700 1701 1702
1702 1701 1703
1704 1702 1703
1704 1703 1705
1706 1707 1708
1708 1707 1709
1710 1709 1707
1710 1711 1709
1710 1712 1711
1712 1710 1713
1714 1712 1713
1713 1715 1714
1716 1717 1718
1717 1719 1718
1719 1717 1720
1717 1721 1720
1722 1723 1724
1725 1726 1727
1726 1725 1728
1729 1730 1731
1729 1731 1732
1732 1733 1729
1729 1733 1734
1735 1736 1737
1738 1739 1740
1739 1738 1741
1742 1741 1738
1741 1742 1743
1744 1743 1742
1742 1745 1744
1746 1740 1739
1747 1748 1749
1750 1751 1752
1750 1753 1751
1754 1755 1756
1756 1757 1754
1755 1758 1756
1759 1760 1761
1762 1761 1760
1760 1763 1762
1762 1763 1764
1763 1765 1764
1766 1764 1765
1764 1766 1767
1766 1768 1767
1768 1766 1769
1770 1768 1769
1768 1770 1771
1771 1770 1772
1773 1774 1775
1774 1776 1775
1777 1776 1774
1778 1777 1774
1777 1778 1779
1780 1779 1778
1781 1782 1783
1784 1785 1786
1785 1787 1786
1784 1788 1785
1788 1784 1789
1790 1788 1789
1788 1790 1791
1792 1793 1794
1792 1794 1795
1796 1797 1798
1799 1798 1797
1798 1799 1800
1796 1801 1797
1802 1801 1796
1803 1801 1802
1803 1802 1804
1803 1804 1805
1799 1806 1800
1806 1799 1807
1808 1809 1810
1809 1808 1811
1809 1811 1812
1809 1812 1813
1812 1814 1813
1815 1816 1817
1816 1815 1818
1818 1819 1816
1820 1815 1817
1815 1820 1821
1822 1819 1818
1823 1819 1822
1823 1822 1824
1825 1826 1827
1826 1825 1828
1829 1825 1827
1825 1829 1830
1831 1832 1833
1831 1834 1832
1832 1834 1835
1835 1834 1836
1835 1836 1837
1837 1836 1838
1836 1839 1838
1838 1839 1840
1840 1839 1841
1840 1841 1842
1843 1842 1841
1843 1844 1842
1842 1844 1845
1846 1847 1848
1847 1846 1849
1850 1846 1848
1846 1850 1851
1852 1853 1854
1855 1853 1852
1855 1852 1856
1855 1856 1857
1857 1858 1855
1859 1858 1857
1860 1852 1854
1861 1862 1863
1864 1861 1863
1865 1866 1867
1866 1865 1868
1869 1870 1871
1870 1869 1872
1873 1874 1875
1874 1873 1876
1877 1878 1879
1877 1879 1880
1881 1882 1883
1881 1883 1884
1885 1886 1887
1886 1885 1888
1889 1890 1891
1892 1890 1889
1893 1894 1895
1894 1893 1896
1897 1898 1899
1900 1901 1902
1902 1903 1900
1904 1905 1906
1905 1904 1907
1908 1909 1910
1909 1908 1911
1911 1908 1912
1912 1908 1913
1914 1910 1909
1915 1916 1917
1916 1915 1918
1919 1918 1915
1915 1917 1920
1920 1917 1921
1922 1920 1921
1920 1922 1923
1918 1919 1924
1924 1919 1925
1925 1926 1924
1926 1925 1927
1924 1926 1928
1926 1929 1928
1926 1927 1930
1931 1930 1927
1932 1926 1930
1926 1932 1929
1920 1923 1933
1923 1934 1933
1923 1935 1934
1936 1934 1937
1934 1936 1938
1938 1936 1939
1937 1934 1940
1938 1939 1941
1941 1939 1942
1941 1942 1943
1944 1941 1943
1945 1941 1944
1945 1944 1946
1941 1945 1947
1946 1948 1945
1945 1948 1949
1946 1950 1948
1946 1944 1951
1946 1951 1952
1953 1954 1955
1956 1953 1955
1953 1956 1957
1958 1957 1956
1957 1958 1959
1960 1959 1958
1959 1960 1961
1960 1962 1961
1962 1960 1963
1953 1964 1954
1965 1966 1967
1966 1965 1968
1969 1968 1965
1968 1969 1970
1971 1970 1969
1970 1971 1972
1972 1971 1973
1971 1974 1973
1975 1973 1974
1976 1975 1974
1976 1977 1975
1976 1978 1977
1979 1980 1981
1980 1982 1981
1979 1981 1983
1982 1984 1981
1985 1984 1982
1984 1985 1986
1987 1979 1983
1983 1988 1987
1988 1989 1987
1990 1989 1988
1990 1991 1989
1991 1990 1992
1993 1991 1992
1992 1994 1993
1995 1986 1985
1986 1995 1996
1997 1996 1995
1996 1997 1998
1997 1999 1998
2000 1999 1997
1999 2000 2001
2001 2000 2002
2003 2002 2000
2002 2003 2004
2005 2004 2003
2003 2006 2005
2005 2006 2007
2006 2008 2007
2009 2010 2011
2010 2009 2012
2009 2013 2012
2013 2009 2014
2014 2015 2013
2015 2014 2016
2016 2017 2015
2017 2016 2018
2019 2020 2021
2021 2022 2019
2022 2023 2019
2024 2019 2023
2023 2025 2024
2026 2024 2025
2025 2027 2026
2028 2026 2027
2027 2029 2028
2029 2030 2028
2031 2032 2033
2034 2032 2031
2034 2031 2035
2032 2034 2036
2037 2036 2034
2037 2034 2038
2037 2038 2039
2038 2040 2039
2034 2035 2041
2042 2034 2041
2038 2034 2042
2042 2041 2043
2042 2043 2044
2042 2044 2045
2044 2046 2045
2044 2047 2046
2044 2048 2047
2048 2049 2047
2047 2050 2046
2042 2051 2038
2045 2051 2042
2051 2045 2052
2045 2053 2052
2045 2046 2053
2050 2053 2046
2051 2054 2038
2055 2038 2054
2038 2055 2056
2057 2058 2059
2057 2059 2060
2061 2057 2060
2061 2060 2062
2063 2061 2062
2063 2062 2064
2063 2064 2065
2063 2065 2066
2067 2068 2069
2067 2069 2070
2070 2069 2071
2070 2071 2072
2071 2073 2072
2073 2074 2072
2075 2074 2073
2075 2076 2074
2077 2078 2079
2078 2080 2079
2081 2079 2080
2081 2080 2082
2081 2082 2083
2083 2084 2081
2085 2084 2083
2084 2085 2086
2087 2088 2089
2089 2088 2090
2090 2091 2089
2089 2091 2092
2093 2094 2095
2096 2097 2098
2097 2096 2099
2100 2101 2102
2100 2103 2101
2103 2100 2104
2100 2105 2104
2106 2107 2108
2106 2108 2109
2110 2111 2112
2111 2113 2112
2113 2111 2114
2114 2115 2113
2115 2114 2116
2117 2115 2116
2115 2117 2118
2119 2120 2121
2122 2123 2124
2123 2122 2125
2124 2123 2126
2127 2128 2129
2130 2129 2128
2129 2130 2131
2130 2132 2131
2131 2132 2133
2132 2134 2133
2134 2132 2135
2136 2134 2135
2134 2136 2137
2138 2137 2136
2136 2139 2138
2139 2140 2138
2141 2142 2143
2143 2142 2144
2145 2143 2144
2146 2143 2145
2145 2147 2146
2148 2146 2147
2149 2150 2151
2152 2153 2154
2154 2153 2155
2156 2152 2154
2152 2156 2157
2156 2158 2157
2158 2156 2159
2160 2161 2162
2160 2163 2161
2164 2165 2166
2165 2167 2166
2167 2165 2168
2164 2166 2169
2170 2164 2169
2171 2170 2169
2171 2172 2170
2171 2173 2172
2174 2167 2168
2167 2174 2175
2176 2177 2178
2178 2179 2176
2178 2180 2179
2178 2181 2180
2180 2181 2182
2183 2184 2185
2184 2183 2186
2186 2183 2187
2184 2188 2185
2188 2184 2189
2190 2186 2187
2191 2190 2187
2191 2192 2190
2193 2194 2195
2194 2193 2196
2193 2197 2196
2197 2193 2198
2199 2200 2201
2199 2201 2202
2201 2203 2202
2203 2204 2202
2203 2205 2204
2205 2206 2204
2204 2206 2207
2206 2208 2207
2208 2209 2207
2208 2210 2209
2211 2209 2210
2211 2210 2212
2210 2213 2212
2214 2215 2216
2215 2214 2217
2214 2218 2217
2218 2214 2219
2220 2221 2222
2223 2220 2222
2223 2224 2220
2223 2225 2224
2225 2223 2226
2227 2225 2226
2228 2221 2220
2229 2230 2231
2232 2230 2229
2233 2234 2235
2234 2233 2236
2237 2238 2239
2238 2237 2240
2241 2242 2243
2242 2241 2244
2245 2246 2247
2245 2248 2246
2249 2250 2251
2249 2252 2250
2253 2254 2255
2254 2253 2256
2257 2258 2259
2260 2257 2259
2261 2262 2263
2262 2261 2264
2265 2266 2267
2268 2269 2270
2269 2268 2271
2272 2273 2274
2273 2272 2275
2276 2277 2278
2277 2276 2279
2278 2280 2276
2280 2281 2276
2282 2277 2279
2283 2284 2285
2285 2286 2283
2287 2283 2286
2283 2288 2284
2288 2289 2284
2290 2289 2288
2288 2291 2290
2286 2292 2287
2292 2293 2287
2293 2292 2294
2294 2295 2293
2292 2296 2294
2294 2296 2297
2294 2298 2295
2299 2295 2298
2300 2298 2294
2294 2297 2300
2288 2301 2291
2291 2301 2302
2291 2302 2303
2302 2304 2303
2305 2303 2304
2306 2305 2304
2304 2307 2306
2307 2308 2306
2307 2309 2308
2309 2310 2308
2309 2311 2310
2312 2311 2309
2313 2312 2309
2313 2314 2312
2309 2315 2313
2314 2313 2316
2313 2317 2316
2314 2316 2318
2314 2319 2312
2314 2320 2319
2321 2322 2323
2324 2325 2326
2326 2325 2327
2326 2328 2324
2324 2328 2329
2330 2328 2326
2330 2326 2327
2331 2330 2327
2331 2332 2330
2332 2328 2330
2332 2331 2333
2333 2334 2332
2334 2335 2332
2328 2332 2335
2335 2329 2328
2335 2334 2336
2336 2337 2335
2329 2335 2337
2337 2336 2338
2339 2338 2336
2338 2339 2340
2334 2333 2341
2342 2336 2334
2336 2342 2339
2341 2342 2334
2343 2340 2339
2340 2343 2344
2342 2341 2345
2346 2339 2342
2339 2346 2343
2345 2346 2342
2346 2345 2347
2348 2344 2343
2344 2348 2349
2346 2350 2343
2351 2350 2346
2352 2349 2348
2349 2352 2353
2351 2346 2354
2354 2346 2347
2355 2353 2352
2353 2355 2356
2357 2351 2354
2358 2351 2357
2359 2358 2357
2360 2356 2355
2361 2358 2359
2362 2363 2364
2362 2364 2365
2366 2365 2364
2363 2366 2364
2365 2366 2367
2368 2367 2366
2369 2368 2366
2366 2363 2369
2368 2369 2370
2367 2368 2371
2370 2372 2368
2372 2371 2368
2372 2370 2373
2371 2372 2374
2373 2375 2372
2375 2374 2372
2375 2373 2376
2374 2375 2377
2376 2378 2375
2378 2377 2375
2378 2376 2379
2377 2378 2380
2379 2381 2378
2381 2380 2378
2381 2379 2382
2380 2381 2383
2384 2383 2381
2384 2381 2382
2384 2382 2385
2383 2384 2386
2384 2385 2387
2385 2388 2387
2388 2385 2389
2386 2384 2390
2390 2384 2387
2390 2391 2386
2388 2389 2392
2392 2389 2393
2393 2394 2392
2394 2393 2395
2396 2394 2395
2394 2396 2397
2387 2388 2398
2399 2400 2401
2399 2402 2400
2403 2401 2400
2401 2403 2404
2405 2400 2402
2400 2405 2403
2406 2404 2403
2404 2406 2407
2406 2408 2407
2408 2406 2409
2406 2410 2409
2410 2406 2411
2411 2403 2405
2403 2411 2406
2412 2409 2410
2409 2412 2413
2414 2409 2413
2409 2414 2408
2415 2413 2412
2413 2415 2416
2417 2414 2413
2417 2413 2416
2418 2416 2415
2416 2418 2419
2420 2416 2419
2416 2420 2417
2421 2419 2418
2419 2421 2422
2420 2419 2422
2423 2422 2421
2422 2423 2424
2425 2424 2423
2424 2425 2426
2427 2426 2425
2426 2427 2428
2427 2429 2428
2430 2428 2429
2429 2431 2430
2431 2429 2432
2433 2432 2429
2433 2429 2427
2432 2434 2431
2432 2435 2434
2435 2432 2436
2436 2432 2433
2435 2437 2434
2435 2438 2437
2438 2435 2439
2435 2436 2439
2428 2430 2440
2440 2426 2428
2441 2437 2438
2441 2442 2437
2442 2441 2443
2441 2438 2444
2438 2439 2445
2444 2438 2445
2443 2441 2446
2446 2441 2444
2443 2446 2447
2446 2444 2448
2444 2445 2449
2448 2444 2449
2447 2446 2450
2450 2446 2448
2450 2451 2447
2450 2448 2452
2448 2449 2453
2452 2448 2453
2454 2451 2450
2452 2454 2450
2454 2452 2455
2456 2452 2453
2452 2456 2455
2455 2456 2457
2457 2456 2458
2459 2460 2461
2459 2461 2462
2463 2462 2461
2462 2463 2464
2460 2465 2461
2463 2461 2465
2465 2460 2466
2466 2467 2465
2467 2466 2468
2468 2469 2467
2469 2468 2470
2471 2467 2469
2467 2471 2472
2472 2464 2463
2472 2465 2467
2465 2472 2463
2471 2473 2472
2464 2472 2473
2473 2471 2474
2475 2474 2471
2474 2475 2476
2470 2477 2469
2477 2471 2469
2471 2477 2475
2477 2470 2478
2479 2476 2475
2476 2479 2480
2481 2480 2479
2480 2481 2482
2483 2475 2477
2475 2483 2479
2478 2483 2477
2483 2478 2484
2485 2482 2481
2482 2485 2486
2487 2486 2485
2486 2487 2488
2489 2488 2487
2488 2489 2490
2479 2491 2481
2491 2479 2483
2484 2491 2483
2491 2484 2492
2481 2493 2485
2493 2481 2491
2492 2493 2491
2493 2492 2494
2485 2495 2487
2495 2485 2493
2494 2495 2493
2487 2496 2489
2496 2487 2495
2497 2489 2496
2489 2497 2498
2497 2499 2498
2500 2498 2499
2500 2489 2498
2500 2490 2489
2499 2497 2501
2502 2501 2497
2501 2502 2503
2503 2504 2501
2504 2503 2505
2505 2506 2504
2505 2507 2506
2507 2508 2506
2507 2509 2508
2507 2510 2509
2506 2511 2504
2511 2501 2504
2501 2511 2499
2512 2511 2506
2497 2513 2502
2514 2512 2506
2514 2506 2508
2509 2515 2508
2516 2514 2508
2516 2508 2515
2516 2515 2517
2518 2516 2517
2518 2517 2519
2518 2519 2520
2520 2519 2521
2520 2521 2522
2513 2497 2496
2496 2523 2513
2523 2496 2495
2495 2494 2523
2524 2525 2526
2527 2526 2525
2526 2527 2528
2529 2528 2527
2528 2529 2530
2529 2531 2530
2531 2529 2532
2532 2533 2531
2533 2532 2534
2534 2535 2533
2535 2534 2536
2536 2537 2535
2537 2536 2422
2422 2538 2537
2538 2422 2424
2424 2539 2538
2539 2424 2426
2426 2440 2539
2540 2541 2542
2543 2540 2542
2540 2544 2541
2544 2540 2545
2543 2545 2540
2545 2543 2546
2547 2544 2545
2546 2547 2545
2544 2547 2548
2547 2546 2549
2550 2547 2549
2547 2550 2551
2551 2548 2547
2548 2551 2552
2553 2551 2550
2551 2553 2554
2554 2552 2551
2555 2554 2553
2554 2555 2556
2557 2556 2555
2556 2557 2558
2559 2558 2557
2558 2559 2560
2560 2559 2561
2562 2563 2564
2562 2564 2565
2566 2567 2568
2566 2569 2567
2567 2570 2568
2570 2567 2571
2569 2571 2567
2571 2569 2572
2573 2570 2571
2572 2573 2571
2570 2573 2574
2573 2572 2575
2576 2574 2573
2575 2576 2573
2574 2576 2577
2576 2575 2578
2579 2577 2576
2578 2579 2576
2577 2579 2580
2581 2580 2579
2580 2581 2582
2583 2582 2581
2582 2583 2584
2585 2584 2583
2584 2585 2586
2587 2586 2585
2579 2578 2588
2583 2589 2585
2590 2585 2589
2585 2590 2591
2591 2587 2585
2592 2587 2591
2592 2591 2590
2589 2583 2593
2581 2593 2583
2594 2589 2593
2594 2595 2589
2595 2590 2589
2593 2581 2596
2579 2596 2581
2596 2579 2588
2597 2598 2594
2599 2600 2601
2600 2599 2602
2602 2603 2600
2603 2602 2604
2605 2602 2599
2602 2605 2606
2606 2604 2602
2604 2606 2607
2608 2609 2610
2608 2610 2611
2612 2611 2610
2610 2613 2612
2613 2610 2614
2610 2615 2614
2615 2610 2616
2610 2609 2616
2611 2612 2617
2618 2614 2615
2614 2618 2619
2619 2613 2614
2613 2619 2620
2621 2619 2618
2619 2621 2622
2622 2620 2619
2620 2622 2623
2624 2611 2617
2622 2621 2625
2623 2622 2625
2626 2627 2628
2629 2630 2631
2630 2629 2632
2633 2630 2632
2630 2633 2634
2635 2636 2637
2636 2635 2638
2638 2639 2636
2639 2638 2640
2637 2641 2635
2641 2637 2642
2640 2643 2639
2643 2640 2644
2645 2640 2638
2640 2645 2646
2646 2644 2640
2638 2647 2645
2647 2638 2635
2644 2646 2648
2642 2649 2641
2649 2642 2650
2644 2651 2643
2651 2644 2652
2648 2652 2644
2652 2648 2653
2654 2641 2649
2635 2654 2647
2654 2635 2641
2650 2655 2649
2655 2650 2656
2651 2652 2657
2657 2652 2653
2658 2649 2655
2654 2649 2658
2658 2655 2659
2655 2656 2660
2655 2660 2661
2659 2655 2661
2661 2660 2662
2661 2662 2663
2664 2661 2663
2659 2661 2664
2665 2500 2666
2665 2490 2500
2667 2668 2669
2668 2667 2670
2671 2670 2667
2670 2671 2672
2673 2674 2675
2674 2673 2676
2677 2676 2673
2676 2677 2678
2679 2680 2681
2680 2679 2682
2683 2682 2679
2682 2683 2684
2685 2686 2687
2685 2688 2686
2688 2685 2689
2690 2686 2688
2687 2691 2685
2689 2685 2691
2691 2687 2692
2691 2692 2693
2689 2691 2694
2694 2691 2695
2696 2697 2698
2697 2696 2699
2700 2696 2698
2699 2701 2697
2701 2699 2702
2702 2703 2701
2703 2702 2704
2703 2704 2705
2705 2704 2706
2707 2705 2706
2707 2706 2708
2709 2710 2711
2709 2712 2710
2713 2711 2710
2711 2713 2714
2715 2710 2712
2710 2715 2713
2713 2716 2714
2717 2713 2715
2713 2717 2718
2718 2716 2713
2716 2718 2719
2720 2719 2718
2717 2720 2718
2720 2717 2721
2722 2719 2720
2722 2720 2723
2721 2723 2720
2724 2722 2723
2724 2723 2725
2725 2726 2724
2727 2728 2729
2730 2729 2728
2728 2727 2731
2731 2732 2728
2733 2728 2732
2730 2728 2733
2734 2730 2733
2735 2733 2732
2734 2733 2735
2736 2734 2735
2731 2727 2737
2735 2732 2738
2739 2735 2738
2736 2735 2739
2740 2739 2738
2738 2732 2741
2742 2736 2739
2742 2739 2740
2740 2738 2743
2738 2741 2743
2731 2737 2744
2745 2732 2731
2745 2741 2732
2744 2745 2731
2746 2741 2745
2737 2747 2748
2737 2748 2749
2737 2749 2750
2737 2727 2747
2727 2729 2747
2751 2750 2752
2753 2754 2755
2756 2755 2754
2753 2757 2754
2757 2753 2758
2759 2757 2758
2757 2759 2760
2761 2760 2759
2755 2756 2762
2763 2762 2756
2764 2757 2760
2761 2764 2760
2757 2764 2765
2765 2754 2757
2766 2765 2764
2764 2761 2766
2765 2766 2767
2754 2765 2768
2767 2768 2765
2768 2767 2769
2763 2756 2770
2763 2770 2771
2769 2772 2768
2772 2769 2773
2773 2774 2772
2770 2756 2774
2774 2756 2772
2772 2756 2754
2772 2754 2768
2774 2773 2775
2776 2774 2775
2776 2770 2774
2777 2770 2776
2777 2771 2770
2777 2778 2771
2777 2776 2779
2779 2778 2777
2780 2778 2779
2781 2780 2779
2781 2782 2780
2783 2782 2781
2783 2781 2784
2785 2783 2784
2786 2785 2784
2786 2787 2785
2788 2787 2786
2788 2789 2787
2789 2788 2790
2789 2790 2791
2792 2793 2794
2795 2796 2797
2796 2795 2798
2797 2799 2795
2799 2797 2800
2798 2801 2796
2801 2798 2802
2800 2803 2799
2803 2800 2804
2797 2796 2805
2805 2800 2797
2806 2801 2802
2800 2805 2807
2807 2804 2800
2804 2807 2808
2809 2796 2801
2805 2796 2809
2803 2804 2810
2804 2808 2810
2811 2808 2807
2808 2811 2812
2810 2808 2812
2813 2801 2806
2813 2809 2801
2814 2807 2805
2807 2814 2811
2809 2814 2805
2814 2809 2815
2813 2815 2809
2815 2813 2816
2817 2818 2819
2817 2820 2818
2821 2820 2817
2820 2821 2822
2823 2822 2821
2822 2823 2824
2825 2824 2823
2824 2825 2826
2825 2827 2826
2826 2827 2828
2828 2824 2826
2824 2828 2829
2830 2824 2829
2824 2830 2822
2830 2820 2822
2820 2830 2831
2832 2818 2820
2818 2832 2833
2833 2832 2834
2820 2835 2832
2835 2820 2831
2836 2837 2838
2839 2840 2841
2841 2840 2842
2840 2843 2842
2843 2844 2842
2842 2844 2845
2844 2846 2845
2847 2845 2846
2848 2414 2849
2408 2414 2848
2850 2851 2852
2851 2853 2852
2851 2850 2854
2850 2855 2854
2856 2851 2854
2856 2853 2851
2857 2853 2856
2858 2857 2856
2854 2858 2856
2857 2858 2859
2860 2859 2858
2861 2860 2858
2858 2854 2861
2855 2861 2854
2860 2861 2862
2863 2862 2861
2855 2863 2861
2862 2863 2864
2864 2865 2862
2865 2864 2866
2859 2860 2867
2862 2868 2860
2868 2862 2865
2868 2867 2860
2866 2869 2865
2869 2866 2870
2867 2868 2871
2872 2865 2869
2865 2872 2868
2872 2871 2868
2871 2872 2873
2870 2874 2869
2874 2870 2875
2872 2869 2876
2877 2872 2876
2875 2878 2874
2878 2875 2879
2877 2880 2872
2880 2873 2872
2879 2881 2878
2881 2879 2882
2883 2880 2877
2884 2883 2877
2885 2883 2884
2886 2881 2882
2887 2885 2884
2888 2889 2890
2888 2891 2889
2891 2892 2889
2892 2890 2889
2892 2891 2893
2893 2894 2892
2894 2895 2892
2890 2892 2895
2895 2894 2896
2894 2893 2897
2898 2896 2894
2897 2898 2894
2896 2898 2899
2898 2897 2900
2901 2899 2898
2900 2901 2898
2899 2901 2902
2901 2900 2903
2904 2902 2901
2902 2904 2905
2901 2906 2904
2906 2901 2903
2907 2905 2904
2906 2907 2904
2905 2907 2908
2907 2906 2909
2909 2910 2907
2910 2908 2907
2910 2911 2908
2910 2909 2912
2910 2913 2911
2914 2911 2913
2911 2914 2915
2912 2916 2910
2916 2913 2910
2916 2912 2917
2914 2918 2915
2918 2919 2915
2920 2919 2918
2919 2920 2921
2922 2921 2920
2920 2923 2922
2913 2924 2914
2925 2926 2927
2925 2927 2928
2926 2929 2927
2929 2926 2930
2927 2931 2928
2931 2927 2929
2930 2932 2929
2932 2930 2933
2934 2932 2933
2932 2934 2935
2936 2932 2935
2932 2936 2937
2929 2937 2931
2937 2929 2932
2935 2938 2936
2938 2935 2939
2940 2935 2934
2935 2940 2939
2939 2941 2938
2941 2939 2942
2943 2939 2940
2943 2942 2939
2942 2944 2941
2944 2942 2945
2946 2942 2943
2942 2946 2945
2945 2947 2944
2947 2945 2948
2946 2948 2945
2948 2949 2947
2949 2948 2950
2950 2951 2949
2951 2950 2952
2952 2953 2951
2953 2952 2954
2953 2954 2955
2954 2956 2955
2957 2955 2956
2955 2957 2958
2959 2955 2958
2959 2953 2955
2958 2957 2960
2958 2960 2961
2961 2962 2958
2962 2959 2958
2961 2960 2963
2961 2963 2964
2964 2965 2961
2961 2965 2962
2956 2954 2966
2952 2966 2954
2967 2964 2963
2967 2963 2968
2968 2969 2967
2967 2970 2964
2964 2971 2965
2970 2971 2964
2969 2972 2967
2972 2970 2967
2969 2973 2972
2972 2974 2970
2970 2975 2971
2974 2975 2970
2973 2976 2972
2976 2974 2972
2976 2973 2977
2976 2978 2974
2974 2979 2975
2978 2979 2974
2980 2976 2977
2978 2976 2980
2980 2981 2978
2982 2979 2978
2978 2981 2982
2981 2983 2982
2983 2984 2982
2985 2986 2987
2985 2988 2986
2988 2989 2986
2989 2988 2990
2991 2987 2986
2989 2991 2986
2987 2991 2992
2993 2992 2991
2992 2993 2994
2995 2994 2993
2994 2995 2996
2993 2997 2995
2997 2993 2998
2990 2998 2989
2998 2991 2989
2991 2998 2993
2999 2997 2998
2998 2990 2999
2997 2999 3000
3000 3001 2997
3001 3000 3002
3003 2996 2995
3003 2997 3001
2997 3003 2995
2996 3003 3004
3002 3005 3001
3005 3002 3006
3006 3007 3005
3007 3006 3008
3009 3001 3005
3001 3009 3003
3009 3004 3003
3004 3009 3010
3008 3011 3007
3011 3008 3012
3012 3013 3011
3013 3012 3014
3014 3015 3013
3015 3014 3016
3005 3017 3009
3017 3005 3007
3017 3010 3009
3010 3017 3018
3007 3019 3017
3019 3007 3011
3019 3018 3017
3018 3019 3020
3011 3021 3019
3021 3011 3013
3021 3020 3019
3013 3022 3021
3022 3013 3015
3015 3023 3022
3023 3015 3024
3025 3023 3024
3026 3025 3024
3026 3024 3015
3026 3015 3016
3023 3025 3027
3027 3028 3023
3028 3027 3029
3030 3029 3027
3029 3030 3031
3031 3030 3032
3031 3032 3033
3033 3032 3034
3033 3034 3035
3033 3035 3036
3032 3030 3037
3037 3027 3025
3027 3037 3030
3038 3032 3037
3039 3023 3028
3023 3039 3022
3040 3032 3038
3040 3034 3032
3035 3034 3041
3042 3022 3039
3022 3042 3021
3020 3021 3042
3043 3034 3040
3043 3041 3034
3043 3044 3041
3045 3044 3043
3045 3046 3044
3045 3047 3046
3047 3048 3046
3047 3049 3048
3050 3051 3052
3051 3053 3052
3053 3051 3054
3054 3055 3053
3055 3054 3056
3057 3055 3056
3055 3057 3058
3059 3058 3057
3058 3059 3060
3061 3060 3059
3060 3061 3062
3063 3062 3061
3062 3063 2948
3064 2948 3063
2948 3064 2950
3065 2950 3064
2950 3065 2952
2966 2952 3065
3066 3067 3068
3069 3067 3066
3070 3066 3068
3066 3070 3071
3071 3069 3066
3069 3071 3072
3070 3073 3071
3073 3072 3071
3073 3070 3074
3072 3073 3075
3073 3076 3075
3076 3073 3077
3074 3077 3073
3077 3074 3078
3077 3079 3076
3079 3077 3080
3080 3077 3078
3080 3081 3079
3081 3080 3082
3082 3083 3081
3083 3082 3084
3084 3085 3083
3085 3084 3086
3086 3087 3085
3088 3089 3090
3088 3091 3089
3092 3093 3094
3092 3094 3095
3096 3094 3093
3094 3096 3097
3097 3095 3094
3095 3097 3098
3096 3099 3097
3099 3098 3097
3099 3096 3100
3098 3099 3101
3100 3102 3099
3102 3101 3099
3102 3100 3103
3101 3102 3104
3103 3105 3102
3105 3104 3102
3105 3103 3106
3106 3107 3105
3107 3106 3108
3108 3109 3107
3109 3108 3110
3110 3111 3109
3111 3110 3112
3104 3105 3113
3114 3109 3111
3111 3115 3114
3115 3111 3116
3116 3111 3117
3111 3112 3117
3118 3116 3117
3118 3115 3116
3109 3114 3119
3119 3107 3109
3120 3119 3114
3120 3114 3121
3121 3114 3115
3107 3119 3122
3105 3122 3113
3122 3105 3107
3123 3120 3124
3125 3126 3127
3126 3125 3128
3129 3127 3126
3127 3129 3130
3127 3131 3125
3131 3127 3132
3130 3132 3127
3132 3130 3133
3134 3135 3136
3134 3137 3135
3137 3138 3135
3139 3135 3138
3135 3139 3140
3141 3135 3140
3135 3141 3142
3135 3142 3136
3138 3137 3143
3140 3144 3141
3144 3140 3145
3139 3145 3140
3145 3139 3146
3145 3147 3144
3147 3145 3148
3146 3148 3145
3148 3146 3149
3150 3143 3137
3148 3151 3147
3149 3151 3148
3152 3153 3154
3155 3156 3157
3156 3155 3158
3156 3159 3157
3159 3156 3160
3161 3162 3163
3162 3161 3164
3165 3163 3162
3163 3165 3166
3167 3164 3161
3164 3167 3168
3169 3166 3165
3166 3169 3170
3166 3171 3163
3171 3166 3172
3170 3172 3166
3163 3173 3161
3173 3163 3171
3172 3170 3174
3175 3168 3167
3168 3175 3176
3177 3170 3169
3170 3177 3178
3178 3174 3170
3174 3178 3179
3180 3175 3167
3161 3180 3167
3180 3161 3173
3181 3176 3175
3176 3181 3182
3177 3183 3178
3183 3179 3178
3184 3181 3175
3180 3184 3175
3184 3185 3181
3181 3186 3182
3181 3187 3186
3185 3187 3181
3187 3188 3186
3187 3189 3188
3190 3189 3187
3185 3190 3187
3191 3192 3026
3191 3026 3016
3193 3194 3195
3194 3193 3196
3195 3197 3193
3197 3195 3198
3199 3200 3201
3200 3199 3202
3201 3203 3199
3203 3201 3204
3205 3206 3207
3206 3205 3208
3207 3209 3205
3209 3207 3210
3211 3212 3213
3214 3211 3213
3211 3214 3215
3216 3214 3213
3217 3212 3211
3215 3217 3211
3212 3217 3218
3217 3219 3218
3215 3220 3217
3220 3221 3217
3222 3223 3224
3223 3222 3225
3226 3225 3222
3227 3224 3223
3224 3227 3228
3229 3228 3227
3228 3229 3230
3229 3231 3230
3231 3232 3230
3233 3232 3231
3233 3234 3232
3235 3236 3237
3235 3237 3238
3236 3239 3237
3239 3236 3240
3237 3241 3238
3241 3237 3239
3239 3240 3242
3239 3243 3241
3243 3239 3244
3244 3239 3242
3242 3245 3244
3246 3244 3245
3246 3243 3244
3243 3246 3247
3248 3246 3245
3248 3249 3246
3247 3246 3249
3250 3249 3248
3250 3251 3249
3251 3250 3252
3253 3254 3255
3256 3255 3254
3255 3257 3253
3257 3255 3258
3259 3258 3255
3256 3259 3255
3260 3259 3256
3261 3258 3259
3260 3261 3259
3262 3261 3260
3257 3263 3253
3261 3264 3258
3265 3264 3261
3262 3265 3261
3266 3264 3265
3264 3267 3258
3268 3265 3262
3268 3266 3265
3266 3269 3264
3264 3269 3267
3257 3270 3263
3271 3257 3258
3271 3258 3267
3270 3257 3271
3272 3271 3267
3263 3273 3274
3263 3275 3273
3263 3276 3275
3263 3274 3253
3253 3274 3254
3277 3278 3276
3279 3280 3281
3282 3281 3280
3279 3281 3283
3283 3284 3279
3283 3285 3284
3285 3283 3286
3287 3285 3286
3280 3288 3282
3289 3282 3288
3283 3290 3286
3287 3286 3290
3290 3283 3291
3281 3291 3283
3291 3292 3290
3290 3292 3287
3292 3291 3293
3291 3281 3294
3294 3293 3291
3293 3294 3295
3289 3296 3282
3289 3297 3296
3298 3295 3294
3295 3298 3299
3300 3299 3298
3296 3300 3282
3300 3298 3282
3298 3281 3282
3298 3294 3281
3299 3300 3301
3302 3301 3300
3302 3300 3296
3303 3302 3296
3303 3296 3297
3303 3297 3304
3303 3305 3302
3305 3303 3304
3306 3305 3304
3307 3305 3306
3307 3306 3308
3309 3307 3308
3309 3310 3307
3311 3310 3309
3312 3310 3311
3312 3311 3313
3314 3312 3313
3314 3313 3315
3315 3316 3314
3315 3317 3316
3318 3319 3320
3321 3322 3323
3322 3321 3324
3325 3323 3322
3323 3325 3326
3324 3321 3327
3327 3328 3324
3329 3326 3325
3326 3329 3330
3323 3331 3321
3326 3331 3323
3332 3328 3327
3331 3326 3333
3330 3333 3326
3333 3330 3334
3335 3327 3321
3331 3335 3321
3329 3336 3330
3330 3336 3334
3334 3337 3333
3337 3334 3338
3336 3338 3334
3339 3332 3327
3339 3327 3335
3340 3333 3337
3333 3340 3331
3340 3335 3331
3335 3340 3341
3341 3339 3335
3339 3341 3342
3343 3344 3345
3343 3345 3346
3346 3347 3343
3347 3346 3348
3348 3349 3347
3349 3348 3350
3350 3351 3349
3351 3350 3352
3351 3352 3353
3352 3354 3353
3350 3354 3352
3354 3350 3355
3350 3356 3355
3356 3350 3348
3346 3356 3348
3356 3346 3357
3345 3358 3346
3358 3345 3359
3359 3360 3358
3346 3358 3361
3361 3357 3346
3362 3363 3364
3365 3366 3367
3366 3368 3367
3367 3368 3369
3369 3368 3370
3368 3371 3370
3370 3371 3372
3373 3372 3371
3374 3375 2940
2934 3374 2940
3376 3377 3378
3377 3379 3378
3379 3377 3380
3381 3379 3380
3379 3381 3382
3382 3381 3383
3382 3383 3384
3385 3376 3378
3376 3385 3386
3387 3386 3385
3386 3387 3388
3388 3389 3386
3389 3388 3390
3391 3386 3389
3386 3391 3376
3391 3392 3376
3392 3391 3393
3390 3394 3389
3394 3390 3395
3396 3389 3394
3389 3396 3391
3397 3391 3396
3391 3397 3393
3398 3393 3397
3399 3398 3397
3396 3399 3397
3398 3399 3400
3401 3398 3400
3401 3400 3402
3398 3401 3403
3401 3402 3404
3394 3405 3396
3399 3396 3405
3405 3394 3406
3406 3407 3405
3407 3406 3408
3409 3405 3407
3405 3409 3399
3399 3409 3410
3400 3399 3410
3406 3411 3408
3411 3406 3412
3412 3406 3394
3412 3413 3411
3413 3412 3414
3415 3413 3414
3413 3415 3416
3414 3417 3415
3417 3414 3418
3412 3418 3414
3415 3419 3416
3419 3415 3420
3415 3421 3420
3421 3415 3417
3418 3412 3422
3422 3412 3394
3423 3420 3421
3420 3423 3424
3425 3424 3423
3424 3425 3426
3425 3427 3426
3426 3427 3428
3428 3424 3426
3424 3428 3429
3429 3420 3424
3420 3429 3419
3430 3431 3432
3433 3431 3430
3434 3433 3430
3432 3431 3435
3436 3432 3435
3435 3437 3436
3437 3438 3436
3431 3439 3435
3440 3437 3435
3440 3441 3437
3441 3442 3437
3437 3442 3438
3442 3441 3443
3441 3444 3443
3444 3445 3443
3445 3442 3443
3445 3444 3446
3446 3447 3445
3445 3447 3448
3449 3448 3447
3450 3449 3447
3451 3449 3450
3452 3451 3450
3451 3453 3449
3453 3451 3454
3454 3451 3455
3455 3456 3454
3456 3455 3457
3457 3458 3456
3458 3457 3459
3460 3458 3459
3458 3460 3461
3462 3461 3460
3461 3462 3463
3464 3463 3462
3463 3464 3465
3466 3465 3464
3465 3466 3467
3454 3456 3468
3458 3468 3456
3469 3458 3461
3458 3469 3470
3458 3470 3468
3461 3471 3469
3471 3461 3463
3463 3472 3471
3472 3463 3465
3465 3473 3472
3473 3465 3474
3474 3475 3473
3475 3474 3476
3477 3475 3476
3477 3476 3478
3467 3478 3476
3478 3467 3466
3479 3480 3481
3481 3480 3482
3482 3483 3481
3482 3484 3483
3484 3482 3485
3485 3486 3484
3485 3487 3486
3479 3488 3480
3488 3479 3489
3490 3489 3479
3489 3490 3491
3492 3490 3479
3490 3492 3493
3494 3493 3492
3493 3494 3495
3494 3496 3495
3495 3497 3493
3497 3495 3498
3499 3498 3495
3496 3499 3495
3498 3499 3500
3501 3493 3497
3493 3501 3490
3501 3491 3490
3491 3501 3502
3503 3491 3502
3504 3491 3503
3504 3489 3491
3505 3489 3504
3506 3499 3496
3500 3499 3506
3507 3506 3496
3507 3508 3506
3507 3509 3508
3509 3507 3510
3510 3511 3509
3512 3500 3506
3512 3513 3500
3514 3513 3512
3515 3505 3504
3505 3515 3516
3517 3516 3515
3515 3518 3517
3518 3515 3519
3516 3517 3520
3521 3517 3518
3517 3521 3522
3522 3520 3517
3520 3522 3523
3504 3519 3515
3519 3504 3503
3524 3522 3521
3522 3524 3525
3525 3523 3522
3523 3525 3526
3527 3525 3524
3525 3527 3528
3529 3528 3527
3528 3529 3530
3531 3528 3530
3528 3531 3532
3525 3532 3526
3532 3525 3528
3530 3533 3531
3533 3530 3534
3534 3535 3533
3535 3534 3536
3536 3537 3535
3537 3536 3538
3534 3539 3536
3539 3534 3540
3540 3530 3529
3530 3540 3534
3536 3541 3538
3541 3536 3539
3538 3542 3537
3542 3538 3543
3541 3543 3538
3543 3544 3542
3544 3543 3545
3546 3545 3543
3543 3541 3546
3545 3546 3547
3547 3548 3545
3548 3544 3545
3548 3547 3549
3549 3550 3548
3550 3551 3548
3544 3548 3551
3551 3550 3552
3550 3549 3553
3554 3550 3553
3552 3550 3554
3555 3556 3557
3558 3555 3557
3559 3555 3558
3556 3560 3557
3561 3560 3556
3560 3561 3562
3557 3560 3563
3564 3560 3562
3564 3562 3441
3444 3441 3562
3562 3565 3444
3562 3561 3565
3444 3565 3566
3567 3564 3441
3567 3441 3440
3446 3444 3566
3446 3566 3568
3568 3569 3446
3568 3570 3569
3571 3569 3570
3572 3571 3570
3572 3573 3571
3447 3446 3569
3450 3447 3569
3574 3450 3569
3571 3574 3569
3574 3575 3450
3575 3574 3576
3571 3576 3574
3576 3571 3573
3577 3575 3576
3575 3577 3578
3578 3577 3579
3578 3579 3580
3580 3579 3581
3581 3582 3580
3581 3583 3582
3583 3581 3584
3584 3585 3583
3585 3584 3586
3587 3585 3586
3585 3587 3588
3589 3588 3587
3588 3589 3590
3591 3590 3589
3590 3591 3592
3593 3592 3591
3583 3594 3582
3580 3582 3594
3594 3583 3595
3585 3595 3583
3595 3585 3596
3585 3597 3596
3597 3585 3588
3588 3598 3597
3598 3588 3590
3590 3599 3598
3599 3590 3592
3593 3599 3592
3600 3601 3602
3601 3600 3603
3604 3603 3600
3603 3604 3605
3606 3604 3600
3604 3606 3607
3608 3607 3606
3607 3608 3609
3606 3610 3608
3610 3606 3611
3611 3600 3602
3600 3611 3606
3612 3609 3608
3609 3612 3613
3614 3613 3612
3613 3614 3615
3616 3614 3612
3608 3616 3612
3616 3608 3610
3614 3616 3617
3618 3615 3614
3617 3618 3614
3615 3618 3619
3618 3617 3620
3621 3618 3620
3618 3621 3622
3622 3619 3618
3619 3622 3623
3624 3622 3621
3622 3624 3625
3626 3622 3625
3622 3626 3623
3627 3626 3625
3626 3627 3628
3629 3625 3624
3625 3629 3627
3627 3630 3628
3631 3630 3627
3629 3631 3627
3628 3630 3632
3630 3633 3632
3629 3634 3631
3635 3636 3637
3636 3635 3638
3639 3636 3638
3636 3639 3640
3641 3636 3640
3636 3641 3642
3642 3637 3636
3637 3642 3643
3637 3605 3635
3605 3637 3603
3643 3603 3637
3603 3643 3601
3644 3640 3639
3640 3644 3645
3646 3645 3644
3645 3646 3647
3646 3648 3647
3647 3648 3649
3649 3645 3647
3645 3649 3650
3640 3650 3641
3650 3640 3645
3651 3652 3653
3652 3651 3654
3655 3653 3652
3653 3655 3656
3651 3657 3654
3657 3651 3658
3658 3659 3657
3659 3658 3660
3660 3661 3659
3661 3660 3662
3663 3656 3655
3656 3663 3664
3665 3664 3663
3664 3665 3666
3667 3666 3665
3668 3669 3670
3669 3668 3671
3672 3671 3668
3671 3672 3673
3674 3673 3672
3673 3674 3675
3676 3675 3674
3675 3676 3677
3678 3677 3676
3677 3678 3679
3679 3678 3680
3678 3681 3680
3680 3681 3682
3683 3670 3669
3670 3683 3684
3685 3684 3683
3684 3685 3686
3687 3686 3685
3688 3689 3690
3691 3692 3403
3691 3393 3692
3691 3392 3393
3691 3403 3693
3694 3693 3403
3693 3694 3695
3695 3694 3696
3692 3398 3403
3393 3398 3692
3403 3401 3697
3401 3698 3697
3698 3401 3404
3698 3404 3699
3404 3700 3699
3701 3702 3703
3702 3701 3704
3705 3701 3703
3706 3703 3702
3703 3706 3707
3707 3705 3703
3705 3707 3708
3709 3708 3707
3707 3710 3709
3708 3709 3711
3708 3711 3712
3713 3707 3706
3707 3713 3710
3714 3710 3713
3710 3714 3715
3715 3709 3710
3716 3715 3714
3715 3716 3717
3717 3718 3715
3718 3711 3709
3709 3715 3718
3718 3717 3719
3720 3717 3716
3717 3720 3721
3721 3719 3717
3720 3722 3721
3723 3721 3722
3721 3723 3724
3719 3721 3724
3725 3723 3722
3723 3725 3726
3727 3726 3725
3726 3727 3728
3729 3728 3727
3728 3729 3730
3731 3730 3729
3730 3731 3732
3733 3732 3731
3732 3733 3734
3728 3735 3726
3726 3735 3723
3732 3736 3730
3736 3732 3737
3734 3737 3732
3737 3734 3738
3739 3738 3734
3733 3739 3734
3738 3739 3740
3741 3740 3739
3741 3739 3742
3739 3733 3742
3728 3743 3735
3743 3730 3736
3730 3743 3728
3744 3704 3745
3746 3744 3745
3747 3704 3744
3702 3704 3747
3744 3746 3748
3749 3748 3746
3748 3749 3750
3749 3751 3750
3704 3701 3745
3752 3753 3754
3755 3752 3754
3752 3755 3756
3754 3757 3755
3755 3758 3756
3758 3759 3756
3760 3758 3755
3757 3760 3755
3758 3760 3761
3758 3761 3762
3759 3758 3762
3759 3762 3763
3762 3761 3764
3762 3764 3765
3762 3765 3763
3765 3766 3763
3765 3764 3767
3768 3765 3767
3765 3768 3766
3768 3769 3766
3770 3768 3767
3770 3771 3768
3768 3771 3769
3771 3772 3769
3771 3773 3772
3774 3773 3771
3774 3771 3770
3773 3774 3775
3773 3776 3772
3776 3773 3777
3773 3775 3777
3777 3775 3778
3776 3777 3779
3779 3777 3780
3777 3778 3780
3781 3780 3778
3780 3781 3782
3782 3783 3780
3779 3780 3783
3783 3782 3784
3785 3784 3782
3784 3785 3786
3782 3787 3785
3787 3782 3781
3788 3785 3787
3785 3788 3789
3789 3786 3785
3788 3790 3789
3790 3791 3789
3786 3789 3791
3791 3790 3792
3790 3788 3793
3793 3794 3790
3794 3792 3790
3794 3793 3795
3796 3794 3795
3796 3797 3794
3792 3794 3797
3798 3799 3800
3799 3801 3800
3801 3799 3802
3802 3803 3801
3803 3802 3804
3805 3803 3804
3803 3805 3806
3807 3806 3805
3806 3807 3808
3808 3807 3809
3810 3808 3809
3810 3809 3811
3812 3813 3814
3813 3812 3815
3815 3816 3813
3816 3815 3817
3812 3814 3818
3817 3819 3816
3819 3817 3820
3820 3821 3819
3821 3820 3822
3823 3821 3822
3824 3825 3826
3825 3824 3827
3828 3827 3824
3827 3828 3829
3828 3830 3829
3830 3828 3831
3825 3832 3826
3825 3833 3832
3833 3834 3832
3833 3835 3834
3835 3836 3834
3835 3837 3836
3835 3838 3837
3839 3836 3837
3836 3839 3840
3839 3841 3840
3842 3840 3841
3841 3843 3842
3843 3844 3842
3843 3845 3844
3845 3846 3844
3846 3845 3847
3847 3848 3846
3848 3847 3849
3850 3848 3849
3848 3850 3851
3852 3851 3850
3851 3852 3853
3854 3853 3852
3853 3854 3855
3856 3855 3854
3855 3856 3857
3858 3857 3856
3857 3858 3859
3860 3859 3858
3861 3862 3863
3864 3863 3862
3863 3864 3865
3864 3866 3865
3866 3864 3867
3867 3868 3866
3868 3867 3869
3830 3868 3869
3868 3830 3831
3870 3871 3872
3871 3873 3872
3873 3871 3874
3871 3875 3874
3875 3871 3876
3876 3871 3870
3875 3877 3874
3874 3877 3878
3873 3874 3878
3873 3878 3879
3878 3880 3879
3880 3878 3881
3877 3881 3878
3881 3877 3882
3877 3883 3882
3883 3877 3884
3875 3884 3877
3881 3885 3880
3885 3881 3886
3886 3887 3885
3887 3888 3885
3889 3888 3887
3888 3889 3890
3891 3890 3889
3881 3892 3886
3892 3881 3882
3892 3887 3886
3892 3893 3887
3894 3893 3892
3882 3894 3892
3894 3882 3883
3893 3894 3895
3895 3896 3893
3895 3897 3896
3897 3898 3896
3899 3900 3901
3902 3901 3900
3899 3901 3903
3904 3899 3903
3904 3905 3899
3905 3904 3906
3905 3906 3907
3908 3907 3906
3908 3909 3907
3909 3908 3910
3910 3911 3909
3911 3910 3912
3913 3911 3912
3912 3914 3913
3915 3913 3914
3914 3916 3915
3916 3917 3915
3918 3919 3920
3918 3921 3919
3921 3918 3922
3923 3919 3921
3919 3923 3924
3925 3919 3924
3919 3925 3920
3926 3921 3922
3921 3926 3927
3928 3921 3927
3921 3928 3923
3929 3927 3926
3927 3930 3928
3929 3930 3927
3931 3920 3925
3925 3932 3931
3925 3924 3932
3931 3932 3933
3932 3934 3933
3932 3924 3934
3929 3935 3930
3929 3936 3935
3936 3937 3935
3938 3923 3928
3928 3939 3938
3939 3928 3940
3930 3940 3928
3940 3941 3939
3939 3941 3942
3939 3942 3943
3938 3939 3943
3941 3944 3942
3934 3945 3933
3946 3945 3934
3945 3946 3947
3946 3948 3947
3946 3938 3948
3938 3949 3948
3923 3938 3946
3946 3924 3923
3924 3946 3934
3950 3951 3952
3950 3953 3951
3954 3951 3953
3955 3954 3953
3955 3956 3954
3955 3957 3956
3958 3956 3957
3959 3958 3957
3960 3958 3959
3960 3959 3961
3962 3960 3961
3960 3962 3963
3964 3963 3962
3950 3952 3965
3966 3950 3965
3967 3966 3965
3968 3969 3970
3971 3970 3969
3970 3971 3972
3971 3973 3972
3973 3971 3974
3968 3975 3969
3975 3968 3976
3977 3969 3975
3969 3977 3971
3977 3974 3971
3974 3977 3978
3979 3977 3975
3977 3979 3978
3979 3980 3978
3981 3970 3972
3982 3970 3981
3972 3973 3983
3981 3972 3983
3984 3981 3983
3984 3985 3981
3981 3985 3982
3986 3975 3976
3987 3975 3986
3979 3975 3987
3980 3979 3988
3989 3988 3979
3989 3979 3987
3986 3989 3987
3990 3980 3988
3990 3988 3991
3992 3986 3976
3992 3993 3986
3976 3994 3992
3994 3976 3968
3970 3994 3968
3994 3970 3982
3989 3986 3995
3993 3995 3986
3996 3997 3998
3997 3999 3998
4000 3996 3998
4000 3998 4001
4002 3996 4000
4000 4003 4002
4001 4004 4000
4004 4003 4000
4003 4005 4002
4004 4006 4003
4005 4003 4007
4006 4007 4003
4008 4005 4007
4008 4007 4009
3998 4010 4001
3999 4011 3998
4011 4010 3998
4012 4011 3999
4013 4014 4015
4013 4016 4014
4016 4017 4014
4016 4018 4017
4019 4013 4015
4020 4019 4015
4019 4020 4021
4022 4021 4020
4017 4018 4023
4024 4017 4023
4024 4023 4025
4026 4027 4028
4027 4026 4029
4028 4030 4026
4030 4028 4031
4032 4028 4027
4028 4032 4033
4033 4031 4028
4031 4033 4034
4035 4034 4033
4033 4036 4035
4036 4033 4032
4036 4037 4035
4037 4036 4038
4038 4039 4037
4040 4026 4030
4026 4041 4029
4041 4026 4040
4041 4040 4042
4043 4044 4045
4044 4043 4046
4047 4045 4044
4045 4047 4048
4049 4048 4047
4048 4049 4050
4049 4051 4050
4051 4049 4052
4052 4053 4051
4052 4054 4053
4054 4052 4055
4056 4046 4043
4046 4056 4057
4058 4057 4056
4059 4060 4061
4060 4059 4062
4062 4063 4060
4063 4062 4064
4063 4064 4065
4065 4066 4063
4065 4067 4066
4061 4068 4059
4068 4061 4069
4068 4069 4070
4071 4072 4073
4072 4071 4074
4073 4075 4071
4075 4073 4076
4074 4077 4072
4077 4074 4078
4079 4077 4078
4075 4076 4080
4075 4080 4081
4081 4080 4082
4081 4082 4083
4083 4082 4084
4084 4085 4083
4086 4087 4088
4086 4089 4087
4089 4086 4090
4090 4091 4089
4091 4090 4092
4093 4091 4092
4087 4094 4088
4088 4094 4095
4095 4094 4096
4097 4098 4099
4100 4099 4098
4101 4100 4098
4099 4100 4102
4102 4103 4099
4104 4099 4103
4097 4099 4104
4103 4102 4105
4106 4103 4105
4107 4098 4097
4107 4108 4098
4108 4101 4098
4109 4101 4108
4107 4110 4108
4110 4107 4111
4097 4111 4107
4111 4112 4110
4112 4111 4113
4114 4113 4111
4113 4114 4115
4116 4110 4112
4110 4116 4117
4117 4108 4110
4117 4109 4108
4118 4109 4117
4118 4117 4116
4111 4097 4114
4119 4114 4097
4114 4119 4120
4119 4097 4104
4121 4122 4123
4122 4121 4124
4125 4121 4123
4121 4125 4126
4127 4122 4124
4125 4128 4126
4125 4129 4128
4130 4131 4132
4131 4130 4133
4134 4133 4130
4133 4134 4135
4136 4131 4133
4131 4136 4137
4133 4138 4136
4138 4133 4135
4139 4132 4131
4137 4139 4131
4132 4139 4140
4141 4140 4139
4142 4141 4139
4139 4137 4142
4141 4142 4143
4140 4141 4144
4143 4145 4141
4145 4144 4141
4145 4143 4146
4146 4147 4145
4147 4146 4148
4148 4149 4147
4149 4148 4150
4151 4147 4149
4147 4151 4152
4152 4145 4147
4145 4152 4153
4144 4145 4153
4149 4154 4151
4154 4149 4155
4150 4155 4149
3388 4154 4155
4154 3388 3387
4155 4150 4156
4156 3388 4155
4156 4150 4157
4150 4158 4157
4159 4156 4157
4159 4157 4160
4157 4161 4160
4157 4158 4161
4158 4162 4161
4162 4158 4163
4163 4164 4162
4164 4163 4165
4165 4166 4164
4166 4165 4167
4165 4168 4167
4168 4165 4169
4170 4166 4167
4166 4170 4171
4172 4167 4168
4167 4172 4170
4170 4173 4171
4173 4170 4174
4174 4170 4172
4174 4175 4173
4175 4174 4176
4176 4177 4175
4177 4176 4178
4178 4176 4179
4176 4174 4180
4176 4180 4179
4180 4174 4172
4178 4181 4177
4181 4178 4182
4182 4183 4181
4183 4182 4184
4184 4185 4183
4185 4184 4186
4186 4184 4187
4188 4185 4186
4185 4188 4189
4189 4188 4190
4190 4188 4191
4188 4192 4191
4192 4186 4187
4188 4186 4192
4184 4182 4193
4187 4184 4193
4193 4182 4194
4194 4178 4179
4182 4178 4194
4195 4196 4197
4196 4195 4198
4195 4199 4198
4199 4195 4200
4201 4198 4199
4198 4201 4202
4203 4202 4201
4202 4203 4204
4204 4205 4202
4198 4205 4196
4205 4198 4202
4205 4204 4206
4207 4200 4195
4197 4207 4195
4135 4206 4204
4206 4135 4134
4138 4204 4203
4204 4138 4135
4208 4209 4210
4211 4210 4209
4210 4211 4212
4211 4213 4212
4213 4211 4214
4214 4215 4213
4215 4214 4216
4217 4216 4214
4216 4217 4218
4214 4219 4217
4219 4214 4211
4211 4220 4219
4220 4211 4209
4208 4220 4209
4218 4221 4216
4221 4218 4222
4222 4223 4221
4224 4221 4223
4221 4224 4225
4225 4216 4221
4216 4225 4215
4223 4226 4224
4226 4223 4227
4227 4228 4226
4228 4227 4229
4230 4229 4227
4229 4230 4231
4227 4232 4230
4232 4227 4223
4223 4222 4232
4229 4233 4228
4233 4229 4234
4231 4234 4229
4234 4231 4235
4236 4234 4235
4234 4236 4237
4234 4238 4233
4238 4234 4239
4240 4238 4239
4240 4241 4238
4241 4240 4242
4237 4243 4244
4244 4243 4245
4246 4247 4248
4246 4249 4247
4250 4251 4252
4251 4250 4253
4254 4250 4252
4250 4254 4255
4256 4257 4258
4257 4256 4259
4260 4256 4258
4256 4260 4261
4262 4263 4264
4263 4262 4265
4266 4264 4263
4264 4266 4267
4268 4269 4270
4269 4268 4271
4272 4270 4269
4270 4272 4273
4274 4275 4276
4275 4274 4277
4278 4276 4275
4276 4278 4279
4280 4281 4282
4281 4280 4283
4284 4282 4281
4282 4284 4285
4286 4287 4288
4287 4286 4289
4287 4290 4288
4287 4291 4290
4292 4293 4294
4295 4293 4292
4293 4295 4296
4296 4297 4293
4293 4297 4294
4297 4296 4298
4299 4298 4296
4298 4299 4300
4301 4300 4299
4300 4301 4302
4299 4303 4301
4303 4299 4304
4296 4304 4299
4304 4296 4295
4303 4305 4301
4305 4302 4301
4305 4303 4306
4306 4307 4305
4307 4306 4308
4308 4309 4307
4309 4308 4310
4309 4311 4307
4311 4309 4312
4313 4307 4311
4307 4313 4305
4302 4305 4313
4310 4314 4309
4314 4312 4309
4314 4310 4315
4312 4314 4316
4317 4316 4314
4316 4317 3724
4318 3724 4317
3724 4318 3719
4319 3719 4318
4319 4318 4320
3719 4319 3718
3711 3718 4319
4319 4320 4321
4319 4321 3711
3712 3711 4321
4317 4314 4322
4314 4315 4322
4315 4323 4322
4324 4322 4323
4322 4324 4325
4317 4322 4325
4318 4325 4320
4318 4317 4325
4326 3708 3712
3708 4326 3705
4326 4327 3705
4328 4329 4330
4331 4329 4328
4331 4332 4329
4333 4332 4331
4331 4334 4333
4335 4333 4334
4333 4335 4336
4334 4331 4337
4337 4331 4328
4332 4333 4338
4336 4338 4333
4336 4339 4338
4340 4330 4329
4341 4330 4340
4330 4341 4342
4343 4336 4335
4336 4343 4344
4344 4339 4336
4345 4344 4343
4344 4345 4346
4347 4346 4345
4346 4347 4348
4349 4348 4347
4348 4349 4350
4351 4350 4349
4352 4344 4346
4344 4352 4353
4339 4344 4353
4354 4353 4352
4353 4354 4355
4352 4356 4354
4356 4352 4357
4346 4357 4352
4357 4346 4348
4357 4358 4356
4358 4357 4359
4351 4358 4359
4348 4359 4357
4359 4348 4350
4351 4359 4350
4355 4339 4353
4339 4355 4360
4361 4362 4363
4362 4361 4364
4363 4365 4361
4365 4363 4366
4365 4366 4367
4366 4368 4367
4367 4368 4369
4370 4371 4372
4371 4373 4372
4373 4374 4372
4375 4371 4370
4371 4375 4376
4375 4377 4376
4377 4375 4378
4379 4376 4377
4376 4379 4380
4380 4371 4376
4371 4380 4373
4381 4380 4379
4380 4381 4382
4373 4382 4374
4382 4373 4380
4379 4383 4381
4383 4379 4384
4377 4384 4379
4385 4383 4384
4383 4385 4386
4387 4386 4385
4386 4387 4388
4389 4388 4387
4388 4389 4390
4391 4390 4389
4390 4391 4392
4393 4392 4391
4392 4393 4394
4395 4394 4393
4394 4395 4396
4384 4397 4385
4397 4384 4398
4399 4397 4398
4397 4399 4400
4400 4401 4397
4401 4400 4402
4402 4403 4401
4391 4389 4403
4403 4402 4404
4401 4385 4397
4385 4401 4387
4403 4387 4401
4387 4403 4389
4398 4378 4399
4378 4398 4377
4384 4377 4398
4405 4396 4395
4404 4406 4403
4407 4403 4406
4406 4404 4408
4408 4409 4406
4409 4408 3722
3722 3720 4409
4403 4407 4391
4410 4391 4407
4391 4410 4393
4395 4393 4410
4396 4405 4411
4412 4411 4405
4411 4412 4413
4411 4414 4396
4415 4396 4414
4396 4415 4394
4416 4394 4415
4394 4416 4392
4417 4392 4416
4392 4417 4390
4417 4388 4390
4388 4417 4418
4418 4386 4388
4386 4418 4419
4419 4383 4386
4383 4419 4420
4420 4381 4383
4381 4420 4421
4421 4382 4381
4382 4421 4422
4422 4374 4382
4374 4422 4423
4372 4374 4423
4424 4425 4426
4424 4427 4425
4428 4426 4425
4426 4428 4429
4430 4429 4428
4429 4430 4431
4432 4431 4430
4431 4432 4433
4434 4433 4432
4433 4434 4435
4436 4435 4434
4435 4436 4437
4432 4438 4434
4434 4438 4439
4434 4439 4436
4438 4432 4440
4430 4440 4432
4440 4430 4441
4428 4441 4430
4441 4428 4442
4442 4425 4427
4425 4442 4428
4436 4439 4443
4443 4444 4436
4436 4445 4437
4445 4436 4444
4444 4443 4446
4444 4447 4445
4447 4444 4446
4448 4447 4446
4446 4449 4448
3455 4448 4449
4448 3455 4450
4449 4446 4451
4451 4446 4443
4451 4443 4452
4453 4452 4443
4452 4453 4454
4455 4452 4454
4454 4456 4455
4456 4454 4457
4457 4458 4456
4458 4457 4459
4460 4458 4459
4458 4460 4461
4462 4461 4460
4461 4462 4463
4464 4463 4462
4463 4464 4465
4466 4465 4464
4452 4455 4467
4466 4464 4468
4462 4468 4464
4468 4462 4469
4460 4469 4462
4469 4460 4470
4459 4470 4460
4470 4459 4471
4457 4471 4459
4471 4457 4472
4454 4472 4457
4472 4454 4453
4467 4451 4452
4451 4467 4473
4473 4474 4451
4474 4449 4451
3455 4449 4474
3455 3451 4450
4450 3451 3452
3575 4450 3452
4450 3575 3578
3575 3452 3450
3580 4450 3578
4450 3580 4448
4447 4448 3580
4475 4476 4477
4475 4477 4478
4478 4477 4479
4478 4479 4480
4481 4476 4475
4482 4483 4484
4483 4482 4485
4485 4482 4486
4487 4488 4489
4487 4490 4488
4490 4487 4491
4492 4490 4491
4493 4494 4495
4494 4493 4496
4494 4497 4495
4497 4494 4498
4499 4495 4497
4495 4499 4500
4499 4501 4500
4502 4500 4501
4501 4503 4502
4503 4501 4504
4500 4502 4505
4505 4495 4500
4495 4505 4493
4501 4506 4504
4501 4499 4507
4501 4507 4506
4504 4508 4503
4508 4504 4509
4510 4508 4509
4508 4510 4511
4504 4512 4509
4504 4506 4512
4513 4511 4510
4511 4513 4514
4515 4514 4513
4514 4515 4516
4517 4516 4515
4516 4517 4518
4519 4518 4517
4518 4519 4520
4521 4520 4519
4522 4521 4519
4523 4521 4522
4414 4411 4524
4413 4524 4411
4413 4525 4524
4526 4525 4413
4525 4526 4527
4527 4526 4528
4528 4526 4529
4529 4530 4528
4526 4531 4529
4529 4531 4532
4526 4533 4531
4526 4413 4533
4413 4412 4533
4534 4498 4494
4534 4494 4496
4535 4536 4537
4538 4536 4535
4539 4540 4541
4540 4539 4542
4541 4543 4539
4543 4541 4544
4544 4545 4543
4545 4544 4546
4544 4547 4546
4547 4544 4548
4541 4548 4544
4548 4541 4549
4540 4549 4541
4549 4540 4550
4551 4550 4540
4542 4551 4540
4550 4551 4552
4551 4553 4552
4553 4551 4554
4555 4554 4551
4551 4542 4555
4554 4555 4556
4556 4557 4554
4557 4556 4558
4558 4559 4557
4559 4558 4560
4561 4559 4560
4560 4562 4561
3448 4561 4562
3453 4559 4561
3453 4557 4559
4561 3449 3453
3449 4561 3448
4562 4563 3448
3453 4564 4557
4564 4554 4557
4554 4564 4553
3448 4563 4565
4565 4566 3448
4565 4567 4566
4566 3445 3448
3442 3445 4566
4566 4567 3442
4567 3438 3442
4568 4569 4570
4569 4568 4571
4570 4572 4568
4572 4570 4573
4572 4573 4574
4573 4575 4574
4570 4575 4573
4575 4570 4576
4577 4576 4570
4576 4577 4578
4546 4578 4577
4571 4546 4569
4578 4546 4547
4546 4571 4545
4579 4580 4581
4580 4579 4582
4580 4583 4581
4584 4581 4583
4581 4584 4585
4586 4585 4584
4585 4586 4587
4583 4580 4588
4581 4589 4579
4589 4581 4585
4587 4589 4585
4589 4587 4590
4591 4590 4587
4590 4591 4592
4587 4593 4591
4593 4587 4586
4582 4594 4580
4595 4580 4594
4595 4588 4580
4582 4596 4594
4596 4597 4594
4594 4597 4598
4597 4599 4598
4164 4594 4598
4164 4595 4594
4598 4162 4164
4162 4598 4599
4161 4162 4599
4593 4600 4591
4600 4592 4591
4600 4593 4601
4601 4602 4600
4602 4603 4600
4592 4600 4603
4604 4605 4606
4607 4606 4605
4608 4163 4158
4608 4609 4163
4609 4165 4163
4165 4609 4169
4150 4608 4158
4610 4611 4612
4611 4610 4613
4614 4611 4613
4615 4616 4617
4616 4615 4618
4616 4619 4617
4619 4616 4620
4619 4620 4621
4622 4623 4624
3388 4156 3390
3390 4156 4159
3390 4159 3395
4625 4626 3563
4627 3439 4628
4629 4630 4631
3505 3488 3489
4632 4633 4634
4635 4636 4637
4636 4638 4637
4638 4636 4639
4640 4638 4639
4638 4640 4641
4642 4641 4640
4641 4642 4643
4643 4644 4641
4644 4643 4645
4646 4641 4644
4641 4646 4638
4647 4638 4646
4638 4647 4637
4635 4637 4647
4648 4645 4643
4645 4648 4649
4650 4649 4648
4649 4650 4651
4652 4651 4650
4650 4653 4652
4653 4650 4654
4655 4654 4650
4654 4655 4656
4643 4656 4655
4656 4643 4642
4657 4652 4653
4652 4657 4658
4658 4659 4652
4651 4652 4659
4659 4658 4660
4661 4658 4657
4658 4661 4662
4662 4660 4658
4660 4662 4663
4662 4664 4663
4664 4662 4665
4666 4662 4661
4662 4666 4667
3573 3572 4668
4669 4670 4671
4670 4669 4672
4672 4673 4670
4673 4672 4674
4675 4669 4671
4669 4675 4676
4677 4676 4675
4676 4677 4678
4679 4678 4677
4678 4679 4680
4679 4681 4680
4681 4679 4682
4681 4682 4683
4681 4683 4684
4684 4683 4673
4684 4673 4674
4685 4686 4687
4686 4685 4688
4686 4689 4687
4689 4686 4690
4691 4692 4693
4692 4691 4694
4691 4695 4694
4695 4691 4696
4697 4698 4699
4697 4699 4700
4701 4697 4700
4697 4701 4702
4703 4704 4705
4706 4705 4704
4705 4706 4707
4708 4704 4703
4709 4710 4711
4710 4709 4712
4709 4713 4712
4713 4709 4714
4715 4716 4717
4716 4715 4718
4719 4715 4717
4715 4719 4720
4721 4722 4723
4722 4721 4724
4721 4725 4724
4725 4721 4726
4727 4728 4729
4728 4727 4730
4729 4731 4727
4731 4732 4727
4733 4734 4735
4734 4733 4736
4736 4737 4734
4737 4736 4738
4739 4733 4735
4733 4739 4740
4741 4740 4739
4740 4741 4742
4743 4742 4741
4742 4743 4744
4743 4745 4744
4745 4743 4746
4745 4746 4747
4747 4737 4738
4746 4748 4747
4747 4748 4737
4749 4750 4751
4750 4749 4752
4750 4753 4751
4753 4750 4754
4755 4756 4757
4756 4755 4758
4755 4759 4758
4759 4755 4760
4761 4762 4763
4761 4763 4764
4765 4761 4764
4761 4765 4766
4767 4768 4769
4770 4769 4768
4769 4770 4771
4772 4768 4767
4773 4774 4775
4774 4773 4776
4773 4777 4776
4777 4773 4778
4779 4780 4781
4780 4779 4782
4783 4779 4781
4779 4783 4784
4785 4786 4787
4786 4785 4788
4788 4785 4789
4790 4788 4789
4791 4792 4793
4792 4791 4794
4793 4795 4791
4793 4796 4795
4797 4798 4799
4798 4797 4800
4800 4801 4798
4801 4800 4802
4803 4797 4799
4797 4803 4804
4805 4804 4803
4804 4805 4806
4807 4806 4805
4806 4807 4808
4807 4809 4808
4809 4807 4810
4809 4810 4811
4811 4801 4802
4810 4812 4811
4811 4812 4801
4813 4814 4815
4814 4813 4816
4814 4817 4815
4817 4814 4818
4819 4820 4821
4820 4819 4822
4819 4823 4822
4823 4819 4824
4825 4826 4827
4825 4827 4828
4829 4825 4828
4825 4829 4830
4831 4832 4833
4834 4833 4832
4833 4834 4835
4836 4832 4831
4837 4838 4839
4838 4837 4840
4837 4841 4840
4841 4837 4842
4843 4844 4845
4844 4843 4846
4847 4843 4845
4843 4847 4848
4849 4850 4851
4850 4849 4852
4852 4849 4853
4854 4852 4853
4855 4856 4857
4856 4855 4858
4857 4859 4855
4857 4860 4859
4861 4862 4863
4862 4861 4864
4864 4865 4862
4865 4864 4866
4867 4861 4863
4861 4867 4868
4869 4868 4867
4868 4869 4870
4871 4870 4869
4870 4871 4872
4871 4873 4872
4873 4871 4874
4873 4874 4875
4875 4865 4866
4874 4876 4875
4875 4876 4865
4877 4878 4879
4878 4877 4880
4878 4881 4879
4881 4878 4882
4883 4884 4885
4884 4883 4886
4883 4887 4886
4887 4883 4888
4889 4890 4891
4889 4891 4892
4893 4889 4892
4889 4893 4894
4895 4896 4897
4898 4897 4896
4897 4898 4899
4900 4896 4895
4901 4902 4903
4902 4901 4904
4901 4905 4904
4905 4901 4906
4907 4908 4909
4908 4907 4910
4911 4907 4909
4907 4911 4912
4913 4914 4915
4914 4913 4916
4916 4913 4917
4918 4916 4917
4919 4920 4921
4920 4919 4922
4921 4923 4919
4921 4924 4923
4925 4926 4927
4926 4925 4928
4928 4929 4926
4929 4928 4930
4931 4925 4927
4925 4931 4932
4933 4932 4931
4932 4933 4934
4935 4934 4933
4934 4935 4936
4935 4937 4936
4937 4935 4938
4937 4938 4939
4939 4929 4930
4938 4940 4939
4939 4940 4929
4941 4942 4943
4942 4941 4944
4942 4945 4943
4945 4942 4946
4947 4948 4949
4948 4947 4950
4947 4951 4950
4951 4947 4952
4953 4954 4955
4953 4955 4956
4957 4953 4956
4953 4957 4958
4959 4960 4961
4962 4961 4960
4961 4962 4963
4964 4960 4959
4965 4966 4967
4966 4965 4968
4965 4969 4968
4969 4965 4970
4971 4972 4973
4972 4971 4974
4975 4971 4973
4971 4975 4976
4977 4978 4979
4978 4977 4980
4980 4977 4981
4982 4980 4981
4983 4984 4985
4984 4983 4986
4985 4987 4983
4985 4988 4987
4989 4990 4991
4990 4989 4992
4992 4993 4990
4993 4992 4994
4995 4989 4991
4989 4995 4996
4997 4996 4995
4996 4997 4998
4999 4998 4997
4998 4999 5000
4999 5001 5000
5001 4999 5002
5001 5002 5003
5001 5003 5004
5004 5003 5005
5003 5006 5005
5007 5008 5009
5008 5007 5010
5008 5011 5009
5011 5008 5012
5013 5014 5015
5014 5013 5016
5013 5017 5016
5017 5013 5018
5019 5020 5021
5019 5021 5022
5023 5019 5022
5019 5023 5024
5025 5026 5027
5028 5027 5026
5027 5028 5029
5030 5026 5025
5031 5032 5033
5032 5031 5034
5031 5035 5034
5035 5031 5036
5037 5038 5039
5038 5037 5040
5041 5037 5039
5037 5041 5042
5043 5044 5045
5044 5043 5046
5046 5043 5047
5048 5046 5047
5049 5050 5051
5050 5049 5052
5051 5053 5049
5051 5054 5053
5055 5056 5057
5056 5055 5058
5058 5059 5056
5059 5058 5060
5061 5055 5057
5055 5061 5062
5063 5062 5061
5062 5063 5064
5065 5064 5063
5064 5065 5066
5065 5067 5066
5067 5065 5068
5067 5068 5069
5069 5059 5060
5068 5070 5069
5069 5070 5059
5071 5072 5073
5072 5071 5074
5072 5075 5073
5075 5072 5076
5077 5078 5079
5078 5077 5080
5077 5081 5080
5081 5077 5082
5083 5084 5085
5083 5085 5086
5087 5083 5086
5083 5087 5088
5089 5090 5091
5092 5091 5090
5091 5092 5093
5094 5090 5089
5095 5096 5097
5096 5095 5098
5095 5099 5098
5099 5095 5100
5101 5102 5103
5102 5101 5104
5105 5101 5103
5101 5105 5106
5107 5108 5109
5108 5107 5110
5110 5107 5111
5112 5110 5111
5113 5114 5115
5114 5113 5116
5115 5117 5113
5115 5118 5117
5119 5120 5121
5120 5119 5122
5122 5123 5120
5123 5122 5124
5125 5119 5121
5119 5125 5126
5127 5126 5125
5126 5127 5128
5129 5128 5127
5128 5129 5130
5129 5131 5130
5131 5129 5132
5131 5132 5133
5133 5123 5124
5132 5134 5133
5133 5134 5123
5135 5136 5137
5136 5135 5138
5136 5139 5137
5139 5136 5140
5141 5142 5143
5142 5141 5144
5141 5145 5144
5145 5141 5146
5147 5148 5149
5147 5149 5150
5151 5147 5150
5147 5151 5152
5153 5154 5155
5156 5155 5154
5155 5156 5157
5158 5154 5153
5159 5160 5161
5160 5159 5162
5159 5163 5162
5163 5159 5164
5165 5166 5167
5166 5165 5168
5169 5165 5167
5165 5169 5170
5171 5172 5173
5172 5171 5174
5171 5175 5174
5175 5171 5176
5177 5178 5179
5178 5177 5180
5179 5181 5177
5181 5182 5177
5183 5184 5185
5184 5183 5186
5186 5187 5184
5187 5186 5188
5189 5187 5188
5189 5190 5187
5191 5190 5189
5192 5191 5189
5192 5193 5191
5193 5192 5194
5195 5193 5194
5195 5196 5193
5197 5196 5195
5183 5185 5197
5198 5197 5195
5198 5183 5197
5199 5200 5201
5200 5199 5202
5200 5203 5201
5200 5204 5203
5205 5206 5207
5206 5205 5208
5208 5205 5209
5210 5208 5209
5211 5212 5213
5211 5213 5214
5215 5211 5214
5211 5215 5216
5217 5218 5219
5220 5219 5218
5219 5220 5221
5222 5218 5217
5223 5224 5225
5226 5223 5225
5225 5227 5226
5227 5225 5228
5229 5230 5231
5229 5232 5230
5233 5230 5232
5230 5233 5234
5235 5236 5237
5236 5235 5238
5238 5235 5239
5240 5238 5239
5241 5242 5243
5242 5241 5244
5243 5245 5241
5243 5246 5245
5247 5248 5249
5248 5247 5250
5250 5251 5248
5251 5250 5252
5253 5247 5249
5247 5253 5254
5255 5254 5253
5254 5255 5256
5257 5256 5255
5256 5257 5258
5257 5259 5258
5259 5257 5260
5259 5260 5261
5261 5251 5252
5260 5262 5261
5261 5262 5251
5263 5264 5265
5264 5263 5266
5264 5267 5265
5267 5264 5268
5269 5270 5271
5270 5269 5272
5269 5273 5272
5273 5269 5274
5275 5276 5277
5275 5277 5278
5279 5275 5278
5275 5279 5280
5281 5282 5283
5284 5283 5282
5283 5284 5285
5286 5282 5281
5287 5288 5289
5288 5287 5290
5287 5291 5290
5291 5287 5292
5293 5294 5295
5294 5293 5296
5297 5293 5295
5293 5297 5298
5299 5300 5301
5300 5299 5302
5299 5303 5302
5303 5299 5304
5305 5306 5307
5306 5305 5308
5307 5309 5305
5307 5310 5309
5311 5312 5313
5313 5312 5314
5315 5316 5317
5318 5319 5320
5321 5322 5323
5324 5325 5326
5327 5328 5329
5329 5328 5330
5331 5332 5333
5334 5335 5336
5337 5338 5339
5340 5341 5342
5343 5344 5345
5344 5343 5346
5347 5346 5343
5346 5347 5348
5344 5349 5345
5349 5344 5350
5350 5351 5349
5351 5350 5352
5352 5353 5351
5353 5352 5354
5355 5353 5354
5353 5355 5356
5355 5357 5356
5358 5348 5347
5355 5358 5357
5358 5347 5357
5359 5360 5361
5360 5359 5362
5363 5359 5361
5359 5363 5364
5365 5366 5367
5366 5365 5368
5369 5366 5368
5366 5369 5370
5371 5372 5373
5371 5374 5372
5371 5375 5374
5375 5371 5376
5377 5378 5379
5378 5380 5379
5380 5378 5381
5382 5377 5379
5383 5384 5385
5384 5383 5386
5387 5384 5386
5384 5387 5388
5389 5390 5391
5390 5389 5392
5389 5393 5392
5393 5389 5394
5395 5396 5397
5396 5395 5398
5399 5396 5398
5396 5399 5400
5401 5402 5403
5402 5401 5404
5404 5401 5405
5401 5406 5405
5407 5408 5409
5408 5407 5410
5411 5410 5407
5410 5411 5412
5408 5413 5409
5413 5408 5414
5414 5415 5413
5415 5414 5416
5416 5417 5415
5417 5416 5418
5419 5417 5418
5417 5419 5420
5419 5421 5420
5421 5412 5411
5421 5422 5420
5421 5411 5422
5423 5424 5425
5424 5423 5426
5427 5423 5425
5423 5427 5428
5429 5430 5431
5430 5429 5432
5433 5430 5432
5430 5433 5434
5435 5436 5437
5435 5438 5436
5435 5439 5438
5439 5435 5440
5441 5442 5443
5442 5444 5443
5444 5442 5445
5446 5441 5443
5447 5448 5449
5448 5447 5450
5451 5448 5450
5448 5451 5452
5453 5454 5455
5454 5453 5456
5453 5457 5456
5457 5453 5458
5459 5460 5461
5460 5459 5462
5463 5460 5462
5464 5463 5462
5465 5466 5467
5466 5465 5468
5468 5465 5469
5468 5469 5470
5471 5472 5473
5472 5471 5474
5475 5474 5471
5474 5475 5476
5472 5477 5473
5477 5472 5478
5478 5479 5477
5479 5478 5480
5480 5481 5479
5481 5480 5482
5483 5481 5482
5481 5483 5484
5483 5485 5484
5485 5476 5475
5485 5486 5484
5485 5475 5486
5487 5488 5489
5488 5487 5490
5491 5487 5489
5487 5491 5492
5493 5494 5495
5494 5493 5496
5497 5494 5496
5494 5497 5498
5499 5500 5501
5499 5502 5500
5499 5503 5502
5503 5499 5504
5505 5506 5507
5506 5508 5507
5508 5506 5509
5510 5505 5507
5511 5512 5513
5512 5511 5514
5515 5512 5514
5512 5515 5516
5517 5518 5519
5518 5517 5520
5517 5521 5520
5521 5517 5522
5523 5524 5525
5524 5523 5526
5527 5524 5526
5524 5527 5528
5529 5530 5531
5530 5529 5532
5532 5529 5533
5529 5534 5533
5535 5536 5537
5536 5535 5538
5539 5538 5535
5538 5539 5540
5536 5541 5537
5541 5536 5542
5542 5543 5541
5543 5542 5544
5544 5545 5543
5545 5544 5546
5547 5545 5546
5545 5547 5548
5547 5549 5548
5549 5540 5539
5549 5550 5548
5549 5539 5550
5551 5552 5553
5552 5551 5554
5555 5551 5553
5551 5555 5556
5557 5558 5559
5558 5557 5560
5561 5558 5560
5558 5561 5562
5563 5564 5565
5563 5566 5564
5563 5567 5566
5567 5563 5568
5569 5570 5571
5570 5572 5571
5572 5570 5573
5574 5569 5571
5575 5576 5577
5576 5575 5578
5579 5576 5578
5576 5579 5580
5581 5582 5583
5582 5581 5584
5581 5585 5584
5585 5581 5586
5587 5588 5589
5588 5587 5590
5591 5588 5590
5592 5591 5590
5593 5594 5595
5594 5593 5596
5596 5593 5597
5596 5597 5598
5599 5600 5601
5600 5599 5602
5603 5602 5599
5602 5603 5604
5600 5605 5601
5605 5600 5606
5606 5607 5605
5607 5606 5608
5608 5609 5607
5609 5608 5610
5611 5609 5610
5609 5611 5612
5611 5613 5612
5604 5603 5613
5614 5604 5613
5611 5614 5613
5615 5616 5617
5616 5615 5618
5619 5615 5617
5615 5619 5620
5621 5622 5623
5622 5621 5624
5625 5622 5624
5622 5625 5626
5627 5628 5629
5627 5630 5628
5627 5631 5630
5631 5627 5632
5633 5634 5635
5634 5636 5635
5636 5634 5637
5638 5633 5635
5639 5640 5641
5640 5639 5642
5643 5640 5642
5640 5643 5644
5645 5646 5647
5646 5645 5648
5645 5649 5648
5649 5645 5650
5651 5652 5653
5652 5651 5654
5655 5652 5654
5656 5655 5654
5657 5658 5659
5658 5657 5660
5660 5657 5661
5660 5661 5662
5663 5664 5665
5664 5663 5666
5667 5666 5663
5666 5667 5668
5664 5669 5665
5669 5664 5670
5670 5671 5669
5671 5670 5672
5672 5673 5671
5673 5672 5674
5675 5673 5674
5673 5675 5676
5675 5677 5676
5677 5668 5667
5677 5678 5676
5677 5667 5678
5679 5680 5681
5680 5679 5682
5683 5679 5681
5679 5683 5684
5685 5686 5687
5686 5685 5688
5689 5686 5688
5686 5689 5690
5691 5692 5693
5691 5694 5692
5691 5695 5694
5695 5691 5696
5697 5698 5699
5698 5700 5699
5700 5698 5701
5702 5697 5699
5703 5704 5705
5704 5703 5706
5707 5704 5706
5704 5707 5708
5709 5710 5711
5710 5709 5712
5709 5713 5712
5713 5709 5714
5715 5716 5717
5716 5715 5718
5719 5716 5718
5720 5719 5718
5721 5722 5723
5722 5721 5724
5724 5721 5725
5724 5725 5726
5727 5728 5729
5728 5727 5730
5731 5730 5727
5730 5731 5732
5728 5733 5729
5733 5728 5734
5734 5735 5733
5735 5734 5736
5736 5737 5735
5737 5736 5738
5739 5737 5738
5737 5739 5740
5739 5741 5740
5741 5732 5731
5741 5742 5740
5741 5731 5742
5743 5744 5745
5744 5743 5746
5747 5743 5745
5743 5747 5748
5749 5750 5751
5750 5749 5752
5753 5750 5752
5750 5753 5754
5755 5756 5757
5755 5758 5756
5755 5759 5758
5759 5755 5760
5761 5762 5763
5762 5764 5763
5764 5762 5765
5766 5761 5763
5767 5768 5769
5768 5767 5770
5771 5768 5770
5768 5771 5772
5773 5774 5775
5774 5773 5776
5773 5777 5776
5777 5773 5778
5779 5780 5781
5780 5779 5782
5783 5780 5782
5780 5783 5784
5785 5786 5787
5786 5785 5788
5788 5785 5789
5785 5790 5789
5791 5792 5793
5792 5791 5794
5795 5794 5791
5794 5795 5796
5792 5797 5793
5797 5792 5798
5798 5799 5797
5799 5798 5800
5800 5801 5799
5801 5800 5802
5803 5801 5802
5801 5803 5804
5803 5805 5804
5805 5796 5795
5805 5806 5804
5805 5795 5806
5807 5808 5809
5808 5807 5810
5811 5807 5809
5807 5811 5812
5813 5814 5815
5814 5813 5816
5817 5814 5816
5814 5817 5818
5819 5820 5821
5819 5822 5820
5819 5823 5822
5823 5819 5824
5825 5826 5827
5826 5828 5827
5828 5826 5829
5830 5825 5827
5831 5832 5833
5832 5831 5834
5835 5832 5834
5832 5835 5836
5837 5838 5839
5838 5837 5840
5837 5841 5840
5841 5837 5842
5843 5844 5845
5844 5843 5846
5847 5848 5849
5848 5847 5850
5851 5852 5853
5854 5851 5853
5855 5856 5857
5855 5857 5858
5859 5860 5861
5860 5859 5862
5863 5862 5859
5862 5863 5864
5860 5865 5861
5865 5860 5866
5866 5867 5865
5867 5866 5868
5868 5869 5867
5869 5868 5870
5871 5869 5870
5869 5871 5872
5871 5873 5872
5873 5864 5863
5873 5874 5872
5873 5863 5874
5875 5876 5877
5876 5875 5878
5879 5875 5877
5875 5879 5880
5881 5882 5883
5882 5881 5884
5885 5882 5884
5882 5885 5886
5887 5888 5889
5887 5890 5888
5887 5891 5890
5891 5887 5892
5893 5894 5895
5894 5896 5895
5896 5894 5897
5898 5893 5895
5899 5900 5901
5900 5899 5902
5903 5900 5902
5900 5903 5904
5905 5906 5907
5906 5905 5908
5905 5909 5908
5909 5905 5910
5911 5912 5913
5912 5911 5914
5915 5912 5914
5916 5915 5914
5917 5918 5919
5918 5917 5920
5920 5917 5921
5920 5921 5922
5923 5924 5925
5924 5923 5926
5927 5926 5923
5926 5927 5928
5924 5929 5925
5929 5924 5930
5930 5931 5929
5931 5930 5932
5932 5933 5931
5933 5932 5934
5935 5933 5934
5933 5935 5936
5935 5937 5936
5937 5928 5927
5937 5938 5936
5937 5927 5938
5939 5940 5941
5940 5939 5942
5943 5939 5941
5939 5943 5944
5945 5946 5947
5946 5945 5948
5949 5946 5948
5946 5949 5950
5951 5952 5953
5951 5954 5952
5951 5955 5954
5955 5951 5956
5957 5958 5959
5958 5960 5959
5960 5958 5961
5962 5957 5959
5963 5964 5965
5964 5963 5966
5967 5964 5966
5964 5967 5968
5969 5970 5971
5970 5969 5972
5969 5973 5972
5973 5969 5974
5975 5976 5977
5976 5975 5978
5979 5976 5978
5976 5979 5980
5981 5982 5983
5982 5981 5984
5984 5981 5985
5984 5985 5986
5987 5988 5989
5988 5990 5989
5991 5992 5993
5994 5995 5996
5997 5998 5999
6000 6001 6002
6003 6004 6005
6004 6006 6005
6007 6008 6009
6010 6011 6012
6013 6014 6015
6016 6017 6018
6019 6020 6021
6020 6022 6021
6020 6023 6022
6024 6025 6026
6025 6024 6027
6028 6029 6030
6029 6028 6031
6028 6030 6032
6033 6034 6035
6034 6033 6036
6037 6038 6039
6038 6037 6040
6041 6042 6043
6044 6042 6041
6045 6042 6044
6046 6047 6048
6048 6047 6049
6047 6046 6050
6051 6052 6053
6051 6053 6054
6055 6056 6057
6058 6057 6056
6057 6058 6059
6055 6057 6060
6061 6062 6063
6062 6061 6064
6065 6066 6067
6068 6066 6065
6069 6070 6071
6072 6069 6071
6073 6070 6069
6074 6075 6076
6075 6074 6077
6075 6077 6078
6079 6080 6081
6080 6082 6083
6083 6082 6084
6084 6082 6085
6083 6086 6080
6083 6087 6086
6088 6089 6090
6091 6092 6093
6094 6092 6091
6091 6095 6094
6094 6095 6096
6094 6096 6097
6098 6099 6100
6098 6100 6101
6102 6103 6104
6102 6104 6105
6106 6107 6108
6107 6106 6109
6110 6111 6112
6113 6111 6110
6114 6115 6116
6116 6117 6114
6118 6119 6120
6119 6118 6121
6122 6123 6124
6122 6125 6123
6125 6122 6126
6127 6128 6129
6127 6130 6128
6131 6132 6133
6132 6131 6134
6135 6136 6137
6138 6139 6140
6141 6142 6143
6143 6142 6144
6145 6146 6147
6147 6146 6148
6149 6150 6151
6152 6150 6149
6153 6154 6155
6154 6153 6156
6157 6158 6159
6160 6157 6159
6160 6159 6161
6161 6159 6162
6159 6163 6162
6163 6164 6162
6158 6157 6165
6161 6166 6160
6166 6161 6167
6167 6168 6166
6168 6167 6169
6169 6170 6168
6170 6169 6171
6171 6172 6170
6172 6171 6173
6174 6172 6173
6174 6173 6175
6175 6176 6174
6175 6177 6176
6178 6174 6176
6178 6176 6179
6180 6181 6182
6181 6180 6183
6184 6185 6186
6184 6186 6187
6184 6188 6185
6184 6189 6188
6190 6191 6192
6192 6191 6193
6192 6193 6194
6193 6195 6194
6194 6195 6196
6197 6196 6195
6196 6197 6198
6199 6198 6197
6198 6199 6200
6201 6200 6199
6200 6201 6202
6203 6202 6201
6202 6203 6204
6205 6204 6203
6204 6205 6206
6207 6206 6205
6206 6207 6208
6209 6208 6207
6208 6209 6210
6211 6210 6209
6210 6211 6212
6212 6211 6213
6214 6215 6216
6215 6214 6217
6216 6218 6214
6218 6216 6219
6220 6218 6219
6218 6220 6221
6222 6215 6217
6215 6222 6223
6224 6223 6222
6223 6224 6225
6224 6226 6225
6226 6224 6227
6228 6229 6230
6229 6228 6231
6230 6232 6228
6232 6230 6233
6233 6234 6232
6234 6233 6235
6236 6234 6235
6234 6236 6237
6231 6238 6229
6238 6231 6239
6240 6238 6239
6238 6240 6241
6240 6242 6241
6241 6242 6243
6242 6240 6244
6245 6246 6247
6246 6245 6248
6249 6247 6246
6247 6249 6250
6251 6250 6249
6250 6251 6252
6253 6252 6251
6252 6253 6254
6253 6255 6254
6255 6253 6256
6256 6257 6255
6257 6256 6258
6258 6259 6257
6259 6258 6260
6261 6248 6245
6248 6261 6262
6263 6262 6261
6261 6264 6263
6262 6263 6265
6266 6259 6260
6267 6268 6260
6268 6267 6269
6270 6269 6267
6269 6270 6271
6272 6271 6270
6271 6272 6273
6272 6274 6273
6274 6272 6275
6275 6276 6274
6276 6275 6277
6277 6278 6276
6278 6277 6279
6279 6280 6278
6280 6279 6281
6281 6282 6280
6282 6281 6283
6283 6284 6282
6284 6283 6285
6282 6284 6286
6287 6288 6289
6289 6290 6287
6291 6289 6288
6292 6293 6294
6294 6293 6295
6296 6297 6298
6296 6298 6299
6296 6299 6300
6301 6300 6302
6303 6304 6305
6304 6303 6306
6305 6304 6307
6305 6307 6308
6308 6307 6309
6310 6311 6312
6310 6313 6311
6314 6313 6310
6314 6310 6315
6316 6317 6318
6317 6316 6319
6319 6320 6317
6320 6319 6321
6322 6323 6324
6323 6322 6325
6326 6327 6328
6326 6329 6327
6330 6331 6332
6333 6331 6330
6334 6335 6336
6334 6337 6335
6338 6337 6334
6338 6339 6337
6340 6339 6338
6339 6340 6341
6342 6343 6344
6344 6343 6345
6346 6347 6348
6349 6350 6351
6352 6353 6354
6353 6352 6355
6356 6357 6358
6357 6356 6359
6360 6361 6362
6363 6360 6362
6363 6362 6364
6364 6362 6365
6364 6365 6366
6366 6365 6367
6367 6365 6368
6369 6370 6371
6371 6370 6372
6372 6370 6373
6369 6371 6374
6375 6376 6377
6378 6379 6380
6381 6382 6383
6384 6385 6386
6387 6388 6389
6390 6391 6392
6393 6394 6395
6395 6394 6396
6395 6396 6397
6398 6399 6400
6399 6398 6401
6402 6403 6404
6404 6405 6402
6402 6406 6403
6407 6408 6409
6408 6407 6410
6411 6412 6413
6412 6411 6414
6415 6416 6417
6418 6415 6417
6419 6418 6417
6420 6421 6422
6421 6423 6422
6422 6424 6420
6425 6426 6427
6425 6428 6426
6429 6430 6431
6430 6432 6431
6432 6430 6433
6429 6434 6430
6435 6436 6437
6436 6435 6438
6439 6440 6441
6442 6439 6441
6443 6444 6445
6446 6444 6443
6447 6443 6445
6448 6449 6450
6450 6451 6448
6450 6452 6451
6453 6454 6455
6455 6456 6457
6456 6458 6457
6458 6459 6457
6456 6455 6460
6456 6460 6461
6462 6463 6464
6465 6466 6467
6468 6465 6467
6465 6468 6469
6468 6470 6469
6468 6471 6470
6472 6473 6474
6472 6475 6473
6476 6477 6478
6476 6479 6477
6480 6481 6482
6481 6480 6483
6484 6485 6486
6487 6484 6486
6488 6489 6490
6489 6488 6491
6492 6493 6494
6493 6492 6495
6496 6497 6498
6496 6498 6499
6499 6500 6496
6501 6502 6503
6501 6503 6504
6505 6506 6507
6506 6505 6508
6509 6510 6511
6512 6513 6514
6515 6516 6517
6516 6518 6517
6519 6520 6521
6520 6522 6521
6523 6524 6525
6526 6523 6525
6527 6528 6529
6528 6527 6530
6531 6532 6533
6534 6532 6531
6534 6535 6532
6535 6536 6532
6532 6536 6537
6537 6536 6538
6533 6539 6531
6540 6535 6534
6535 6540 6541
6542 6541 6540
6541 6542 6543
6544 6543 6542
6543 6544 6545
6546 6545 6544
6545 6546 6547
6548 6547 6546
6548 6549 6547
6549 6548 6550
6549 6550 6551
6552 6550 6548
6552 6553 6550
6554 6555 6556
6555 6554 6557
6558 6559 6560
6558 6561 6559
6558 6560 6562
6558 6562 6563
6564 6565 6566
6565 6567 6566
6565 6568 6567
6567 6568 6569
6568 6570 6569
6570 6571 6569
6571 6570 6572
6572 6573 6571
6573 6572 6574
6574 6575 6573
6575 6574 6576
6576 6577 6575
6577 6576 6578
6578 6579 6577
6579 6578 6580
6580 6581 6579
6581 6580 6582
6582 6583 6581
6583 6582 6584
6584 6585 6583
6585 6584 6586
6586 6587 6585
6588 6589 6590
6589 6588 6591
6592 6590 6589
6590 6592 6593
6594 6593 6592
6593 6594 6595
6594 6596 6595
6596 6594 6597
6598 6591 6588
6591 6598 6599
6598 6600 6599
6600 6598 6601
6602 6600 6601
6601 6603 6602
6600 6602 6604
6605 6606 6607
6606 6605 6608
6609 6607 6606
6610 6611 6612
6611 6613 6612
6614 6615 6616
6615 6614 6617
6616 6618 6614
6616 6619 6618
6619 6620 6618
6621 6622 6623
6621 6623 6624
6625 6621 6624
6625 6626 6621
6627 6628 6629
6628 6627 6630
6631 6629 6628
6629 6631 6632
6633 6634 6635
6634 6633 6636
6637 6638 6639
6637 6639 6640
6641 6642 6643
6644 6641 6643
6645 6646 6647
6645 6647 6648
6649 6645 6648
6649 6648 6650
6651 6649 6650
6650 6652 6651
6653 6654 6655
6654 6656 6655
6657 6658 6659
6660 6661 6662
6663 6664 6665
6664 6663 6666
6667 6668 6669
6668 6667 6670
6671 6672 6673
6674 6672 6671
6674 6675 6672
6675 6676 6672
6675 6677 6676
6677 6678 6676
6678 6679 6676
6680 6681 6682
6681 6683 6682
6683 6684 6682
6680 6685 6681
6686 6687 6688
6689 6690 6691
6692 6693 6694
6695 6696 6697
6698 6699 6700
6701 6702 6703
6704 6260 6268
