byte offset: 0
first index: 49878
index count: 16596
topology: trianglelist
format: DXGI_FORMAT_R16_UINT

12211 12212 12213
12214 12212 12211
12212 12214 12215
12212 12215 12216
12213 12212 12216
12214 12217 12215
12215 12217 12218
12215 12218 12216
12216 12218 12219
12216 12219 12220
12216 12220 12221
12217 12222 12218
12222 12217 12223
12222 12223 12224
12225 12224 12223
12217 12225 12223
12224 12225 12226
12225 12217 12227
12217 12214 12227
12218 12228 12219
12218 12222 12228
12219 12228 12229
12219 12229 12230
12220 12219 12230
12221 12220 12230
12222 12231 12228
12231 12222 12232
12222 12224 12232
12233 12228 12231
12228 12233 12234
12228 12234 12229
12234 12235 12229
12233 12236 12234
12233 12237 12236
12231 12237 12233
12229 12235 12238
12229 12238 12230
12239 12238 12235
12238 12239 12240
12241 12238 12240
12238 12241 12242
12230 12238 12242
12243 12230 12242
12241 12244 12242
12243 12242 12244
12244 12241 12245
12221 12230 12243
12234 12246 12235
12236 12246 12234
12235 12246 12247
12248 12239 12235
12247 12248 12235
12237 12249 12236
12249 12250 12236
12251 12236 12250
12246 12236 12251
12247 12246 12252
12246 12251 12252
12253 12245 12241
12245 12253 12254
12255 12254 12253
12255 12253 12256
12256 12253 12257
12241 12257 12253
12257 12241 12240
12239 12257 12240
12257 12239 12258
12248 12258 12239
12259 12257 12258
12259 12256 12257
12260 12256 12259
12261 12259 12258
12260 12259 12262
12262 12259 12261
12263 12262 12261
12262 12263 12264
12264 12265 12262
12265 12264 12266
12263 12261 12267
12263 12267 12268
12268 12264 12263
12269 12260 12262
12269 12262 12265
12270 12260 12269
12270 12271 12260
12265 12272 12269
12272 12265 12273
12265 12274 12273
12265 12266 12274
12274 12225 12273
12225 12272 12273
12225 12274 12226
12272 12225 12227
12275 12269 12272
12275 12270 12269
12276 12270 12275
12214 12276 12275
12272 12214 12275
12214 12272 12227
12276 12214 12211
12211 12277 12276
12270 12276 12277
12278 12271 12270
12270 12279 12278
12277 12279 12270
12271 12278 12255
12255 12256 12271
12271 12256 12260
12280 12277 12211
12280 12211 12213
12274 12281 12226
12224 12226 12281
12224 12281 12282
12281 12283 12282
12224 12282 12284
12232 12224 12284
12285 12232 12284
12232 12285 12231
12237 12231 12285
12286 12237 12285
12237 12286 12249
12287 12284 12282
12288 12287 12282
12283 12288 12282
12283 12289 12288
12284 12287 12290
12285 12284 12290
12288 12291 12287
12289 12291 12288
12292 12291 12289
12291 12292 12293
12294 12293 12292
12293 12294 12295
12295 12296 12293
12296 12297 12293
12291 12297 12287
12297 12291 12293
12298 12297 12296
12297 12298 12299
12298 12300 12299
12300 12298 12301
12297 12299 12302
12302 12290 12287
12302 12287 12297
12296 12303 12298
12303 12296 12304
12296 12295 12304
12304 12305 12303
12298 12306 12301
12298 12303 12306
12303 12307 12306
12308 12307 12303
12305 12308 12303
12307 12308 12309
12306 12310 12301
12310 12306 12311
12307 12311 12306
12311 12312 12310
12312 12311 12313
12308 12314 12309
12314 12315 12309
12314 12316 12315
12317 12315 12316
12315 12317 12318
12317 12319 12318
12319 12317 12320
12316 12314 12321
12322 12317 12316
12317 12322 12323
12324 12316 12321
12324 12322 12316
12325 12317 12323
12317 12325 12320
12326 12318 12319
12318 12326 12327
12315 12318 12327
12309 12315 12327
12324 12328 12322
12322 12328 12323
12328 12329 12323
12330 12329 12328
12331 12330 12328
12328 12324 12331
12329 12330 12332
12324 12333 12331
12334 12331 12333
12333 12335 12334
12334 12336 12331
12330 12331 12336
12333 12324 12337
12338 12323 12329
12323 12338 12325
12339 12335 12333
12340 12333 12337
12339 12333 12340
12340 12341 12339
12341 12340 12342
12342 12343 12341
12343 12342 12344
12344 12345 12343
12345 12344 12346
12347 12346 12344
12348 12344 12342
12347 12344 12348
12349 12347 12348
12348 12350 12349
12350 12348 12351
12351 12348 12342
12340 12351 12342
12351 12352 12350
12352 12351 12353
12351 12340 12353
12347 12349 12354
12355 12350 12352
12355 12349 12350
12349 12355 12356
12356 12354 12349
12355 12357 12356
12357 12355 12305
12358 12356 12357
12356 12358 12359
12354 12356 12359
12353 12314 12352
12314 12353 12321
12353 12324 12321
12337 12324 12353
12340 12337 12353
12308 12352 12314
12355 12352 12308
12305 12355 12308
12360 12358 12357
12358 12360 12361
12360 12294 12361
12294 12360 12295
12295 12360 12304
12304 12357 12305
12357 12304 12360
12358 12362 12359
12362 12358 12363
12363 12364 12362
12364 12363 12365
12364 12366 12362
12366 12364 12367
12367 12368 12366
12368 12367 12369
12370 12369 12367
12364 12370 12367
12369 12370 12371
12347 12366 12368
12366 12347 12354
12354 12362 12366
12362 12354 12359
12369 12372 12368
12368 12372 12373
12347 12368 12373
12372 12374 12373
12345 12373 12374
12373 12345 12346
12347 12373 12346
12374 12372 12375
12376 12375 12372
12376 12372 12369
12369 12371 12376
12375 12376 12377
12376 12371 12378
12378 12371 12379
12379 12380 12378
12376 12378 12380
12377 12376 12380
12380 12379 12381
12382 12380 12381
12380 12382 12383
12377 12380 12383
12382 12381 12384
12379 12385 12381
12381 12385 12386
12386 12384 12381
12387 12386 12385
12386 12387 12388
12385 12379 12389
12389 12390 12385
12390 12387 12385
12389 12391 12390
12391 12389 12392
12379 12392 12389
12393 12391 12392
12391 12393 12394
12319 12391 12394
12391 12319 12320
12392 12395 12393
12395 12392 12396
12379 12396 12392
12325 12391 12320
12391 12325 12390
12394 12326 12319
12326 12394 12397
12393 12397 12394
12398 12397 12393
12395 12398 12393
12399 12398 12395
12399 12400 12398
12400 12399 12401
12401 12402 12400
12371 12396 12379
12371 12395 12396
12395 12371 12370
12399 12395 12370
12364 12399 12370
12397 12403 12326
12403 12327 12326
12327 12403 12404
12403 12405 12404
12307 12404 12405
12405 12403 12406
12309 12327 12404
12307 12309 12404
12313 12405 12406
12405 12313 12311
12311 12307 12405
12403 12407 12406
12407 12313 12406
12400 12407 12408
12407 12403 12408
12403 12397 12408
12398 12408 12397
12313 12407 12409
12409 12312 12313
12312 12409 12410
12402 12410 12409
12410 12402 12411
12400 12409 12407
12409 12400 12402
12400 12408 12398
12412 12411 12402
12412 12402 12401
12401 12413 12412
12413 12401 12414
12414 12401 12365
12415 12413 12414
12413 12415 12416
12294 12416 12415
12416 12294 12292
12417 12294 12415
12415 12414 12417
12294 12417 12361
12417 12358 12361
12358 12417 12363
12363 12414 12365
12414 12363 12417
12365 12401 12399
12365 12399 12364
12413 12418 12412
12418 12411 12412
12411 12418 12419
12420 12411 12419
12411 12420 12410
12416 12292 12421
12416 12421 12422
12418 12413 12422
12421 12292 12289
12419 12423 12420
12423 12419 12424
12418 12424 12419
12425 12423 12424
12424 12418 12426
12422 12426 12418
12426 12422 12427
12422 12421 12427
12421 12428 12427
12421 12289 12428
12429 12427 12428
12426 12430 12424
12429 12430 12427
12430 12426 12427
12430 12425 12424
12289 12431 12428
12429 12428 12431
12432 12425 12430
12432 12430 12433
12431 12434 12429
12435 12429 12434
12435 12430 12429
12433 12430 12435
12436 12435 12434
12437 12435 12436
12436 12264 12437
12264 12436 12266
12264 12268 12437
12266 12436 12274
12436 12438 12274
12438 12434 12431
12434 12438 12436
12281 12274 12438
12439 12437 12268
12268 12440 12439
12268 12267 12440
12440 12267 12441
12442 12441 12267
12283 12281 12438
12283 12438 12431
12289 12283 12431
12443 12442 12267
12267 12261 12443
12261 12258 12443
12258 12444 12443
12443 12445 12442
12444 12445 12443
12444 12258 12248
12446 12447 12448
12446 12448 12449
12447 12446 12450
12450 12451 12447
12452 12451 12450
12453 12449 12448
12453 12448 12454
12455 12453 12454
12456 12455 12454
12457 12455 12456
12458 12457 12456
12457 12458 12459
12457 12459 12460
12457 12460 12461
12462 12461 12460
12459 12458 12463
12452 12450 12464
12465 12464 12450
12450 12466 12465
12466 12467 12465
12466 12468 12467
12469 12467 12468
12469 12470 12467
12471 12470 12469
12472 12470 12471
12473 12472 12471
12474 12472 12473
12473 12475 12474
12473 12476 12475
12473 12477 12476
12478 12476 12477
12475 12479 12474
12480 12474 12479
12480 12481 12474
12482 12481 12480
12483 12482 12480
12480 12484 12483
12478 12485 12476
12486 12485 12478
12485 12486 12487
12487 12486 12488
12487 12488 12489
12490 12489 12488
12490 12488 12491
12491 12492 12490
12492 12491 12462
12462 12460 12492
12493 12458 12494
12495 12493 12494
12496 12493 12495
12493 12496 12497
12493 12463 12458
12332 12498 12499
12499 12329 12332
12329 12499 12338
12388 12499 12498
12499 12387 12338
12387 12499 12388
12390 12338 12387
12338 12390 12325
12500 12501 12502
12501 12500 12503
12504 12501 12503
12504 12503 12505
12505 12506 12504
12505 12507 12506
12507 12505 12508
12509 12507 12508
12508 12510 12509
12510 12508 12511
12508 12512 12511
12505 12512 12508
12509 12513 12507
12514 12507 12513
12515 12502 12501
12516 12504 12506
12504 12516 12517
12516 12506 12518
12518 12519 12516
12520 12519 12518
12519 12520 12521
12521 12522 12519
12519 12522 12523
12516 12519 12523
12520 12518 12524
12514 12524 12518
12501 12517 12515
12504 12517 12501
12525 12514 12513
12525 12526 12514
12509 12525 12513
12520 12524 12527
12527 12524 12514
12527 12514 12526
12528 12300 12529
12300 12528 12530
12299 12300 12530
12299 12530 12302
12300 12301 12529
12301 12310 12529
12221 12531 12216
12216 12531 12213
12532 12533 12534
12535 12532 12534
12532 12535 12536
12537 12538 12539
12538 12537 12540
12539 12541 12537
12542 12543 12544
12543 12542 12545
12546 12542 12544
12542 12546 12547
12545 12548 12543
12548 12545 12549
12549 12550 12548
12550 12549 12551
12552 12550 12551
12550 12552 12553
12554 12553 12552
12555 12547 12546
12547 12555 12556
12557 12558 12559
12558 12557 12560
12561 12558 12560
12558 12561 12562
12563 12562 12561
12562 12563 12564
12565 12564 12563
12564 12565 12566
12567 12566 12565
12566 12567 12568
12569 12570 12571
12570 12569 12572
12572 12569 12573
12574 12571 12570
12571 12574 12575
12574 12576 12575
12576 12574 12577
12578 12576 12577
12576 12578 12579
12580 12579 12578
12579 12580 12581
12580 12582 12581
12582 12580 12583
12584 12585 12586
12585 12584 12587
12588 12587 12584
12587 12588 12589
12588 12590 12589
12590 12588 12591
12591 12592 12590
12592 12591 12593
12594 12595 12596
12594 12597 12595
12597 12594 12598
12599 12600 12601
12600 12599 12602
12602 12599 12603
12604 12605 12606
12605 12604 12607
12605 12608 12606
12608 12605 12609
12610 12607 12604
12607 12610 12611
12612 12611 12610
12611 12612 12613
12612 12614 12613
12614 12612 12615
12609 12616 12608
12616 12609 12617
12618 12619 12620
12621 12622 12623
12622 12621 12624
12621 12625 12624
12625 12621 12626
12626 12627 12625
12627 12626 12628
12628 12629 12627
12629 12628 12630
12630 12631 12629
12631 12630 12632
12633 12634 12635
12634 12633 12636
12635 12637 12633
12636 12638 12634
12638 12636 12639
12639 12640 12638
12640 12639 12641
12641 12642 12643
12642 12641 12644
12644 12645 12642
12645 12644 12646
12647 12645 12646
12645 12647 12648
12649 12650 12651
12650 12649 12652
12651 12653 12649
12653 12651 12654
12655 12653 12654
12653 12655 12656
12657 12656 12655
12656 12657 12658
12413 12416 12422
12659 12660 12661
12660 12662 12661
12660 12663 12662
12659 12661 12664
12665 12660 12659
12660 12665 12666
12666 12663 12660
12666 12665 12667
12668 12661 12662
12669 12661 12668
12669 12664 12661
12668 12662 12670
12668 12671 12669
12671 12668 12672
12672 12668 12670
12672 12673 12671
12674 12675 12676
12674 12677 12675
12678 12674 12676
12679 12675 12677
12679 12680 12675
12681 12680 12679
12682 12674 12678
12682 12683 12674
12683 12677 12674
12679 12677 12683
12684 12679 12683
12685 12679 12684
12685 12681 12679
12686 12685 12684
12687 12685 12686
12687 12681 12685
12688 12682 12678
12689 12690 12691
12691 12692 12689
12692 12691 12693
12691 12694 12693
12690 12694 12691
12695 12692 12693
12693 12696 12695
12693 12694 12696
12694 12697 12696
12694 12698 12697
12694 12699 12698
12700 12695 12696
12695 12700 12701
12700 12702 12701
12702 12703 12701
12703 12695 12701
12703 12702 12704
12695 12703 12705
12692 12695 12705
12696 12697 12706
12696 12706 12700
12697 12707 12706
12697 12708 12707
12698 12708 12697
12699 12708 12698
12709 12700 12706
12700 12709 12710
12700 12710 12702
12706 12711 12709
12711 12706 12712
12706 12707 12712
12712 12707 12713
12711 12712 12714
12711 12714 12715
12715 12709 12711
12707 12716 12713
12707 12708 12716
12716 12717 12713
12717 12716 12718
12716 12719 12718
12719 12716 12720
12708 12720 12716
12721 12720 12708
12722 12719 12720
12721 12722 12720
12719 12722 12723
12699 12721 12708
12712 12713 12724
12714 12712 12724
12713 12725 12724
12726 12713 12717
12725 12713 12726
12715 12714 12727
12727 12714 12728
12715 12727 12729
12725 12730 12724
12723 12731 12719
12731 12723 12732
12733 12719 12731
12719 12733 12718
12733 12717 12718
12717 12733 12734
12726 12717 12734
12735 12734 12733
12736 12734 12735
12737 12733 12731
12735 12733 12737
12738 12735 12737
12739 12737 12731
12739 12731 12732
12738 12740 12735
12740 12736 12735
12740 12741 12736
12741 12740 12742
12743 12742 12740
12742 12743 12744
12741 12745 12736
12741 12746 12745
12742 12746 12741
12747 12740 12738
12747 12743 12740
12748 12747 12738
12748 12738 12749
12749 12738 12737
12739 12749 12737
12750 12743 12747
12743 12750 12751
12743 12751 12752
12743 12752 12744
12703 12752 12751
12750 12703 12751
12752 12703 12704
12703 12750 12705
12753 12750 12747
12753 12747 12748
12754 12753 12748
12754 12692 12753
12750 12692 12705
12692 12750 12753
12692 12754 12689
12689 12754 12755
12748 12755 12754
12756 12748 12749
12748 12756 12757
12755 12748 12757
12749 12739 12756
12758 12689 12755
12758 12690 12689
12752 12704 12759
12702 12759 12704
12702 12760 12759
12759 12760 12761
12702 12762 12760
12710 12762 12702
12710 12763 12762
12763 12710 12709
12709 12715 12763
12729 12763 12715
12764 12760 12762
12765 12760 12764
12761 12760 12765
12761 12765 12766
12762 12767 12764
12763 12767 12762
12765 12764 12768
12766 12765 12768
12768 12769 12766
12769 12768 12770
12770 12771 12769
12771 12770 12772
12773 12772 12770
12773 12770 12774
12768 12764 12774
12774 12770 12768
12774 12775 12773
12775 12774 12776
12777 12775 12776
12775 12777 12778
12774 12779 12776
12779 12764 12767
12779 12774 12764
12780 12773 12775
12773 12780 12781
12772 12773 12781
12781 12780 12782
12775 12778 12783
12775 12783 12780
12780 12783 12784
12784 12785 12780
12782 12780 12785
12785 12784 12786
12787 12783 12778
12783 12787 12788
12788 12784 12783
12789 12788 12787
12788 12789 12790
12785 12786 12791
12791 12786 12792
12793 12791 12792
12792 12794 12793
12794 12792 12795
12796 12794 12795
12794 12796 12797
12791 12793 12798
12794 12799 12793
12799 12794 12800
12801 12798 12793
12801 12793 12799
12802 12794 12797
12794 12802 12800
12795 12803 12796
12803 12795 12804
12792 12804 12795
12786 12804 12792
12805 12801 12799
12799 12800 12805
12805 12800 12806
12806 12807 12805
12808 12805 12807
12801 12805 12808
12807 12806 12809
12810 12801 12808
12811 12810 12808
12810 12811 12812
12811 12808 12813
12807 12813 12808
12801 12810 12814
12815 12800 12802
12800 12815 12806
12816 12810 12812
12817 12814 12810
12816 12817 12810
12818 12817 12816
12817 12818 12819
12820 12819 12818
12819 12820 12821
12822 12821 12820
12821 12822 12823
12824 12821 12823
12825 12819 12821
12824 12825 12821
12824 12826 12825
12827 12825 12826
12825 12827 12828
12828 12819 12825
12817 12819 12828
12829 12828 12827
12828 12829 12830
12828 12830 12817
12826 12824 12831
12832 12829 12827
12826 12832 12827
12832 12826 12833
12831 12833 12826
12834 12832 12833
12832 12834 12782
12833 12835 12834
12835 12833 12836
12833 12831 12836
12791 12830 12829
12830 12791 12798
12830 12798 12801
12814 12830 12801
12817 12830 12814
12785 12791 12829
12832 12785 12829
12782 12785 12832
12835 12837 12834
12837 12835 12838
12771 12837 12838
12837 12771 12772
12772 12781 12837
12834 12781 12782
12781 12834 12837
12839 12835 12836
12835 12839 12840
12841 12840 12839
12840 12841 12842
12843 12841 12839
12841 12843 12844
12845 12844 12843
12844 12845 12846
12846 12847 12844
12841 12844 12847
12847 12846 12848
12843 12824 12845
12824 12843 12831
12839 12831 12843
12831 12839 12836
12846 12845 12849
12845 12850 12849
12824 12850 12845
12851 12849 12850
12850 12822 12851
12822 12850 12823
12824 12823 12850
12849 12851 12852
12852 12853 12849
12853 12846 12849
12846 12853 12848
12853 12852 12854
12853 12855 12848
12855 12856 12848
12857 12856 12855
12853 12857 12855
12854 12857 12853
12856 12857 12858
12859 12858 12857
12857 12860 12859
12854 12860 12857
12859 12861 12858
12862 12856 12858
12858 12863 12862
12863 12858 12861
12863 12864 12862
12864 12863 12865
12856 12862 12866
12866 12862 12867
12867 12862 12864
12868 12866 12867
12866 12868 12869
12856 12866 12869
12868 12870 12869
12870 12868 12871
12868 12796 12871
12796 12868 12797
12872 12869 12870
12869 12872 12873
12856 12869 12873
12802 12868 12867
12868 12802 12797
12803 12871 12796
12871 12803 12874
12870 12871 12874
12875 12870 12874
12872 12870 12875
12876 12872 12875
12877 12876 12875
12876 12877 12878
12878 12877 12879
12848 12856 12873
12872 12848 12873
12848 12872 12847
12876 12847 12872
12841 12847 12876
12880 12874 12803
12804 12880 12803
12880 12804 12881
12882 12880 12881
12784 12882 12881
12880 12882 12883
12786 12881 12804
12784 12881 12786
12882 12790 12883
12790 12882 12788
12784 12788 12882
12884 12880 12883
12790 12884 12883
12877 12885 12884
12880 12884 12885
12874 12880 12885
12875 12874 12885
12884 12790 12886
12789 12886 12790
12886 12789 12887
12887 12879 12886
12879 12887 12888
12886 12877 12884
12877 12886 12879
12877 12875 12885
12889 12879 12888
12889 12878 12879
12890 12878 12889
12878 12890 12891
12891 12842 12878
12890 12892 12891
12892 12890 12893
12893 12771 12892
12771 12893 12769
12771 12894 12892
12892 12894 12891
12894 12771 12838
12835 12894 12838
12894 12835 12840
12891 12840 12842
12840 12891 12894
12842 12876 12878
12842 12841 12876
12895 12890 12889
12888 12895 12889
12895 12888 12896
12888 12897 12896
12897 12888 12887
12893 12898 12769
12893 12899 12898
12890 12895 12899
12898 12766 12769
12900 12896 12897
12896 12900 12901
12901 12895 12896
12902 12901 12900
12895 12901 12903
12903 12899 12895
12899 12903 12904
12899 12904 12898
12898 12904 12905
12898 12905 12766
12906 12905 12904
12903 12901 12907
12906 12904 12907
12907 12904 12903
12907 12901 12902
12766 12905 12908
12906 12908 12905
12909 12907 12902
12909 12910 12907
12908 12906 12911
12912 12911 12906
12912 12906 12907
12910 12912 12907
12913 12911 12912
12914 12913 12912
12742 12913 12914
12913 12742 12744
12746 12742 12914
12744 12752 12913
12913 12752 12915
12915 12908 12911
12911 12913 12915
12759 12915 12752
12916 12746 12914
12746 12916 12917
12746 12917 12745
12917 12918 12745
12919 12745 12918
12761 12915 12759
12761 12908 12915
12766 12908 12761
12920 12745 12919
12745 12920 12736
12736 12920 12734
12734 12920 12921
12920 12919 12922
12921 12920 12922
12921 12726 12734
12923 12924 12925
12923 12926 12924
12925 12927 12923
12927 12925 12928
12929 12927 12928
12930 12924 12926
12930 12931 12924
12932 12931 12930
12933 12931 12932
12934 12933 12932
12935 12933 12934
12934 12936 12935
12934 12937 12936
12934 12938 12937
12939 12937 12938
12936 12940 12935
12929 12941 12927
12942 12927 12941
12927 12942 12943
12943 12942 12944
12943 12944 12945
12946 12945 12944
12946 12944 12947
12948 12946 12947
12949 12948 12947
12950 12948 12949
12951 12950 12949
12950 12951 12952
12950 12952 12953
12950 12953 12954
12955 12954 12953
12952 12951 12956
12957 12956 12951
12957 12951 12958
12959 12957 12958
12960 12957 12959
12957 12960 12961
12955 12953 12962
12962 12963 12955
12963 12962 12964
12964 12965 12963
12964 12966 12965
12967 12965 12966
12967 12968 12965
12969 12968 12967
12968 12969 12939
12939 12969 12937
12970 12971 12935
12972 12971 12970
12973 12972 12970
12970 12974 12973
12970 12935 12940
12809 12975 12976
12806 12975 12809
12975 12806 12815
12864 12975 12815
12815 12867 12864
12867 12815 12802
12975 12864 12865
12865 12977 12975
12978 12979 12980
12980 12981 12978
12982 12981 12980
12982 12983 12981
12983 12982 12984
12983 12984 12985
12985 12986 12983
12987 12986 12985
12986 12987 12988
12988 12989 12986
12986 12989 12990
12983 12986 12990
12987 12985 12991
12992 12991 12985
12993 12980 12979
12994 12984 12982
12982 12995 12994
12980 12993 12995
12982 12980 12995
12994 12996 12984
12996 12994 12997
12998 12996 12997
12997 12999 12998
12999 12997 13000
12997 13001 13000
12994 13001 12997
12998 13002 12996
12992 12996 13002
13003 12991 12992
13003 12992 13004
12987 12991 13003
13005 12992 13002
13005 13004 12992
12998 13005 13002
13006 13007 12777
12777 13008 13006
12776 13008 12777
12776 12779 13008
12777 13007 12778
12778 13007 12787
13009 12728 12714
12724 13009 12714
12724 12730 13009
12699 12694 13010
12694 12690 13010
13011 13012 13013
13011 13014 13012
13014 13011 13015
13016 13017 13018
13017 13016 13019
13019 13016 13020
13021 13022 13023
13022 13021 13024
13022 13025 13023
13025 13022 13026
13027 13024 13021
13024 13027 13028
13029 13028 13027
13028 13029 13030
13029 13031 13030
13031 13029 13032
13033 13031 13032
13026 13034 13025
13034 13026 13035
13036 13037 13038
13037 13036 13039
13036 13040 13039
13040 13036 13041
13041 13042 13040
13042 13041 13043
13043 13044 13042
13044 13043 13045
13045 13046 13044
13046 13045 13047
13048 13049 13050
13049 13048 13051
13050 13052 13048
13051 13053 13049
13053 13051 13054
13055 13053 13054
13053 13055 13056
13055 13057 13056
13057 13055 13058
13058 13059 13057
13059 13058 13060
13061 13059 13060
13059 13061 13062
13063 13064 13065
13064 13063 13066
13065 13067 13063
13067 13065 13068
13069 13067 13068
13067 13069 13070
13071 13070 13069
13070 13071 13072
13073 13074 13075
13076 13073 13075
13073 13076 13077
13078 13079 13080
13079 13078 13081
13080 13082 13078
13083 13084 13085
13084 13083 13086
13087 13083 13085
13083 13087 13088
13086 13089 13084
13089 13086 13090
13090 13091 13089
13091 13090 13092
13093 13091 13092
13091 13093 13094
13095 13088 13087
13088 13095 13096
13097 13098 13099
13100 13101 13102
13101 13100 13103
13104 13101 13103
13101 13104 13105
13106 13105 13104
13105 13106 13107
13108 13107 13106
13107 13108 13109
13110 13109 13108
13109 13110 13111
13112 13113 13114
13113 13112 13115
13115 13112 13116
13117 13114 13113
13114 13117 13118
13119 13118 13117
13118 13119 13120
13120 13121 13122
13121 13120 13123
13124 13122 13121
13122 13124 13125
13124 13126 13125
13126 13124 13127
13128 13129 13130
13129 13128 13131
13132 13131 13128
13131 13132 13133
13132 13134 13133
13134 13132 13135
13135 13136 13134
13136 13135 13137
12890 12899 12893
13138 13139 13140
13140 13139 13141
13140 13141 13142
13138 13143 13139
13140 13144 13138
13144 13140 13145
13145 13140 13142
13145 13146 13144
13147 13141 13139
13148 13147 13139
13148 13139 13143
13147 13149 13141
13150 13147 13148
13147 13150 13151
13151 13149 13147
13151 13150 13152
13153 13154 13155
13153 13155 13156
13157 13154 13153
13158 13156 13155
13158 13155 13159
13160 13158 13159
13161 13157 13153
13161 13153 13162
13162 13153 13156
13158 13162 13156
13163 13162 13158
13164 13163 13158
13164 13158 13160
13165 13163 13164
13166 13165 13164
13166 13164 13160
13167 13157 13161
13168 13169 13170
13168 13171 13169
13171 13168 13172
13173 13172 13168
13174 13171 13172
13171 13174 13175
13176 13169 13171
13175 13176 13171
13169 13176 13177
13177 13170 13169
13178 13177 13176
13177 13178 13179
13180 13179 13178
13179 13180 13181
13182 13178 13176
13176 13175 13182
13178 13182 13183
13183 13180 13178
13180 13183 13184
13185 13184 13183
13184 13185 13186
13186 13187 13184
13187 13180 13184
13187 13186 13188
13179 13189 13177
13170 13177 13189
13189 13190 13170
13190 13189 13191
13191 13192 13190
13193 13190 13192
13190 13193 13194
13194 13170 13190
13194 13195 13170
13196 13195 13194
13194 13193 13197
13194 13197 13196
13196 13197 13198
13192 13191 13199
13199 13200 13192
13200 13199 13201
13192 13202 13193
13202 13192 13200
13203 13193 13202
13193 13203 13197
13204 13197 13203
13204 13198 13197
13205 13199 13191
13191 13206 13205
13206 13191 13189
13207 13205 13206
13205 13207 13208
13207 13209 13208
13209 13207 13210
13210 13211 13209
13211 13210 13212
13208 13213 13205
13199 13205 13213
13213 13208 13214
13214 13209 13211
13209 13214 13208
13189 13179 13206
13206 13181 13207
13181 13206 13179
13181 13215 13207
13207 13215 13210
13216 13215 13181
13215 13216 13217
13180 13216 13181
13218 13216 13180
13218 13180 13187
13187 13219 13218
13219 13187 13220
13187 13221 13220
13222 13212 13210
13210 13215 13222
13215 13217 13222
13212 13222 13223
13224 13223 13222
13222 13217 13224
13225 13218 13219
13225 13226 13218
13216 13226 13217
13226 13216 13218
13224 13226 13225
13224 13217 13226
13219 13227 13225
13220 13227 13219
13188 13221 13187
13228 13221 13188
13188 13229 13228
13229 13188 13186
13186 13230 13229
13230 13186 13185
13231 13230 13185
13231 13185 13232
13233 13231 13232
13231 13233 13234
13235 13234 13233
13234 13235 13236
13183 13232 13185
13232 13183 13182
13182 13233 13232
13233 13182 13175
13235 13233 13175
13235 13175 13174
13237 13174 13172
13237 13172 13173
13238 13239 13173
13240 13239 13238
13195 13240 13238
13239 13240 13241
13242 13240 13195
13243 13241 13240
13242 13243 13240
13244 13243 13242
13243 13244 13245
13246 13243 13245
13247 13245 13244
13245 13247 13248
13246 13245 13248
13249 13248 13247
13248 13249 13250
13248 13251 13246
13251 13248 13252
13248 13250 13252
13244 13253 13247
13253 13244 13254
13254 13244 13242
13254 13242 13196
13196 13242 13195
13255 13247 13253
13247 13255 13256
13256 13249 13247
13249 13256 13257
13249 13257 13258
13253 13259 13255
13259 13253 13260
13254 13260 13253
13260 13254 13198
13196 13198 13254
13252 13250 13261
13261 13250 13249
13249 13258 13261
13261 13258 13262
13260 13263 13259
13198 13263 13260
13264 13258 13257
13256 13264 13257
13255 13265 13256
13264 13256 13265
13266 13264 13265
13265 13267 13266
13267 13265 13268
13268 13269 13267
13269 13268 13270
13271 13267 13269
13266 13267 13271
13270 13272 13269
13264 13266 13273
13264 13273 13274
13275 13273 13266
13275 13274 13273
13276 13270 13268
13277 13268 13265
13268 13277 13276
13265 13255 13277
13259 13277 13255
13277 13259 13278
13278 13276 13277
13276 13278 13279
13280 13276 13279
13276 13280 13270
13280 13281 13270
13270 13281 13272
13269 13272 13282
13272 13283 13282
13283 13272 13284
13281 13284 13272
13281 13285 13284
13281 13286 13285
13284 13287 13283
13287 13284 13285
13278 13259 13288
13279 13278 13288
13287 13285 13289
13285 13290 13289
13290 13285 13291
13286 13291 13285
13287 13289 13292
13290 13293 13289
13292 13289 13293
13293 13290 13294
13291 13295 13290
13295 13294 13290
13295 13291 13296
13286 13296 13291
13296 13297 13295
13297 13296 13298
13298 13299 13297
13299 13298 13300
13297 13301 13295
13294 13295 13301
13301 13297 13302
13299 13302 13297
13302 13299 13303
13303 13304 13302
13304 13303 13305
13306 13305 13303
13306 13303 13299
13305 13306 13307
13308 13298 13296
13296 13286 13308
13309 13308 13286
13310 13309 13286
13308 13309 13311
13312 13309 13310
13309 13312 13313
13313 13311 13309
13311 13313 13314
13315 13314 13313
13314 13315 13316
13313 13317 13315
13317 13313 13312
13312 13318 13317
13318 13312 13319
13310 13319 13312
13310 13280 13319
13311 13320 13308
13320 13311 13321
13314 13321 13311
13321 13322 13320
13322 13321 13323
13324 13322 13323
13322 13324 13325
13326 13325 13324
13325 13326 13327
13328 13323 13321
13321 13314 13328
13323 13328 13329
13329 13324 13323
13324 13329 13326
13300 13320 13322
13300 13322 13330
13322 13325 13330
13320 13300 13298
13298 13308 13320
13330 13331 13300
13331 13330 13332
13299 13300 13331
13333 13299 13331
13333 13306 13299
13334 13306 13333
13306 13334 13335
13306 13335 13336
13337 13334 13333
13337 13333 13338
13331 13338 13333
13338 13331 13332
13334 13337 13339
13335 13334 13339
13307 13306 13336
13340 13307 13336
13341 13307 13340
13307 13341 13305
13342 13305 13341
13305 13342 13304
13343 13304 13342
13343 13344 13304
13343 13345 13344
13345 13343 13346
13346 13347 13345
13347 13346 13348
13344 13302 13304
13302 13344 13301
13345 13301 13344
13301 13345 13294
13347 13294 13345
13347 13293 13294
13349 13350 13351
13350 13349 13352
13351 13353 13349
13353 13351 13354
13354 13355 13353
13355 13354 13356
13356 13357 13355
13357 13356 13358
13357 13359 13355
13359 13357 13360
13349 13361 13352
13361 13349 13362
13353 13362 13349
13355 13363 13353
13363 13355 13359
13362 13353 13363
13358 13364 13357
13357 13364 13360
13364 13358 13365
13352 13366 13350
13365 13367 13364
13367 13365 13368
13368 13369 13367
13370 13367 13369
13367 13370 13371
13372 13371 13370
13373 13372 13370
13372 13373 13374
13369 13368 13375
13375 13376 13369
13376 13370 13369
13370 13376 13373
13376 13375 13377
13367 13378 13364
13367 13371 13378
13371 13379 13378
13379 13371 13380
13372 13380 13371
13201 13378 13379
13380 13201 13379
13378 13201 13381
13199 13381 13201
13381 13199 13213
13372 13200 13380
13201 13380 13200
13200 13372 13202
13373 13382 13374
13372 13374 13203
13374 13383 13203
13383 13374 13382
13203 13383 13384
13203 13384 13204
13204 13384 13385
13198 13204 13385
13372 13203 13202
13359 13381 13213
13381 13359 13360
13360 13378 13381
13214 13359 13213
13359 13214 13363
13211 13363 13214
13363 13211 13362
13212 13362 13211
13362 13212 13361
13386 13361 13212
13352 13361 13386
13386 13212 13223
13360 13364 13378
13387 13388 13389
13388 13387 13390
13388 13391 13389
13391 13388 13392
13391 13393 13389
13393 13391 13394
13391 13395 13394
13395 13391 13396
13391 13392 13396
13396 13392 13397
13396 13398 13395
13398 13396 13399
13397 13399 13396
13399 13400 13398
13401 13398 13400
13398 13401 13402
13402 13395 13398
13403 13402 13401
13402 13403 13404
13404 13405 13402
13405 13394 13395
13395 13402 13405
13405 13404 13406
13406 13407 13405
13394 13405 13407
13407 13393 13394
13407 13406 13408
13409 13404 13403
13404 13409 13410
13410 13406 13404
13403 13411 13409
13411 13403 13412
13413 13412 13403
13413 13403 13401
13401 13414 13413
13413 13415 13412
13415 13413 13416
13414 13416 13413
13416 13414 13417
13418 13412 13415
13412 13418 13411
13411 13418 13419
13409 13411 13419
13420 13410 13409
13409 13419 13420
13410 13420 13421
13408 13422 13407
13422 13408 13423
13423 13424 13422
13424 13423 13425
13426 13425 13423
13425 13426 13427
13428 13425 13427
13425 13428 13429
13428 13430 13429
13430 13428 13431
13427 13431 13428
13432 13427 13426
13426 13433 13432
13433 13426 13434
13423 13434 13426
13427 13432 13435
13431 13427 13435
13434 13436 13433
13436 13434 13437
13425 13438 13424
13438 13425 13429
13429 13430 13438
13438 13439 13424
13439 13438 13440
13438 13441 13440
13438 13430 13441
13408 13437 13434
13434 13423 13408
13437 13408 13406
13406 13410 13437
13437 13421 13436
13421 13437 13410
13440 13442 13439
13439 13442 13443
13439 13443 13444
13444 13443 13393
13442 13445 13443
13445 13442 13446
13393 13422 13444
13422 13439 13444
13439 13422 13424
13393 13407 13422
13447 13445 13446
13446 13448 13447
13446 13442 13448
13448 13442 13440
13449 13443 13445
13387 13443 13449
13389 13443 13387
13443 13389 13393
13449 13390 13387
13450 13451 13452
13451 13453 13452
13450 13454 13451
13450 13455 13454
13455 13456 13454
13452 13453 13457
13458 13456 13455
13458 13459 13456
13459 13458 13460
13460 13461 13459
13461 13460 13462
13463 13461 13462
13461 13463 13464
13465 13464 13463
13464 13465 13466
13467 13466 13465
13466 13467 13468
13467 13469 13468
13469 13467 13470
13471 13469 13470
13469 13471 13472
13471 13473 13472
13473 13471 13474
13475 13473 13474
13474 13476 13475
13476 13477 13475
13477 13476 13478
13479 13477 13478
13477 13479 13480
13481 13480 13479
13480 13481 13482
13481 13483 13482
13483 13484 13482
13485 13484 13483
13485 13486 13484
13485 13487 13486
13486 13487 13453
13487 13457 13453
13488 13489 13490
13491 13490 13489
13492 13489 13488
13493 13492 13488
13492 13494 13489
13493 13488 13495
13496 13495 13488
13488 13490 13496
13495 13496 13497
13498 13495 13497
13495 13498 13499
13500 13499 13498
13499 13500 13501
13502 13496 13490
13496 13502 13503
13496 13504 13497
13504 13496 13503
13505 13497 13504
13497 13505 13498
13506 13498 13505
13498 13506 13500
13500 13507 13501
13508 13501 13507
13501 13509 13499
13495 13499 13509
13509 13501 13510
13508 13510 13501
13509 13511 13495
13511 13493 13495
13512 13493 13511
13512 13492 13493
13512 13513 13492
13514 13492 13513
13513 13515 13514
13514 13494 13492
13516 13514 13515
13514 13516 13517
13514 13517 13494
13517 13489 13494
13517 13491 13489
13518 13491 13517
13519 13518 13517
13519 13517 13516
13519 13520 13518
13520 13521 13518
13518 13521 13491
13521 13522 13491
13522 13521 13523
13521 13524 13523
13524 13521 13525
13525 13526 13524
13526 13525 13527
13528 13522 13523
13522 13528 13529
13502 13522 13529
13522 13502 13490
13491 13522 13490
13523 13530 13528
13530 13523 13524
13524 13531 13530
13531 13524 13526
13532 13531 13526
13526 13533 13532
13526 13527 13533
13534 13527 13525
13534 13525 13521
13527 13534 13535
13536 13527 13535
13536 13533 13527
13537 13533 13536
13537 13538 13533
13533 13538 13539
13533 13539 13532
13540 13539 13538
13541 13532 13539
13532 13541 13542
13532 13542 13531
13539 13543 13541
13543 13539 13540
13540 13544 13543
13544 13540 13545
13546 13544 13545
13545 13547 13546
13546 13547 13548
13544 13546 13549
13550 13549 13546
13548 13550 13546
13549 13550 13551
13552 13551 13550
13507 13552 13550
13507 13550 13548
13553 13507 13548
13553 13548 13547
13551 13552 13554
13552 13506 13554
13555 13553 13547
13556 13555 13547
13545 13556 13547
13553 13555 13557
13558 13557 13555
13556 13558 13555
13557 13558 13559
13558 13560 13559
13560 13558 13561
13556 13561 13558
13556 13562 13561
13537 13560 13561
13561 13562 13537
13562 13538 13537
13553 13508 13507
13538 13562 13540
13545 13540 13562
13545 13562 13556
13552 13500 13506
13500 13552 13507
13563 13564 13565
13564 13563 13399
13400 13399 13563
13563 13565 13566
13400 13563 13566
13400 13566 13567
13568 13400 13567
13567 13569 13568
13399 13397 13564
13568 13401 13400
13401 13568 13414
13568 13570 13414
13568 13569 13570
13570 13571 13414
13570 13569 13572
13571 13417 13414
13573 13417 13571
13573 13416 13417
13416 13573 13574
13574 13415 13416
13415 13574 13575
13576 13573 13571
13575 13418 13415
13418 13575 13577
13578 13577 13575
13574 13578 13575
13574 13579 13578
13579 13574 13573
13579 13573 13580
13580 13573 13576
13581 13578 13579
13579 13582 13581
13582 13579 13583
13580 13583 13579
13578 13581 13584
13585 13584 13581
13584 13585 13586
13587 13586 13585
13586 13587 13588
13584 13589 13578
13577 13578 13589
13589 13584 13590
13586 13590 13584
13577 13591 13418
13589 13591 13577
13590 13592 13589
13589 13592 13591
13592 13590 13593
13583 13594 13582
13595 13582 13594
13582 13595 13596
13581 13596 13585
13596 13581 13582
13597 13596 13595
13596 13597 13598
13598 13585 13596
13585 13598 13587
13594 13583 13599
13599 13600 13594
13600 13599 13601
13599 13602 13601
13603 13588 13587
13597 13604 13598
13587 13604 13603
13604 13587 13598
13604 13605 13603
13605 13604 13606
13607 13605 13606
13607 13603 13605
13603 13607 13608
13607 13609 13608
13609 13607 13610
13609 13610 13611
13608 13612 13603
13612 13608 13613
13609 13613 13608
13613 13614 13612
13614 13613 13615
13613 13616 13615
13616 13613 13617
13613 13609 13617
13618 13616 13617
13609 13611 13618
13617 13609 13618
13616 13618 13619
13619 13615 13616
13615 13620 13614
13621 13614 13620
13614 13621 13622
13622 13612 13614
13620 13615 13623
13615 13619 13623
13624 13622 13621
13622 13624 13625
13612 13622 13588
13625 13588 13622
13588 13603 13612
13588 13625 13586
13590 13586 13625
13593 13625 13624
13625 13593 13590
13624 13626 13593
13627 13593 13626
13626 13628 13627
13628 13626 13629
13629 13630 13628
13630 13629 13631
13632 13627 13628
13630 13632 13628
13627 13632 13633
13634 13629 13626
13626 13624 13634
13629 13634 13635
13636 13635 13634
13635 13636 13637
13638 13637 13636
13637 13638 13639
13640 13639 13638
13639 13640 13641
13642 13641 13640
13641 13642 13643
13644 13643 13642
13643 13644 13645
13646 13637 13639
13637 13646 13647
13637 13647 13635
13648 13643 13645
13643 13648 13649
13649 13641 13643
13650 13639 13641
13639 13650 13646
13641 13649 13650
13645 13644 13651
13645 13652 13648
13644 13611 13651
13638 13623 13640
13640 13619 13642
13619 13640 13623
13619 13644 13642
13644 13619 13618
13611 13644 13618
13646 13653 13647
13647 13653 13654
13316 13654 13653
13653 13314 13316
13314 13653 13328
13653 13646 13328
13654 13316 13655
13655 13631 13654
13631 13655 13656
13316 13656 13655
13657 13631 13656
13315 13657 13656
13656 13316 13315
13657 13315 13317
13657 13317 13318
13657 13318 13658
13659 13657 13658
13657 13659 13630
13657 13630 13631
13659 13658 13660
13632 13630 13659
13658 13318 13661
13661 13660 13658
13318 13662 13661
13318 13663 13662
13663 13664 13662
13663 13318 13319
13663 13319 13279
13279 13664 13663
13280 13279 13319
13280 13310 13281
13310 13286 13281
13420 13665 13375
13375 13665 13377
13665 13420 13419
13375 13421 13420
13421 13375 13368
13368 13436 13421
13436 13368 13365
13365 13433 13436
13433 13365 13358
13358 13432 13433
13432 13358 13356
13356 13435 13432
13435 13356 13354
13354 13431 13435
13431 13354 13351
13350 13431 13351
13431 13350 13430
13441 13430 13350
13350 13366 13441
13666 13667 13668
13667 13666 13669
13670 13669 13666
13669 13670 13671
13672 13668 13667
13668 13672 13673
13674 13671 13670
13671 13674 13675
13676 13675 13674
13675 13676 13677
13668 13678 13666
13678 13668 13679
13679 13680 13678
13680 13679 13681
13682 13680 13681
13680 13682 13683
13684 13680 13683
13685 13684 13683
13684 13685 13686
13680 13684 13687
13687 13678 13680
13684 13688 13687
13688 13684 13689
13690 13688 13689
13688 13690 13691
13692 13691 13690
13691 13692 13693
13694 13693 13692
13693 13694 13695
13694 13696 13695
13696 13694 13697
13698 13686 13685
13699 13698 13685
13700 13698 13699
13698 13700 13701
13699 13702 13700
13702 13699 13703
13704 13703 13699
13704 13705 13703
13705 13704 13706
13703 13707 13702
13707 13703 13705
13701 13708 13698
13708 13701 13709
13710 13708 13709
13708 13710 13711
13711 13686 13708
13686 13698 13708
13686 13711 13712
13682 13706 13704
13704 13683 13682
13683 13704 13685
13706 13682 13713
13681 13713 13682
13713 13681 13714
13712 13684 13686
13684 13712 13689
13715 13712 13711
13716 13712 13715
13712 13716 13689
13717 13689 13716
13689 13717 13690
13718 13690 13717
13690 13718 13692
13718 13694 13692
13694 13718 13719
13719 13697 13694
13697 13719 13720
13719 13721 13720
13719 13722 13721
13723 13722 13719
13723 13719 13718
13723 13718 13724
13724 13718 13725
13720 13721 13726
13720 13726 13727
13718 13728 13725
13718 13717 13728
13728 13717 13729
13730 13697 13720
13697 13730 13731
13731 13696 13697
13696 13731 13732
13731 13733 13732
13733 13731 13734
13734 13735 13733
13735 13734 13736
13736 13737 13735
13737 13736 13738
13739 13737 13738
13737 13739 13740
13739 13741 13740
13741 13739 13742
13739 13743 13742
13743 13739 13744
13745 13741 13742
13741 13745 13746
13744 13747 13743
13748 13743 13747
13747 13749 13748
13749 13747 13750
13751 13748 13749
13748 13751 13752
13753 13748 13752
13742 13753 13745
13753 13742 13743
13748 13753 13743
13705 13753 13752
13753 13705 13706
13706 13745 13753
13707 13752 13751
13752 13707 13705
13754 13750 13747
13747 13744 13754
13744 13755 13754
13756 13754 13755
13754 13756 13757
13750 13754 13757
13713 13746 13745
13745 13706 13713
13755 13758 13756
13759 13758 13755
13759 13755 13760
13755 13744 13760
13739 13760 13744
13760 13739 13738
13761 13760 13738
13760 13761 13759
13738 13762 13761
13762 13738 13736
13736 13763 13762
13763 13736 13734
13731 13763 13734
13763 13731 13730
13764 13763 13730
13764 13730 13765
13730 13766 13765
13730 13720 13766
13764 13767 13763
13767 13768 13763
13720 13769 13766
13720 13727 13769
13763 13768 13770
13763 13770 13762
13770 13771 13762
13762 13771 13772
13772 13773 13761
13761 13773 13774
13762 13772 13761
13759 13761 13774
13775 13759 13774
13759 13775 13758
13776 13676 13777
13777 13693 13776
13693 13777 13691
13778 13691 13777
13691 13778 13688
13779 13688 13778
13688 13779 13687
13678 13687 13779
13695 13776 13693
13776 13695 13780
13696 13780 13695
13780 13696 13781
13781 13782 13780
13782 13781 13783
13780 13784 13776
13784 13780 13782
13779 13666 13678
13666 13779 13670
13778 13670 13779
13670 13778 13674
13777 13674 13778
13674 13777 13676
13776 13784 13676
13676 13784 13677
13696 13785 13781
13785 13696 13732
13732 13786 13785
13786 13732 13733
13733 13787 13786
13786 13787 13788
13787 13733 13735
13735 13789 13787
13789 13735 13737
13737 13790 13789
13790 13737 13740
13740 13791 13790
13791 13740 13741
13741 13792 13791
13792 13741 13746
13714 13792 13746
13746 13713 13714
13792 13714 13793
13714 13679 13793
13679 13714 13681
13668 13793 13679
13793 13668 13673
13794 13791 13792
13793 13794 13792
13794 13793 13673
13672 13794 13673
13794 13672 13795
13795 13796 13794
13791 13794 13796
13796 13795 13797
13797 13798 13796
13798 13797 13799
13799 13800 13798
13800 13799 13801
13801 13788 13800
13788 13801 13802
13790 13796 13798
13796 13790 13791
13798 13789 13790
13789 13798 13800
13800 13787 13789
13787 13800 13788
13788 13802 13803
13786 13788 13803
13803 13785 13786
13785 13803 13804
13804 13781 13785
13781 13804 13783
13699 13685 13704
13716 13805 13806
13807 13716 13806
13717 13716 13807
13717 13807 13729
13715 13805 13716
13808 13805 13715
13715 13809 13808
13715 13711 13809
13711 13710 13809
13810 13811 13812
13811 13810 13813
13814 13812 13811
13812 13814 13815
13816 13813 13810
13813 13816 13817
13814 13818 13815
13818 13814 13819
13819 13820 13818
13820 13819 13821
13822 13820 13821
13820 13822 13823
13824 13823 13822
13823 13824 13825
13826 13825 13824
13825 13826 13827
13828 13827 13826
13827 13828 13829
13828 13830 13829
13830 13828 13831
13832 13833 13834
13833 13832 13835
13836 13835 13832
13835 13836 13837
13838 13837 13836
13837 13838 13839
13840 13839 13838
13839 13840 13841
13840 13842 13841
13842 13840 13843
13843 13844 13842
13844 13843 13845
13846 13844 13845
13844 13846 13847
13848 13847 13846
13847 13848 13849
13848 13850 13849
13850 13848 13851
13852 13853 13854
13853 13852 13855
13853 13856 13854
13856 13853 13857
13857 13858 13856
13858 13857 13859
13860 13855 13852
13855 13860 13861
13862 13861 13860
13861 13862 13863
13862 13864 13863
13864 13862 13865
13865 13866 13864
13866 13865 13867
13867 13868 13866
13868 13867 13869
13870 13858 13859
13858 13870 13871
13872 13871 13870
13871 13872 13873
13872 13874 13873
13874 13872 13875
13876 13868 13869
13868 13876 13877
13878 13877 13876
13877 13878 13879
13880 13879 13878
13879 13880 13881
13880 13882 13881
13882 13880 13883
13875 13883 13874
13883 13875 13882
13884 13885 13886
13885 13884 13887
13888 13884 13886
13884 13888 13889
13890 13889 13888
13889 13890 13891
13887 13892 13885
13892 13887 13893
13893 13894 13892
13894 13893 13895
13896 13894 13895
13894 13896 13897
13898 13897 13896
13897 13898 13899
13900 13899 13898
13899 13900 13901
13890 13902 13891
13902 13890 13903
13903 13904 13902
13904 13903 13905
13906 13904 13905
13904 13906 13907
13900 13908 13901
13908 13900 13909
13909 13910 13908
13910 13909 13911
13911 13912 13910
13912 13911 13913
13914 13912 13913
13912 13914 13915
13907 13915 13914
13915 13907 13906
13916 13917 13918
13917 13916 13919
13920 13916 13918
13916 13920 13921
13922 13921 13920
13921 13922 13923
13919 13924 13917
13924 13919 13925
13925 13926 13924
13926 13925 13927
13927 13928 13926
13928 13927 13929
13930 13928 13929
13928 13930 13931
13932 13931 13930
13931 13932 13933
13922 13934 13923
13934 13922 13935
13935 13936 13934
13936 13935 13937
13938 13936 13937
13936 13938 13939
13932 13940 13933
13940 13932 13941
13941 13942 13940
13942 13941 13943
13944 13942 13943
13942 13944 13945
13946 13945 13944
13945 13946 13947
13939 13947 13946
13947 13939 13938
13948 13949 13950
13949 13948 13951
13951 13952 13949
13952 13951 13953
13953 13954 13952
13954 13953 13955
13956 13948 13950
13948 13956 13957
13958 13957 13956
13957 13958 13959
13960 13959 13958
13959 13960 13961
13962 13961 13960
13961 13962 13963
13964 13963 13962
13963 13964 13965
13966 13954 13955
13954 13966 13967
13968 13967 13966
13967 13968 13969
13970 13969 13968
13969 13970 13971
13964 13972 13965
13972 13964 13973
13973 13974 13972
13974 13973 13975
13975 13976 13974
13976 13975 13977
13977 13978 13976
13978 13977 13979
13979 13970 13978
13970 13979 13971
13980 13981 13982
13981 13980 13983
13597 13980 13982
13980 13597 13984
13604 13597 13982
13982 13981 13606
13606 13604 13982
13981 13985 13606
13985 13981 13983
13597 13595 13984
13595 13986 13984
13594 13986 13595
13986 13594 13600
13985 13987 13606
13987 13988 13606
13988 13987 13989
13607 13606 13988
13990 13989 13987
13989 13990 13991
13989 13991 13988
13610 13607 13988
13991 13610 13988
13592 13627 13992
13627 13633 13992
13992 13591 13592
13593 13627 13592
13583 13993 13602
13583 13602 13599
13580 13993 13583
13993 13580 13994
13580 13576 13994
13576 13995 13994
13629 13635 13654
13629 13654 13631
13647 13654 13635
13262 13258 13274
13274 13258 13264
13327 13996 13325
13996 13327 13997
13998 13996 13997
13652 13997 13327
13652 13327 13648
13327 13649 13648
13649 13327 13326
13326 13650 13649
13650 13326 13329
13329 13646 13650
13646 13329 13328
13996 13998 13332
13998 13338 13332
13998 13337 13338
13325 13996 13330
13330 13996 13332
13521 13520 13534
13634 13621 13636
13621 13634 13624
13620 13636 13621
13636 13620 13638
13623 13638 13620
13999 14000 14001
14000 13999 14002
14001 14003 13999
14003 14001 14004
14002 14005 14000
14005 14002 14006
14007 14003 14004
14003 14007 14008
14009 14008 14007
14008 14009 14010
14009 14011 14010
14011 14009 14012
14012 14013 14011
14013 14012 14014
14014 14015 14013
14015 14014 14016
14016 14017 14015
14017 14016 14018
14019 14017 14018
14017 14019 14020
14021 14022 14023
14022 14021 14024
14024 14025 14022
14025 14024 14026
14026 14027 14025
14027 14026 14028
14028 14029 14027
14029 14028 14030
14031 14029 14030
14029 14031 14032
14033 14032 14031
14032 14033 14034
14033 14035 14034
14035 14033 14036
14036 14037 14035
14037 14036 14038
14039 14037 14038
14037 14039 14040
14041 13275 13266
13271 14041 13266
13195 13238 13168
13173 13168 13238
13195 13168 13170
14042 14043 14044
14043 14042 14045
14046 14045 14042
14045 14046 14047
14048 14046 14042
14044 14048 14042
14046 14048 14049
14049 14050 14046
14050 14049 14051
14051 14052 14050
14053 14050 14052
14050 14053 14054
14054 14046 14050
14046 14054 14047
14052 14051 14055
14048 14044 14056
14057 14044 14043
14044 14057 14058
14058 14056 14044
14043 14059 14057
14057 14060 14058
14060 14057 14061
14061 14057 14059
14060 14062 14058
14056 14058 14062
14062 14060 14063
14064 14063 14060
14063 14064 14065
14063 14066 14062
14066 14063 14067
14065 14067 14063
14062 14068 14056
14068 14062 14066
14069 14056 14068
14056 14069 14048
14069 14049 14048
14049 14069 14070
14070 14051 14049
14051 14070 14071
14071 14055 14051
14055 14071 14072
14067 14065 14073
14060 14074 14064
14074 14060 14061
14074 14061 14075
14075 14061 14076
14061 14059 14076
14059 14043 14077
14077 14078 14059
14077 14079 14078
14079 14080 14078
14054 14080 14079
14043 14045 14077
14045 14047 14077
14054 14079 14047
14047 14079 14077
14053 14080 14054
14081 14082 14083
14082 14081 14084
14084 14085 14082
14085 14084 14086
14085 14087 14082
14087 14083 14082
14087 14085 14088
14089 14088 14085
14088 14089 14090
14091 14090 14089
14089 14092 14091
14092 14089 14093
14085 14093 14089
14093 14085 14086
14090 14091 14094
14083 14087 14095
14083 14096 14081
14096 14083 14097
14095 14097 14083
14098 14096 14097
14096 14098 14099
14100 14098 14097
14097 14095 14100
14098 14100 14101
14101 14102 14098
14102 14101 14103
14104 14101 14100
14101 14104 14105
14105 14103 14101
14094 14106 14090
14107 14090 14106
14090 14107 14088
14108 14088 14107
14088 14108 14087
14108 14095 14087
14095 14108 14109
14100 14109 14104
14109 14100 14095
14103 14105 14110
14106 14094 14111
14112 14098 14102
14098 14112 14099
14112 14113 14099
14113 14114 14099
14099 14114 14115
14099 14115 14096
14115 14081 14096
14081 14115 14116
14116 14115 14117
14116 14117 14118
14118 14117 14119
14093 14118 14119
14081 14116 14084
14084 14116 14086
14093 14086 14118
14086 14116 14118
14092 14093 14119
14120 14121 14122
14121 14120 14123
14124 14121 14123
14125 14126 14127
14128 14127 14126
14128 14126 14129
14130 14131 14132
14133 14134 14135
14136 14137 14138
14137 14136 14139
14138 14137 14140
14141 14142 14143
14141 14143 14144
14145 14142 14141
14146 14147 14148
14147 14146 14149
14149 14150 14147
14150 14149 14151
14152 14153 14154
14153 14152 14155
14156 14155 14152
14155 14156 14157
14158 14159 14160
14161 14162 14163
14164 14165 14166
14165 14164 14167
14168 14167 14164
14167 14168 14169
14170 14171 14172
14171 14170 14173
14173 14174 14171
14174 14173 14175
14176 14177 14178
14177 14176 14179
14178 14180 14176
14180 14178 14181
14182 14183 14184
14183 14182 14185
14186 14184 14183
14184 14186 14187
14188 14189 14190
14189 14191 14190
14191 14192 14190
14193 14194 14195
14196 14193 14195
14197 14196 14195
14198 14197 14195
14199 14200 14201
14202 14203 14204
14205 14203 14202
14206 14205 14202
14205 14207 14203
14208 14209 14210
14210 14209 14211
14211 14209 14212
14210 14211 14213
14214 14215 14216
14215 14214 14217
14218 14219 14220
14219 14218 14221
14222 14223 14224
14223 14222 14225
14226 14227 14228
14227 14226 14229
14230 14231 14232
14230 14233 14231
14234 14235 14236
14236 14235 14237
14238 14239 14240
14241 14239 14238
14242 14241 14238
14241 14242 14243
14241 14244 14239
14245 14246 14247
14248 14245 14247
14246 14249 14250
14251 14252 14246
14251 14253 14252
14254 14246 14255
14256 14246 14257
14258 14259 14260
14259 14258 14261
14262 14263 14264
14263 14262 14265
14266 14267 14268
14267 14266 14269
14270 14271 14272
14271 14270 14273
14274 14275 14276
14275 14274 14277
14278 14279 14280
14279 14278 14281
14282 14283 14284
14283 14282 14285
14286 14287 14288
14286 14289 14287
14288 14287 14290
14291 14292 14293
14294 14295 14296
14297 14298 14299
14298 14297 14300
14301 14302 14303
14301 14304 14302
14302 14304 14305
14306 14307 14308
14308 14309 14306
14310 14309 14308
14311 14312 14313
14314 14313 14312
14314 14315 14313
14316 14317 14318
14319 14320 14321
14322 14323 14324
14324 14325 14322
14323 14326 14324
14327 14328 14329
14327 14330 14328
14331 14327 14329
14332 14333 14334
14333 14332 14335
14336 14334 14333
14334 14336 14337
14338 14339 14340
14339 14338 14341
14340 14342 14338
14342 14340 14343
14344 14345 14346
14347 14348 14349
14350 14351 14352
14351 14350 14353
14353 14354 14351
14354 14353 14355
14356 14357 14358
14357 14356 14359
14360 14358 14357
14358 14360 14361
14362 14363 14364
14363 14362 14365
14366 14365 14362
14365 14366 14367
14368 14369 14370
14369 14368 14371
14370 14372 14368
14372 14370 14373
14374 14375 14376
14376 14375 14377
14378 14375 14374
14377 14375 14379
14380 14381 14382
14383 14381 14380
14384 14381 14383
14385 14381 14384
14386 14387 14388
14389 14386 14388
14390 14386 14389
14389 14388 14391
14392 14393 14394
14393 14395 14394
14395 14396 14394
14393 14397 14395
14398 14399 14400
14399 14398 14401
14402 14403 14404
14403 14402 14405
14406 14407 14408
14407 14406 14409
14410 14411 14412
14411 14410 14413
14414 14415 14416
14414 14416 14417
14418 14419 14420
14419 14421 14420
14422 14423 14424
14425 14422 14424
14425 14426 14422
14426 14425 14427
14425 14424 14428
14429 14430 14431
14432 14430 14429
14431 14433 14434
14435 14431 14436
14435 14436 14437
14438 14439 14431
14440 14441 14431
14442 14443 14444
14443 14442 14445
14446 14447 14448
14447 14446 14449
14450 14451 14452
14451 14450 14453
14454 14455 14456
14455 14454 14457
14458 14459 14460
14459 14458 14461
14462 14463 14464
14463 14462 14465
14466 14467 14468
14467 14466 14469
14470 14471 14472
14470 14472 14473
14471 14474 14472
14475 14476 14477
14478 14479 14480
14481 14482 14483
14482 14481 14484
14485 14486 14487
14485 14487 14488
14487 14489 14488
14490 14491 14492
14493 14492 14491
14493 14494 14492
14493 14495 14494
14496 14495 14493
14497 14496 14493
14497 14498 14496
14498 14499 14496
14496 14499 14500
14499 14501 14500
14501 14499 14502
14503 14502 14499
14503 14504 14502
14497 14505 14498
14498 14505 14506
14503 14506 14507
14503 14507 14504
14506 14508 14507
14508 14506 14509
14505 14509 14506
14510 14508 14509
14508 14510 14511
14509 14512 14510
14512 14513 14510
14512 14514 14513
14515 14513 14514
14515 14516 14513
14517 14516 14515
14518 14516 14517
14516 14518 14519
14520 14515 14514
14515 14520 14521
14521 14520 14522
14520 14523 14522
14520 14524 14523
14524 14490 14523
14516 14519 14525
14519 14526 14525
14490 14524 14527
14511 14525 14526
14528 14527 14524
14528 14529 14527
14530 14529 14528
14531 14529 14530
14531 14527 14529
14531 14491 14527
14491 14490 14527
14512 14530 14528
14505 14531 14530
14497 14531 14505
14528 14514 14512
14510 14525 14511
14490 14492 14532
14533 14532 14492
14533 14492 14534
14533 14534 14535
14536 14533 14535
14537 14533 14536
14537 14536 14538
14538 14536 14539
14536 14540 14539
14541 14539 14540
14539 14541 14542
14543 14539 14542
14543 14542 14544
14537 14538 14545
14538 14546 14545
14543 14547 14546
14543 14544 14547
14548 14546 14547
14546 14548 14549
14545 14546 14549
14548 14550 14549
14550 14548 14551
14549 14550 14552
14552 14550 14553
14552 14553 14554
14555 14554 14553
14555 14553 14556
14517 14555 14556
14556 14518 14517
14518 14556 14557
14558 14554 14555
14555 14559 14558
14559 14560 14558
14558 14560 14523
14558 14523 14561
14561 14523 14490
14556 14562 14557
14557 14562 14563
14490 14564 14561
14551 14563 14562
14565 14561 14564
14565 14564 14566
14567 14565 14566
14568 14567 14566
14568 14566 14564
14568 14564 14532
14532 14564 14490
14552 14565 14567
14545 14567 14568
14537 14545 14568
14565 14552 14554
14550 14551 14562
14569 14570 14571
14572 14570 14569
14572 14573 14570
14573 14574 14570
14574 14575 14570
14575 14576 14570
14577 14570 14576
14578 14570 14577
14579 14571 14570
14570 14580 14579
14578 14581 14570
14581 14582 14570
14583 14570 14582
14584 14570 14583
14585 14570 14584
14570 14585 14580
14586 14587 14588
14589 14586 14588
14588 14590 14589
14591 14589 14590
14591 14590 14592
14591 14592 14593
14594 14591 14593
14595 14591 14594
14595 14594 14596
14596 14594 14597
14594 14598 14597
14599 14597 14598
14597 14599 14600
14601 14597 14600
14601 14600 14602
14595 14596 14603
14596 14604 14603
14601 14605 14604
14601 14602 14605
14606 14604 14605
14604 14606 14607
14603 14604 14607
14606 14608 14607
14608 14606 14609
14607 14608 14610
14610 14608 14611
14610 14611 14612
14613 14612 14611
14613 14611 14614
14615 14613 14614
14614 14616 14615
14616 14614 14617
14618 14612 14613
14613 14619 14618
14619 14620 14618
14618 14620 14621
14618 14621 14622
14622 14621 14623
14623 14624 14622
14623 14587 14624
14614 14625 14617
14617 14625 14626
14627 14624 14587
14622 14624 14627
14586 14627 14587
14627 14586 14589
14627 14628 14622
14589 14628 14627
14609 14626 14625
14629 14622 14628
14630 14628 14589
14629 14628 14631
14630 14631 14628
14632 14629 14631
14630 14632 14631
14610 14629 14632
14603 14632 14630
14595 14603 14630
14629 14610 14612
14608 14609 14625
14633 14634 14635
14634 14633 14636
14637 14635 14634
14635 14637 14638
14639 14638 14637
14638 14639 14640
14641 14640 14639
14640 14641 14642
14643 14642 14641
14642 14643 14644
14643 14645 14644
14645 14643 14646
14646 14647 14645
14647 14646 14648
14648 14649 14647
14649 14648 14650
14651 14649 14650
14649 14651 14652
14653 14652 14651
14652 14653 14654
14655 14654 14653
14654 14655 14656
14655 14657 14656
14657 14655 14658
14658 14659 14657
14659 14658 14660
14660 14661 14659
14661 14660 14662
14662 14663 14661
14663 14662 14664
14664 14633 14663
14633 14664 14636
14664 14665 14636
14665 14664 14662
14666 14660 14658
14660 14666 14667
14660 14667 14662
14667 14666 14668
14669 14667 14668
14667 14669 14662
14669 14668 14670
14670 14662 14669
14670 14668 14671
14670 14671 14636
14672 14671 14668
14671 14672 14636
14673 14672 14668
14673 14668 14674
14674 14668 14675
14675 14668 14676
14676 14668 14677
14678 14677 14668
14679 14678 14668
14679 14668 14680
14680 14668 14681
14666 14682 14668
14682 14681 14668
14676 14641 14675
14641 14676 14643
14639 14675 14641
14675 14639 14674
14637 14674 14639
14672 14673 14637
14637 14673 14674
14651 14680 14681
14679 14680 14650
14678 14679 14650
14680 14651 14650
14677 14646 14676
14646 14643 14676
14648 14646 14677
14677 14678 14648
14648 14678 14650
14681 14653 14651
14681 14682 14653
14682 14655 14653
14682 14658 14655
14658 14682 14666
14683 14637 14634
14683 14634 14636
14684 14685 14686
14685 14684 14687
14685 14688 14686
14688 14685 14689
14690 14691 14692
14691 14690 14693
14694 14695 14696
14695 14694 14697
14698 14699 14700
14699 14698 14701
14702 14703 14704
14703 14702 14705
14706 14707 14708
14707 14706 14709
14710 14711 14712
14711 14710 14713
14714 14715 14716
14715 14714 14717
14718 14719 14720
14719 14718 14721
14722 14723 14724
14723 14722 14725
14726 14727 14728
14727 14726 14729
14730 14731 14732
14731 14730 14733
14734 14731 14733
14731 14734 14735
14736 14737 14738
14737 14736 14739
14740 14741 14742
14741 14740 14743
14744 14745 14746
14745 14744 14747
14748 14749 14750
14749 14748 14751
14752 14753 14754
14753 14752 14755
14756 14757 14758
14757 14756 14759
14760 14761 14762
14761 14760 14763
14764 14765 14766
14765 14764 14767
14768 14769 14770
14769 14768 14771
14772 14773 14774
14773 14772 14775
14776 14588 14587
14777 14588 14776
14588 14777 14590
14778 14590 14777
14778 14592 14590
14778 14593 14592
14779 14593 14778
14780 14779 14778
14780 14781 14779
14781 14782 14779
14779 14782 14598
14782 14599 14598
14599 14782 14783
14784 14783 14782
14784 14785 14783
14780 14786 14781
14781 14786 14787
14784 14787 14788
14784 14788 14785
14787 14789 14788
14789 14787 14790
14786 14790 14787
14791 14789 14790
14789 14791 14792
14790 14793 14791
14793 14794 14791
14793 14795 14794
14796 14794 14795
14796 14797 14794
14615 14797 14796
14616 14797 14615
14797 14616 14798
14799 14796 14795
14796 14799 14619
14619 14799 14620
14799 14621 14620
14799 14800 14621
14800 14623 14621
14623 14800 14801
14623 14801 14587
14797 14798 14802
14798 14803 14802
14804 14587 14801
14800 14804 14801
14776 14587 14804
14804 14777 14776
14804 14800 14805
14777 14804 14805
14792 14802 14803
14806 14805 14800
14807 14777 14805
14806 14808 14805
14807 14805 14808
14809 14808 14806
14807 14808 14809
14793 14809 14806
14786 14807 14809
14780 14807 14786
14806 14795 14793
14791 14802 14792
14810 14811 14812
14811 14810 14813
14814 14810 14812
14810 14814 14815
14816 14817 14818
14817 14816 14819
14820 14821 14822
14821 14820 14823
14824 14825 14826
14825 14824 14827
14828 14829 14830
14829 14828 14831
14832 14833 14834
14833 14832 14835
14836 14837 14838
14837 14836 14839
14840 14841 14842
14841 14840 14843
14844 14845 14846
14845 14844 14847
14848 14849 14850
14849 14848 14851
14852 14853 14854
14853 14852 14855
14856 14857 14858
14857 14856 14859
14857 14860 14858
14860 14857 14861
14862 14863 14864
14863 14862 14865
14866 14867 14868
14867 14866 14869
14870 14871 14872
14871 14870 14873
14874 14875 14876
14875 14874 14877
14878 14879 14880
14879 14878 14881
14882 14883 14884
14883 14882 14885
14886 14887 14888
14887 14886 14889
14890 14891 14892
14891 14890 14893
14894 14895 14896
14895 14894 14897
14898 14899 14900
14899 14898 14901
14902 14903 14904
14905 14902 14904
14902 14905 14906
14907 14906 14905
14906 14907 14908
14906 14908 14909
14909 14902 14906
14910 14908 14907
14908 14910 14911
14911 14912 14908
14909 14908 14912
14902 14909 14913
14911 14914 14912
14902 14915 14903
14915 14902 14916
14916 14902 14917
14902 14913 14917
14916 14917 14918
14919 14916 14918
14920 14916 14919
14915 14916 14920
14920 14919 14921
14919 14922 14921
14922 14919 14923
14922 14923 14924
14925 14923 14919
14919 14926 14925
14919 14918 14926
14923 14925 14927
14923 14927 14928
14928 14927 14929
14925 14929 14927
14930 14923 14928
14931 14923 14930
14924 14923 14931
14931 14930 14932
14930 14928 14933
14929 14934 14928
14926 14935 14925
14935 14929 14925
14935 14926 14936
14933 14937 14930
14930 14937 14932
14932 14937 14938
14932 14938 14931
14931 14938 14939
14931 14939 14924
14928 14940 14933
14933 14940 14937
14928 14934 14940
14918 14936 14926
14936 14918 14941
14918 14942 14941
14917 14942 14918
14917 14943 14942
14917 14913 14943
14944 14939 14938
14936 14945 14935
14945 14936 14946
14941 14946 14936
14947 14945 14946
14945 14947 14948
14944 14949 14948
14944 14950 14949
14950 14944 14938
14951 14948 14947
14948 14951 14952
14952 14953 14948
14953 14944 14948
14954 14951 14947
14954 14947 14955
14947 14956 14955
14947 14946 14956
14955 14956 14957
14957 14943 14913
14955 14957 14958
14958 14957 14913
14959 14955 14958
14959 14954 14955
14948 14960 14945
14949 14961 14948
14948 14961 14960
14961 14962 14960
14949 14963 14961
14957 14956 14942
14964 14962 14961
14962 14964 14965
14929 14965 14964
14929 14966 14965
14962 14965 14966
14929 14935 14966
14935 14962 14966
14929 14964 14934
14961 14934 14964
14945 14960 14962
14962 14935 14945
14961 14963 14940
14961 14940 14934
14958 14903 14959
14958 14904 14903
14903 14967 14959
14903 14915 14967
14968 14967 14915
14915 14969 14968
14915 14970 14969
14959 14969 14970
14968 14969 14971
14968 14971 14972
14968 14972 14973
14968 14973 14967
14920 14970 14915
14920 14974 14970
14921 14974 14920
14921 14975 14974
14922 14975 14921
14922 14976 14975
14977 14976 14922
14977 14978 14976
14977 14979 14978
14924 14979 14977
14977 14922 14924
14924 14939 14979
14980 14976 14978
14980 14978 14979
14952 14975 14976
14980 14952 14976
14951 14974 14975
14952 14951 14975
14981 14973 14972
14953 14979 14939
14953 14980 14979
14980 14953 14952
14981 14972 14971
14981 14971 14969
14959 14981 14969
14981 14959 14967
14981 14967 14973
14944 14953 14939
14951 14954 14974
14954 14970 14974
14954 14959 14970
14982 14983 14984
14983 14982 14985
14985 14910 14983
14982 14986 14985
14986 14982 14987
14982 14988 14987
14982 14984 14988
14985 14986 14914
14911 14910 14985
14985 14914 14911
14983 14989 14984
14989 14987 14988
14989 14986 14987
14989 14988 14984
14989 14983 14990
14990 14983 14910
14986 14989 14990
14990 14914 14986
14991 14990 14910
14990 14991 14914
14907 14991 14910
14991 14907 14992
14907 14993 14992
14993 14909 14992
14993 14907 14905
14904 14993 14905
14993 14904 14958
14991 14992 14912
14991 14912 14914
14909 14912 14992
14913 14993 14958
14993 14913 14909
14994 14995 14996
14995 14994 14997
14998 14995 14997
14994 14999 14997
14999 14994 15000
15001 14998 14997
14997 14999 15001
14998 15001 15002
15003 14999 15000
14999 15003 15004
15004 15001 14999
15001 15004 15005
15006 15001 15005
15001 15006 15002
15007 15002 15006
15005 15004 15008
15004 15009 15008
15004 15003 15009
15010 15005 15008
15007 15006 15010
15010 15006 15005
14996 14995 15011
14998 15012 15011
15012 14998 15002
15012 15002 15013
15013 15002 15007
14995 14998 15011
15008 15009 15014
15015 15008 15014
15015 15010 15008
15016 15010 15015
15007 15010 15016
15012 15013 15017
15013 15007 15017
15007 15018 15017
15016 15015 15019
15007 15019 15018
15007 15016 15019
15020 15011 15012
15012 15017 15020
15021 15020 15017
15021 15017 15018
15020 15021 15022
15020 15022 15023
15023 15011 15020
14994 15023 15022
15023 14994 14996
15024 14994 15022
15022 15021 15024
14994 15024 15000
15024 15003 15000
15003 15024 15025
15021 15025 15024
15018 15026 15021
15025 15021 15026
15019 15026 15018
15019 15027 15026
15026 15027 15025
15025 15027 15009
15025 15009 15003
14996 15011 15023
15027 15014 15009
15015 15014 15027
15015 15027 15019
15028 15029 15030
15029 15028 15031
15032 15029 15031
15032 15031 15033
15033 15034 15032
15034 15033 15035
15028 15036 15031
15036 15028 15037
15033 15038 15035
15038 15033 15039
15039 15031 15036
15031 15039 15033
15038 15039 15040
15039 15036 15041
15040 15039 15041
15036 15042 15041
15036 15037 15042
15030 15029 15043
15032 15034 15043
15029 15032 15043
15041 15042 15044
15040 15041 15044
15045 15034 15035
15038 15045 15035
15034 15045 15046
15046 15043 15034
15045 15047 15046
15047 15043 15046
15047 15045 15048
15048 15030 15047
15030 15043 15047
15030 15048 15028
15028 15049 15037
15049 15028 15048
15049 15042 15037
15045 15038 15050
15048 15050 15049
15050 15048 15045
15038 15040 15050
15049 15051 15042
15050 15051 15049
15051 15044 15042
15040 15044 15051
15040 15051 15050
14963 14949 14937
14949 14950 14937
14950 14938 14937
14963 14937 14940
14956 14941 14942
14946 14941 14956
14957 14942 14943
15052 15053 15054
15055 15054 15053
15053 15056 15055
15054 15055 15057
15054 15057 15058
15059 15054 15058
15060 15059 15058
15060 15061 15059
15062 15059 15061
15061 15060 15063
15063 15064 15061
15060 15065 15063
15058 15066 15060
15067 15060 15066
15066 15058 15068
15068 15069 15066
15058 15070 15068
15057 15071 15058
15071 15072 15058
15071 15057 15073
15073 15074 15071
15075 15073 15057
15055 15076 15057
15077 15078 15079
15079 15059 15077
15059 15080 15077
15059 15079 15054
15081 15054 15079
15082 15083 15084
15084 15085 15082
15085 15086 15082
15085 15084 15087
15088 15087 15084
15089 15085 15087
15090 15085 15089
15089 15091 15090
15085 15090 15092
15090 15093 15092
15092 15094 15085
15095 15089 15087
15087 15096 15095
15096 15097 15095
15096 15087 15098
15099 15098 15087
15098 15100 15096
15095 15101 15089
15102 15101 15095
15095 15103 15102
15101 15102 15104
15102 15105 15104
15104 15106 15101
15101 15107 15108
15109 15101 15108
15108 15110 15109
15101 15109 15089
15109 15111 15089
15112 15113 15114
15113 15112 15115
15116 15117 15118
15117 15116 15119
15119 15120 15117
15120 15119 15121
15122 15123 15124
15123 15122 15125
15126 15127 15128
15127 15126 15129
15130 15128 15127
15128 15130 15131
15132 15133 15134
15133 15132 15135
15136 15137 15138
15137 15136 15139
15139 15140 15137
15140 15139 15141
15142 15143 15144
15143 15142 15145
15146 15147 15148
15147 15146 15149
15150 15148 15147
15148 15150 15151
15152 15153 15154
15153 15152 15155
15156 15157 15158
15157 15156 15159
15160 15158 15157
15158 15160 15161
15162 15163 15164
15163 15162 15165
15166 15167 15168
15167 15166 15169
15169 15170 15167
15170 15169 15171
15172 15173 15174
15173 15172 15175
15176 15177 15178
15177 15176 15179
15180 15178 15177
15178 15180 15181
15182 15183 15184
15183 15182 15185
15186 15187 15188
15187 15186 15189
15189 15190 15187
15190 15189 15191
15192 15193 15194
15193 15192 15195
15196 15197 15198
15197 15196 15199
15200 15198 15197
15198 15200 15201
15202 15203 15204
15203 15202 15205
15206 15207 15208
15207 15206 15209
15209 15210 15207
15210 15209 15211
15212 15213 15214
15213 15212 15215
15215 15216 15213
15216 15215 15217
15217 15218 15216
15218 15217 15219
15219 15220 15218
15220 15219 15221
15222 15220 15221
15220 15222 15223
15222 15224 15223
15224 15222 15225
15225 15226 15224
15226 15225 15227
15228 15226 15227
15226 15228 15229
15230 15229 15228
15229 15230 15231
15232 15231 15230
15231 15232 15233
15234 15233 15232
15233 15234 15235
15236 15235 15234
15235 15236 15237
15238 15237 15236
15237 15238 15239
15240 15241 15242
15241 15240 15243
15243 15244 15241
15244 15243 15245
15245 15246 15244
15246 15245 15247
15247 15248 15246
15248 15247 15249
15249 15250 15248
15250 15249 15251
15251 15252 15250
15252 15251 15253
15253 15254 15252
15254 15253 15255
15255 15256 15254
15256 15255 15257
15257 15258 15256
15258 15257 15259
15259 15260 15258
15260 15259 15261
15261 15262 15260
15262 15261 15263
15263 15264 15262
15264 15263 15265
15266 15264 15265
15264 15266 15267
15268 15269 15270
15269 15268 15271
15272 15271 15268
15271 15272 15273
15272 15274 15273
15274 15272 15275
15275 15276 15274
15276 15275 15277
15277 15278 15276
15278 15277 15279
15279 15280 15278
15280 15279 15281
15281 15282 15280
15282 15281 15283
15283 15284 15282
15284 15283 15285
15285 15286 15284
15286 15285 15287
15287 15288 15286
15288 15287 15289
15289 15290 15288
15290 15289 15291
15291 15292 15290
15292 15291 15293
15293 15294 15292
15294 15293 15295
15296 15297 15298
15297 15296 15299
15300 15298 15297
15298 15300 15301
15302 15301 15300
15301 15302 15303
15304 15303 15302
15303 15304 15305
15306 15305 15304
15305 15306 15307
15308 15307 15306
15307 15308 15309
15310 15309 15308
15309 15310 15311
15312 15311 15310
15311 15312 15313
15314 15313 15312
15313 15314 15315
15316 15315 15314
15315 15316 15317
15318 15317 15316
15317 15318 15319
15320 15319 15318
15319 15320 15321
15322 15321 15320
15321 15322 15323
15324 15325 15326
15325 15324 15327
15328 15326 15325
15326 15328 15329
15330 15329 15328
15329 15330 15331
15332 15331 15330
15331 15332 15333
15332 15334 15333
15334 15332 15335
15336 15334 15335
15334 15336 15337
15338 15337 15336
15337 15338 15339
15338 15340 15339
15340 15338 15341
15341 15342 15340
15342 15341 15343
15343 15344 15342
15344 15343 15345
15345 15346 15344
15346 15345 15347
15347 15348 15346
15348 15347 15349
15349 15350 15348
15350 15349 15351
15352 15353 15354
15353 15352 15355
15356 15354 15353
15354 15356 15357
15358 15357 15356
15357 15358 15359
15360 15359 15358
15359 15360 15361
15362 15361 15360
15361 15362 15363
15364 15363 15362
15363 15364 15365
15366 15365 15364
15365 15366 15367
15368 15367 15366
15367 15368 15369
15370 15369 15368
15369 15370 15371
15372 15371 15370
15371 15372 15373
15374 15373 15372
15373 15374 15375
15376 15375 15374
15375 15376 15377
15376 15378 15377
15378 15376 15379
15380 15381 15382
15381 15380 15383
15383 15384 15381
15384 15383 15385
15386 15384 15385
15384 15386 15387
15388 15387 15386
15387 15388 15389
15390 15389 15388
15389 15390 15391
15392 15391 15390
15391 15392 15393
15394 15393 15392
15393 15394 15395
15396 15395 15394
15395 15396 15397
15398 15397 15396
15397 15398 15399
15400 15399 15398
15399 15400 15401
15402 15401 15400
15401 15402 15403
15404 15403 15402
15403 15404 15405
15406 15405 15404
15405 15406 15407
15408 15409 15410
15409 15408 15411
15411 15412 15409
15412 15411 15413
15413 15414 15412
15414 15413 15415
15415 15416 15414
15416 15415 15417
15417 15418 15416
15418 15417 15419
15419 15420 15418
15420 15419 15421
15421 15422 15420
15422 15421 15423
15423 15424 15422
15424 15423 15425
15425 15426 15424
15426 15425 15427
15427 15428 15426
15428 15427 15429
15429 15430 15428
15430 15429 15431
15431 15432 15430
15432 15431 15433
15433 15434 15432
15434 15433 15435
15436 15437 15438
15439 15440 15441
15442 15443 15444
15445 15446 15447
15448 15449 15450
15451 15452 15453
15454 15455 15456
15457 15458 15459
15460 15461 15462
15463 15460 15462
15463 15464 15460
15463 15462 15465
15462 15466 15465
15463 15465 15467
15468 15469 15470
15471 15472 15473
15474 15475 15476
15477 15478 15479
15480 15481 15482
15483 15484 15485
15486 15487 15488
15489 15490 15491
15492 15493 15494
15495 15492 15494
15495 15496 15492
15495 15494 15497
15494 15498 15497
15495 15497 15499
15500 15501 15502
15503 15504 15505
15506 15507 15508
15509 15510 15511
15512 15513 15514
15515 15516 15517
15518 15519 15520
15521 15522 15523
15524 15525 15526
15527 15524 15526
15527 15528 15524
15527 15526 15529
15526 15530 15529
15527 15529 15531
15532 15533 15534
15535 15536 15537
15538 15539 15540
15541 15542 15543
15544 15545 15546
15547 15548 15549
15550 15551 15552
15553 15554 15555
15556 15557 15558
15558 15559 15556
15556 15559 15560
15559 15558 15561
15561 15562 15559
15558 15563 15561
15564 15565 15566
15565 15564 15567
15568 15564 15566
15569 15570 15571
15570 15569 15572
15573 15574 15575
15576 15577 15578
15579 15580 15581
15579 15581 15582
15583 15584 15585
15585 15584 15586
15587 15588 15589
15590 15588 15587
15591 15592 15593
15593 15592 15594
15595 15596 15597
15598 15599 15600
15601 15602 15603
15604 15605 15606
15607 15608 15609
15610 15611 15612
15613 15614 15615
15616 15617 15618
15619 15620 15621
15622 15623 15624
15625 15626 15627
15625 15627 15628
15629 15630 15631
15632 15630 15629
15633 15634 15635
15635 15634 15636
15637 15638 15639
15640 15638 15637
15641 15642 15643
15644 15645 15646
15647 15648 15649
15649 15648 15650
15649 15650 15651
15652 15653 15654
15653 15652 15655
15656 15657 15658
15659 15660 15661
15662 15663 15664
15665 15666 15664
15667 15668 15669
15668 15667 15670
15671 15672 15673
15674 15675 15676
15677 15678 15679
15677 15679 15680
15681 15682 15683
15683 15682 15684
15685 15686 15687
15688 15686 15685
15689 15690 15691
15691 15690 15692
15693 15694 15695
15696 15697 15698
15699 15700 15701
15702 15703 15704
15705 15706 15707
15708 15709 15710
15711 15712 15713
15714 15715 15716
15717 15718 15719
15720 15721 15722
15723 15724 15725
15723 15725 15726
15727 15728 15729
15730 15728 15727
15731 15732 15733
15733 15732 15734
15735 15736 15737
15738 15736 15735
15739 15740 15741
15742 15743 15744
15745 15746 15747
15748 15747 15746
15749 15750 15751
15752 15753 15754
15753 15752 15755
15756 15757 15758
15759 15760 15761
15762 15763 15764
15765 15766 15767
15768 15766 15769
15770 15768 15769
15771 15772 15773
15772 15771 15774
15775 15776 15777
15778 15779 15780
15781 15782 15783
15781 15783 15784
15785 15786 15787
15787 15786 15788
15789 15790 15791
15792 15790 15789
15793 15794 15795
15795 15794 15796
15797 15798 15799
15800 15801 15802
15803 15804 15805
15806 15807 15808
15809 15810 15811
15812 15813 15814
15815 15816 15817
15818 15819 15820
15821 15822 15823
15824 15825 15826
15827 15828 15829
15827 15829 15830
15831 15832 15833
15834 15832 15831
15835 15836 15837
15837 15836 15838
15839 15840 15841
15842 15840 15839
15843 15844 15845
15846 15847 15848
15849 15850 15851
15851 15850 15852
15851 15852 15853
15854 15855 15856
15855 15854 15857
15858 15859 15860
15861 15862 15863
15864 15865 15866
15865 15864 15867
15868 15866 15865
15869 15870 15871
15870 15869 15872
15873 15874 15875
15876 15877 15878
15879 15880 15881
15879 15882 15880
15883 15884 15885
15884 15886 15885
15887 15888 15889
15890 15887 15889
15891 15892 15893
15892 15894 15893
15895 15896 15897
15898 15899 15900
15901 15902 15903
15904 15905 15906
15907 15908 15909
15910 15911 15912
15913 15914 15915
15916 15917 15918
15919 15920 15921
15922 15923 15924
15925 15926 15927
15925 15928 15926
15929 15930 15931
15932 15929 15931
15933 15934 15935
15934 15936 15935
15937 15938 15939
15940 15937 15939
15941 15942 15943
15944 15945 15946
15947 15948 15949
15948 15950 15949
15948 15951 15950
15952 15953 15954
15953 15952 15955
15956 15957 15958
15959 15960 15961
15962 15963 15964
15965 15963 15966
15967 15968 15969
15968 15967 15970
15971 15972 15973
15974 15975 15976
15977 15978 15979
15977 15980 15978
15981 15982 15983
15982 15984 15983
15985 15986 15987
15988 15985 15987
15989 15990 15991
15990 15992 15991
15993 15994 15995
15996 15997 15998
15999 16000 16001
16002 16003 16004
16005 16006 16007
16008 16009 16010
16011 16012 16013
16014 16015 16016
16017 16018 16019
16020 16021 16022
16023 16024 16025
16023 16026 16024
16027 16028 16029
16030 16027 16029
16031 16032 16033
16032 16034 16033
16035 16036 16037
16038 16035 16037
16039 16040 16041
16042 16043 16044
16045 16046 16047
16048 16047 16046
16049 16050 16051
16052 16053 16054
16053 16052 16055
16056 16057 16058
16059 16060 16061
16062 16063 16064
16065 16066 16067
16068 16069 16067
16070 16069 16068
16071 16072 16073
16072 16071 16074
16075 16076 16077
16078 16079 16080
16081 16082 16083
16081 16084 16082
16085 16086 16087
16086 16088 16087
16089 16090 16091
16092 16089 16091
16093 16094 16095
16094 16096 16095
16097 16098 16099
16100 16101 16102
16103 16104 16105
16106 16107 16108
16109 16110 16111
16112 16113 16114
16115 16116 16117
16118 16119 16120
16121 16122 16123
16124 16125 16126
16127 16128 16129
16127 16130 16128
16131 16132 16133
16134 16131 16133
16135 16136 16137
16136 16138 16137
16139 16140 16141
16142 16139 16141
16143 16144 16145
16146 16147 16148
16149 16150 16151
16150 16152 16151
16150 16153 16152
16154 16155 16156
16155 16154 16157
16158 16159 16160
16161 16162 16163
16164 16165 16166
16165 16164 16167
16168 16169 16170
16169 16168 16171
16169 16172 16170
16172 16169 16173
16174 16175 16176
16175 16174 16177
16178 16174 16176
16174 16178 16179
16180 16181 16182
16181 16180 16183
16184 16182 16181
16182 16184 16185
16186 16187 16188
16187 16186 16189
16189 16190 16187
16190 16189 16191
16192 16193 16194
16193 16192 16195
16196 16193 16195
16193 16196 16197
16198 16197 16196
16197 16198 16199
16200 16199 16198
16199 16200 16201
16202 16201 16200
16201 16202 16203
16204 16203 16202
16203 16204 16205
16206 16192 16194
16192 16206 16207
16206 16208 16207
16208 16206 16209
16209 16210 16208
16210 16209 16211
16211 16212 16210
16212 16211 16213
16213 16214 16212
16214 16213 16215
16215 16216 16214
16216 16215 16217
16218 16219 16220
16219 16218 16221
16221 16222 16219
16222 16221 16223
16223 16224 16222
16224 16223 16225
16225 16226 16224
16226 16225 16227
16227 16228 16226
16228 16227 16229
16229 16230 16228
16230 16229 16231
16232 16230 16231
16230 16232 16233
16234 16235 16236
16235 16234 16237
16235 16238 16236
16238 16235 16239
16239 16240 16238
16240 16239 16241
16241 16242 16240
16242 16241 16243
16243 16244 16242
16244 16243 16245
16245 16246 16244
16246 16245 16247
16248 16249 16250
16249 16248 16251
16252 16251 16248
16251 16252 16253
16254 16253 16252
16253 16254 16255
16256 16255 16254
16255 16256 16257
16258 16257 16256
16257 16258 16259
16260 16259 16258
16259 16260 16261
16260 16262 16261
16262 16260 16263
16264 16265 16266
16265 16264 16267
16268 16269 16270
16269 16268 16271
16272 16273 16274
16273 16272 16275
16276 16272 16274
16272 16276 16277
16278 16279 16280
16279 16278 16281
16278 16282 16281
16282 16278 16283
16284 16285 16286
16285 16284 16287
16286 16288 16284
16288 16286 16289
16290 16291 16292
16291 16290 16293
16294 16293 16290
16293 16294 16295
16296 16297 16298
16297 16296 16299
16300 16299 16296
16299 16300 16301
16302 16301 16300
16301 16302 16303
16304 16303 16302
16303 16304 16305
16306 16305 16304
16305 16306 16307
16308 16307 16306
16307 16308 16309
16308 16310 16309
16310 16308 16311
16312 16313 16314
16313 16312 16315
16316 16313 16315
16313 16316 16317
16318 16317 16316
16317 16318 16319
16320 16319 16318
16319 16320 16321
16322 16321 16320
16321 16322 16323
16324 16323 16322
16323 16324 16325
16326 16327 16328
16327 16326 16329
16329 16330 16327
16330 16329 16331
16331 16332 16330
16332 16331 16333
16333 16334 16332
16334 16333 16335
16335 16336 16334
16336 16335 16337
16337 16338 16336
16338 16337 16339
16340 16338 16339
16338 16340 16341
16342 16343 16344
16343 16342 16345
16346 16347 16348
16347 16346 16349
16350 16351 16352
16351 16350 16353
16354 16350 16352
16350 16354 16355
16356 16357 16358
16357 16356 16359
16356 16360 16359
16360 16356 16361
16362 16363 16364
16363 16362 16365
16364 16366 16362
16366 16364 16367
16368 16369 16370
16369 16368 16371
16372 16371 16368
16371 16372 16373
16374 16375 16376
16375 16374 16377
16374 16378 16377
16378 16374 16379
16379 16380 16378
16380 16379 16381
16381 16382 16380
16382 16381 16383
16383 16384 16382
16384 16383 16385
16385 16386 16384
16386 16385 16387
16375 16388 16376
16388 16375 16389
16390 16388 16389
16388 16390 16391
16392 16391 16390
16391 16392 16393
16394 16393 16392
16393 16394 16395
16396 16395 16394
16395 16396 16397
16398 16397 16396
16397 16398 16399
16400 16401 16402
16401 16400 16403
16404 16403 16400
16403 16404 16405
16406 16405 16404
16405 16406 16407
16408 16407 16406
16407 16408 16409
16410 16409 16408
16409 16410 16411
16412 16411 16410
16411 16412 16413
16412 16414 16413
16414 16412 16415
16416 16417 16418
16417 16416 16419
16420 16417 16419
16417 16420 16421
16422 16421 16420
16421 16422 16423
16424 16423 16422
16423 16424 16425
16426 16425 16424
16425 16426 16427
16428 16427 16426
16427 16428 16429
16430 16431 16432
16431 16430 16433
16433 16434 16431
16434 16433 16435
16435 16436 16434
16436 16435 16437
16437 16438 16436
16438 16437 16439
16439 16440 16438
16440 16439 16441
16441 16442 16440
16442 16441 16443
16444 16442 16443
16442 16444 16445
16446 16447 16448
16447 16446 16449
16450 16451 16452
16451 16450 16453
16454 16455 16456
16455 16454 16457
16455 16458 16456
16458 16455 16459
16460 16461 16462
16461 16460 16463
16464 16460 16462
16460 16464 16465
16466 16467 16468
16467 16466 16469
16470 16468 16467
16468 16470 16471
16472 16473 16474
16473 16472 16475
16475 16476 16473
16476 16475 16477
16478 16479 16480
16479 16478 16481
16481 16482 16479
16482 16481 16483
16483 16484 16482
16484 16483 16485
16485 16486 16484
16486 16485 16487
16487 16488 16486
16488 16487 16489
16489 16490 16488
16490 16489 16491
16492 16490 16491
16490 16492 16493
16494 16495 16496
16495 16494 16497
16495 16498 16496
16498 16495 16499
16499 16500 16498
16500 16499 16501
16501 16502 16500
16502 16501 16503
16503 16504 16502
16504 16503 16505
16505 16506 16504
16506 16505 16507
16508 16509 16510
16509 16508 16511
16512 16511 16508
16511 16512 16513
16514 16513 16512
16513 16514 16515
16516 16515 16514
16515 16516 16517
16518 16517 16516
16517 16518 16519
16520 16519 16518
16519 16520 16521
16520 16522 16521
16522 16520 16523
16524 16525 16526
16525 16524 16527
16528 16529 16530
16528 16530 16531
16528 16531 16532
16528 16532 16533
16528 16533 16534
16528 16534 16535
16528 16535 16536
16528 16536 16529
16537 16538 16539
16538 16537 16540
16539 16541 16537
16541 16539 16542
16542 16543 16541
16543 16542 16544
16544 16545 16543
16545 16544 16546
16546 16547 16545
16547 16546 16548
16548 16549 16547
16549 16548 16550
16550 16551 16549
16551 16550 16552
16540 16552 16538
16552 16540 16551
16538 16553 16539
16539 16553 16542
16542 16553 16544
16544 16553 16546
16546 16553 16548
16548 16553 16550
16550 16553 16552
16552 16553 16538
16554 16555 16556
16554 16557 16555
16554 16558 16557
16554 16559 16558
16554 16560 16559
16554 16561 16560
16554 16562 16561
16554 16556 16562
16563 16564 16565
16564 16563 16566
16567 16565 16564
16565 16567 16568
16569 16568 16567
16568 16569 16570
16571 16570 16569
16570 16571 16572
16573 16572 16571
16572 16573 16574
16575 16574 16573
16574 16575 16576
16577 16576 16575
16576 16577 16578
16578 16566 16563
16566 16578 16577
16563 16565 16579
16565 16568 16579
16568 16570 16579
16570 16572 16579
16572 16574 16579
16574 16576 16579
16576 16578 16579
16578 16563 16579
16580 16581 16582
16580 16583 16581
16580 16584 16583
16580 16585 16584
16580 16586 16585
16580 16587 16586
16580 16588 16587
16580 16582 16588
16589 16590 16591
16590 16589 16592
16593 16591 16590
16591 16593 16594
16595 16594 16593
16594 16595 16596
16597 16596 16595
16596 16597 16598
16599 16598 16597
16598 16599 16600
16601 16600 16599
16600 16601 16602
16603 16602 16601
16602 16603 16604
16604 16592 16589
16592 16604 16603
16589 16591 16605
16591 16594 16605
16594 16596 16605
16596 16598 16605
16598 16600 16605
16600 16602 16605
16602 16604 16605
16604 16589 16605
16606 16607 16608
16606 16608 16609
16606 16609 16610
16606 16610 16611
16606 16611 16612
16606 16612 16613
16606 16613 16614
16606 16614 16607
16615 16616 16617
16616 16615 16618
16617 16619 16615
16619 16617 16620
16620 16621 16619
16621 16620 16622
16622 16623 16621
16623 16622 16624
16624 16625 16623
16625 16624 16626
16626 16627 16625
16627 16626 16628
16628 16629 16627
16629 16628 16630
16618 16630 16616
16630 16618 16629
16616 16631 16617
16617 16631 16620
16620 16631 16622
16622 16631 16624
16624 16631 16626
16626 16631 16628
16628 16631 16630
16630 16631 16616
16632 16633 16634
16635 16636 16637
16638 16639 16640
16641 16642 16643
16644 16645 16646
16647 16648 16649
16650 16651 16652
16653 16654 16655
16656 16657 16658
16659 16657 16656
16659 16656 16660
16659 16661 16657
16657 16661 16662
16659 16663 16661
16664 16665 16666
16667 16668 16669
16670 16671 16672
16673 16674 16675
16676 16677 16678
16679 16680 16681
16682 16683 16684
16685 16686 16687
16688 16689 16690
16691 16689 16688
16691 16688 16692
16691 16693 16689
16689 16693 16694
16691 16695 16693
16696 16697 16698
16699 16700 16701
16702 16703 16704
16705 16706 16707
16708 16709 16710
16711 16712 16713
16714 16715 16716
16717 16718 16719
16720 16721 16722
16723 16721 16720
16723 16720 16724
16723 16725 16721
16721 16725 16726
16723 16727 16725
16728 16729 16730
16731 16730 16729
16730 16731 16732
16731 16729 16733
16729 16734 16733
16733 16735 16731
16736 16737 16738
16739 16738 16737
16737 16740 16739
16739 16741 16738
16738 16741 16742
16741 16739 16743
16744 16745 16746
16745 16744 16747
16746 16748 16744
16748 16746 16749
16750 16751 16752
16751 16750 16753
16753 16754 16751
16754 16753 16755
16756 16757 16758
16757 16756 16759
16758 16760 16756
16760 16758 16761
16762 16763 16764
16763 16762 16765
16765 16766 16763
16766 16765 16767
16768 16769 16770
16771 16772 16773
16774 16775 16776
16777 16778 16779
16780 16781 16782
16783 16784 16785
16786 16787 16788
16789 16790 16791
16792 16793 16794
16795 16796 16797
16798 16799 16800
16801 16798 16800
16802 16803 16804
16802 16804 16805
16806 16807 16808
16809 16810 16811
16812 16813 16814
16815 16816 16817
16818 16819 16820
16821 16819 16818
16822 16823 16824
16822 16825 16823
16826 16827 16828
16829 16830 16831
16832 16833 16834
16835 16836 16837
16836 16835 16838
16839 16840 16841
16840 16839 16842
16843 16844 16845
16844 16843 16846
16847 16848 16849
16848 16847 16850
16851 16852 16853
16852 16851 16854
16855 16856 16857
16858 16859 16860
16859 16858 16861
16862 16863 16864
16865 16866 16867
16868 16869 16870
16871 16868 16870
16872 16873 16874
16872 16874 16875
16876 16877 16878
16879 16880 16881
16882 16883 16884
16885 16886 16887
16888 16889 16890
16891 16889 16888
16892 16893 16894
16892 16895 16893
16896 16897 16898
16899 16900 16901
16902 16903 16904
16905 16906 16907
16906 16905 16908
16909 16910 16911
16910 16909 16912
16913 16914 16915
16914 16913 16916
16917 16918 16919
16918 16917 16920
16921 16922 16923
16922 16921 16924
16925 16926 16927
16928 16929 16930
16929 16928 16931
16932 16933 16934
16935 16936 16937
16938 16939 16940
16941 16942 16943
16944 16945 16946
16947 16948 16949
16950 16951 16952
16953 16954 16955
16956 16957 16958
16959 16960 16961
16962 16963 16964
16965 16966 16967
16968 16969 16970
16971 16972 16973
16974 16975 16976
16977 16978 16979
16980 16981 16982
16983 16984 16985
16986 16987 16988
16989 16988 16987
16987 16990 16989
16989 16991 16988
16988 16991 16992
16991 16989 16993
16994 16995 16996
16997 16996 16995
16996 16997 16998
16997 16995 16999
16995 17000 16999
16999 17001 16997
17002 17003 17004
17003 17002 17005
17006 17004 17003
17004 17006 17007
17008 17009 17010
17009 17008 17011
17012 17011 17008
17011 17012 17013
17014 17015 17016
17015 17014 17017
17018 17016 17015
17016 17018 17019
17020 17021 17022
17021 17020 17023
17024 17023 17020
17023 17024 17025
17026 17027 17028
17029 17030 17031
17032 17033 17034
17035 17036 17037
17038 17039 17040
17041 17042 17043
17044 17045 17046
17047 17048 17049
17050 17051 17052
17053 17054 17055
17056 17057 17058
17059 17057 17056
17060 17061 17062
17060 17063 17061
17064 17065 17066
17067 17068 17069
17070 17071 17072
17073 17074 17075
17076 17077 17078
17079 17076 17078
17080 17081 17082
17080 17082 17083
17084 17085 17086
17087 17088 17089
17090 17091 17092
17093 17094 17095
17094 17093 17096
17097 17098 17099
17098 17097 17100
17101 17102 17103
17102 17101 17104
17105 17106 17107
17106 17105 17108
17109 17110 17111
17110 17109 17112
17113 17114 17115
17116 17117 17118
17117 17116 17119
17120 17121 17122
17122 17121 17123
17123 17121 17124
17124 17121 17125
17125 17121 17126
17126 17121 17127
17127 17121 17128
17128 17121 17120
17129 17130 17131
17130 17129 17132
17133 17132 17129
17132 17133 17134
17130 17135 17131
17135 17130 17136
17133 17137 17134
17137 17133 17138
17136 17139 17135
17139 17136 17140
17138 17141 17137
17141 17138 17142
17143 17141 17142
17141 17143 17144
17139 17144 17143
17144 17139 17140
17132 17145 17130
17145 17136 17130
17145 17132 17146
17134 17146 17132
17146 17134 17147
17148 17134 17137
17134 17148 17147
17136 17145 17149
17149 17140 17136
17140 17149 17150
17140 17151 17144
17151 17140 17150
17144 17152 17141
17152 17144 17151
17137 17152 17148
17152 17137 17141
17142 17153 17143
17153 17142 17154
17155 17143 17153
17143 17155 17139
17155 17135 17139
17135 17155 17156
17156 17131 17135
17131 17156 17157
17158 17131 17157
17131 17158 17129
17159 17129 17158
17129 17159 17133
17159 17138 17133
17138 17159 17160
17160 17142 17138
17142 17160 17154
17161 17162 17163
17162 17161 17164
17165 17164 17161
17164 17165 17166
17167 17166 17165
17166 17167 17168
17169 17163 17162
17163 17169 17170
17171 17170 17169
17170 17171 17172
17173 17172 17171
17172 17173 17174
17175 17174 17173
17174 17175 17176
17176 17168 17167
17168 17176 17175
17166 17177 17164
17177 17166 17178
17168 17178 17166
17179 17164 17177
17164 17179 17162
17162 17180 17169
17180 17162 17179
17169 17181 17171
17181 17169 17180
17171 17182 17173
17182 17171 17181
17173 17183 17175
17183 17173 17182
17183 17168 17175
17168 17183 17184
17178 17168 17184
17174 17185 17172
17176 17185 17174
17172 17185 17170
17170 17185 17163
17163 17185 17161
17167 17185 17176
17165 17185 17167
17161 17185 17165
17186 17187 17188
17187 17186 17189
17190 17189 17186
17189 17190 17191
17192 17191 17190
17191 17192 17193
17194 17193 17192
17193 17194 17195
17196 17197 17198
17197 17196 17199
17200 17198 17197
17198 17200 17201
17200 17202 17201
17202 17200 17203
17204 17202 17203
17202 17204 17205
17206 17207 17208
17209 17206 17208
17209 17208 17210
17207 17211 17208
17207 17212 17211
17207 17213 17212
17212 17213 17214
17212 17214 17215
17216 17217 17218
17219 17217 17216
17219 17216 17220
17221 17219 17220
17221 17222 17219
17223 17222 17221
17223 17221 17224
17216 17218 17225
17226 17227 17228
17227 17226 17229
17226 17230 17229
17230 17226 17231
17232 17226 17228
17226 17232 17233
17234 17226 17233
17226 17234 17231
17235 17236 17237
17236 17235 17238
17239 17240 17241
17240 17239 17242
17243 17244 17245
17244 17243 17246
17247 17248 17249
17248 17247 17250
17251 17252 17253
17252 17251 17254
17255 17256 17257
17256 17255 17258
17259 17260 17261
17260 17259 17262
17263 17264 17265
17264 17263 17266
17267 17268 17269
17269 17270 17267
17270 17269 17271
17272 17270 17271
17270 17272 17273
17272 17274 17273
17275 17276 17277
17278 17276 17275
17279 17276 17278
17280 17276 17279
17281 17276 17280
17282 17276 17281
17283 17276 17282
17277 17276 17283
17283 17284 17277
17284 17283 17285
17277 17286 17275
17286 17277 17284
17275 17287 17278
17287 17275 17286
17286 17288 17287
17278 17289 17279
17289 17278 17287
17289 17287 17290
17288 17290 17287
17279 17291 17280
17291 17279 17289
17291 17289 17292
17291 17292 17293
17280 17294 17281
17294 17280 17291
17294 17282 17281
17291 17293 17294
17282 17294 17295
17295 17283 17282
17283 17295 17285
17294 17296 17295
17294 17297 17296
17294 17293 17297
17286 17298 17288
17286 17299 17298
17284 17299 17286
17284 17300 17299
17301 17290 17288
17301 17302 17290
17302 17303 17292
17293 17292 17303
17304 17293 17303
17304 17297 17293
17303 17302 17305
17302 17301 17305
17306 17298 17299
17306 17299 17307
17299 17300 17307
17308 17307 17300
17309 17308 17300
17310 17308 17309
17296 17310 17295
17311 17310 17296
17311 17308 17310
17307 17308 17312
17308 17311 17312
17313 17288 17298
17301 17288 17313
17310 17285 17295
17284 17285 17300
17311 17296 17314
17314 17296 17297
17315 17316 17317
17317 17316 17318
17318 17316 17319
17319 17316 17320
17320 17316 17321
17321 17316 17322
17322 17316 17323
17323 17316 17315
17317 17324 17315
17324 17317 17325
17326 17317 17318
17317 17326 17325
17319 17326 17318
17326 17319 17327
17319 17328 17327
17328 17319 17320
17321 17328 17320
17328 17321 17329
17321 17330 17329
17330 17321 17322
17331 17330 17322
17330 17331 17332
17331 17324 17332
17333 17327 17328
17333 17328 17334
17329 17334 17328
17327 17333 17335
17336 17327 17335
17327 17336 17326
17337 17326 17336
17325 17326 17337
17338 17332 17324
17338 17324 17339
17339 17324 17325
17332 17338 17340
17341 17332 17340
17332 17341 17330
17342 17330 17341
17342 17329 17330
17342 17343 17329
17329 17343 17334
17325 17337 17344
17339 17325 17344
17324 17331 17315
17345 17302 17292
17345 17290 17302
17346 17347 17348
17349 17350 17351
17352 17353 17354
17355 17353 17352
17356 17357 17358
17356 17359 17357
17360 17361 17362
17363 17364 17365
17366 17367 17368
17369 17370 17371
17372 17373 17374
17375 17372 17374
17376 17377 17378
17376 17378 17379
17380 17381 17382
17383 17384 17385
17386 17387 17388
17389 17390 17391
17390 17389 17392
17393 17394 17395
17394 17393 17396
17397 17398 17399
17398 17397 17400
17401 17402 17403
17402 17401 17404
17405 17406 17407
17406 17405 17408
17409 17410 17411
17412 17413 17414
17413 17412 17415
17416 17417 17418
17419 17420 17421
17422 17423 17424
17425 17426 17427
17428 17429 17430
17431 17432 17433
17434 17435 17436
17437 17438 17439
17440 17441 17442
17443 17444 17445
17446 17447 17448
17447 17446 17449
17450 17448 17447
17448 17450 17451
17452 17451 17450
17451 17452 17453
17454 17453 17452
17453 17454 17455
17456 17455 17454
17455 17456 17457
17458 17457 17456
17457 17458 17459
17460 17449 17446
17449 17460 17461
17462 17461 17460
17461 17462 17463
17464 17463 17462
17463 17464 17465
17466 17465 17464
17465 17466 17467
17468 17467 17466
17467 17468 17469
17470 17469 17468
17469 17470 17471
17472 17471 17470
17471 17472 17473
17474 17473 17472
17473 17474 17475
17476 17475 17474
17475 17476 17477
17478 17477 17476
17477 17478 17479
17480 17479 17478
17479 17480 17481
17482 17481 17480
17481 17482 17483
17484 17485 17486
17485 17484 17487
17484 17488 17487
17488 17484 17489
17485 17490 17486
17490 17485 17491
17489 17492 17488
17492 17489 17493
17493 17494 17492
17494 17493 17495
17491 17496 17490
17496 17491 17497
17497 17498 17496
17498 17497 17499
17495 17500 17494
17500 17495 17501
17502 17503 17504
17503 17502 17505
17505 17506 17503
17506 17505 17507
17507 17508 17506
17508 17507 17509
17509 17510 17508
17510 17509 17511
17512 17510 17511
17510 17512 17513
17512 17514 17513
17514 17512 17515
17515 17516 17514
17516 17515 17517
17517 17518 17516
17518 17517 17519
17520 17521 17522
17521 17520 17523
17523 17524 17521
17524 17523 17525
17525 17526 17524
17526 17525 17527
17527 17528 17526
17528 17527 17529
17529 17530 17528
17530 17529 17531
17531 17532 17530
17532 17531 17533
17533 17534 17532
17534 17533 17535
17522 17536 17520
17536 17522 17537
17537 17538 17536
17538 17537 17539
17539 17540 17538
17540 17539 17541
17541 17542 17540
17542 17541 17543
17543 17544 17542
17544 17543 17545
17545 17546 17544
17546 17545 17547
17547 17548 17546
17548 17547 17549
17549 17550 17548
17550 17549 17551
17551 17552 17550
17552 17551 17553
17553 17554 17552
17554 17553 17555
17555 17556 17554
17556 17555 17557
17558 17559 17560
17559 17558 17561
17560 17562 17558
17562 17560 17563
17563 17564 17562
17564 17563 17565
17565 17566 17564
17566 17565 17567
17566 17567 17568
17568 17569 17566
17569 17568 17570
17570 17571 17569
17572 17571 17570
17570 17573 17572
17572 17573 17574
17573 17575 17574
17574 17575 17576
17574 17576 17577
17576 17578 17577
17578 17576 17579
17579 17580 17578
17580 17579 17581
17581 17582 17580
17582 17581 17583
17583 17584 17582
17584 17583 17585
17586 17587 17559
17588 17587 17586
17586 17589 17588
17590 17588 17589
17590 17591 17588
17592 17591 17590
17592 17593 17591
17594 17593 17592
17594 17595 17593
17586 17559 17561
17596 17597 17598
17597 17596 17599
17600 17599 17596
17599 17600 17601
17602 17601 17600
17601 17602 17603
17604 17603 17602
17603 17604 17605
17606 17605 17604
17604 17607 17606
17608 17606 17607
17608 17607 17609
17610 17608 17609
17609 17611 17610
17612 17610 17611
17612 17611 17613
17612 17613 17614
17614 17615 17612
17616 17615 17614
17615 17616 17617
17618 17617 17616
17617 17618 17619
17620 17619 17618
17619 17620 17621
17622 17621 17620
17621 17622 17623
17624 17625 17598
17624 17626 17625
17626 17627 17625
17628 17627 17626
17598 17597 17624
17629 17630 17631
17632 17629 17631
17633 17634 17635
17636 17633 17635
17633 17637 17634
17638 17639 17640
17639 17638 17641
17640 17642 17638
17642 17640 17643
17643 17644 17642
17644 17643 17645
17645 17646 17644
17646 17645 17647
17647 17648 17646
17648 17647 17649
17649 17650 17648
17650 17649 17651
17641 17652 17639
17652 17641 17653
17653 17654 17652
17654 17653 17655
17655 17656 17654
17656 17655 17657
17657 17658 17656
17658 17657 17659
17659 17660 17658
17660 17659 17661
17661 17662 17660
17662 17661 17663
17663 17664 17662
17664 17663 17665
17665 17666 17664
17666 17665 17667
17667 17668 17666
17668 17667 17669
17669 17670 17668
17670 17669 17671
17671 17672 17670
17672 17671 17673
17673 17674 17672
17674 17673 17675
17676 17677 17678
17677 17676 17679
17680 17677 17679
17677 17680 17681
17682 17676 17678
17676 17682 17683
17684 17681 17680
17681 17684 17685
17686 17685 17684
17685 17686 17687
17688 17683 17682
17683 17688 17689
17690 17689 17688
17689 17690 17691
17692 17687 17686
17687 17692 17693
17694 17695 17696
17695 17694 17697
17698 17697 17694
17697 17698 17699
17700 17699 17698
17699 17700 17701
17702 17701 17700
17701 17702 17703
17702 17704 17703
17704 17702 17705
17706 17704 17705
17704 17706 17707
17708 17707 17706
17707 17708 17709
17710 17709 17708
17709 17710 17711
17712 17713 17714
17713 17712 17715
17716 17715 17712
17715 17716 17717
17718 17717 17716
17717 17718 17719
17720 17719 17718
17719 17720 17721
17722 17721 17720
17721 17722 17723
17724 17723 17722
17723 17724 17725
17726 17725 17724
17725 17726 17727
17728 17714 17713
17714 17728 17729
17730 17729 17728
17729 17730 17731
17732 17731 17730
17731 17732 17733
17734 17733 17732
17733 17734 17735
17736 17735 17734
17735 17736 17737
17738 17737 17736
17737 17738 17739
17740 17739 17738
17739 17740 17741
17742 17741 17740
17741 17742 17743
17744 17743 17742
17743 17744 17745
17746 17745 17744
17745 17746 17747
17748 17747 17746
17747 17748 17749
17750 17751 17752
17751 17750 17753
17754 17753 17750
17755 17752 17751
17752 17755 17756
17757 17756 17755
17756 17757 17758
17759 17758 17757
17758 17759 17760
17761 17760 17759
17759 17762 17761
17763 17761 17762
17762 17764 17763
17763 17764 17765
17765 17766 17763
17765 17767 17766
17767 17768 17766
17767 17769 17768
17767 17770 17769
17771 17769 17770
17769 17771 17772
17773 17772 17771
17772 17773 17774
17775 17774 17773
17774 17775 17776
17777 17776 17775
17776 17777 17778
17754 17779 17780
17780 17781 17754
17782 17781 17780
17782 17780 17783
17784 17782 17783
17784 17783 17785
17786 17784 17785
17786 17785 17787
17754 17750 17779
17788 17789 17790
17789 17788 17791
17792 17788 17790
17791 17793 17789
17793 17791 17794
17794 17795 17793
17795 17794 17796
17796 17797 17795
17797 17796 17798
17797 17798 17799
17799 17800 17797
17801 17800 17799
17801 17802 17800
17802 17801 17803
17803 17804 17802
17805 17804 17803
17805 17806 17804
17807 17806 17805
17805 17808 17807
17808 17809 17807
17809 17808 17810
17810 17811 17809
17811 17810 17812
17812 17813 17811
17813 17812 17814
17814 17815 17813
17815 17814 17816
17817 17818 17819
17819 17818 17820
17792 17817 17819
17790 17817 17792
17821 17822 17823
17822 17821 17824
17825 17826 17827
17827 17826 17828
17827 17828 17829
