byte offset: 0
first index: 52122
index count: 4155
topology: trianglelist
format: DXGI_FORMAT_R16_UINT

13982 13983 13984
13982 13985 13983
13985 13986 13983
13985 13987 13986
13988 13989 13990
13991 13989 13988
13992 13991 13988
13991 13992 13993
13992 13994 13993
13994 13992 13995
13996 13994 13995
13997 13998 13999
13998 13997 14000
14001 14000 13997
14000 14001 14002
13997 14003 14001
14003 13997 14004
13999 14004 13997
14004 13999 14005
14004 14006 14003
14006 14004 14007
14005 14007 14004
14007 14008 14006
14008 14007 14009
14000 14010 13998
14010 14000 14011
14002 14011 14000
14011 14012 14010
14012 14011 14013
14014 14013 14011
14011 14002 14014
14013 14014 14015
14016 14010 14012
14010 14016 14017
14007 14005 14018
14018 14009 14007
14009 14018 14019
14020 14019 14018
14019 14020 14021
14018 14022 14020
14022 14018 14005
14005 14023 14022
14023 14005 13999
13999 14024 14023
14024 13999 13998
13998 14017 14024
14017 13998 14010
14021 14025 14019
14025 14021 14026
14027 14019 14025
14025 14028 14027
14025 14029 14028
14029 14025 14026
14030 14028 14029
14028 14030 14031
14031 14032 14028
14028 14032 14027
14027 14032 14033
14034 14033 14032
14035 14033 14034
14033 14035 14008
14036 14008 14035
14008 14036 14006
14037 14006 14036
14006 14037 14038
14039 14038 14037
14038 14039 14040
14041 14040 14039
14039 14042 14041
14042 14039 14043
14037 14043 14039
14040 14041 14044
14043 14037 14045
14036 14045 14037
14046 14041 14042
14041 14046 14047
14047 14044 14041
14048 14047 14046
14047 14048 14049
14049 14050 14047
14044 14047 14050
14050 14049 14051
14046 14052 14048
14052 14046 14053
14042 14053 14046
14045 14054 14043
14054 14045 14055
14056 14055 14045
14045 14036 14056
14035 14056 14036
14056 14035 14057
14034 14057 14035
14057 14034 14058
14058 14034 14059
14058 14060 14057
14060 14058 14061
14058 14059 14062
14062 14061 14058
14059 14063 14062
14063 14059 14064
14032 14064 14059
14059 14034 14032
14064 14032 14065
14066 14057 14060
14057 14066 14056
14055 14056 14066
14032 14031 14065
14067 14068 14069
14068 14067 14070
14069 14071 14067
14071 14069 14072
14072 14073 14071
14073 14072 14074
14070 14075 14068
14075 14070 14076
14074 14077 14073
14077 14074 14078
14079 14073 14077
14073 14079 14080
14080 14071 14073
14081 14080 14079
14080 14081 14082
14083 14082 14081
14082 14083 14084
14084 14085 14082
14085 14084 14086
14086 14087 14085
14087 14086 14088
14088 14089 14087
14089 14088 14090
14090 14091 14089
14091 14090 14092
14093 14082 14085
14082 14093 14080
14094 14085 14087
14085 14094 14093
14087 14095 14094
14095 14087 14089
14089 14096 14095
14096 14089 14091
14067 14093 14094
14093 14067 14071
14071 14080 14093
14094 14070 14067
14070 14094 14095
14095 14076 14070
14076 14095 14096
14097 14098 14099
14098 14097 14100
14101 14099 14098
14099 14101 14102
14098 14103 14101
14104 14101 14103
14103 14098 14105
14100 14105 14098
14105 14100 14106
14102 14107 14099
14107 14102 14108
14109 14108 14102
14109 14102 14110
14101 14104 14110
14102 14101 14110
14108 14109 14111
14112 14099 14107
14099 14112 14097
14108 14113 14107
14113 14108 14114
14111 14114 14108
14107 14115 14112
14115 14107 14113
14114 14111 14116
14113 14117 14115
14117 14113 14118
14114 14118 14113
14118 14114 14119
14116 14119 14114
14119 14116 14120
14117 14118 14121
14118 14122 14121
14122 14118 14119
14122 14119 14123
14120 14123 14119
14120 14124 14123
14124 14125 14126
14125 14127 14126
14128 14126 14127
14125 14129 14127
14128 14130 14126
14131 14130 14128
14130 14131 14132
14129 14133 14134
14129 14134 14135
14134 14136 14135
14135 14137 14129
14138 14137 14135
14136 14138 14135
14137 14138 14139
14140 14139 14138
14141 14140 14138
14141 14138 14136
14139 14140 14142
14143 14144 14145
14143 14146 14144
14146 14143 14147
14147 14148 14146
14148 14147 14149
14150 14148 14149
14148 14150 14151
14150 14152 14151
14151 14152 14153
14154 14152 14150
14155 14156 14157
14158 14157 14156
14157 14158 14159
14160 14159 14158
14159 14160 14161
14162 14161 14160
14161 14162 14163
14163 14162 14164
14163 14164 14165
14164 14162 14166
14167 14168 14169
14167 14170 14168
14170 14167 14171
14171 14172 14170
14172 14171 14173
14173 14174 14172
14174 14173 14175
14175 14176 14174
14176 14175 14177
14178 14179 14180
14181 14179 14178
14180 14182 14178
14182 14180 14183
14183 14184 14182
14184 14183 14185
14185 14186 14184
14186 14185 14187
14187 14188 14186
14188 14187 14189
14189 14190 14188
14190 14189 14191
14190 14191 14192
14193 14194 14195
14194 14193 14196
14196 14197 14194
14197 14196 14198
14198 14199 14197
14199 14198 14200
14200 14201 14199
14201 14200 14202
14202 14203 14201
14203 14202 14204
14205 14193 14195
14206 14207 14208
14207 14206 14209
14210 14208 14207
14208 14210 14211
14212 14211 14210
14211 14212 14213
14214 14213 14212
14213 14214 14215
14214 14216 14215
14217 14216 14214
14215 14216 14218
14219 14209 14206
14220 14221 14222
14221 14220 14223
14224 14223 14220
14223 14224 14225
14226 14225 14224
14225 14226 14227
14225 14228 14223
14228 14221 14223
14228 14229 14221
14228 14225 14230
14227 14230 14225
14230 14227 14231
14232 14231 14227
14227 14233 14232
14227 14226 14233
14226 14234 14233
14233 14234 14235
14235 14234 14236
14231 14232 14237
14238 14236 14234
14239 14238 14234
14239 14234 14226
14240 14226 14224
14224 14241 14240
14241 14224 14220
14220 14242 14241
14242 14220 14222
14243 14240 14241
14243 14241 14242
14243 14242 14244
14240 14243 14245
14245 14246 14240
14246 14245 14247
14246 14248 14239
14247 14248 14246
14248 14247 14249
14226 14240 14246
14246 14239 14226
14250 14222 14221
14251 14250 14221
14221 14229 14251
14251 14252 14250
14252 14253 14250
14253 14252 14254
14255 14250 14253
14250 14255 14256
14255 14253 14257
14222 14250 14256
14258 14222 14256
14258 14256 14259
14258 14259 14260
14261 14258 14260
14262 14258 14261
14263 14261 14260
14264 14263 14260
14260 14265 14264
14265 14266 14264
14257 14267 14265
14267 14266 14265
14267 14257 14268
14263 14264 14269
14264 14270 14269
14264 14271 14270
14262 14272 14258
14222 14258 14272
14273 14274 14268
14257 14273 14268
14257 14253 14273
14254 14273 14253
14273 14254 14274
14275 14276 14277
14278 14275 14277
14275 14278 14279
14276 14275 14280
14281 14280 14275
14281 14282 14280
14283 14282 14281
14283 14284 14282
14283 14281 14285
14286 14284 14283
14286 14283 14287
14287 14283 14285
14286 14288 14284
14288 14286 14289
14281 14275 14290
14285 14281 14290
14275 14279 14291
14292 14286 14287
14286 14292 14289
14293 14292 14287
14294 14293 14287
14294 14295 14293
14293 14295 14296
14292 14293 14296
14292 14296 14289
14297 14287 14285
14297 14294 14287
14285 14290 14298
14297 14285 14298
14290 14291 14299
14298 14290 14299
14290 14275 14291
14300 14298 14299
14301 14294 14297
14302 14294 14301
14302 14303 14294
14295 14303 14296
14294 14303 14295
14304 14296 14303
14302 14305 14303
14306 14305 14302
14306 14302 14307
14302 14308 14307
14309 14307 14308
14308 14310 14309
14311 14309 14310
14310 14312 14311
14312 14310 14313
14314 14313 14310
14310 14308 14314
14313 14314 14315
14314 14316 14315
14316 14314 14317
14318 14311 14312
14311 14318 14319
14320 14319 14318
14319 14320 14321
14319 14322 14311
14309 14311 14322
14322 14319 14323
14321 14323 14319
14323 14324 14322
14324 14323 14325
14326 14325 14323
14323 14321 14326
14325 14326 14327
14328 14322 14324
14322 14328 14309
14324 14329 14328
14329 14324 14330
14307 14309 14328
14328 14331 14307
14331 14328 14329
14331 14306 14307
14332 14324 14325
14332 14330 14324
14333 14332 14325
14327 14333 14325
14327 14334 14333
14335 14336 14337
14336 14335 14338
14339 14338 14335
14338 14339 14340
14341 14340 14339
14340 14341 14342
14343 14336 14338
14340 14343 14338
14336 14343 14344
14343 14340 14345
14342 14345 14340
14345 14342 14346
14342 14347 14346
14348 14337 14336
14337 14348 14349
14348 14336 14350
14336 14344 14350
14344 14351 14350
14342 14352 14347
14352 14342 14341
14341 14353 14352
14353 14341 14354
14339 14354 14341
14354 14355 14353
14355 14354 14356
14356 14357 14355
14357 14356 14358
14359 14358 14356
14358 14359 14360
14361 14360 14359
14360 14361 14362
14363 14362 14361
14362 14363 14364
14365 14364 14363
14364 14365 14366
14367 14356 14354
14356 14367 14359
14368 14359 14367
14359 14368 14361
14361 14369 14363
14369 14361 14368
14370 14363 14369
14363 14370 14365
14367 14335 14368
14335 14367 14339
14354 14339 14367
14337 14368 14335
14368 14337 14369
14369 14349 14370
14349 14369 14337
14371 14372 14373
14373 14374 14371
14375 14371 14374
14376 14375 14374
14376 14377 14375
14377 14376 14378
14378 14379 14377
14379 14378 14380
14380 14381 14379
14381 14380 14382
14382 14383 14381
14383 14382 14384
14385 14383 14384
14386 14385 14384
14385 14387 14383
14388 14389 14390
14388 14391 14389
14389 14391 14392
14393 14391 14388
14392 14391 14394
14395 14394 14391
14393 14395 14391
14394 14395 14396
14396 14397 14394
14398 14394 14397
14398 14392 14394
14397 14396 14399
14400 14401 14393
14400 14402 14401
14402 14403 14401
14403 14402 14404
14404 14405 14403
14405 14404 14406
14407 14408 14400
14408 14407 14409
14410 14409 14407
14409 14410 14411
14412 14411 14410
14411 14412 14413
14413 14414 14411
14414 14413 14415
14416 14415 14413
14415 14416 14417
14417 14418 14415
14418 14417 14419
14420 14417 14416
14417 14420 14421
14421 14419 14417
14419 14421 14422
14415 14423 14414
14423 14415 14418
14411 14424 14409
14424 14411 14414
14414 14425 14424
14425 14414 14423
14426 14425 14423
14425 14426 14427
14428 14425 14427
14428 14424 14425
14429 14423 14418
14423 14429 14426
14430 14418 14419
14418 14430 14429
14419 14422 14431
14419 14431 14430
14431 14432 14430
14424 14428 14433
14433 14409 14424
14409 14433 14408
14434 14435 14420
14434 14420 14416
14436 14434 14416
14436 14416 14413
14412 14436 14413
14437 14438 14439
14438 14440 14439
14440 14438 14441
14442 14439 14440
14443 14439 14442
14440 14444 14442
14443 14445 14439
14445 14437 14439
14446 14443 14442
14443 14446 14447
14448 14446 14442
14444 14448 14442
14449 14450 14451
14452 14449 14451
14449 14452 14453
14454 14453 14452
14453 14454 14455
14456 14455 14454
14455 14456 14457
14458 14457 14456
14457 14458 14459
14314 14460 14317
14460 14314 14308
14308 14302 14460
14460 14302 14301
14317 14460 14301
14317 14301 14461
14461 14316 14317
14461 14300 14316
14461 14301 14297
14298 14461 14297
14300 14461 14298
14462 14463 14464
14465 14462 14464
14466 14463 14462
14463 14466 14467
14468 14467 14466
14467 14468 14469
14470 14469 14468
14469 14470 14471
14472 14471 14470
14471 14472 14473
14474 14473 14472
14473 14474 14475
14476 14475 14474
14477 14478 14479
14480 14477 14479
14477 14480 14481
14482 14481 14480
14481 14482 14483
14484 14483 14482
14483 14484 14485
14486 14485 14484
14485 14486 14487
14488 14487 14486
14487 14488 14489
14490 14491 14492
14493 14491 14490
14493 14494 14491
14494 14495 14491
14491 14495 14492
14496 14495 14494
14497 14496 14494
14497 14494 14493
14497 14493 14498
14498 14499 14497
14499 14500 14497
14496 14497 14500
14498 14493 14501
14501 14493 14502
14490 14502 14493
14503 14498 14501
14503 14504 14498
14498 14504 14499
14504 14505 14499
14506 14499 14505
14499 14506 14507
14499 14507 14500
14505 14504 14508
14509 14508 14504
14503 14509 14504
14508 14509 14510
14511 14510 14509
14510 14511 14512
14509 14503 14513
14509 14513 14511
14503 14514 14513
14514 14503 14515
14501 14515 14503
14502 14516 14501
14502 14517 14516
14518 14516 14517
14518 14517 14519
14520 14518 14519
14520 14521 14518
14518 14521 14516
14522 14523 14524
14525 14524 14523
14524 14525 14526
14527 14526 14525
14526 14527 14528
14529 14530 14531
14530 14529 14532
14532 14533 14530
14533 14532 14534
14534 14535 14533
14535 14534 14536
14536 14537 14535
14537 14536 14538
14539 14536 14534
14536 14539 14540
14540 14538 14536
14541 14540 14539
14540 14541 14542
14542 14543 14540
14538 14540 14543
14543 14542 14544
14544 14542 14545
14546 14534 14532
14534 14546 14539
14547 14539 14546
14539 14547 14541
14548 14541 14547
14541 14548 14549
14541 14549 14550
14545 14542 14550
14542 14541 14550
14546 14551 14547
14551 14546 14552
14532 14552 14546
14552 14532 14529
14553 14547 14551
14547 14553 14548
14544 14545 14554
14555 14556 14557
14556 14555 14558
14556 14558 14559
14559 14560 14556
14560 14559 14561
14562 14560 14561
14561 14563 14562
14563 14561 14564
14565 14566 14567
14566 14565 14568
14569 14567 14566
14567 14569 14570
14571 14570 14569
14570 14571 14572
14573 14568 14565
14568 14573 14574
14574 14573 14575
14576 14574 14575
14573 14577 14575
14578 14579 14580
14581 14578 14580
14579 14582 14580
14583 14582 14579
14583 14584 14582
14585 14584 14583
14585 14586 14584
14587 14588 14589
14588 14587 14590
14591 14587 14589
14587 14591 14592
14592 14591 14593
14590 14594 14588
14590 14595 14594
14596 14597 14598
14599 14598 14597
14600 14598 14599
14601 14600 14599
14601 14602 14600
14603 14602 14601
14603 14604 14602
14605 14606 14607
14607 14608 14605
14608 14607 14609
14609 14610 14608
14610 14609 14611
14611 14612 14610
14612 14611 14613
14613 14614 14612
14614 14613 14615
14614 14615 14616
14617 14614 14616
14615 14618 14616
14078 14619 14620
14078 14620 14077
14621 14077 14620
14077 14621 14079
14622 14079 14621
14079 14622 14081
14083 14081 14622
14623 14624 14625
14626 14625 14624
14623 14625 14627
14628 14627 14625
14629 14623 14627
14628 14629 14627
14630 14629 14628
14043 14631 14042
14631 14043 14054
14053 14042 14631
14632 14633 14634
14634 14633 14635
14635 14636 14634
14637 14635 14633
14637 14633 14638
14639 14638 14633
14639 14633 14640
14640 14633 14632
14639 14641 14638
14637 14638 14641
14641 14639 14642
14637 14641 14643
14009 14033 14008
14033 14009 14027
14019 14027 14009
14644 14645 14646
14646 14647 14644
14644 14648 14645
14648 14649 14645
14648 14650 14649
14650 14651 14649
14650 14652 14651
14652 14653 14651
14652 14654 14653
14654 14655 14653
14654 14656 14655
14654 14657 14656
14654 14658 14657
14647 14646 14659
14659 14660 14647
14661 14647 14660
14662 14659 14646
14646 14663 14662
14664 14662 14663
14663 14665 14664
14665 14666 14664
14665 14667 14666
14666 14667 14668
14667 14669 14668
14667 14670 14669
14670 14671 14669
14670 14672 14671
14645 14663 14646
14663 14645 14665
14649 14665 14645
14649 14673 14665
14649 14674 14673
14673 14674 14675
14674 14676 14675
14676 14674 14677
14676 14677 14678
14677 14679 14678
14677 14680 14679
14681 14682 14661
14660 14681 14661
14661 14644 14647
14683 14684 14685
14684 14683 14686
14683 14685 14687
14687 14685 14688
14687 14688 14689
14689 14688 14690
14689 14690 14691
14691 14690 14692
14691 14692 14693
14693 14692 14694
14693 14694 14695
14693 14695 14696
14693 14696 14697
14686 14698 14684
14698 14686 14699
14700 14699 14686
14688 14685 14701
14688 14701 14702
14688 14702 14703
14702 14704 14703
14703 14704 14705
14705 14706 14703
14705 14707 14706
14706 14707 14708
14706 14708 14709
14699 14700 14710
14710 14700 14711
14712 14713 14701
14713 14712 14714
14701 14713 14715
14701 14715 14716
14715 14717 14716
14716 14717 14718
14716 14718 14719
14719 14718 14720
14719 14720 14721
14684 14714 14712
14714 14684 14698
14685 14684 14712
14712 14701 14685
14700 14686 14683
14722 14723 14724
14724 14723 14725
14726 14722 14724
14726 14724 14727
14725 14727 14724
14728 14726 14727
14728 14727 14729
14730 14729 14727
14730 14727 14725
14730 14731 14729
14732 14728 14729
14732 14729 14733
14731 14733 14729
14734 14732 14733
14734 14733 14735
14736 14735 14733
14733 14731 14736
14736 14737 14735
14738 14734 14735
14738 14735 14739
14737 14739 14735
14740 14738 14739
14740 14739 14741
14742 14741 14739
14739 14737 14742
14742 14743 14741
14743 14742 14744
14745 14741 14743
14743 14746 14745
14743 14744 14746
14745 14746 14747
14747 14746 14744
14744 14748 14747
14747 14749 14745
14750 14740 14741
14751 14750 14741
14745 14751 14741
14752 14744 14742
14748 14744 14752
14742 14753 14752
14754 14748 14752
14752 14753 14755
14752 14755 14756
14754 14752 14756
14754 14756 14757
14756 14755 14758
14756 14758 14759
14757 14756 14759
14757 14759 14760
14758 14761 14759
14761 14762 14759
14762 14760 14759
14762 14763 14760
14761 14764 14762
14764 14765 14762
14765 14763 14762
14764 14766 14765
14765 14767 14763
14766 14767 14765
14768 14769 14770
14771 14768 14770
14768 14771 14772
14773 14772 14771
14773 14771 14750
14774 14773 14750
14774 14750 14751
14775 14774 14751
14776 14777 14778
14777 14779 14778
14778 14780 14776
14780 14778 14781
14779 14781 14778
14781 14779 14782
14783 14780 14781
14782 14783 14781
14780 14783 14784
14785 14784 14783
14784 14785 14786
14787 14785 14783
14783 14782 14787
14785 14787 14788
14789 14786 14785
14786 14789 14790
14790 14789 14791
14785 14792 14789
14792 14785 14788
14792 14793 14789
14793 14791 14789
14793 14792 14794
14795 14790 14791
14793 14794 14796
14796 14794 14797
14793 14796 14798
14791 14793 14798
14798 14799 14791
14796 14797 14800
14801 14800 14797
14800 14801 14802
14803 14796 14800
14796 14803 14798
14804 14798 14803
14804 14799 14798
14805 14797 14794
14797 14805 14806
14806 14801 14797
14807 14806 14805
14806 14807 14808
14801 14806 14809
14801 14809 14802
14810 14805 14794
14805 14811 14807
14811 14805 14810
14812 14811 14810
14813 14812 14810
14811 14814 14807
14807 14815 14808
14792 14810 14794
14792 14816 14810
14816 14813 14810
14806 14808 14817
14806 14817 14809
14818 14811 14812
14819 14818 14812
14812 14820 14819
14820 14812 14821
14813 14821 14812
14822 14819 14820
14819 14822 14823
14822 14824 14823
14824 14822 14825
14826 14823 14824
14823 14826 14827
14823 14827 14828
14828 14818 14819
14823 14828 14819
14825 14829 14824
14829 14825 14830
14824 14831 14826
14831 14824 14829
14832 14831 14829
14830 14833 14829
14832 14829 14833
14834 14832 14833
14835 14834 14833
14834 14836 14832
14837 14835 14833
14830 14837 14833
14838 14834 14835
14836 14834 14838
14835 14839 14838
14840 14836 14838
14839 14841 14838
14841 14842 14838
14841 14843 14842
14843 14844 14842
14842 14844 14845
14842 14845 14838
14845 14840 14838
14846 14847 14799
14846 14799 14804
14847 14791 14799
14847 14795 14791
14848 14849 14850
14850 14849 14851
14848 14850 14852
14852 14850 14851
14853 14848 14852
14853 14852 14854
14854 14855 14853
14852 14856 14854
14852 14851 14856
14855 14854 14857
14856 14858 14854
14857 14854 14858
14858 14815 14857
14857 14859 14855
14807 14857 14815
14859 14857 14807
14807 14814 14859
14802 14860 14861
14861 14800 14802
14800 14861 14803
14862 14863 14864
14865 14863 14862
14866 14863 14865
14867 14866 14865
14866 14867 14868
14869 14868 14867
14868 14869 14870
14871 14870 14869
14870 14871 14872
14872 14871 14873
14873 14871 14874
14874 14871 14875
14872 14873 14876
14877 14872 14876
14875 14878 14874
14879 14878 14875
14880 14878 14879
14881 14882 14883
14884 14881 14883
14885 14881 14884
14886 14885 14884
14886 14887 14885
14886 14888 14887
14888 14889 14887
14889 14888 14890
14890 14891 14889
14892 14891 14890
14888 14893 14890
14890 14893 14894
14895 14896 14897
14898 14896 14895
14899 14898 14895
14900 14898 14899
14900 14899 14901
14900 14901 14902
14902 14901 14903
14903 14904 14902
14904 14903 14905
14906 14904 14905
14902 14904 14907
14904 14908 14907
14909 14910 14911
14912 14909 14911
14913 14912 14911
14913 14914 14912
14914 14913 14915
14915 14916 14914
14916 14915 14917
14917 14918 14916
14918 14917 14919
14919 14920 14918
14920 14921 14918
14921 14922 14918
14919 14923 14920
14924 14923 14919
14922 14921 14925
14926 14922 14925
14927 14926 14925
14928 14929 14930
14931 14932 14933
14934 14933 14932
14932 14935 14934
14935 14936 14934
14937 14931 14933
14937 14938 14931
14937 14939 14938
14940 14938 14939
14938 14940 14941
14942 14941 14940
14941 14942 14943
14942 14944 14943
14944 14942 14945
14945 14946 14944
14946 14945 14947
14947 14948 14946
14948 14947 14949
14937 14950 14939
14950 14937 14951
14950 14951 14952
14952 14951 14953
14953 14954 14952
14953 14955 14954
14949 14956 14948
14956 14949 14957
14957 14958 14956
14958 14957 14959
14958 14959 14960
14961 14958 14960
14962 14961 14960
14962 14963 14961
14964 14963 14962
14964 14965 14963
14966 14965 14964
14966 14967 14965
14968 14969 14970
14969 14971 14970
14972 14969 14968
14972 14973 14969
14971 14969 14973
14974 14973 14972
14974 14975 14973
14976 14973 14975
14976 14971 14973
14976 14975 14977
14978 14975 14974
14978 14979 14975
14977 14975 14979
14980 14979 14978
14980 14981 14979
14982 14979 14981
14979 14982 14977
14982 14981 14983
14984 14981 14980
14984 14985 14981
14983 14981 14985
14985 14986 14983
14985 14987 14986
14987 14985 14988
14989 14988 14985
14987 14988 14990
14990 14991 14987
14992 14990 14988
14990 14992 14993
14990 14993 14991
14994 14993 14992
14993 14994 14995
14995 14991 14993
14991 14995 14996
14989 14985 14997
14997 14985 14984
14998 14988 14989
14999 14988 14998
14992 14988 14999
15000 14987 14991
14996 15000 14991
14987 15000 15001
15002 15000 14996
15000 15003 15001
15000 15004 15003
15002 15004 15000
15002 15005 15004
15004 15006 15003
15004 15007 15006
15005 15007 15004
15005 15008 15007
15006 15007 15009
15009 15007 15010
15010 15007 15008
15010 15008 15011
15009 15010 15012
15012 15010 15013
15013 15010 15011
15012 15013 15014
15013 15011 15015
15014 15013 15015
15016 15017 15018
15016 15019 15017
15019 15016 15020
15021 15019 15020
15021 14998 15019
15022 14998 15021
15022 14999 14998
15023 14999 15022
14999 15023 15024
14999 15024 14992
14992 15024 15025
14992 15025 14994
15026 15027 15028
15028 15027 15029
15026 15030 15027
15030 15029 15027
15030 15026 15031
15029 15030 15032
15031 15033 15030
15033 15032 15030
15033 15031 15034
15034 15035 15033
15035 15034 15036
15037 15033 15035
15033 15037 15038
15032 15033 15038
15036 15039 15035
15039 15036 15040
15040 15041 15039
15042 15035 15039
15035 15042 15037
15042 15039 15043
15043 15039 15041
15043 15044 15042
15044 15045 15042
15046 15041 15040
15043 15047 15044
15047 15048 15044
15043 15049 15047
15041 15049 15043
15049 15041 15050
15047 15051 15048
15052 15048 15051
15051 15053 15052
15054 15051 15047
15047 15049 15054
15055 15054 15049
15055 15049 15050
15056 15044 15048
15048 15057 15056
15057 15048 15052
15058 15056 15057
15057 15059 15058
15052 15060 15057
15052 15053 15060
15056 15058 15061
15061 15058 15062
15058 15059 15063
15064 15055 15050
15064 15050 15065
15065 15050 15041
15065 15041 15046
15057 15066 15059
15057 15060 15066
15061 15067 15056
15067 15044 15056
15068 15067 15061
15069 15068 15061
15070 15068 15069
15071 15068 15070
15071 15067 15068
15061 15072 15069
15073 15069 15072
15074 15069 15073
15074 15073 15075
15076 15074 15075
15074 15076 15077
15077 15078 15074
15078 15069 15074
15078 15077 15079
15069 15078 15080
15070 15069 15080
15081 15079 15077
15079 15081 15082
15077 15083 15081
15083 15077 15076
15084 15081 15083
15082 15081 15085
15084 15085 15081
15086 15085 15084
15087 15085 15086
15086 15084 15088
15089 15085 15087
15082 15085 15089
15090 15087 15086
15088 15090 15086
15087 15090 15091
15092 15090 15088
15091 15090 15093
15093 15090 15094
15093 15094 15095
15095 15094 15096
15094 15097 15096
15094 15090 15097
15097 15090 15092
15098 15099 15100
15099 15101 15100
15098 15102 15099
15102 15101 15099
15103 15102 15098
15103 15104 15102
15104 15103 15105
15102 15104 15106
15102 15106 15101
15105 15107 15104
15106 15104 15108
15107 15108 15104
15108 15107 15063
15107 15105 15109
15058 15063 15107
15109 15058 15107
15058 15109 15062
15051 15054 15110
15111 15051 15110
15053 15051 15111
15054 15055 15110
15055 15064 15110
15067 15071 15045
15067 15045 15044
15112 15113 15114
15115 15114 15113
15114 15115 15116
15116 15115 15117
15118 15113 15112
15118 15112 15119
15118 15119 15120
15119 15121 15120
15121 15119 15122
15122 15123 15121
15123 15122 15124
15125 15123 15124
15123 15125 15126
15127 15126 15125
15126 15127 15128
15129 15128 15127
15128 15129 15130
15118 15120 15131
15131 15132 15118
15131 15133 15132
15133 15134 15132
15134 15133 15135
15134 15135 15136
15137 15130 15129
15130 15137 15138
15139 15138 15137
15138 15139 15140
15139 15141 15140
15142 15141 15139
15143 15141 15142
15143 15142 15144
15145 15143 15144
15145 15144 15146
15145 15146 15147
15147 15146 15148
15149 15150 15151
15150 15149 15152
15153 15149 15151
15149 15153 15154
15155 15154 15153
15154 15155 15156
15155 15157 15156
15157 15155 15158
15152 15159 15150
15159 15152 15160
15160 15161 15159
15161 15160 15162
15163 15164 15165
15164 15163 15166
15167 15165 15164
15165 15167 15168
15167 15169 15168
15169 15167 15170
15170 15171 15169
15171 15170 15172
15173 15171 15172
15171 15173 15174
15175 15176 15177
15176 15175 15178
15176 15179 15177
15179 15176 15180
15180 15181 15179
15181 15180 15182
15183 15181 15182
15181 15183 15184
15185 15178 15175
15178 15185 15186
15187 15186 15185
15186 15187 15188
15189 15190 15191
15190 15189 15192
15191 15193 15189
15193 15191 15194
15195 15193 15194
15193 15195 15196
15197 15196 15195
15196 15197 15198
15197 15199 15198
15199 15197 15200
14104 14103 15201
