byte offset: 0
first index: 0
index count: 2160
topology: trianglelist
format: DXGI_FORMAT_R16_UINT

0 1 2
0 2 3
4 1 0
3 2 5
3 5 6
7 2 1
4 7 1
7 8 2
5 2 8
5 8 9
10 11 12
10 12 13
10 14 11
15 10 13
15 16 10
10 16 17
18 13 12
18 19 13
13 19 20
13 20 15
18 21 19
21 20 19
18 22 21
21 23 20
10 24 14
10 17 24
14 24 25
14 25 26
17 27 24
17 28 27
25 29 26
25 30 29
31 29 30
31 32 29
33 32 31
28 34 27
28 35 34
34 35 36
34 36 37
37 36 38
37 38 39
38 40 39
40 38 41
41 42 40
43 42 41
43 41 44
43 44 45
46 43 45
33 31 47
33 47 48
49 33 48
48 50 49
49 50 51
49 51 52
52 51 53
51 54 53
55 56 57
55 57 58
58 57 59
55 60 56
55 61 60
58 59 62
59 63 62
64 65 66
64 66 67
65 64 68
65 68 69
69 68 70
69 70 71
72 73 74
75 74 73
72 74 76
73 77 75
78 75 77
77 79 78
80 81 82
83 84 85
85 84 86
87 88 89
90 91 92
93 94 95
94 96 95
93 97 94
93 98 97
98 99 97
100 99 98
101 102 103
101 104 102
105 104 101
106 105 101
103 102 107
103 107 108
107 109 108
107 110 109
111 112 113
114 115 116
114 116 117
118 115 119
120 121 122
120 122 123
121 120 124
124 125 121
123 122 126
122 127 126
128 129 130
129 131 130
128 132 129
133 134 135
136 137 133
138 139 140
138 140 141
141 140 142
141 142 143
144 139 138
144 145 139
146 145 144
146 147 145
143 142 148
146 149 147
146 150 149
143 148 151
152 153 154
152 154 155
156 153 152
157 156 152
158 156 157
158 159 156
160 159 158
161 155 154
161 154 162
155 161 163
164 165 166
167 168 169
170 171 172
173 174 175
175 174 176
175 176 177
175 177 178
179 180 181
179 181 182
183 184 185
183 185 186
187 188 189
187 189 190
191 192 193
193 194 191
191 195 192
196 197 198
196 198 199
200 196 199
200 199 201
202 203 204
202 204 205
205 206 202
205 207 206
203 208 204
203 209 208
208 209 210
211 212 213
211 213 214
215 213 212
215 212 216
216 217 215
216 218 217
219 220 221
221 220 222
222 223 221
223 222 224
219 225 220
224 226 223
227 228 229
230 231 232
232 231 233
234 235 236
237 238 239
240 241 242
240 242 243
240 244 241
241 244 245
245 244 246
247 245 246
248 249 250
248 251 249
251 252 249
252 253 249
254 248 250
254 250 255
254 255 256
254 256 257
258 259 260
261 262 263
264 265 266
264 266 267
268 269 265
270 271 272
270 272 273
270 273 274
275 272 271
271 276 275
277 270 274
278 279 280
280 279 281
280 282 278
283 284 285
286 287 283
288 289 290
288 290 291
289 292 290
289 293 292
294 288 291
294 291 295
296 294 295
296 295 297
296 297 298
296 298 299
293 300 292
293 301 300
302 303 304
302 305 303
302 304 306
307 302 306
308 307 306
308 306 309
310 308 309
303 305 311
303 311 312
305 313 311
314 315 316
317 318 319
320 321 322
323 324 325
326 325 324
326 324 327
324 328 327
329 330 331
329 331 332
333 334 335
333 335 336
337 338 339
337 339 340
341 342 343
343 344 341
341 345 342
346 347 348
348 347 349
348 349 350
346 351 347
352 353 354
352 354 355
356 352 355
357 354 353
357 353 358
359 355 354
356 355 359
359 354 360
360 354 357
360 357 361
362 363 364
362 364 365
366 365 364
366 364 367
368 362 365
368 365 369
370 369 365
370 365 366
371 368 369
371 369 370
371 372 368
371 370 373
364 363 374
364 374 375
364 375 376
364 376 367
374 377 375
374 378 377
378 379 377
378 380 379
379 380 381
379 381 382
376 375 383
376 383 384
383 385 384
383 386 385
387 385 386
387 388 385
389 388 387
389 387 390
389 390 391
392 389 391
391 393 392
392 393 394
392 394 395
395 394 396
394 397 396
382 398 399
398 400 399
400 398 401
401 402 400
403 402 401
403 401 404
403 404 405
406 403 405
382 381 398
407 408 409
407 409 410
408 411 409
412 407 410
412 413 407
408 414 411
411 414 415
416 417 418
416 418 419
417 420 418
417 421 420
421 422 420
421 423 422
424 425 426
426 425 427
427 428 426
424 429 425
428 427 430
430 431 428
432 433 434
435 436 437
437 436 438
439 440 441
442 443 444
445 446 447
445 447 448
445 449 446
446 449 450
450 449 451
452 450 451
453 454 455
453 456 454
456 457 454
457 458 454
459 453 455
459 455 460
459 460 461
459 461 462
463 464 465
466 467 468
466 468 469
470 467 471
472 473 474
472 474 475
476 474 473
473 477 476
472 475 478
479 472 478
480 481 482
480 482 483
480 484 481
485 486 487
487 488 489
490 491 492
490 492 493
491 494 492
491 495 494
496 490 493
496 493 497
495 498 494
495 499 498
500 501 502
500 502 503
500 503 504
500 504 505
506 507 508
506 508 509
506 510 507
511 506 509
512 511 509
512 509 513
514 512 513
507 510 515
507 515 516
510 517 515
518 519 520
521 522 523
524 525 526
527 528 529
528 530 529
528 531 530
528 532 531
533 534 535
533 535 536
537 538 539
537 539 540
541 542 543
541 543 544
545 546 547
548 545 547
547 549 548
550 551 552
550 552 553
553 552 554
553 554 555
556 557 558
556 558 559
560 557 556
560 561 557
559 558 562
559 562 563
562 564 563
565 566 567
565 567 568
568 567 569
568 569 570
570 569 571
570 571 572
573 574 575
576 575 574
573 575 577
574 578 576
579 576 578
578 580 579
581 582 583
584 585 586
586 585 587
586 588 589
590 591 592
593 594 595
596 597 598
596 599 597
599 600 597
601 600 599
596 598 602
598 603 602
604 605 606
606 605 607
604 608 605
609 608 604
610 609 604
606 607 611
607 612 611
607 613 612
614 615 616
617 618 619
617 619 620
618 621 622
623 624 625
623 625 626
626 625 627
624 623 628
628 629 624
625 630 627
631 632 633
633 634 631
633 635 634
636 637 638
638 639 640
641 642 643
641 643 644
644 643 645
644 645 646
647 642 641
647 648 642
646 645 649
646 649 650
651 652 653
651 653 654
651 655 652
651 656 655
657 658 659
660 658 657
657 659 661
662 660 657
663 660 662
663 664 660
665 664 663
666 661 659
666 659 667
661 666 668
669 670 671
672 673 674
675 676 677
678 679 680
680 679 681
680 681 682
680 682 683
684 685 686
684 686 687
688 689 690
688 690 691
692 693 694
692 694 695
696 697 698
699 696 698
698 700 699
701 702 703
704 701 703
704 703 705
701 706 702
707 708 709
710 711 712
713 714 715
713 715 716
713 717 714
713 718 717
719 720 721
722 720 719
722 723 720
722 724 723
722 725 724
726 724 725
727 728 729
727 729 730
731 727 730
731 732 727
733 734 735
736 733 735
736 737 733
738 737 736
738 739 737
740 739 738
741 742 743
741 743 744
744 743 745
744 745 746
747 748 749
747 749 750
751 748 747
751 752 748
753 754 755
753 755 756
756 755 757
756 757 758
759 760 761
759 761 762
763 760 759
763 764 760
765 766 767
765 767 768
768 767 769
768 769 770
771 772 773
771 773 774
775 772 771
775 776 772
777 778 779
777 779 780
781 778 777
781 782 778
783 784 785
783 785 786
787 784 783
787 788 784
789 790 791
789 791 792
793 794 795
793 795 796
797 798 799
797 799 800
801 802 803
801 803 804
805 806 807
805 807 808
806 809 807
806 810 809
811 812 813
811 813 814
812 815 813
812 816 815
817 818 819
817 819 820
818 821 819
818 822 821
823 824 825
823 825 826
824 827 825
824 828 827
829 830 831
829 831 832
830 833 831
834 831 835
834 835 836
831 837 835
837 831 838
838 839 837
833 840 838
838 841 833
842 843 844
842 844 845
843 846 844
847 844 846
846 848 847
849 844 850
849 850 851
844 852 850
852 853 847
847 854 852
855 856 857
858 857 856
858 859 857
858 860 859
861 862 863
864 863 862
864 865 863
864 866 865
867 868 869
867 869 870
871 869 868
870 872 867
873 874 875
873 875 876
876 877 873
878 875 874
879 880 881
879 881 882
883 879 882
883 884 879
885 886 887
887 888 885
887 889 888
890 888 889
890 891 888
892 891 890
893 894 895
893 895 896
893 897 894
893 898 897
899 900 901
899 902 900
899 903 902
904 902 903
904 903 905
906 904 905
907 908 909
907 909 910
908 911 909
908 912 911
913 914 915
913 915 916
917 913 916
917 916 918
919 920 921
919 921 922
920 923 921
920 924 923
925 926 927
925 927 928
929 925 928
929 928 930
931 932 933
931 933 934
932 935 933
932 936 935
937 938 939
937 939 940
941 937 940
941 940 942
943 944 945
943 945 946
947 943 946
947 946 948
949 950 951
949 951 952
953 949 952
953 952 954
955 956 957
955 957 958
959 960 961
959 961 962
963 964 965
963 965 966
967 968 969
967 969 970
971 972 973
971 973 974
974 973 975
974 975 976
977 978 979
977 979 980
980 979 981
980 981 982
983 984 985
983 985 986
986 985 987
986 987 988
989 990 991
989 991 992
992 991 993
992 993 994
995 996 997
995 997 998
998 997 999
1000 1001 997
1000 1002 1001
997 1001 1003
1004 997 1003
1003 1005 1004
999 1006 1004
1004 1007 999
1008 1009 1010
1008 1010 1011
1011 1010 1012
1012 1010 1013
1013 1014 1012
1015 1016 1010
1015 1017 1016
1010 1016 1018
1018 1019 1013
1013 1020 1018
1021 1022 1023
1022 1024 1023
1022 1025 1024
1024 1025 1026
1027 1028 1029
1028 1030 1029
1028 1031 1030
1030 1031 1032
1033 1034 1035
1033 1035 1036
1037 1034 1033
1036 1035 1038
1039 1040 1041
1039 1041 1042
1042 1041 1043
1044 1040 1039
