byte offset: 0
first index: 0
index count: 5832
topology: trianglelist
format: DXGI_FORMAT_R16_UINT

0 1 2
0 3 1
4 0 2
4 2 5
6 4 5
6 5 7
7 8 6
8 9 6
10 6 9
11 10 9
9 12 11
13 1 3
13 3 14
15 16 17
15 17 18
19 15 18
19 18 20
19 20 21
21 22 19
21 23 22
23 24 22
23 25 24
25 26 24
27 24 26
26 28 27
26 29 28
18 30 20
18 17 30
31 30 17
32 31 17
31 33 30
32 17 16
34 35 36
37 36 35
34 38 35
39 37 35
37 39 40
39 41 40
40 41 42
41 43 42
44 42 43
45 44 43
42 44 46
47 42 46
47 46 48
47 48 49
49 48 50
48 51 50
50 51 52
52 51 53
52 53 54
54 53 55
53 56 55
55 56 57
56 58 57
58 56 59
60 58 59
60 59 61
59 62 61
61 62 63
64 60 61
63 65 61
66 64 61
65 66 61
67 64 66
67 66 65
67 68 64
69 65 63
65 69 70
71 70 69
71 69 72
73 71 72
73 72 74
65 70 75
67 65 75
76 73 74
72 69 77
77 69 63
78 72 77
79 76 78
79 78 80
78 77 80
81 80 77
79 80 82
81 82 80
79 82 83
81 77 63
62 81 63
84 79 83
85 86 87
86 88 87
86 89 88
89 90 88
89 91 90
92 90 91
92 93 90
92 94 93
92 95 94
95 96 94
96 97 94
85 87 98
99 85 98
96 100 97
100 101 97
100 102 101
100 103 102
102 103 104
103 105 104
105 106 104
107 102 104
102 107 101
107 104 108
109 108 104
109 105 110
109 111 108
112 111 109
112 109 113
109 110 113
114 115 116
114 117 115
118 114 116
118 116 119
116 120 119
121 119 120
122 121 120
123 121 122
124 123 122
125 123 124
126 125 124
127 125 126
127 128 125
129 128 127
129 130 128
131 130 129
131 132 130
133 132 131
133 134 132
133 135 134
136 137 138
136 139 137
140 141 142
140 142 143
142 141 144
145 140 143
145 143 146
147 145 146
147 146 148
149 150 148
149 151 150
152 153 154
155 152 154
156 155 154
157 158 159
157 160 158
160 161 162
160 163 161
163 164 161
163 165 164
166 164 165
166 165 167
168 166 167
169 168 167
168 169 170
169 171 170
172 170 171
173 172 171
174 172 173
175 174 173
176 174 175
177 176 175
178 179 180
180 179 181
180 181 182
182 181 183
181 184 183
183 184 185
183 185 186
186 185 187
186 187 188
189 188 187
189 190 188
190 189 191
190 191 192
193 192 191
193 194 192
195 194 193
195 193 196
195 196 197
198 195 197
199 198 197
199 197 200
201 202 203
201 203 204
204 203 205
206 202 201
206 207 202
208 207 206
208 209 207
210 209 208
210 211 209
212 211 210
212 213 211
214 213 212
214 215 213
216 211 213
216 217 211
217 209 211
218 217 216
218 219 217
220 218 216
220 216 221
221 216 213
221 213 215
219 222 217
222 207 209
217 222 209
219 223 222
223 224 222
223 225 224
225 226 224
225 227 226
227 228 226
227 229 228
230 229 227
229 231 228
229 232 231
232 229 230
233 232 230
234 233 230
234 230 235
227 225 235
230 227 235
235 225 223
234 235 236
235 223 236
234 236 237
236 218 237
232 238 231
232 239 238
233 239 232
231 238 240
231 240 205
228 231 205
241 205 240
241 240 242
218 220 237
236 219 218
223 219 236
204 205 241
228 205 203
226 228 203
226 203 202
224 226 202
224 202 207
222 224 207
243 244 245
243 246 244
243 247 246
247 248 246
247 249 248
246 248 250
246 250 251
244 246 251
251 250 252
251 252 253
253 252 254
253 254 255
249 256 248
249 257 256
252 258 254
252 259 258
250 259 252
250 260 259
248 256 260
248 260 250
256 261 260
262 261 256
257 262 256
257 263 262
261 264 260
261 265 264
266 265 261
265 266 267
268 267 266
268 269 267
260 264 270
260 270 259
259 270 271
259 271 258
271 272 258
264 273 270
264 274 273
265 274 264
273 275 270
270 275 276
265 277 274
276 278 270
276 279 278
276 280 279
281 277 265
281 265 282
283 281 282
283 284 281
285 244 286
244 251 286
286 251 287
286 287 288
288 289 286
290 285 286
289 290 286
288 291 289
244 285 245
291 288 292
291 292 293
292 294 293
288 287 295
287 296 295
287 255 296
296 297 295
298 243 245
299 300 301
300 302 301
300 303 302
304 305 306
304 306 307
306 308 307
309 310 311
309 311 312
311 313 312
314 315 316
317 314 316
315 318 316
319 320 321
319 321 322
320 323 321
323 324 321
323 325 324
323 326 325
326 327 325
326 328 327
328 329 327
328 330 329
330 331 329
330 332 331
332 333 331
332 334 333
335 336 337
335 337 338
335 339 336
340 341 342
343 340 342
341 344 345
341 346 347
341 348 346
348 349 346
350 349 348
350 351 349
352 351 350
353 351 352
354 353 352
355 353 354
355 356 353
357 356 355
357 358 356
359 358 357
359 360 358
361 360 362
361 362 363
364 361 363
364 365 361
366 367 368
369 367 366
370 369 366
371 367 369
372 371 369
373 372 369
374 373 369
374 369 375
371 376 367
367 376 377
367 377 368
377 378 368
376 379 377
380 372 373
380 381 372
382 381 380
382 383 381
384 383 382
384 385 383
386 385 384
386 387 385
388 387 386
388 389 387
390 389 388
390 391 389
392 393 394
394 393 395
396 397 392
396 392 398
399 400 401
402 400 399
403 374 404
403 404 405
406 403 405
406 405 407
406 407 408
409 410 408
411 409 408
412 413 414
415 416 417
417 416 418
416 419 418
420 415 417
419 416 421
421 416 422
421 422 423
422 416 424
416 415 424
422 424 425
426 422 425
427 421 426
428 421 427
428 427 429
430 428 429
431 430 429
432 428 430
433 421 428
433 419 421
432 433 428
434 432 430
434 430 435
435 430 431
435 436 434
435 437 436
437 438 436
437 439 438
438 439 440
439 441 440
442 440 441
443 442 441
442 443 444
443 445 444
444 445 446
445 447 446
446 447 448
435 431 449
450 449 431
451 450 431
451 431 452
429 452 431
453 451 452
454 451 453
455 454 453
454 455 456
455 457 456
457 458 456
457 459 458
457 460 459
460 461 459
460 462 461
463 454 456
454 463 464
463 465 464
465 466 464
465 467 466
466 468 464
467 469 466
467 470 469
467 471 470
472 470 471
472 473 470
474 472 471
472 475 473
472 476 475
476 477 475
476 478 477
478 479 477
478 480 479
481 468 482
481 482 483
484 483 482
484 485 483
486 485 484
486 487 485
487 486 488
486 489 488
488 489 490
489 491 490
491 492 490
491 493 492
492 493 494
493 495 494
493 496 495
497 495 496
498 499 500
498 500 501
498 501 502
503 498 502
502 504 503
498 505 499
505 506 499
506 505 507
507 505 508
509 507 508
507 509 510
506 507 510
509 511 510
512 509 508
513 512 508
514 512 513
509 512 515
516 509 515
516 511 509
516 515 517
515 518 517
519 517 518
520 519 518
521 519 520
522 521 520
522 523 521
524 525 513
526 525 524
526 524 527
524 528 527
527 528 529
530 527 529
530 529 503
531 530 503
504 531 503
504 532 531
533 534 535
533 536 534
536 533 537
536 538 534
538 539 534
540 534 539
541 540 539
538 542 539
542 541 539
534 543 535
534 540 543
544 535 543
540 544 543
544 540 545
540 541 545
544 545 546
545 547 546
548 549 550
550 549 551
551 549 552
553 550 551
552 549 554
555 550 553
548 550 555
556 548 555
553 551 557
557 551 558
551 552 558
558 552 559
559 552 554
559 554 560
561 562 563
563 562 564
562 565 564
561 563 566
567 561 566
567 566 568
562 569 565
565 569 570
569 571 570
572 570 571
566 573 568
568 573 574
573 575 574
574 575 576
577 574 576
576 578 577
579 580 581
579 581 582
583 580 579
583 584 580
583 585 584
583 586 585
586 587 585
586 588 587
589 590 591
589 591 592
593 590 589
593 594 590
592 591 595
592 595 596
593 597 594
593 598 597
598 599 597
598 600 599
598 601 600
600 601 602
603 604 605
450 605 604
604 606 450
450 606 449
607 608 609
607 609 461
610 611 612
610 612 613
614 611 610
614 610 615
616 614 615
617 613 612
617 618 613
619 618 617
620 619 621
619 622 621
620 621 623
624 620 623
624 623 625
626 624 625
627 626 625
628 627 625
629 622 630
622 631 630
622 632 631
633 631 632
633 632 634
635 633 634
635 636 633
637 636 635
638 639 629
629 639 617
638 640 639
641 640 638
641 642 640
643 642 641
644 642 643
645 642 644
646 647 648
646 648 649
650 646 649
651 650 649
652 650 651
647 653 648
654 652 651
655 652 654
656 655 654
647 657 653
657 658 653
657 659 658
660 658 659
661 658 660
662 661 660
663 655 664
665 666 667
665 668 666
669 665 667
670 669 667
669 670 671
671 670 672
673 671 672
674 668 665
675 668 674
676 675 674
675 676 677
676 678 677
679 677 678
680 679 678
679 680 681
680 682 681
682 683 681
681 683 684
683 685 684
686 687 684
688 689 690
691 688 690
691 692 688
691 693 692
693 694 692
695 696 697
698 695 697
696 699 697
699 696 700
701 699 700
700 702 701
700 703 702
702 703 704
703 705 704
705 706 704
705 707 706
702 704 708
709 702 708
702 709 701
704 710 708
710 704 706
711 710 706
712 710 711
712 711 713
712 713 714
715 712 714
714 716 715
714 717 716
717 718 716
717 719 718
711 720 713
706 720 711
706 707 720
707 721 720
718 719 722
723 718 722
722 724 723
724 725 723
724 726 725
724 727 726
727 728 726
728 729 726
728 730 729
731 732 733
731 733 734
735 732 731
736 735 731
735 736 737
736 738 737
737 738 739
739 738 740
739 741 737
741 742 737
737 742 743
743 735 737
734 733 744
733 745 744
744 745 746
746 745 747
746 747 748
747 749 748
749 750 748
750 751 748
750 752 751
752 753 751
753 752 754
753 754 755
754 756 755
756 757 755
745 758 747
759 760 761
760 759 762
763 760 762
763 762 764
740 763 764
764 739 740
765 759 761
761 766 765
767 768 769
767 769 770
767 771 768
767 772 771
772 773 771
772 774 773
774 775 773
774 776 775
775 776 777
775 777 778
778 777 779
778 779 780
781 780 779
781 782 780
769 783 770
769 784 783
785 783 784
785 784 786
782 781 787
782 787 788
787 789 788
789 790 788
789 791 790
791 792 790
793 785 786
794 793 786
785 793 795
796 794 786
797 796 786
798 799 800
798 800 801
802 798 801
802 801 803
804 802 803
804 803 805
806 804 805
806 805 807
808 806 807
808 807 809
800 799 810
800 810 811
808 809 812
808 812 813
813 812 814
812 815 814
813 814 816
816 814 817
814 815 817
818 816 817
818 817 819
815 820 817
817 821 819
817 820 821
819 821 822
820 823 821
821 823 824
821 824 822
823 825 824
824 826 822
825 827 824
824 827 828
826 824 828
825 829 827
830 828 827
829 830 827
831 828 830
832 826 828
832 828 833
828 831 833
832 833 834
835 832 834
834 836 835
834 837 836
837 838 836
837 839 838
839 840 838
840 841 838
840 842 841
831 830 843
831 843 844
845 846 841
846 845 847
848 846 847
847 849 848
850 851 852
851 850 853
851 853 854
855 856 857
855 857 858
859 856 855
858 857 860
858 860 861
862 863 864
862 864 865
866 863 862
866 867 863
868 867 866
868 869 867
870 869 868
870 871 869
872 871 870
872 873 871
874 873 872
874 875 873
876 875 874
876 877 875
878 877 876
878 879 877
880 879 878
880 881 879
882 881 880
882 883 881
884 885 886
884 886 887
888 885 884
888 889 885
890 889 888
890 891 889
892 891 890
892 893 891
894 893 892
895 893 894
894 892 896
894 896 897
897 896 898
897 898 899
898 900 899
898 901 900
900 901 902
900 902 903
904 905 906
907 904 906
907 906 908
909 907 908
909 908 910
904 907 911
904 911 912
913 914 915
913 915 916
917 914 913
917 918 914
919 916 915
920 921 922
922 921 923
921 924 923
925 923 924
926 925 924
925 926 927
928 920 922
929 920 928
930 931 932
930 932 933
886 931 930
886 930 887
933 932 934
933 934 935
933 935 936
937 933 936
938 939 940
941 938 940
942 941 940
943 942 940
943 944 942
945 944 943
946 947 948
949 947 946
949 946 950
951 949 950
946 948 952
953 946 952
954 953 952
955 956 957
955 957 958
958 957 959
958 959 960
960 959 961
960 961 962
961 963 962
963 964 962
963 965 964
965 966 964
965 967 966
967 968 966
968 967 969
955 970 956
970 971 956
970 972 971
972 973 971
972 974 973
975 974 972
975 972 976
970 977 972
972 977 976
977 978 976
978 979 976
979 978 980
981 979 980
980 982 981
982 983 981
982 984 983
985 986 987
985 987 988
988 987 989
990 986 985
990 991 986
992 991 990
993 991 992
993 994 991
995 994 993
995 996 994
997 996 995
998 999 1000
1000 1001 1002
999 1003 1002
999 1004 1003
1003 1004 1005
1004 1006 1005
1006 1007 1005
1008 998 1009
1010 998 1008
1011 1010 1008
1009 998 1012
1013 1010 1011
1013 1014 1010
1015 1014 1013
1015 1016 1014
1017 1016 1015
1017 1018 1016
1019 1018 1017
1020 1018 1019
1021 1020 1019
1022 1020 1021
1023 1024 1020
1025 1024 1023
1026 1027 1028
1027 1026 1029
1027 1030 1028
1027 1031 1030
1031 1032 1030
1031 1033 1032
1029 1026 1034
468 1035 1036
468 481 1035
468 1036 464
1037 34 1038
38 34 1037
1039 1040 1041
1039 1041 1042
1043 1039 1042
1043 1042 1044
1045 1043 1044
1045 1044 1046
1047 1045 1046
1047 1046 1048
1040 1049 1041
1040 1050 1049
1051 1047 1048
1051 1048 1052
1053 1051 1052
1053 1052 1054
1055 1053 1054
1055 1054 1056
1057 1058 1059
1057 1060 1058
1061 1060 1057
1061 1057 1062
1063 1061 1062
1063 1064 1061
1063 1062 1065
1060 1066 1058
1067 1068 1069
1070 1071 1072
1072 1071 1073
1072 1073 1074
1074 1073 1075
1074 1075 1076
1077 1076 1075
1077 1078 1076
1078 1077 1079
1078 1079 1080
1081 1080 1079
1081 1082 1080
1081 1083 1082
1084 1085 1086
1084 1086 1087
1088 1085 1084
1088 1089 1085
1090 1089 1088
1090 1091 1089
1091 1090 1092
1092 1090 1093
1094 1093 1090
1095 1093 1094
1093 1095 1096
1097 1087 1086
1097 1098 1087
1099 1100 1101
1102 1101 1100
1099 1101 1103
1103 1104 1099
1105 1101 1102
1102 1106 1105
1105 1106 1107
1106 1108 1107
1107 1108 1109
1110 1109 1108
1111 1109 1110
1108 1112 1110
1113 1112 1108
1113 1114 1112
1113 1115 1114
1115 1116 1114
1114 1116 1117
1116 1118 1117
1118 1119 1117
1118 1120 1119
1120 1121 1119
1119 1121 1122
1121 1123 1122
1122 1123 1124
1124 1125 1122
1126 1125 1124
1126 1127 1125
1125 1127 1128
1127 1129 1128
1130 1127 1126
1129 1127 1131
1132 1127 1130
1131 1127 1132
1133 1132 1130
1133 1131 1132
1133 1130 1134
1135 1129 1131
1131 1136 1135
1137 1135 1136
1137 1138 1135
1139 1138 1137
1139 1140 1138
1131 1141 1136
1133 1141 1131
1142 1140 1139
1138 1143 1135
1143 1129 1135
1144 1143 1138
1145 1144 1142
1145 1146 1144
1144 1146 1143
1147 1143 1146
1145 1148 1146
1147 1146 1148
1145 1149 1148
1147 1129 1143
1128 1129 1147
1150 1149 1145
1151 1152 1153
1152 1151 1154
1152 1154 1155
1155 1154 1156
1155 1156 1157
1151 1153 1158
1157 1156 1159
1160 1159 1156
1159 1160 1161
1159 1161 1162
1151 1158 1163
1163 1158 1164
1158 1165 1164
1158 1153 1165
1163 1164 1166
1167 1166 1164
1168 1164 1165
1167 1164 1168
1168 1165 1169
1170 1171 1172
1172 1171 1173
1172 1173 1174
1174 1173 1175
1174 1175 1176
1177 1176 1175
1177 1175 1178
1177 1178 1179
1177 1179 1180
1180 1179 1181
1181 1179 1182
1170 1183 1171
1184 1183 1170
1181 1182 1185
1185 1182 1186
1185 1186 1187
1185 1187 1188
1187 1189 1188
1188 1189 1190
1190 1189 1191
1192 1189 1187
1187 1186 1192
1192 1193 1189
1194 1189 1193
1194 1195 1190
1194 1193 1196
1197 1194 1196
1197 1198 1194
1194 1198 1195
1199 1200 1201
1199 1201 1202
1203 1200 1199
1203 1204 1200
1200 1204 1205
1206 1205 1204
1207 1205 1206
1208 1207 1206
1209 1207 1208
1210 1209 1208
1211 1209 1210
1212 1211 1210
1212 1210 1213
1214 1212 1213
1214 1213 1215
1216 1214 1215
1216 1215 1217
1218 1216 1217
1218 1217 1219
1218 1219 1220
1221 1222 1223
1221 1223 1224
1225 1226 1227
1225 1227 1228
1227 1229 1228
1230 1226 1225
1230 1231 1226
1232 1231 1230
1232 1233 1231
1234 1233 1235
1234 1235 1236
1237 1238 1239
1240 1238 1237
1241 1238 1240
1242 1243 1244
1242 1244 1245
1245 1246 1247
1247 1246 1248
1247 1248 1249
1250 1249 1248
1250 1251 1249
1252 1251 1250
1253 1251 1252
1252 1254 1253
1253 1254 1255
1256 1255 1254
1257 1255 1256
1258 1257 1256
1259 1257 1258
1260 1259 1258
1261 1259 1260
1246 1245 1262
1263 1264 1265
1264 1266 1265
1264 1267 1266
1267 1268 1266
1266 1268 1269
1268 1270 1269
1268 1271 1270
1271 1272 1270
1271 1273 1272
1274 1272 1273
1274 1273 1275
1275 1276 1274
1275 1277 1276
1278 1276 1277
1278 1277 1279
1280 1278 1279
1280 1281 1278
1280 1282 1281
1283 1282 1280
1284 1282 1283
1284 1285 1282
1286 1287 1288
1286 1288 1289
1287 1290 1288
1291 1286 1289
1291 1289 1292
1293 1291 1292
1293 1292 1294
1295 1293 1294
1295 1294 1296
1297 1295 1296
1297 1296 1298
1299 1297 1298
1299 1298 1300
1301 1298 1296
1301 1296 1302
1302 1296 1294
1303 1301 1302
1303 1302 1304
1305 1301 1303
1305 1306 1301
1306 1300 1298
1306 1298 1301
1304 1302 1307
1307 1294 1292
1302 1294 1307
1304 1307 1308
1308 1307 1309
1308 1309 1310
1310 1309 1311
1310 1311 1312
1312 1311 1313
1312 1313 1314
1315 1312 1314
1314 1313 1316
1314 1316 1317
1317 1315 1314
1318 1315 1317
1319 1315 1318
1319 1320 1315
1312 1320 1310
1315 1320 1312
1320 1308 1310
1319 1321 1320
1320 1321 1308
1319 1322 1321
1321 1322 1303
1317 1316 1323
1317 1323 1324
1318 1317 1324
1316 1325 1323
1316 1290 1325
1313 1290 1316
1326 1325 1290
1326 1327 1325
1303 1322 1305
1321 1303 1304
1308 1321 1304
1287 1326 1290
1313 1288 1290
1311 1288 1313
1311 1289 1288
1309 1289 1311
1309 1292 1289
1307 1292 1309
1328 1329 1330
1328 1330 1331
1328 1331 1332
1332 1331 1333
1332 1333 1334
1331 1335 1333
1331 1336 1335
1330 1336 1331
1336 1337 1335
1336 1338 1337
1338 1339 1337
1338 1340 1339
1334 1333 1341
1334 1341 1342
1337 1339 1343
1337 1343 1344
1335 1337 1344
1335 1344 1345
1333 1335 1345
1333 1345 1341
1330 1346 1336
1346 1347 1336
1347 1348 1340
1346 1349 1347
1349 1346 1350
1341 1345 1351
1352 1341 1351
1342 1341 1352
1342 1352 1353
1351 1345 1354
1351 1354 1355
1356 1351 1355
1355 1357 1356
1358 1356 1357
1358 1357 1359
1345 1360 1354
1345 1344 1360
1344 1361 1360
1344 1343 1361
1361 1343 1362
1354 1360 1363
1354 1363 1364
1355 1354 1364
1363 1360 1365
1360 1366 1365
1355 1364 1367
1366 1360 1368
1366 1368 1369
1366 1369 1370
1371 1355 1367
1371 1372 1355
1373 1372 1371
1373 1371 1374
1375 1346 1330
1376 1346 1375
1330 1329 1375
1350 1346 1376
1349 1350 1377
1377 1378 1349
1377 1379 1378
1378 1379 1380
1381 1329 1328
1349 1382 1347
1347 1382 1348
1348 1382 1383
1384 1385 1386
1386 1385 1387
1386 1387 1388
1389 1390 1391
1389 1391 1392
1391 1390 1393
1394 1395 1396
1394 1397 1395
1395 1397 1398
1399 1400 1401
1402 1400 1399
1401 1400 1403
1404 1405 1406
1404 1406 1407
1407 1406 1408
1408 1406 1409
1408 1409 1410
1408 1410 1411
1411 1410 1412
1411 1412 1413
1413 1412 1414
1413 1414 1415
1415 1414 1416
1415 1416 1417
1417 1416 1418
1417 1418 1419
1420 1421 1422
1420 1423 1421
1420 1422 1424
1425 1426 1427
1428 1426 1425
1427 1429 1430
1427 1431 1432
1427 1432 1433
1433 1432 1434
1435 1433 1434
1435 1434 1436
1437 1435 1436
1438 1437 1436
1439 1437 1438
1440 1439 1438
1440 1438 1441
1442 1440 1441
1442 1441 1443
1444 1442 1443
1444 1443 1445
1446 1447 1445
1446 1448 1447
1449 1448 1446
1449 1446 1450
1451 1452 1453
1454 1451 1453
1455 1451 1454
1456 1454 1453
1457 1454 1456
1458 1454 1457
1459 1454 1458
1459 1460 1454
1456 1453 1461
1453 1462 1461
1453 1452 1462
1462 1452 1463
1461 1462 1464
1465 1458 1457
1465 1457 1466
1467 1465 1466
1467 1466 1468
1469 1467 1468
1469 1468 1470
1471 1469 1470
1471 1470 1472
1473 1471 1472
1473 1472 1474
1475 1473 1474
1475 1474 1476
1477 1478 1479
1478 1480 1479
1481 1477 1482
1481 1483 1477
1484 1485 1486
1487 1484 1486
1488 1489 1459
1488 1490 1489
1491 1490 1488
1491 1492 1490
1491 1493 1492
1494 1493 1495
1496 1493 1494
1497 1498 1499
1500 1501 1502
1501 1503 1502
1502 1503 1504
1505 1501 1500
1504 1506 1502
1506 1507 1502
1506 1508 1507
1507 1509 1502
1502 1509 1500
1507 1510 1509
1511 1510 1507
1512 1511 1506
1513 1512 1506
1513 1514 1512
1515 1514 1513
1516 1514 1515
1517 1515 1513
1518 1513 1506
1518 1506 1504
1517 1513 1518
1519 1515 1517
1519 1520 1515
1520 1516 1515
1520 1519 1521
1520 1521 1522
1522 1521 1523
1522 1523 1524
1523 1525 1524
1524 1525 1526
1527 1526 1525
1528 1526 1527
1527 1529 1528
1528 1529 1530
1529 1531 1530
1530 1531 1532
1531 1533 1532
1520 1534 1516
1535 1516 1534
1536 1516 1535
1536 1537 1516
1514 1516 1537
1538 1537 1536
1539 1538 1536
1540 1538 1539
1539 1541 1540
1540 1541 1542
1542 1541 1543
1542 1543 1544
1542 1544 1545
1545 1544 1546
1545 1546 1547
1548 1541 1539
1539 1549 1548
1548 1549 1550
1550 1549 1551
1550 1551 1552
1551 1549 1553
1552 1551 1554
1552 1554 1555
1552 1555 1556
1557 1556 1555
1557 1555 1558
1559 1556 1557
1557 1558 1560
1557 1560 1561
1561 1560 1562
1561 1562 1563
1563 1562 1564
1563 1564 1565
1566 1567 1553
1566 1568 1567
1569 1567 1568
1569 1568 1570
1571 1569 1570
1571 1570 1572
1572 1573 1571
1571 1573 1574
1573 1575 1574
1574 1575 1576
1576 1575 1577
1576 1577 1578
1577 1579 1578
1578 1579 1580
1578 1580 1581
1582 1581 1580
1583 1584 1585
1583 1586 1584
1583 1587 1586
1588 1587 1583
1587 1588 1589
1583 1585 1590
1590 1585 1591
1591 1592 1590
1592 1593 1590
1594 1593 1592
1592 1595 1594
1591 1595 1592
1594 1595 1596
1597 1593 1594
1598 1593 1597
1599 1598 1597
1594 1600 1597
1601 1600 1594
1601 1594 1596
1601 1602 1600
1600 1602 1603
1604 1603 1602
1605 1603 1604
1606 1605 1604
1607 1605 1606
1607 1606 1608
1609 1598 1610
1611 1609 1610
1611 1612 1609
1609 1612 1613
1612 1614 1613
1615 1614 1612
1615 1588 1614
1616 1588 1615
1589 1588 1616
1589 1616 1617
1618 1619 1620
1618 1620 1621
1621 1622 1618
1621 1620 1623
1623 1620 1624
1625 1624 1620
1626 1624 1625
1623 1624 1627
1627 1624 1626
1620 1619 1628
1620 1628 1625
1629 1628 1619
1625 1628 1629
1629 1630 1625
1625 1630 1626
1629 1631 1630
1630 1631 1632
1633 1634 1635
1634 1636 1635
1636 1637 1635
1638 1636 1634
1637 1639 1635
1640 1638 1634
1633 1640 1634
1641 1640 1633
1638 1642 1636
1642 1643 1636
1636 1643 1637
1643 1644 1637
1644 1639 1637
1644 1645 1639
1646 1647 1648
1647 1649 1648
1648 1649 1650
1646 1651 1647
1652 1651 1646
1652 1653 1651
1648 1650 1654
1650 1655 1654
1654 1655 1656
1657 1656 1655
1653 1658 1651
1653 1659 1658
1659 1660 1658
1661 1660 1659
1662 1661 1659
1662 1663 1661
1664 1665 1666
1535 1666 1665
1666 1535 1667
1535 1534 1667
1668 1546 1669
1668 1669 1670
1671 1672 1673
1671 1674 1672
1675 1674 1671
1676 1674 1675
1677 1676 1675
1673 1672 1678
1679 1676 1677
1680 1679 1677
1681 1679 1680
1673 1678 1682
1682 1678 1683
1682 1683 1684
1685 1684 1683
1686 1685 1683
1687 1685 1686
1688 1689 1680
1690 1691 1692
1690 1692 1693
1694 1691 1690
1695 1691 1694
1694 1696 1695
1696 1697 1695
1698 1697 1696
1699 1690 1693
1700 1699 1693
1701 1699 1700
1700 1702 1701
1701 1702 1703
1704 1703 1702
1705 1703 1704
1704 1706 1705
1705 1706 1707
1707 1706 1708
1706 1709 1708
1708 1709 1710
1711 1709 1712
1713 1714 1715
1716 1714 1713
1716 1713 1717
1716 1717 1718
1718 1717 1719
1720 1721 1722
1723 1724 1725
1726 1724 1723
1725 1724 1727
1728 1725 1727
1729 1728 1727
1728 1729 1730
1728 1730 1731
1730 1732 1731
1731 1732 1733
1733 1732 1734
1733 1734 1735
1730 1736 1732
1737 1736 1730
1730 1729 1737
1732 1736 1738
1738 1734 1732
1739 1734 1738
1740 1739 1738
1740 1741 1739
1740 1742 1741
1743 1742 1740
1742 1743 1744
1742 1744 1745
1745 1744 1746
1745 1746 1747
1739 1741 1748
1734 1739 1748
1734 1748 1735
1735 1748 1749
1746 1750 1747
1751 1750 1746
1750 1751 1752
1752 1751 1753
1752 1753 1754
1752 1754 1755
1755 1754 1756
1756 1754 1757
1756 1757 1758
1759 1760 1761
1759 1762 1760
1763 1759 1761
1764 1759 1763
1762 1765 1760
1760 1765 1766
1765 1767 1766
1767 1768 1766
1767 1769 1768
1768 1769 1770
1770 1769 1771
1771 1769 1772
1771 1772 1773
1773 1772 1774
1774 1775 1773
1774 1776 1775
1775 1776 1777
1777 1776 1778
1766 1768 1779
1764 1780 1781
1780 1782 1781
1782 1783 1781
1782 1780 1784
1784 1780 1785
1780 1786 1785
1787 1783 1782
1783 1787 1788
1788 1787 1789
1788 1789 1790
1790 1789 1791
1791 1792 1790
1793 1792 1791
1792 1793 1794
1786 1780 1763
1780 1764 1763
1795 1796 1797
1795 1797 1798
1795 1798 1799
1795 1799 1800
1800 1799 1801
1800 1801 1802
1802 1801 1803
1802 1803 1804
1803 1805 1804
1803 1806 1805
1806 1807 1805
1806 1808 1807
1809 1807 1808
1809 1808 1810
1797 1796 1811
1797 1811 1812
1813 1812 1811
1813 1814 1812
1810 1815 1809
1810 1816 1815
1815 1816 1817
1817 1816 1818
1817 1818 1819
1819 1818 1820
1821 1814 1813
1822 1814 1821
1813 1823 1821
1824 1814 1822
1825 1814 1824
1826 1827 1828
1826 1828 1829
1830 1827 1826
1830 1831 1827
1832 1831 1830
1832 1833 1831
1834 1833 1832
1834 1835 1833
1836 1835 1834
1836 1837 1835
1828 1838 1829
1828 1839 1838
1836 1840 1837
1836 1841 1840
1841 1842 1840
1840 1842 1843
1841 1844 1842
1844 1845 1842
1842 1845 1843
1846 1845 1844
1846 1847 1845
1843 1845 1848
1845 1847 1849
1845 1849 1848
1847 1850 1849
1848 1849 1851
1849 1852 1851
1849 1850 1852
1851 1852 1853
1852 1850 1854
1853 1852 1855
1852 1856 1855
1854 1856 1852
1853 1855 1857
1858 1855 1856
1857 1855 1858
1859 1858 1856
1860 1856 1854
1860 1861 1856
1856 1861 1859
1860 1862 1861
1863 1862 1860
1862 1863 1864
1862 1864 1865
1865 1864 1866
1865 1866 1867
1867 1866 1868
1868 1866 1869
1868 1869 1870
1859 1871 1858
1859 1872 1871
1873 1869 1874
1874 1875 1873
1876 1875 1874
1875 1876 1877
1878 1879 1880
1880 1881 1878
1880 1882 1881
1883 1884 1885
1883 1885 1886
1887 1883 1886
1887 1886 1888
1889 1887 1888
1889 1888 1890
1891 1889 1890
1891 1890 1892
1893 1891 1892
1894 1893 1892
1893 1895 1891
1893 1896 1895
1896 1897 1895
1896 1898 1897
1897 1898 1899
1897 1899 1900
1899 1901 1900
1899 1902 1901
1903 1904 1905
1906 1904 1903
1906 1907 1904
1908 1907 1906
1908 1909 1907
1910 1911 1912
1911 1913 1912
1912 1913 1914
1915 1914 1913
1916 1914 1915
1915 1917 1916
1918 1911 1910
1919 1918 1910
1920 1921 1922
1920 1922 1923
1885 1920 1923
1885 1884 1920
1921 1924 1922
1921 1925 1924
1921 1926 1925
1927 1926 1921
1928 1929 1930
1931 1929 1928
1932 1929 1931
1933 1929 1932
1933 1932 1934
1935 1933 1934
1936 1937 1938
1939 1936 1938
1939 1940 1936
1941 1940 1939
1936 1942 1937
1943 1942 1936
1944 1942 1943
1945 1946 1947
1945 1948 1946
1948 1949 1946
1948 1950 1949
1950 1951 1949
1950 1952 1951
1951 1952 1953
1953 1952 1954
1953 1954 1955
1955 1954 1956
1955 1956 1957
1957 1956 1958
1958 1959 1957
1945 1947 1960
1960 1947 1961
1960 1961 1962
1962 1961 1963
1962 1963 1964
1965 1962 1964
1965 1966 1962
1960 1962 1967
1962 1966 1967
1967 1966 1968
1968 1966 1969
1969 1970 1968
1971 1970 1969
1970 1971 1972
1972 1971 1973
1972 1973 1974
1975 1976 1977
1975 1977 1978
1976 1979 1977
1980 1975 1978
1980 1978 1981
1982 1980 1981
1983 1982 1981
1983 1981 1984
1985 1983 1984
1985 1984 1986
1987 1985 1986
1988 1989 1990
1989 1991 1992
1990 1991 1993
1990 1993 1994
1993 1995 1994
1994 1995 1996
1996 1995 1997
1998 1999 1988
2000 1998 1988
2001 1998 2000
1999 2002 1988
2003 2001 2000
2003 2000 2004
2005 2003 2004
2005 2004 2006
2007 2005 2006
2007 2006 2008
2009 2007 2008
2009 2008 2010
2011 2009 2010
2012 2011 2010
2013 2010 2014
2015 2013 2014
2016 2017 2018
2018 2019 2016
2018 2017 2020
2018 2020 2021
2021 2020 2022
2021 2022 2023
2019 2024 2016
1553 2025 2026
1553 2026 1566
1553 1549 2025
1104 2027 1099
