byte offset: 0
first index: 0
index count: 6276
topology: trianglelist
format: DXGI_FORMAT_R16_UINT

0 1 2
0 2 3
4 0 3
4 3 5
6 4 5
6 5 7
8 6 7
8 7 9
10 8 9
10 9 11
12 7 5
12 5 13
14 11 9
14 9 15
16 3 2
16 2 17
11 18 10
11 19 18
19 20 18
21 20 19
21 19 22
23 24 25
23 25 26
27 28 24
27 29 28
30 29 27
30 31 29
30 27 32
33 34 28
33 28 35
36 35 25
36 25 37
38 36 37
38 37 39
38 40 36
41 42 43
41 43 44
45 44 46
45 46 47
48 49 46
48 46 50
51 43 49
51 52 43
53 54 55
53 55 56
57 58 59
57 59 60
61 59 58
61 62 59
63 64 65
63 65 66
67 68 69
67 69 70
71 72 73
71 73 74
75 76 77
75 77 78
79 80 81
79 81 82
83 84 85
83 85 86
87 88 89
87 89 90
91 92 93
91 93 94
95 96 97
95 97 98
99 100 101
99 101 102
103 104 105
103 105 106
107 108 109
107 109 110
111 112 113
111 113 114
112 115 113
112 116 115
111 114 117
111 117 118
119 115 116
119 120 115
119 121 120
122 123 124
125 123 122
125 126 123
127 126 125
127 128 126
129 128 127
129 130 128
131 132 133
131 133 134
134 135 136
134 136 137
138 139 140
138 140 141
142 143 144
142 144 145
142 146 143
142 147 146
148 142 149
148 149 150
151 142 148
151 152 142
153 154 155
153 155 156
157 156 155
157 155 158
153 159 154
153 160 159
160 161 159
160 162 161
157 158 163
157 163 164
165 164 163
165 163 166
165 166 167
165 167 168
168 167 161
168 161 162
169 170 171
169 171 172
173 174 175
173 175 176
177 178 179
177 179 180
181 182 183
181 183 184
185 186 187
185 187 188
189 190 191
189 191 192
193 190 194
194 190 195
196 197 198
196 198 199
200 201 202
200 202 203
200 203 204
200 204 205
206 207 200
206 208 207
206 200 209
206 209 210
211 212 213
211 213 214
215 216 217
215 217 218
219 220 221
219 221 222
223 224 225
223 225 226
227 228 229
227 229 230
231 232 233
231 233 234
235 231 234
235 234 236
232 237 233
232 238 237
238 239 237
238 240 239
241 234 233
236 234 241
241 233 242
236 241 243
244 233 237
244 237 245
245 237 239
245 239 246
247 248 249
247 249 250
251 252 253
251 253 254
255 256 257
255 257 258
259 260 261
259 261 262
263 264 265
263 265 266
267 266 265
267 265 268
269 264 263
269 270 264
271 270 269
271 272 270
267 268 273
267 273 274
275 274 273
275 273 276
277 275 276
277 276 278
271 277 278
271 278 272
279 280 281
279 281 282
283 284 285
283 285 286
287 288 289
287 289 290
291 292 293
291 293 294
295 296 297
295 297 298
299 297 296
299 300 297
300 301 297
302 303 304
302 304 305
306 307 308
306 308 309
310 311 312
310 312 313
314 315 316
314 316 317
318 319 320
318 320 321
322 323 324
322 324 325
326 323 322
326 327 323
328 327 326
328 329 327
324 330 325
324 331 330
328 332 329
328 333 332
333 334 332
333 335 334
336 337 334
336 338 337
337 338 339
337 339 340
341 342 343
341 343 344
345 346 347
345 347 348
349 350 351
349 351 352
353 354 355
353 355 356
353 356 357
353 357 358
359 360 361
359 361 362
359 363 360
359 364 363
365 366 367
365 367 368
365 368 369
365 369 370
369 368 371
372 370 369
373 372 369
372 374 370
372 375 374
376 373 369
377 376 369
377 369 378
379 373 376
378 369 380
380 369 381
382 383 384
385 382 384
385 384 386
387 388 383
389 388 387
389 387 390
391 392 393
391 393 394
395 391 394
395 394 396
397 398 399
397 399 400
398 401 399
398 402 401
403 404 405
406 407 405
408 407 406
405 409 410
405 410 411
409 412 413
414 404 413
414 413 415
416 417 413
416 418 417
419 420 421
419 421 422
423 424 420
423 420 425
426 427 428
426 428 429
430 428 431
430 431 432
433 434 435
433 435 436
437 434 433
437 438 434
435 439 436
435 440 439
440 441 439
440 442 441
443 444 445
443 445 446
447 448 449
447 449 450
451 452 453
451 453 454
451 454 455
451 455 456
453 452 457
458 453 457
458 457 459
458 460 453
461 453 460
461 462 453
463 462 461
464 465 466
464 466 467
468 466 465
468 469 466
470 469 468
470 471 469
472 471 470
472 473 471
474 475 476
474 476 477
478 479 480
478 480 481
481 480 482
481 482 483
484 485 486
484 486 487
485 488 486
485 489 488
490 491 492
490 492 493
493 494 490
493 495 494
496 497 498
496 498 499
500 501 502
500 502 503
503 504 500
503 505 504
506 507 508
506 508 509
510 507 506
510 511 507
512 511 510
512 513 511
514 513 512
514 515 513
516 515 514
516 517 515
518 511 513
518 519 511
520 515 517
520 521 515
522 508 507
522 523 508
517 516 524
517 524 525
525 524 526
527 525 526
527 528 525
529 530 531
529 531 532
533 534 535
533 535 536
537 536 535
537 535 538
539 540 541
539 541 542
543 544 545
543 545 546
547 548 549
547 549 550
551 552 553
551 553 554
555 556 557
555 557 558
559 560 561
559 561 562
563 564 565
563 565 566
567 568 569
567 569 570
571 572 573
571 573 574
575 576 577
575 577 578
579 580 581
579 581 582
583 584 585
583 585 586
587 588 589
587 589 590
590 589 591
590 591 592
587 593 588
587 594 593
595 592 591
595 591 596
595 596 597
598 599 600
601 598 600
601 600 602
603 601 602
603 602 604
605 603 604
605 604 606
607 608 609
607 609 610
608 611 612
608 613 611
614 615 616
614 616 617
618 619 620
618 620 621
618 621 622
618 622 623
624 625 618
624 626 625
627 624 618
627 618 628
629 630 631
629 631 632
633 634 635
633 635 636
637 638 639
637 639 640
641 642 643
641 643 644
645 646 647
645 647 648
649 650 651
649 651 652
653 654 652
654 655 652
656 657 658
656 658 659
660 661 662
660 662 663
660 664 661
660 665 664
666 660 667
666 667 668
666 669 660
666 670 669
671 672 673
671 673 674
675 676 677
675 677 678
679 680 681
679 681 682
683 684 685
683 685 686
687 688 689
687 689 690
691 692 693
691 693 694
695 692 691
695 696 692
694 693 697
694 697 698
698 697 699
698 699 700
701 693 692
696 701 692
701 702 693
696 703 701
704 697 693
704 705 697
705 699 697
705 706 699
707 708 709
707 709 710
711 712 713
711 713 714
715 716 717
715 717 718
719 720 721
719 721 722
723 724 725
723 725 726
727 728 729
727 729 730
731 732 733
731 733 734
735 736 737
735 737 738
739 740 741
739 741 742
743 741 740
743 740 744
744 740 745
746 747 748
746 748 749
750 751 752
750 752 753
754 755 756
754 756 757
758 759 760
758 760 761
762 763 764
762 764 765
766 767 768
766 768 769
770 771 772
770 772 773
774 775 776
774 776 777
778 779 780
778 780 781
778 782 779
778 783 782
784 785 786
784 786 787
784 787 788
784 788 789
790 791 792
790 792 793
790 794 791
790 795 794
794 796 791
797 794 795
798 794 797
797 795 799
797 799 800
801 794 798
802 794 801
802 803 794
804 801 798
803 805 794
805 806 794
807 808 809
810 808 807
810 811 808
812 809 813
814 812 813
814 815 812
816 817 818
816 818 819
820 817 816
820 821 817
822 823 824
822 824 825
825 824 826
825 826 827
828 829 830
831 829 832
833 831 832
829 834 835
829 835 836
836 837 838
839 837 830
839 840 837
841 837 842
841 842 843
844 845 846
844 846 847
848 849 847
848 847 850
851 852 853
851 853 854
855 856 853
855 857 856
858 859 860
858 860 861
862 858 861
862 861 863
860 859 864
860 864 865
865 864 866
865 866 867
868 869 870
868 870 871
872 873 874
872 874 875
876 877 878
876 878 879
876 880 877
876 881 880
878 882 879
883 882 878
883 884 882
883 878 885
886 885 878
886 878 887
888 886 887
889 890 891
889 891 892
893 892 891
893 891 894
895 893 894
895 894 896
897 895 896
897 896 898
899 900 901
899 901 902
903 904 905
903 905 906
904 907 905
904 908 907
909 910 911
909 911 912
912 911 913
912 913 914
915 916 917
915 917 918
916 915 919
916 919 920
921 922 923
921 923 924
925 926 927
925 927 928
926 925 929
926 929 930
931 932 933
931 933 934
934 935 931
934 936 935
935 936 937
936 938 937
937 938 939
938 936 940
940 941 938
940 942 941
942 940 943
944 942 943
944 943 945
946 944 945
946 945 947
946 947 948
949 946 948
949 948 950
951 949 950
951 950 952
951 952 953
954 951 953
942 955 941
955 956 941
955 957 956
957 958 956
958 957 954
958 954 959
954 953 959
959 953 960
960 953 961
960 961 962
960 962 963
963 962 964
965 966 967
965 967 968
969 966 965
969 970 966
968 967 971
968 971 972
973 974 969
973 975 974
976 975 973
976 977 975
978 977 976
978 979 977
980 981 978
980 982 981
983 984 985
983 985 986
986 987 988
986 988 989
989 988 990
989 990 991
991 992 993
991 993 994
994 993 995
994 995 996
996 995 997
996 997 998
999 1000 1001
999 1001 1002
1002 1001 1003
1002 1003 1004
1004 1003 1005
1004 1005 1006
1007 1008 1009
1007 1009 1010
1011 1012 1007
1011 1013 1012
1014 1015 1011
1014 1016 1015
1017 1016 1014
1017 1018 1016
1019 1020 1021
1019 1021 1022
1023 1024 1025
1023 1025 1026
1027 1024 1023
1027 1028 1024
1029 1026 1030
1029 1030 1031
1029 1031 1032
1029 1032 1033
1034 1035 1036
1034 1036 1037
1038 1039 1040
1040 1039 1041
1041 1039 1042
1042 1039 1043
1043 1039 1044
1044 1039 1045
1045 1039 1046
1046 1039 1038
1047 1048 1049
1047 1049 1050
1048 1051 1049
1048 1052 1051
1052 1053 1051
1052 1054 1053
1054 1055 1053
1054 1056 1055
1056 1057 1055
1056 1058 1057
1058 1059 1057
1058 1060 1059
1061 1047 1050
1061 1050 1062
1063 1061 1062
1063 1062 1064
1065 1066 1067
1065 1067 1068
1066 1065 1069
1066 1069 1070
1069 1071 1070
1070 1071 1072
1071 1073 1072
1072 1074 1070
1075 1074 1072
1076 1074 1075
1076 1077 1074
1078 1077 1076
1078 1079 1077
1080 1079 1078
1080 1081 1079
1080 1082 1081
1083 1082 1080
1083 1084 1082
1085 1084 1083
1085 1086 1084
1085 1087 1086
1088 1087 1085
1076 1075 1089
1089 1075 1090
1089 1090 1091
1091 1090 1092
1092 1088 1091
1092 1093 1088
1088 1093 1087
1093 1094 1087
1094 1095 1087
1094 1096 1095
1094 1097 1096
1097 1098 1096
1099 1100 1101
1099 1101 1102
1103 1099 1102
1103 1102 1104
1105 1103 1104
1105 1104 1106
1100 1107 1101
1100 1108 1107
1109 1105 1110
1109 1110 1111
1112 1109 1111
1112 1111 1113
1114 1112 1115
1114 1115 1116
1117 1118 1119
1117 1119 1120
1118 1121 1122
1121 1123 1122
1121 1124 1123
1118 1122 1125
1124 1126 1127
1126 1128 1127
1126 1129 1128
1129 1130 1128
1129 1131 1130
1124 1127 1132
1133 1134 1135
1133 1135 1136
1134 1137 1135
1134 1138 1137
1138 1139 1137
1138 1140 1139
1141 1142 1143
1141 1143 1144
1145 1141 1146
1145 1146 1147
1148 1145 1149
1148 1149 1150
1151 1148 1150
1151 1150 1152
1153 1154 1155
1153 1155 1156
1157 1158 1159
1157 1159 1160
1161 1157 1160
1161 1160 1162
1163 1164 1158
1163 1165 1164
1163 1166 1165
1163 1167 1166
1168 1169 1170
1168 1170 1171
1172 1173 1174
1173 1175 1174
1175 1176 1174
1176 1177 1174
1177 1178 1174
1178 1179 1174
1179 1180 1174
1180 1172 1174
1181 1182 1183
1181 1183 1184
1184 1183 1185
1184 1185 1186
1186 1185 1187
1186 1187 1188
1188 1187 1189
1188 1189 1190
1190 1189 1191
1190 1191 1192
1192 1191 1193
1192 1193 1194
1195 1182 1181
1195 1196 1182
1197 1196 1195
1197 1198 1196
1199 1200 1201
1202 1200 1203
1204 1200 1205
1206 1207 1208
1206 1208 1209
1210 1211 1212
1210 1212 1213
1214 1215 1216
1214 1216 1217
1218 1219 1220
1218 1220 1221
1219 1222 1220
1219 1223 1222
1224 1223 1225
1224 1225 1226
1218 1227 1228
1218 1228 1229
1229 1228 1230
1229 1230 1231
1232 1233 1231
1232 1234 1233
1235 1236 1237
1238 1239 1237
1240 1241 1237
1242 1243 1244
1242 1244 1245
1246 1247 1248
1246 1248 1249
1250 1251 1252
1250 1252 1253
1254 1255 1256
1257 1255 1254
1257 1254 1258
1254 1256 1259
1260 1254 1259
1260 1261 1254
1262 1261 1260
1262 1263 1261
1261 1263 1264
1261 1264 1265
1262 1266 1263
1266 1267 1263
1266 1268 1267
1269 1267 1268
1270 1267 1269
1267 1270 1271
1267 1271 1272
1269 1273 1270
1270 1273 1274
1275 1276 1277
1275 1277 1278
1255 1277 1276
1255 1276 1279
1256 1255 1279
1280 1281 1282
1283 1281 1284
1283 1284 1285
1286 1284 1287
1286 1287 1288
1284 1286 1289
1287 1290 1288
1291 1290 1287
1291 1292 1290
1293 1294 1295
1293 1295 1296
1297 1295 1294
1297 1298 1295
1299 1295 1298
1299 1300 1295
1300 1299 1301
1300 1301 1302
1303 1298 1297
1304 1303 1297
1304 1297 1305
1297 1294 1305
1306 1304 1305
1294 1306 1305
1307 1304 1306
1307 1306 1308
1308 1309 1307
1308 1310 1309
1311 1309 1310
1294 1312 1306
1312 1313 1306
1314 1313 1312
1315 1314 1312
1315 1312 1316
1314 1317 1313
1318 1317 1314
1318 1319 1317
1319 1318 1320
1320 1318 1321
1322 1321 1318
1322 1318 1323
1324 1320 1321
1324 1321 1325
1326 1327 1328
1326 1328 1329
1330 1331 1332
1330 1332 1333
1334 1335 1336
1334 1336 1337
1338 1339 1340
1338 1340 1341
1342 1343 1344
1342 1344 1345
1346 1347 1348
1346 1348 1349
1350 1351 1352
1350 1352 1353
1351 1350 1354
1351 1354 1355
1355 1354 1356
1355 1356 1357
1357 1356 1358
1357 1358 1359
1359 1358 1360
1359 1360 1361
1361 1360 1362
1362 1360 1363
1364 1362 1363
1364 1365 1362
1366 1365 1364
1366 1367 1365
1368 1367 1366
1368 1369 1367
1370 1369 1368
1370 1371 1369
1363 1360 1372
1373 1374 1375
1373 1375 1376
1377 1378 1379
1377 1379 1380
1380 1379 1381
1380 1381 1382
1383 1384 1385
1383 1385 1386
1387 1388 1389
1387 1389 1390
1391 1392 1393
1391 1393 1394
1395 1396 1397
1395 1397 1398
1399 1400 1401
1399 1401 1402
1403 1404 1405
1403 1405 1406
1407 1408 1409
1407 1409 1410
1411 1412 1413
1411 1413 1414
1411 1415 1412
1411 1416 1415
1413 1417 1414
1413 1418 1417
1419 1420 1421
1419 1421 1422
1422 1421 1423
1422 1423 1424
1424 1423 1425
1424 1425 1426
1425 1427 1426
1425 1428 1427
1354 1350 1429
1430 1431 1432
1433 1430 1432
1433 1434 1430
1430 1435 1431
1436 1435 1430
1436 1430 1437
1438 1436 1437
1438 1437 1439
1437 1440 1439
1437 1441 1440
1438 1439 1442
1442 1439 1443
1442 1443 1444
1445 1444 1443
1446 1445 1443
1443 1447 1446
1443 1448 1447
1445 1446 1449
1446 1450 1449
1451 1452 1453
1451 1453 1454
1432 1454 1453
1432 1455 1454
1431 1455 1432
1456 1457 1458
1459 1460 1458
1459 1461 1460
1462 1463 1460
1462 1464 1463
1460 1465 1462
1463 1464 1466
1467 1463 1466
1467 1466 1468
1469 1470 1471
1469 1471 1472
1473 1472 1471
1473 1471 1474
1475 1474 1471
1475 1471 1476
1476 1477 1475
1476 1478 1477
1479 1473 1474
1480 1473 1479
1480 1481 1473
1473 1481 1472
1482 1481 1480
1472 1481 1482
1483 1482 1480
1483 1484 1482
1484 1483 1485
1484 1485 1486
1472 1482 1487
1487 1482 1488
1489 1487 1488
1490 1487 1489
1490 1491 1487
1489 1488 1492
1493 1489 1492
1493 1492 1494
1494 1495 1493
1495 1496 1493
1497 1493 1496
1497 1498 1493
1499 1496 1495
1499 1500 1496
1501 1486 1485
1502 1503 1504
1502 1504 1505
1506 1507 1508
1506 1508 1509
1510 1511 1512
1510 1512 1513
1514 1515 1516
1514 1516 1517
1518 1519 1520
1518 1520 1521
1522 1523 1524
1522 1524 1525
1526 1527 1528
1526 1528 1529
1529 1530 1526
1529 1531 1530
1531 1532 1530
1531 1533 1532
1533 1534 1532
1533 1535 1534
1535 1536 1534
1535 1537 1536
1537 1538 1536
1538 1539 1536
1540 1539 1538
1540 1538 1541
1542 1540 1541
1542 1541 1543
1544 1542 1543
1544 1543 1545
1546 1544 1545
1546 1545 1547
1539 1548 1536
1549 1550 1551
1549 1551 1552
1553 1554 1555
1553 1555 1556
1554 1557 1555
1554 1558 1557
1559 1560 1561
1559 1561 1562
1563 1564 1565
1563 1565 1566
1567 1568 1569
1567 1569 1570
1571 1572 1573
1571 1573 1574
1575 1576 1577
1575 1577 1578
1579 1580 1581
1579 1581 1582
1583 1584 1585
1583 1585 1586
1587 1588 1589
1587 1589 1590
1587 1590 1591
1587 1591 1592
1589 1588 1593
1589 1593 1594
1595 1596 1597
1595 1597 1598
1596 1599 1597
1596 1600 1599
1600 1601 1599
1600 1602 1601
1601 1602 1603
1601 1603 1604
1530 1605 1526
1606 1607 1608
1608 1607 1609
1610 1611 1607
1611 1612 1607
1613 1614 1615
1615 1614 1616
1615 1616 1617
1618 1619 1620
1620 1619 1621
1621 1619 1622
1623 1624 1625
1625 1626 1627
1628 1629 1626
1629 1630 1626
1631 1632 1624
1632 1633 1624
1634 1626 1635
1635 1624 1636
1637 1638 1639
1639 1640 1641
1639 1642 1640
1643 1644 1642
1644 1645 1646
1647 1646 1642
1648 1649 1650
1649 1651 1650
1652 1650 1653
1653 1650 1654
1655 1656 1657
1656 1658 1657
1656 1659 1658
1660 1661 1662
1661 1663 1662
1663 1664 1662
1665 1666 1667
1666 1668 1669
1666 1669 1670
1671 1670 1672
1672 1673 1674
1675 1670 1673
1676 1677 1678
1676 1678 1679
1680 1681 1682
1680 1682 1683
1684 1685 1686
1684 1686 1687
1688 1689 1690
1688 1690 1691
1692 1693 1694
1692 1694 1695
1696 1697 1698
1696 1698 1699
1700 1701 1702
1700 1702 1703
1704 1705 1706
1704 1706 1707
1708 1709 1710
1708 1710 1711
1712 1713 1714
1712 1714 1715
1716 1717 1718
1716 1718 1719
1720 1717 1721
1720 1721 1722
1723 1724 1725
1726 1724 1723
1725 1724 1727
1728 1729 1726
1727 1729 1730
1730 1724 1731
1732 1724 1733
1734 1729 1732
1735 1724 1734
1736 1724 1735
1737 1724 1736
1738 1729 1737
1739 1740 1741
1742 1740 1739
1741 1743 1744
1744 1743 1745
1746 1743 1742
1747 1740 1746
1748 1740 1749
1749 1743 1750
1750 1740 1751
1751 1740 1752
1752 1740 1753
1753 1743 1754
1755 1756 1757
1755 1757 1758
1759 1760 1761
1759 1761 1762
1763 1764 1765
1763 1765 1766
1767 1768 1769
1767 1769 1770
1771 1772 1773
1771 1773 1774
1775 1776 1777
1775 1777 1778
1779 1780 1781
1779 1781 1782
1783 1784 1785
1783 1785 1786
1787 1788 1789
1787 1789 1790
1791 1792 1793
1791 1793 1794
1795 1796 1797
1795 1797 1798
1799 1800 1798
1799 1801 1800
1802 1803 1804
1803 1805 1804
1805 1806 1804
1807 1802 1808
1809 1807 1804
1806 1810 1808
1811 1812 1808
1813 1811 1804
1814 1813 1808
1815 1814 1808
1816 1815 1808
1817 1816 1804
1818 1819 1820
1819 1821 1820
1821 1822 1820
1823 1818 1820
1824 1823 1820
1825 1826 1820
1826 1827 1820
1827 1828 1820
1829 1825 1830
1828 1831 1830
1831 1832 1820
1833 1824 1830
1834 1835 1836
1834 1836 1837
1838 1837 1836
1838 1836 1839
1840 1837 1838
1840 1841 1837
1842 1841 1840
1842 1843 1841
1844 1841 1843
1844 1845 1841
1846 1843 1842
1846 1847 1843
1848 1847 1846
1848 1849 1847
1850 1847 1849
1850 1851 1847
1852 1849 1848
1852 1853 1849
1854 1853 1852
1854 1855 1853
1856 1853 1855
1856 1857 1853
1858 1855 1854
1858 1859 1855
1860 1859 1858
1860 1861 1859
1862 1859 1861
1862 1863 1859
1839 1861 1860
1839 1836 1861
1864 1865 1866
1864 1866 1867
1868 1869 1870
1868 1870 1871
1872 1873 1874
1872 1874 1875
1876 1877 1878
1876 1878 1879
1880 1881 1882
1880 1882 1883
1884 1885 1886
1884 1886 1887
1888 1889 1890
1888 1890 1891
1892 1893 1894
1892 1894 1895
1896 1897 1898
1896 1898 1899
1900 1901 1902
1900 1902 1903
1904 1905 1906
1904 1906 1907
1908 1909 1910
1908 1910 1911
1912 1913 1914
1912 1914 1915
1916 1917 1918
1916 1918 1919
1920 1921 1922
1920 1922 1923
1924 1925 1926
1924 1926 1927
1928 1929 1930
1928 1930 1931
1932 1933 1934
1932 1934 1935
1936 1937 1938
1936 1938 1939
1940 1941 1942
1940 1942 1943
1944 1945 1946
1944 1946 1947
1946 1945 1948
1945 1949 1948
1945 1950 1949
1946 1948 1951
1952 1946 1951
1952 1951 1953
1950 1954 1949
1950 1955 1954
1956 1955 1950
1956 1950 1957
1955 1958 1954
1955 1959 1958
1959 1960 1958
1959 1961 1960
1962 1961 1959
1962 1959 1963
1961 1964 1960
1961 1965 1964
1965 1966 1964
1965 1967 1966
1968 1967 1965
1968 1965 1969
1967 1970 1966
1967 1971 1970
1971 1953 1970
1971 1952 1953
1972 1952 1971
1972 1971 1973
1974 1975 1976
1974 1976 1977
1977 1976 1978
1977 1978 1979
1979 1978 1980
1979 1980 1981
1981 1980 1982
1981 1982 1983
1983 1982 1984
1983 1984 1985
1985 1984 1986
1985 1986 1987
1987 1986 1988
1987 1988 1989
1989 1988 1990
1989 1990 1991
1992 1993 1994
1992 1994 1995
1995 1994 1975
1995 1975 1974
1996 1997 1998
1996 1998 1999
2000 1998 1997
2000 2001 1998
2002 2000 1997
2002 1997 2003
2004 2002 2003
2004 2003 2005
2006 2005 2003
2006 2003 2007
2008 2004 2005
2008 2005 2009
2010 2008 2009
2010 2009 2011
2012 2011 2009
2012 2009 2013
2014 2010 2011
2014 2011 2015
2016 2014 2015
2016 2015 2017
2018 2017 2015
2018 2015 2019
2020 2016 2017
2020 2017 2021
2022 2020 2021
2022 2021 2023
2024 2023 2021
2024 2021 2025
2001 2022 2023
2001 2023 1998
2026 2027 2028
2026 2028 2029
2030 2031 2032
2030 2032 2033
2034 2035 2036
2034 2036 2037
2038 2039 2040
2038 2040 2041
2042 2043 2044
2042 2044 2045
2046 2047 2048
2046 2048 2049
2050 2051 2052
2050 2052 2053
2054 2055 2056
2054 2056 2057
2058 2059 2060
2058 2060 2061
2062 2063 2064
2062 2064 2065
2066 2067 2068
2066 2068 2069
2070 2071 2072
2070 2072 2073
2074 2075 2076
2074 2076 2077
2078 2079 2080
2078 2080 2081
2082 2083 2084
2082 2084 2085
2086 2087 2088
2086 2088 2089
2090 2091 2092
2090 2092 2093
2094 2095 2096
2094 2096 2097
2098 2099 2100
2098 2100 2101
2102 2103 2104
2102 2104 2105
2106 2107 2108
2106 2108 2109
2108 2110 2109
2109 2110 2111
2109 2111 2112
2108 2113 2110
2114 2113 2108
2114 2115 2113
2112 2111 2116
2112 2116 2117
2118 2112 2117
2118 2119 2112
2117 2116 2120
2117 2120 2121
2121 2120 2122
2121 2122 2123
2124 2121 2123
2124 2125 2121
2123 2122 2126
2123 2126 2127
2127 2126 2128
2127 2128 2129
2130 2127 2129
2130 2131 2127
2129 2128 2132
2129 2132 2133
2133 2132 2115
2133 2115 2114
2134 2133 2114
2134 2135 2133
2136 2137 2138
2136 2138 2139
2137 2140 2138
2137 2141 2140
2141 2142 2140
2141 2143 2142
2143 2144 2142
2143 2145 2144
2145 2146 2144
2145 2147 2146
2147 2148 2146
2147 2149 2148
2149 2150 2148
2149 2151 2150
2151 2152 2150
2151 2153 2152
2154 2136 2139
2154 2139 2155
2156 2154 2155
2156 2155 2157
2158 2159 2160
2158 2160 2161
2162 2158 2161
2162 2161 2163
2164 2162 2163
2164 2163 2165
2166 2160 2159
2166 2167 2160
2168 2169 2170
2168 2170 2171
2172 2168 2171
2172 2171 2173
2174 2172 2173
2174 2173 2175
2176 2177 2178
2179 2180 2181
2179 2181 2182
2183 2181 2180
2183 2184 2181
2185 2179 2182
2185 2182 2186
2187 2184 2183
2187 2183 2188
2189 2187 2188
2189 2188 2190
2191 2189 2190
2191 2190 2192
2192 2193 2191
2192 2194 2193
2195 2196 2197
2195 2197 2198
2199 2200 2201
2199 2201 2202
2202 2201 2203
2202 2203 2204
2205 2200 2199
2205 2206 2200
2203 2207 2204
2203 2208 2207
2208 2209 2207
2208 2210 2209
2209 2210 2211
2209 2211 2212
2212 2211 2213
2212 2213 2214
2215 2216 2217
2215 2217 2218
2219 2216 2215
2219 2220 2216
2221 2220 2219
2221 2222 2220
2223 2218 2217
2223 2217 2224
2225 2226 2227
2225 2227 2228
2229 2226 2225
2229 2230 2226
2231 2230 2229
2231 2232 2230
2233 2234 2235
2236 2237 2238
2239 2240 2241
2242 2243 2244
2242 2244 2245
2242 2246 2247
2242 2248 2246
2249 2250 2251
2249 2251 2252
2253 2249 2252
2253 2252 2254
2255 2254 2252
2256 2255 2252
2256 2252 2257
2255 2258 2254
2259 2256 2251
2260 2259 2257
2260 2257 2261
2262 2259 2260
2262 2263 2259
2263 2264 2259
2259 2264 2256
2263 2265 2264
2266 2267 2258
2266 2268 2267
2269 2267 2268
2269 2268 2270
2270 2268 2271
2270 2271 2272
2273 2268 2266
2273 2274 2268
2275 2271 2273
2276 2274 2275
2276 2277 2274
2278 2276 2275
2278 2275 2279
2279 2275 2280
2279 2280 2265
2275 2273 2280
2281 2282 2283
2281 2284 2282
2281 2285 2286
2281 2286 2287
2288 2289 2290
2288 2290 2291
2289 2292 2290
2289 2293 2292
2292 2293 2294
2292 2294 2295
2295 2294 2296
2295 2296 2297
2298 2299 2296
2298 2296 2300
2301 2298 2300
2301 2300 2302
2303 2301 2302
2303 2304 2301
2305 2304 2303
2305 2306 2304
2307 2308 2309
2307 2309 2310
2311 2310 2309
2311 2312 2310
2311 2313 2312
2311 2314 2313
2313 2314 2315
2313 2315 2316
2308 2307 2317
2308 2317 2318
2318 2317 2319
2318 2319 2320
2320 2319 2321
2320 2321 2322
2323 2322 2321
2323 2321 2324
2325 2326 2327
2325 2327 2328
2326 2329 2327
2326 2330 2329
2330 2331 2329
2330 2332 2331
2332 2333 2331
2332 2334 2333
2334 2335 2333
2334 2336 2335
2336 2337 2335
2336 2338 2337
2325 2328 2339
2325 2339 2340
2341 2340 2339
2341 2339 2342
2338 2343 2337
2338 2344 2343
2345 2343 2344
2345 2346 2343
2345 2347 2346
2346 2347 2348
2349 2346 2348
2349 2348 2350
2351 2349 2350
2351 2350 2352
2353 2351 2352
2353 2354 2351
2355 2342 2354
2355 2354 2353
2341 2356 2357
2356 2358 2357
2356 2359 2358
2358 2359 2360
2358 2360 2361
2361 2360 2362
2361 2362 2363
2363 2362 2364
2365 2363 2364
2365 2366 2363
2365 2367 2366
2368 2366 2367
2368 2369 2366
2370 2369 2368
2370 2371 2369
2372 2371 2370
2372 2373 2371
2374 2373 2372
2374 2375 2373
2376 2375 2374
2376 2377 2375
2378 2377 2376
2378 2379 2377
2380 2379 2378
2380 2381 2379
2380 2382 2381
2380 2383 2382
2355 2382 2383
2355 2384 2382
2341 2357 2384
2385 2386 2387
2385 2387 2388
2389 2390 2391
2389 2391 2392
2390 2393 2391
2390 2394 2393
2394 2395 2393
2394 2396 2395
2396 2397 2395
2396 2398 2397
2399 2397 2398
2399 2400 2397
2401 2400 2399
2401 2402 2400
2403 2402 2401
2403 2404 2402
2405 2404 2403
2405 2406 2404
2407 2408 2409
2407 2409 2410
2411 2412 2413
2411 2413 2414
2415 2412 2411
2415 2416 2412
2417 2416 2415
2417 2418 2416
2414 2413 2419
2414 2419 2420
2421 2420 2419
2421 2419 2422
2423 2421 2422
2423 2422 2424
2425 2423 2424
2425 2424 2426
2427 2428 2429
2430 2431 2432
2430 2432 2433
2433 2432 2434
2434 2432 2435
2434 2435 2436
2437 2436 2435
2437 2435 2438
2437 2438 2439
2439 2438 2440
2439 2440 2441
2442 2441 2440
2442 2440 2443
2444 2445 2446
2447 2448 2449
2447 2449 2450
2451 2449 2448
2451 2448 2452
2451 2452 2453
2451 2453 2454
2453 2455 2454
2453 2456 2455
2450 2457 2447
2450 2458 2457
2458 2459 2457
2458 2460 2459
2460 2461 2459
2460 2462 2461
2463 2461 2462
2463 2464 2461
2465 2466 2467
2465 2467 2468
2469 2470 2471
2469 2471 2472
2472 2471 2473
2472 2473 2474
2474 2473 2475
2474 2475 2476
2476 2475 2477
2476 2477 2478
2479 2478 2477
2479 2477 2480
2481 2479 2480
2481 2480 2482
2483 2481 2482
2483 2482 2484
2485 2483 2484
2485 2484 2486
2487 2488 2489
2487 2489 2490
2491 2492 2493
2491 2493 2494
2495 2491 2494
2495 2494 2496
2497 2495 2496
2497 2496 2498
2492 2499 2493
2492 2500 2499
2501 2499 2500
2501 2502 2499
2503 2502 2501
2503 2504 2502
2505 2504 2503
2505 2506 2504
2507 2508 2509
2510 2511 2512
2510 2512 2513
2511 2514 2512
2514 2515 2512
2514 2516 2515
2517 2515 2516
2517 2518 2515
2517 2519 2518
2519 2520 2518
2519 2521 2520
2522 2520 2521
2522 2523 2520
2524 2525 2526
2527 2528 2529
2527 2529 2530
2530 2531 2527
2530 2532 2531
2532 2533 2531
2534 2535 2536
2534 2536 2537
2535 2534 2538
2535 2538 2539
2538 2540 2539
2538 2541 2540
2542 2543 2544
2543 2545 2544
2546 2545 2543
2547 2545 2546
2547 2546 2548
2549 2550 2551
2549 2551 2552
2553 2554 2555
2553 2555 2556
2557 2553 2556
2557 2556 2558
2559 2557 2558
2559 2558 2560
2561 2562 2563
2561 2563 2564
2565 2562 2561
2565 2566 2562
2567 2566 2565
2567 2568 2566
2569 2570 2571
2569 2571 2572
2573 2574 2575
2573 2575 2576
2577 2578 2579
2577 2579 2580
2578 2577 2581
2578 2581 2582
2582 2581 2583
2584 2585 2586
2584 2586 2587
2587 2588 2584
2587 2589 2588
2588 2589 2590
2588 2590 2591
2592 2593 2594
2594 2593 2595
2596 2594 2595
2597 2596 2595
2597 2598 2596
2599 2600 2601
2599 2601 2602
2603 2604 2605
2603 2605 2606
2607 2604 2603
2607 2608 2604
2609 2608 2607
2609 2610 2608
2611 2612 2613
2611 2613 2614
2615 2611 2614
2615 2614 2616
2617 2615 2616
2617 2616 2618
2619 2620 2621
2619 2621 2622
2623 2624 2625
2623 2625 2626
2627 2628 2629
2627 2629 2630
2628 2627 2631
2628 2631 2632
2632 2631 2633
2634 2635 2636
2634 2636 2637
2637 2638 2634
2637 2639 2638
2638 2639 2640
2638 2640 2641
2642 2643 2644
2644 2643 2645
2646 2644 2645
2647 2646 2645
2647 2648 2646
2649 2650 2651
2649 2651 2652
2653 2654 2655
2653 2655 2656
2657 2654 2653
2657 2658 2654
2659 2658 2657
2659 2660 2658
2661 2662 2663
2661 2663 2664
2665 2661 2664
2665 2664 2666
2667 2665 2666
2667 2666 2668
2669 2670 2671
2669 2671 2672
2673 2674 2675
2673 2675 2676
2677 2678 2679
2677 2679 2680
2680 2681 2677
2680 2682 2681
2682 2683 2681
2684 2685 2686
2684 2686 2687
2685 2684 2688
2685 2688 2689
2688 2690 2689
2688 2691 2690
2692 2693 2694
2693 2695 2694
2696 2695 2693
2697 2695 2696
2697 2696 2698
2699 2700 2701
2699 2701 2702
2703 2704 2705
2703 2705 2706
2707 2703 2706
2707 2706 2708
2709 2707 2708
2709 2708 2710
2711 2712 2713
2711 2713 2714
2715 2712 2711
2715 2716 2712
2717 2716 2715
2717 2718 2716
2719 2720 2721
2719 2721 2722
2723 2724 2725
2723 2725 2726
2727 2728 2729
2729 2728 2730
2731 2732 2733
2733 2732 2734
2735 2736 2737
2737 2736 2738
2739 2740 2741
2741 2740 2742
2743 2744 2745
2743 2745 2746
2747 2745 2744
2747 2744 2748
2746 2749 2743
2748 2750 2747
2751 2752 2753
2752 2754 2753
2755 2756 2757
2756 2758 2757
2759 2760 2761
2760 2762 2761
2763 2764 2765
2764 2766 2765
2767 2768 2769
2767 2769 2770
2771 2770 2769
2771 2772 2770
2768 2767 2773
2772 2771 2774
2775 2776 2777
2775 2777 2778
2779 2777 2776
2779 2780 2777
2779 2781 2780
2779 2782 2781
2783 2781 2782
2783 2782 2784
2785 2783 2784
2785 2784 2786
2786 2787 2785
2788 2787 2786
2789 2787 2788
2790 2787 2789
2790 2791 2787
2790 2792 2791
2790 2793 2792
2787 2791 2794
2785 2787 2794
2795 2796 2797
2795 2797 2798
2799 2796 2795
2799 2800 2796
2801 2800 2799
2801 2802 2800
2803 2802 2801
2803 2804 2802
2803 2805 2804
2803 2806 2805
2807 2806 2803
2808 2806 2807
2808 2807 2809
2808 2809 2810
2808 2810 2811
2810 2812 2811
2810 2813 2812
2798 2797 2814
2798 2814 2815
2816 2817 2818
2816 2818 2819
2817 2820 2818
2817 2821 2820
2822 2820 2821
2822 2823 2820
2817 2816 2824
2824 2816 2825
2824 2825 2826
2822 2827 2828
2827 2829 2828
2822 2828 2830
2822 2830 2831
2832 2833 2827
2832 2827 2834
2835 2836 2833
2837 2835 2829
2837 2838 2835
2839 2836 2835
2839 2840 2831
2839 2841 2840
2842 2840 2841
2842 2843 2840
2844 2843 2842
2844 2845 2843
2842 2846 2844
2846 2847 2844
2846 2848 2847
2839 2849 2836
2839 2823 2849
2850 2851 2852
2850 2852 2853
2854 2855 2856
2854 2856 2857
2858 2857 2856
2858 2856 2859
2858 2859 2860
2858 2860 2861
2862 2861 2860
2862 2863 2861
2864 2863 2862
2864 2865 2863
2865 2864 2866
2867 2865 2866
2868 2867 2866
2869 2868 2866
2869 2866 2870
2869 2870 2871
2869 2871 2872
2866 2873 2870
2864 2873 2866
2874 2875 2876
2874 2876 2877
2878 2874 2877
2878 2877 2879
2880 2878 2879
2880 2879 2881
2882 2880 2881
2882 2881 2883
2882 2883 2884
2882 2884 2885
2886 2882 2885
2887 2886 2885
2887 2888 2886
2887 2889 2888
2887 2890 2889
2889 2890 2891
2889 2891 2892
2893 2894 2895
2893 2895 2896
2875 2897 2898
2875 2898 2876
