byte offset: 0
first index: 0
index count: 3642
topology: trianglelist
format: DXGI_FORMAT_R16_UINT

0 1 2
2 3 0
2 1 4
4 5 2
2 5 6
6 7 2
2 7 8
8 9 2
2 10 3
2 9 10
11 12 13
12 14 13
15 16 13
16 17 13
18 19 13
19 20 13
21 22 13
22 23 13
24 25 13
25 26 13
27 28 29
28 30 29
27 29 31
31 32 27
31 33 32
34 32 33
34 35 32
35 34 36
37 38 39
38 40 39
38 41 40
38 42 41
43 42 44
43 44 45
44 46 45
44 47 46
48 47 44
48 44 49
44 50 49
50 44 51
51 44 52
51 52 53
54 47 48
54 55 47
47 55 56
47 56 46
55 57 56
54 57 55
42 58 44
59 60 58
59 58 61
61 62 59
63 64 65
65 66 63
66 65 67
66 67 68
66 68 69
69 68 70
64 71 65
72 65 71
72 73 65
74 75 76
74 76 77
78 75 74
79 77 76
79 76 80
79 80 81
79 81 82
82 81 83
82 83 84
85 86 87
85 87 88
88 89 85
88 90 89
90 91 89
90 92 91
91 92 93
91 93 94
95 96 97
95 97 98
95 99 100
95 100 101
102 103 104
103 102 105
103 105 106
103 107 104
107 103 108
106 108 103
109 110 111
112 111 110
113 114 115
113 115 116
117 118 113
117 119 118
120 121 122
121 120 123
124 125 126
124 126 127
127 128 124
127 129 128
130 131 132
131 130 133
131 133 134
135 134 133
135 136 134
130 132 137
134 138 131
134 139 138
134 136 140
134 140 139
141 136 135
141 135 142
136 141 143
136 143 140
144 145 146
145 144 147
146 145 148
145 149 148
149 145 150
151 149 150
151 150 152
151 152 153
152 154 153
154 152 150
150 145 155
155 145 147
154 150 155
156 144 146
157 144 156
147 144 158
158 144 157
157 159 158
160 159 157
160 157 161
156 161 157
162 160 161
162 161 163
156 164 161
163 161 164
163 164 165
165 166 163
163 166 167
162 163 167
168 167 166
168 169 167
168 166 170
165 170 166
168 170 171
168 172 169
168 173 172
171 173 168
172 173 174
174 173 175
171 175 173
171 170 176
170 177 176
177 170 165
165 178 177
178 165 164
179 178 164
171 176 180
180 176 181
181 176 182
182 176 177
182 177 183
183 177 178
184 178 179
178 184 183
179 185 184
185 179 186
156 186 179
146 186 156
186 187 185
188 187 186
146 188 186
148 188 146
188 189 187
148 190 188
189 188 190
190 148 149
149 191 190
192 190 191
190 192 189
192 191 153
191 151 153
151 191 149
179 164 156
174 193 194
174 175 193
195 174 196
195 196 197
172 174 198
199 200 201
199 201 202
202 201 203
202 203 204
204 203 205
204 205 206
207 206 205
207 205 208
209 200 199
209 199 210
209 210 211
211 210 212
212 210 199
213 204 206
204 213 214
204 214 202
214 215 202
215 216 202
217 213 206
206 218 217
206 219 218
220 219 208
220 208 221
218 219 222
223 218 222
223 224 218
218 224 225
218 225 217
213 226 214
213 227 226
217 225 227
217 227 213
214 226 228
226 229 228
228 230 214
228 231 230
228 232 231
231 232 233
234 228 229
234 235 228
236 235 234
237 238 239
240 237 239
240 239 241
242 240 241
242 243 240
237 244 238
241 239 245
241 245 246
247 242 241
247 241 246
243 242 248
248 242 247
243 248 249
248 247 250
251 252 244
244 253 251
254 251 253
251 254 255
255 252 251
254 256 255
255 256 257
255 257 252
257 256 258
252 257 259
257 260 259
260 257 261
262 254 253
253 258 262
253 263 258
244 263 253
264 260 261
260 265 259
266 267 268
268 269 266
267 270 268
268 270 271
271 272 268
271 273 272
271 274 273
274 275 273
273 275 276
276 272 273
272 277 268
277 269 268
276 277 272
278 267 266
279 278 266
279 266 280
269 280 266
278 279 281
282 281 279
282 279 283
280 283 279
281 282 284
281 284 285
285 284 286
287 281 285
287 278 281
288 287 285
289 275 274
290 275 289
290 289 291
271 291 289
274 271 289
291 271 270
270 292 291
270 267 292
267 293 292
267 278 293
292 293 294
292 294 295
295 291 292
291 295 290
278 296 293
296 278 287
297 293 296
293 297 294
296 287 298
288 299 298
300 296 298
296 300 297
298 301 300
301 298 299
302 301 299
302 299 303
304 302 303
305 304 303
306 303 299
306 305 303
306 307 305
308 307 306
308 306 309
308 309 286
308 286 310
288 309 306
299 288 306
311 308 310
307 308 311
311 310 312
312 313 311
307 311 314
314 311 313
315 314 313
313 316 315
288 285 309
309 285 286
312 317 313
313 318 319
313 319 320
298 287 288
321 322 323
321 323 324
322 325 323
322 326 325
326 327 325
326 328 327
327 328 329
327 329 330
331 321 324
331 324 332
332 333 331
333 334 331
334 321 331
326 322 335
336 329 328
336 337 329
337 338 329
336 328 339
326 335 339
328 326 339
337 340 338
337 341 340
341 337 336
341 336 342
342 336 339
343 339 335
342 339 343
343 335 344
345 344 335
335 346 345
347 345 346
347 346 348
348 349 347
345 350 344
351 350 345
351 345 352
353 351 352
354 355 356
354 356 329
355 357 356
355 358 357
357 327 356
357 359 327
360 327 359
360 325 327
325 360 323
361 362 363
363 364 361
361 364 365
365 362 361
364 366 365
365 366 367
368 364 363
368 366 364
368 363 369
368 370 366
371 369 363
371 363 362
365 371 362
365 372 371
367 366 373
373 366 370
367 373 374
375 373 370
376 367 377
376 377 378
379 376 378
379 380 376
380 379 381
379 382 381
379 378 382
383 381 382
383 384 381
385 384 383
385 383 386
381 384 387
381 387 388
381 388 380
389 380 388
380 389 376
387 390 388
388 390 389
387 391 390
387 392 391
387 393 392
384 385 393
384 393 387
392 393 394
395 385 386
395 393 385
395 386 396
392 394 397
398 394 393
395 398 393
399 400 215
400 399 401
400 216 215
402 322 403
402 335 322
403 404 402
404 405 402
404 406 405
407 408 409
407 409 410
411 407 410
412 407 411
408 407 412
412 411 413
414 413 411
413 414 415
416 412 413
416 413 417
415 417 413
411 410 418
419 412 416
419 420 412
408 412 420
414 421 415
422 421 414
411 422 414
422 411 418
423 422 418
422 423 421
419 424 420
419 425 424
426 420 424
420 426 427
420 427 408
428 408 427
428 409 408
429 421 423
429 430 421
431 432 433
431 434 432
434 435 432
431 436 434
436 437 435
432 435 437
438 432 437
437 436 439
440 439 436
440 436 431
441 440 431
442 437 439
438 437 442
442 439 443
442 444 438
441 431 445
433 445 431
445 446 441
447 445 433
447 448 445
446 445 448
448 449 446
448 447 450
450 451 448
449 448 451
451 450 452
452 453 451
451 453 449
443 454 442
444 442 454
455 444 454
455 454 456
454 457 456
443 457 454
458 455 456
458 459 455
460 459 458
460 461 459
456 457 462
462 458 456
462 463 458
453 464 449
464 453 465
462 457 466
467 464 465
467 468 464
468 467 469
468 469 470
470 469 471
470 471 472
473 472 471
472 473 439
443 439 473
443 473 474
466 443 474
475 474 473
473 471 475
475 476 474
466 474 476
472 439 440
470 472 440
441 470 440
441 468 470
441 446 468
449 468 446
449 464 468
466 476 477
466 477 478
466 457 443
462 466 479
462 479 480
462 480 463
481 482 483
481 483 484
484 485 481
481 485 486
484 487 485
488 486 485
485 487 488
489 488 487
488 490 486
491 490 488
488 489 491
490 491 492
491 493 492
493 491 494
494 491 489
494 495 493
492 493 496
493 495 497
497 496 493
498 496 497
498 497 499
497 495 499
492 496 500
492 500 501
490 492 501
502 501 500
503 502 500
503 498 499
503 500 496
503 496 498
503 504 502
504 503 499
502 505 501
505 506 501
505 507 506
507 508 506
507 509 508
508 490 506
490 501 506
509 510 508
509 511 510
508 510 486
508 486 490
510 512 486
512 510 513
481 514 515
515 482 481
516 517 518
516 518 519
517 516 520
521 519 518
522 523 524
525 523 522
523 525 526
527 528 529
527 529 530
530 529 531
527 530 532
532 531 533
529 533 531
534 533 529
533 535 532
536 532 535
536 527 532
537 527 536
538 535 533
534 538 533
538 539 535
538 534 540
537 541 527
528 527 541
541 537 542
543 528 541
543 541 544
542 544 541
544 542 545
544 546 543
546 544 547
545 547 544
547 548 546
548 547 549
547 545 549
539 538 550
540 550 538
540 551 550
550 551 552
539 550 552
540 553 551
554 551 553
554 555 551
556 555 554
556 554 557
551 558 552
558 551 555
558 555 559
549 545 560
560 561 549
562 552 558
560 563 561
560 564 563
565 563 564
537 565 564
565 566 563
567 566 565
567 568 566
567 569 568
567 570 569
571 569 570
571 570 572
539 572 570
539 570 535
535 570 567
535 567 536
536 567 565
537 536 565
573 571 572
573 572 562
562 574 573
572 539 552
572 552 562
558 575 562
558 576 575
558 559 576
577 578 579
577 580 578
581 580 577
577 582 581
577 583 582
581 582 584
585 582 583
582 585 584
586 584 585
585 583 587
588 585 587
585 588 586
587 589 588
588 589 590
590 591 588
591 586 588
591 590 592
589 593 590
590 594 592
594 590 593
595 594 593
595 596 594
594 596 592
587 583 597
598 593 589
587 598 589
598 599 593
598 600 599
601 599 600
601 602 599
601 596 602
602 596 595
602 595 593
602 593 599
598 603 600
598 604 603
598 605 604
605 597 606
605 606 604
606 597 607
606 607 608
587 605 598
605 587 597
583 607 597
583 609 607
609 610 607
611 612 613
611 613 614
611 615 612
616 614 613
617 618 619
619 618 620
618 621 620
579 622 577
623 624 625
623 625 626
623 626 627
623 627 628
624 623 629
629 623 628
624 629 630
628 631 629
629 632 630
629 633 632
633 629 631
626 634 627
625 634 626
632 633 635
635 636 632
637 636 635
631 638 633
633 638 639
639 635 633
639 640 635
634 641 627
634 642 641
643 640 639
643 644 640
641 642 645
641 645 646
646 645 647
647 648 646
648 647 649
628 646 648
646 628 627
627 641 646
649 650 648
638 650 651
651 639 638
639 651 643
648 650 631
648 631 628
652 643 651
650 649 652
650 652 651
650 638 631
643 653 644
643 654 653
655 644 653
655 656 644
656 655 657
658 659 660
658 660 661
662 659 658
662 658 663
664 658 661
664 663 658
664 661 665
663 664 666
667 664 665
667 666 664
667 665 668
659 662 669
660 659 669
668 670 667
670 668 671
672 670 671
666 667 673
674 673 667
667 670 674
670 675 674
669 662 676
669 676 677
678 674 675
677 676 679
677 679 680
679 681 680
681 679 682
682 683 681
663 682 679
679 662 663
662 679 676
683 682 684
673 685 684
685 673 674
674 678 685
682 666 684
684 666 673
682 663 666
685 678 686
684 685 686
684 686 683
687 678 675
687 688 678
678 688 689
687 690 688
687 691 690
691 692 690
693 221 208
205 693 208
205 694 693
205 695 694
205 203 695
203 201 695
693 696 221
545 542 564
545 564 560
537 564 542
697 698 699
697 699 700
697 701 698
697 702 701
702 703 701
701 704 698
705 698 704
699 698 705
704 706 705
704 707 706
706 707 708
706 708 709
710 707 704
708 711 709
708 712 711
708 713 712
714 713 708
715 712 713
713 716 715
708 707 717
710 717 707
708 717 714
718 714 717
714 718 719
716 713 719
713 714 719
716 719 720
716 720 721
718 722 719
722 720 719
722 723 720
724 716 721
724 725 716
716 725 715
724 726 725
725 726 715
720 727 721
727 724 721
720 728 727
729 720 723
729 728 720
727 730 724
724 730 731
731 730 732
730 727 732
732 727 733
727 728 733
733 734 732
735 734 733
735 736 734
737 735 733
737 733 728
737 728 738
728 729 738
729 739 738
703 739 729
740 736 735
741 735 737
741 737 738
741 738 742
739 742 738
739 743 742
739 703 743
703 744 743
743 744 745
743 745 746
747 746 745
747 748 746
743 746 749
750 740 735
741 750 735
750 751 740
752 749 750
752 750 741
741 742 752
750 749 753
753 751 750
748 754 746
749 754 753
754 749 746
755 703 722
718 755 722
755 718 756
756 701 755
703 755 701
718 717 756
717 710 756
703 723 722
723 703 729
757 758 759
760 761 762
762 763 760
763 764 760
764 765 760
766 767 768
766 768 769
770 768 767
770 767 771
768 770 772
768 772 773
768 773 774
769 768 774
775 773 772
773 775 776
774 773 776
775 777 776
775 778 777
777 778 779
777 779 780
779 781 780
779 782 781
783 781 782
783 782 784
783 784 785
786 785 784
786 784 787
783 788 781
789 784 782
789 782 779
789 790 784
784 790 787
783 791 788
783 792 791
793 785 786
785 793 794
783 785 794
783 794 792
792 794 795
795 794 796
794 793 796
796 793 797
793 786 797
792 795 798
798 791 792
799 798 795
799 800 798
795 801 799
795 796 801
796 797 801
797 802 801
799 801 803
801 802 803
803 804 799
804 800 799
800 804 805
806 800 805
806 807 800
798 800 808
809 807 806
809 810 807
811 810 809
811 809 812
809 813 812
809 814 813
814 809 806
814 806 805
811 812 815
812 813 815
804 816 805
803 816 804
803 817 816
816 817 818
819 816 818
805 816 819
798 808 820
798 820 821
798 821 791
821 820 822
822 820 823
822 823 824
824 823 825
826 827 828
826 828 829
828 830 829
826 829 831
830 831 829
826 831 832
833 827 826
833 826 832
833 772 827
833 832 834
833 834 835
835 775 833
775 772 833
778 775 835
766 836 837
836 838 837
766 837 767
771 767 837
771 837 839
839 837 840
839 840 841
841 840 842
840 843 842
843 840 837
838 844 845
838 845 846
847 838 846
848 845 844
848 844 849
849 850 848
849 851 850
850 852 848
850 853 852
854 846 845
848 852 854
848 854 845
854 855 846
847 846 855
856 850 851
856 853 850
856 851 857
858 859 860
861 858 860
861 860 862
863 862 860
862 863 864
864 863 865
862 866 861
862 864 866
866 864 867
867 864 868
868 864 865
860 859 869
863 860 869
865 863 869
869 870 865
870 871 865
871 872 865
871 873 872
872 873 874
873 875 874
871 876 873
876 875 873
871 870 877
877 876 871
877 870 878
878 879 877
870 869 880
870 880 878
878 880 881
882 881 880
878 881 883
859 880 869
859 882 880
884 882 859
885 882 884
858 884 859
886 887 888
887 889 888
887 890 889
891 887 886
891 892 887
890 887 892
892 891 893
890 892 894
893 894 892
790 893 895
893 896 895
895 896 897
895 897 898
895 898 899
898 897 900
900 897 901
900 901 902
900 902 903
904 900 903
898 900 904
897 896 905
897 905 901
893 905 896
789 893 790
898 906 899
898 907 906
908 906 907
908 907 909
908 909 910
911 908 910
908 911 912
912 899 906
906 908 912
913 899 912
913 914 899
899 914 915
914 790 915
914 787 790
914 916 787
916 786 787
786 916 797
797 916 917
914 917 916
797 917 918
917 919 918
917 920 919
921 920 917
914 921 917
921 922 920
919 920 923
920 922 923
895 899 915
915 790 895
924 925 926
924 926 912
927 925 924
926 913 912
928 929 930
928 930 931
929 932 930
931 930 933
930 932 933
931 933 934
935 931 934
936 937 938
936 938 939
939 938 940
939 940 941
940 942 941
940 943 942
944 942 943
940 938 945
946 940 945
946 947 940
946 948 947
937 949 938
950 951 952
950 952 953
954 951 950
952 955 953
956 953 955
957 953 956
957 958 953
959 958 957
959 957 960
959 960 961
962 955 952
962 963 955
964 963 962
964 965 963
966 965 964
967 966 964
967 964 968
967 968 969
967 970 966
967 971 970
971 972 970
967 973 971
967 974 973
970 975 966
966 975 965
976 969 968
976 977 969
976 978 977
971 979 972
971 980 979
979 980 981
979 981 982
983 982 981
984 975 970
984 985 975
984 986 985
987 986 984
985 986 988
986 989 988
990 989 986
990 986 987
991 992 993
991 993 994
991 994 995
996 991 995
996 997 991
998 997 996
992 999 993
1000 996 995
998 996 1000
1000 995 1001
974 1001 995
994 974 995
994 973 974
1002 1003 1004
1005 1004 1003
1005 1003 1006
1007 1006 1003
1007 1003 1008
1005 1006 1009
1006 1007 1009
711 1010 709
