byte offset: 0
first index: 0
index count: 14100
topology: trianglelist
format: DXGI_FORMAT_R16_UINT

0 1 2
1 0 3
0 4 3
4 0 5
2 5 0
5 2 6
5 6 7
3 4 8
8 9 3
10 9 8
10 11 9
10 8 12
10 12 13
10 13 14
14 11 10
12 8 15
8 16 15
4 16 8
17 16 4
18 15 16
18 16 19
16 20 19
11 21 9
11 22 21
22 11 23
23 24 22
24 23 25
25 23 26
25 27 24
27 25 28
25 26 29
29 28 25
20 16 30
17 30 16
17 31 30
32 30 31
32 33 30
30 33 34
30 34 20
34 19 20
34 33 35
21 22 36
22 24 37
24 27 37
22 37 36
23 38 26
29 26 38
11 38 23
11 14 38
29 38 14
29 39 28
28 39 40
39 29 41
42 41 29
41 42 43
44 43 42
43 44 45
44 46 45
47 46 44
48 46 47
48 47 49
50 46 48
51 50 48
46 50 52
50 53 52
53 50 54
51 54 50
55 54 51
54 56 53
56 54 57
58 57 54
55 58 54
59 58 55
59 60 58
59 61 60
61 62 60
63 58 60
58 63 57
57 63 56
60 64 63
62 64 60
64 56 63
65 64 62
61 65 62
66 65 61
65 66 67
66 68 67
69 68 66
68 69 70
71 70 69
70 71 72
67 68 73
74 67 73
65 67 74
70 75 68
73 68 75
75 70 76
70 72 77
70 77 76
78 65 74
65 78 64
79 78 74
74 73 79
78 79 80
78 80 56
81 80 79
79 82 81
79 73 82
82 83 81
84 81 83
84 80 81
84 83 85
84 85 86
80 84 87
87 56 80
86 88 84
84 88 87
56 87 88
86 89 88
56 88 89
86 90 89
56 89 90
85 90 86
85 83 91
92 85 91
85 92 93
85 93 90
83 82 94
91 83 94
90 93 95
95 96 90
96 95 97
95 98 97
98 95 99
95 93 99
99 93 100
99 100 98
96 97 101
102 96 101
102 101 45
92 103 93
93 103 100
101 97 104
98 104 97
104 105 101
105 104 106
104 98 107
107 108 104
106 104 108
108 107 109
108 109 39
109 107 110
107 111 110
98 111 107
98 100 111
112 111 100
100 103 112
111 112 113
114 113 112
113 114 115
111 113 116
116 113 115
111 116 117
111 117 110
110 117 109
115 118 116
119 118 115
118 119 120
120 119 121
121 119 122
115 122 119
114 122 115
123 122 114
109 117 40
40 117 124
124 125 40
117 126 124
116 126 117
116 118 126
118 127 126
127 128 126
126 128 124
127 118 129
118 120 129
130 124 128
130 125 124
130 131 125
27 125 131
27 40 125
122 132 121
132 122 123
132 133 121
134 121 133
132 123 135
123 136 135
114 136 123
136 114 137
112 137 114
137 112 103
135 136 138
138 132 135
132 138 133
139 133 138
138 136 139
139 136 140
136 141 140
137 141 136
142 141 137
103 142 137
141 142 143
103 92 142
140 144 139
144 140 145
146 144 145
147 144 146
147 146 148
146 149 148
145 149 146
149 145 150
150 151 149
151 150 152
151 152 153
154 153 152
155 153 154
155 154 156
155 156 157
148 149 158
151 158 149
159 144 147
160 151 153
155 160 153
160 158 151
155 94 160
157 94 155
160 161 158
161 160 162
160 94 162
94 82 162
82 73 162
150 163 152
164 152 163
152 164 154
165 154 164
154 165 156
156 165 166
141 165 164
141 166 165
163 141 164
167 141 163
163 150 167
145 167 150
167 145 140
140 141 167
141 143 166
168 166 143
166 168 169
170 169 168
142 170 168
168 143 142
91 170 142
169 170 157
170 91 157
156 166 169
157 156 169
157 91 94
91 142 92
171 172 173
173 174 171
173 175 174
173 176 175
175 176 177
173 172 178
179 178 172
180 173 178
180 176 173
178 181 180
182 176 180
180 183 182
180 181 183
176 182 184
177 176 184
182 185 184
186 185 182
187 185 186
184 185 187
182 188 186
182 183 188
177 184 161
184 187 158
161 184 158
179 189 178
189 181 178
190 189 179
190 191 189
181 189 191
158 187 148
187 192 148
187 186 192
148 192 193
147 148 193
161 162 75
75 177 161
76 177 75
77 177 76
73 75 162
77 175 177
77 174 175
77 194 174
195 196 197
197 196 198
199 197 198
200 197 199
200 199 201
197 200 202
195 197 202
195 202 203
198 204 199
204 205 199
201 199 205
205 204 206
207 206 204
206 207 208
208 207 209
204 198 210
210 207 204
198 211 210
212 210 211
210 212 213
210 213 207
214 213 212
213 214 215
213 215 207
216 215 214
215 216 217
217 218 215
215 218 219
207 215 219
209 207 219
218 220 219
220 209 219
220 5 209
31 218 217
221 31 217
221 217 216
31 17 218
17 4 218
4 5 220
218 4 220
32 31 221
211 198 222
198 196 222
5 7 209
208 209 7
223 224 225
224 223 49
225 19 223
19 225 226
227 19 226
19 227 18
18 227 15
15 227 228
15 228 229
15 229 12
12 229 13
227 230 228
227 226 230
226 225 230
225 224 230
230 224 231
224 47 231
49 47 224
231 47 44
14 13 229
14 229 232
232 228 230
232 229 228
230 233 232
234 233 230
230 231 234
234 231 42
42 231 44
29 234 42
29 232 233
29 14 232
29 233 234
235 236 237
203 236 235
237 236 201
203 202 236
236 202 200
201 236 200
238 48 239
239 48 49
223 239 49
239 223 34
34 223 19
51 48 238
238 239 35
34 35 239
9 21 3
3 21 240
21 36 240
3 240 1
46 241 45
102 45 241
46 52 241
52 102 241
52 53 102
53 96 102
53 90 96
53 56 90
101 43 45
43 101 105
105 41 43
106 41 105
41 106 108
41 108 39
78 56 64
39 109 40
28 40 27
37 27 131
242 133 144
133 139 144
144 159 242
134 133 242
243 134 242
134 243 244
243 245 244
243 246 245
246 243 247
243 242 247
247 248 246
246 248 249
246 249 245
250 248 247
251 248 250
248 251 252
248 252 253
248 253 249
253 252 254
254 252 251
134 244 255
256 134 255
121 134 256
256 120 121
129 120 256
257 258 259
258 260 259
261 260 258
257 261 258
260 261 262
263 261 257
263 264 261
264 263 265
266 261 264
261 266 262
267 268 269
268 267 270
270 271 268
271 270 272
272 273 271
273 272 274
274 275 273
275 274 276
277 275 276
275 277 278
279 278 277
278 279 280
281 280 279
280 281 282
283 282 281
282 283 284
285 284 283
284 285 286
287 286 285
286 287 288
289 288 287
288 289 290
291 290 289
290 291 292
293 292 291
292 293 294
295 294 293
294 295 296
297 296 295
296 297 298
299 298 297
298 299 300
301 300 299
300 301 302
303 302 301
302 303 304
303 305 304
306 307 308
306 309 307
309 306 310
310 311 309
311 310 312
267 269 313
269 314 313
267 313 315
316 317 318
317 316 319
319 320 317
320 319 321
321 322 320
322 321 323
324 316 318
316 324 325
326 325 324
325 326 327
328 329 330
329 328 331
332 331 328
331 332 333
333 332 334
335 336 337
336 335 338
339 337 336
337 339 340
341 340 339
340 341 342
343 342 341
342 343 344
345 344 343
344 345 346
345 347 346
347 345 348
349 350 351
350 349 352
351 350 353
353 350 354
354 350 355
355 350 352
353 354 356
356 354 357
357 354 358
358 354 355
357 358 359
360 357 359
360 359 361
360 361 362
363 360 362
364 360 363
365 360 364
356 357 365
365 357 360
352 349 366
366 349 367
368 367 349
349 369 368
370 368 369
370 371 368
371 370 372
369 349 373
368 371 374
367 368 374
372 375 371
376 375 372
377 375 376
377 376 378
349 351 373
367 374 379
374 371 380
379 374 380
380 371 381
375 381 371
380 381 382
382 381 383
380 382 384
379 380 384
384 382 385
384 385 386
384 386 387
388 387 386
389 387 388
387 389 390
391 390 389
390 391 392
393 392 391
394 392 393
395 383 381
381 375 395
395 375 377
396 397 377
396 377 378
398 397 396
399 397 398
400 399 398
400 401 399
400 402 401
403 401 402
403 404 401
405 404 403
406 404 405
407 404 406
407 406 408
409 407 408
410 407 409
411 410 409
411 412 410
412 411 413
414 412 413
415 412 414
416 412 415
417 418 419
419 420 417
418 421 419
421 422 419
422 423 419
423 420 419
421 424 422
424 425 422
425 426 422
426 423 422
425 427 426
428 427 425
429 428 425
424 429 425
428 430 427
428 431 430
432 431 428
433 432 428
429 433 428
420 434 417
434 435 417
435 436 417
437 417 436
438 437 436
439 438 436
438 439 440
417 437 441
436 442 439
436 435 442
440 439 443
444 440 443
445 444 443
445 446 444
417 441 418
435 447 442
442 448 439
447 448 442
448 449 439
449 443 439
448 450 449
450 451 449
448 452 450
447 452 448
452 453 450
452 454 453
452 455 454
456 454 455
455 457 456
457 455 458
458 459 457
459 458 460
461 459 460
462 461 460
463 449 451
443 449 463
463 445 443
464 445 465
464 446 445
466 464 465
467 466 465
468 466 467
468 467 469
468 469 470
471 470 469
471 469 472
473 471 472
474 473 472
475 474 472
475 476 474
477 476 475
478 477 475
479 477 478
480 479 478
479 480 481
482 481 480
483 482 480
484 483 480
485 486 487
486 488 487
485 487 489
489 487 490
491 489 490
487 492 490
487 488 492
493 491 490
492 494 490
495 489 491
495 496 489
485 489 496
495 491 497
498 497 491
498 491 493
492 488 499
500 492 499
500 494 492
500 501 494
498 493 502
503 494 501
493 490 504
504 490 505
505 490 506
507 504 505
507 505 508
507 509 504
510 504 509
511 508 505
511 505 506
511 506 512
512 506 513
506 514 513
506 490 514
514 490 494
503 514 494
514 515 513
503 515 514
510 502 493
510 493 504
516 517 518
516 518 519
516 519 520
521 520 519
519 522 521
522 519 523
523 524 522
523 525 524
518 525 526
525 523 526
519 526 523
519 518 526
525 518 527
527 518 528
528 518 517
528 517 529
520 521 530
530 521 531
531 521 522
520 530 532
533 520 532
533 532 534
530 535 532
532 535 534
530 531 535
535 536 534
536 535 537
527 538 525
528 539 527
527 539 538
529 539 528
529 540 539
540 529 541
540 541 542
542 541 543
543 541 544
543 544 545
543 545 546
547 546 545
548 546 547
548 547 549
550 549 547
550 551 549
552 551 550
551 552 553
553 554 551
554 553 555
555 556 554
556 555 557
558 557 555
557 559 556
558 559 557
552 550 560
550 547 560
558 561 559
561 562 559
561 563 562
558 563 561
563 564 562
562 564 565
566 565 564
565 566 567
567 566 568
568 566 569
558 570 563
571 570 558
558 555 571
571 555 553
571 553 552
572 565 567
567 568 572
565 572 573
562 565 573
574 562 573
568 575 572
576 574 577
578 576 577
576 578 579
576 579 580
579 556 580
580 556 559
576 580 559
556 579 581
582 581 579
578 582 579
581 582 583
584 583 582
578 584 582
583 584 585
585 586 583
584 587 585
585 588 586
585 587 588
589 556 581
589 581 583
589 554 556
589 551 554
590 551 589
590 589 583
591 551 590
591 549 551
592 583 586
592 590 583
593 586 588
593 588 594
588 595 594
596 594 595
596 595 597
596 597 598
599 596 598
600 599 598
600 598 601
601 602 600
601 603 602
603 601 604
603 605 602
605 603 606
603 604 606
607 606 604
606 608 605
608 606 609
610 608 609
608 610 524
610 522 524
611 522 610
611 610 609
611 609 606
607 611 606
522 611 612
613 612 611
607 613 611
612 613 614
614 531 612
531 522 612
613 615 614
616 615 613
607 616 613
616 617 615
614 615 535
615 617 535
614 535 531
618 535 617
535 618 537
608 524 619
525 619 524
525 620 619
525 538 620
608 619 620
608 620 621
605 608 621
605 621 602
618 622 537
536 537 622
623 624 625
624 626 625
625 626 627
627 626 628
629 627 628
627 629 630
629 631 630
630 631 632
632 631 633
634 632 633
632 634 635
636 635 634
635 636 637
636 638 637
638 636 639
639 640 638
640 639 641
641 642 640
640 642 643
643 642 644
644 645 643
645 644 646
646 647 645
647 646 648
648 649 647
649 648 650
649 650 651
652 651 653
654 652 653
652 654 655
656 655 654
655 656 657
658 657 656
657 658 659
659 658 660
661 659 660
662 661 660
663 661 662
661 663 664
665 664 663
664 665 666
665 667 666
667 665 668
668 669 667
669 668 670
669 670 671
672 669 671
673 672 671
673 674 672
674 673 675
674 675 676
677 674 676
678 677 676
679 677 678
679 680 677
681 680 679
682 680 681
683 682 681
683 684 682
685 686 687
688 686 685
688 685 689
687 686 623
623 625 687
690 691 692
691 690 693
693 690 694
695 694 690
690 696 695
696 690 697
516 520 533
698 559 562
698 562 574
576 698 574
576 559 698
699 700 701
701 700 702
702 703 701
704 703 702
704 705 703
706 707 708
707 706 709
710 709 706
709 710 711
712 711 710
711 712 713
714 713 712
713 714 715
716 715 714
715 716 717
707 718 708
718 707 719
719 720 718
720 719 721
721 722 720
722 721 723
724 725 726
725 724 727
727 728 725
728 727 729
730 731 732
731 730 733
733 734 731
734 733 735
735 736 734
736 735 737
737 738 736
738 737 739
740 741 742
741 743 742
743 741 744
745 743 744
745 744 746
747 748 749
748 747 750
749 751 747
751 749 752
752 753 751
753 752 754
754 755 753
755 754 756
756 757 755
757 756 758
759 748 750
748 759 760
761 760 759
760 761 762
763 762 761
762 763 764
765 766 767
766 765 768
769 768 765
768 769 770
771 772 773
772 771 774
775 774 771
774 775 776
777 776 775
776 777 778
779 778 777
778 779 780
781 782 783
783 782 784
784 785 783
785 784 786
787 785 786
785 787 788
788 787 789
787 786 790
784 790 786
790 784 791
792 790 791
792 793 790
794 793 792
792 795 794
792 796 795
791 796 792
796 797 795
794 795 798
799 794 798
799 798 800
801 794 799
802 801 799
803 801 802
804 803 802
804 802 805
806 803 804
806 807 803
807 808 803
799 800 809
799 809 810
811 799 810
802 799 811
808 812 803
813 812 808
795 814 798
795 815 814
795 816 815
795 797 816
817 816 797
817 818 816
818 817 819
816 818 820
816 820 821
816 821 815
797 822 817
823 822 797
823 824 822
822 824 817
817 824 819
824 823 825
825 823 826
827 826 823
826 828 825
829 828 826
827 823 830
791 827 830
784 827 791
784 782 827
782 831 827
827 831 826
826 831 829
796 791 830
830 823 796
796 823 797
829 832 828
831 832 829
833 832 831
834 832 833
831 781 833
781 831 782
828 832 835
836 835 832
832 834 836
836 837 835
828 835 837
838 828 837
838 839 828
839 825 828
825 839 840
841 840 839
824 825 840
841 842 840
843 842 841
844 843 841
844 845 843
846 843 845
846 845 847
848 846 847
846 848 849
846 849 850
843 850 842
850 843 846
842 850 840
850 849 851
850 851 840
848 852 849
853 852 848
853 854 852
855 853 848
856 853 855
857 856 855
858 856 857
858 859 856
860 858 857
860 857 861
861 857 862
853 863 854
853 864 863
865 864 853
856 865 853
862 857 866
867 862 866
849 852 868
849 868 869
849 869 870
849 870 851
871 851 870
871 870 818
818 819 871
870 820 818
870 821 820
870 869 821
851 871 872
840 851 872
840 872 824
872 871 824
871 819 824
790 793 873
787 790 873
789 787 873
874 875 876
875 844 876
877 844 875
844 877 878
877 879 878
879 877 880
880 881 879
879 845 878
845 844 878
844 841 876
876 841 882
882 874 876
881 883 879
879 883 845
845 883 847
874 882 884
884 882 837
885 884 837
841 839 882
839 838 882
882 838 837
837 836 885
886 887 888
887 886 889
889 890 887
890 889 891
890 892 887
887 892 893
887 893 888
893 892 894
894 892 895
894 895 896
897 895 892
897 892 890
897 898 895
899 896 895
895 898 899
896 899 900
901 900 899
900 901 902
901 903 902
903 901 904
905 899 898
899 905 901
901 905 906
901 906 904
904 906 907
904 907 908
903 904 909
904 908 910
909 904 910
909 910 911
910 912 911
910 908 912
911 912 913
912 914 913
911 913 915
916 911 915
909 911 916
915 913 917
917 918 915
917 919 918
918 919 920
917 921 919
913 921 917
922 921 913
913 914 922
922 923 921
923 924 921
912 925 914
908 925 912
926 925 908
926 908 907
926 907 927
927 907 906
928 927 906
905 928 906
928 905 929
898 929 905
929 898 930
921 924 931
924 932 931
924 933 932
924 934 933
924 935 934
898 936 930
897 936 898
937 919 931
937 938 919
919 938 939
919 939 940
940 941 919
920 919 941
921 931 919
942 915 943
943 915 944
915 945 944
945 915 918
916 915 942
942 943 946
916 942 946
916 946 947
947 946 948
946 949 948
949 946 950
947 948 951
951 948 952
953 947 951
909 947 953
909 916 947
943 954 946
949 950 955
950 956 955
949 955 957
948 949 957
958 948 957
948 958 952
958 957 959
959 957 960
946 954 961
951 952 962
963 951 962
953 951 963
964 953 963
909 953 964
964 963 965
964 965 966
903 909 964
967 903 964
967 964 966
903 967 902
967 966 968
967 900 902
900 967 969
968 969 967
969 896 900
896 969 970
894 896 970
894 970 971
972 971 970
972 970 973
969 968 973
970 969 973
893 894 971
974 893 971
975 974 971
972 975 971
975 976 974
886 974 976
974 886 888
974 888 893
976 975 977
972 973 978
973 979 978
973 980 979
980 973 968
968 981 980
981 968 966
981 966 982
982 966 965
983 982 965
983 965 963
983 963 962
960 984 985
960 986 984
960 987 986
960 988 987
957 988 960
957 955 988
989 988 955
989 955 990
955 991 990
955 992 991
992 955 993
956 993 955
961 950 946
994 995 996
996 995 997
996 997 998
998 997 999
994 1000 995
1000 997 995
1000 1001 997
1001 999 997
1002 1003 1004
1003 1002 1005
1004 1003 1006
1003 1007 1006
1004 1006 1008
1008 1006 1009
1006 1010 1009
1006 1007 1010
1008 1009 1011
1009 1010 1012
1009 1012 1013
1012 1014 1013
1010 1015 1012
1012 1015 1014
1016 1015 1010
1016 1010 1007
1015 1016 1017
1014 1015 1017
1017 1016 1018
1017 1019 1014
1017 1018 1019
1014 1019 1020
1020 1019 1021
1021 1022 1020
1021 1023 1022
1019 1023 1021
1019 1024 1023
1018 1024 1019
1022 1023 1025
1023 1026 1025
1026 1023 1027
1028 1022 1025
1028 1020 1022
1025 1029 1028
1028 1029 1030
1028 1030 1031
1028 1031 1020
1031 1032 1020
1032 1031 1033
1029 1025 1034
1035 1020 1032
1035 1032 1036
1013 1035 1036
1030 1029 1037
1037 1029 1038
1034 1038 1029
1038 1034 1027
1037 1038 1039
1037 1039 1040
1037 1040 1041
1030 1037 1041
1040 1042 1041
1042 1040 1043
1043 1040 1039
1042 1043 1044
1042 1044 1045
1042 1045 1046
1013 1014 1035
1014 1020 1035
1013 1036 1047
1048 1013 1047
1047 1036 1049
1047 1049 1050
1051 1047 1050
1048 1047 1051
1050 1049 1052
1053 1050 1052
1053 1051 1050
1054 1051 1053
1054 1048 1051
1011 1048 1054
1049 1055 1052
1049 1056 1055
1049 1057 1056
1036 1057 1049
1057 1033 1056
1033 1058 1056
1033 1059 1058
1056 1058 1060
1056 1060 1055
1053 1052 1061
1036 1032 1057
1032 1033 1057
1031 1059 1033
1031 1062 1059
1031 1030 1062
1063 1059 1062
1063 1062 1030
1064 1063 1030
1065 1058 1059
1063 1065 1059
1066 1065 1063
1067 1060 1058
1065 1067 1058
1068 1067 1065
1066 1068 1065
1063 1069 1066
1064 1069 1063
1064 1030 1070
1071 1064 1070
1064 1071 1072
1064 1072 1069
1073 1066 1069
1073 1074 1066
1074 1068 1066
1075 1074 1073
1074 1076 1068
1076 1067 1068
1077 1076 1074
1075 1077 1074
1078 1077 1075
1076 1079 1067
1080 1069 1072
1080 1072 1081
1072 1071 1081
1069 1080 1082
1082 1080 1081
1083 1069 1082
1083 1073 1069
1075 1073 1083
1084 1075 1083
1085 1075 1084
1085 1078 1075
1082 1081 1086
1087 1083 1082
1087 1082 1088
1082 1086 1088
1087 1088 1089
1090 1087 1089
1083 1087 1090
1084 1083 1090
1091 1084 1090
1089 1091 1090
1085 1084 1091
1092 1085 1091
1078 1093 1077
1093 1094 1077
1077 1094 1076
1094 1095 1076
1096 1095 1094
1096 1094 1093
1097 1096 1093
1076 1095 1079
1096 1098 1095
1089 1099 1091
1092 1091 1099
1100 1092 1099
1097 1093 1078
1101 1097 1078
1101 1078 1085
1102 1101 1085
1102 1085 1092
1103 1102 1092
1103 1092 1100
1104 1103 1100
1100 1105 1104
1098 1106 1095
1106 1098 1107
1104 1108 1103
1108 1104 1105
1103 1109 1102
1103 1108 1109
1108 1110 1109
1102 1111 1101
1102 1109 1111
1109 1112 1111
1109 1110 1112
1111 1112 1113
1111 1113 1114
1113 1115 1114
1112 1116 1113
1113 1116 1115
1117 1116 1112
1117 1112 1110
1116 1117 1118
1115 1116 1118
1118 1117 1119
1118 1120 1115
1118 1119 1120
1115 1120 1121
1121 1120 1122
1122 1123 1121
1122 1124 1123
1120 1124 1122
1120 1125 1124
1119 1125 1120
1123 1124 1126
1126 1124 1127
1128 1126 1127
1126 1128 1129
1129 1123 1126
1129 1121 1123
1129 1128 1130
1129 1130 1131
1129 1131 1121
1131 1132 1121
1132 1131 1133
1134 1121 1132
1134 1132 1135
1114 1134 1135
1130 1128 1136
1136 1128 1137
1137 1128 1127
1136 1137 1138
1136 1138 1139
1136 1139 1140
1130 1136 1140
1130 1140 1141
1141 1140 1142
1142 1140 1143
1139 1143 1140
1143 1144 1142
1143 1145 1144
1143 1146 1145
1143 1147 1146
1141 1142 1148
1144 1148 1142
1141 1148 1149
1141 1149 1150
1149 1151 1150
1151 1149 1152
1130 1141 1150
1153 1130 1150
1153 1154 1130
1155 1153 1150
1151 1155 1150
1153 1155 1156
1153 1156 1157
1153 1157 1154
1154 1157 1158
1158 1159 1154
1160 1158 1157
1160 1161 1158
1162 1161 1160
1163 1157 1156
1163 1156 1164
1156 1155 1164
1157 1163 1165
1165 1163 1164
1166 1157 1165
1166 1160 1157
1162 1160 1166
1167 1162 1166
1168 1162 1167
1165 1164 1169
1170 1166 1165
1171 1164 1155
1164 1171 1152
1170 1165 1172
1165 1169 1172
1170 1172 1173
1174 1170 1173
1166 1170 1174
1167 1166 1174
1175 1167 1174
1173 1175 1174
1168 1167 1175
1176 1168 1175
1173 1177 1175
1176 1175 1177
1178 1176 1177
1008 1168 1176
1004 1008 1176
1004 1176 1178
1002 1004 1178
1008 1011 1168
1178 1005 1002
1011 1179 1168
1011 1054 1179
1168 1179 1162
1179 1180 1162
1179 1181 1180
1054 1181 1179
1054 1053 1181
1181 1182 1180
1053 1182 1181
1053 1183 1182
1182 1183 1184
1180 1182 1184
1180 1184 1161
1162 1180 1161
1161 1184 1185
1184 1186 1185
1185 1186 1159
1184 1187 1186
1184 1183 1187
1159 1186 1188
1159 1188 1189
1186 1190 1188
1186 1187 1190
1053 1061 1183
1161 1185 1158
1158 1185 1159
1154 1159 1189
1154 1189 1191
1154 1191 1130
1131 1191 1189
1131 1130 1191
1133 1189 1188
1131 1189 1133
1192 1188 1190
1133 1188 1192
1193 1133 1192
1194 1193 1192
1135 1193 1194
1195 1135 1194
1194 1192 1196
1192 1190 1196
1195 1194 1197
1198 1195 1197
1197 1194 1199
1194 1196 1199
1096 1197 1199
1096 1198 1197
1097 1198 1096
1096 1199 1098
1200 1195 1198
1097 1200 1198
1101 1200 1097
1200 1114 1195
1114 1135 1195
1111 1114 1200
1101 1111 1200
1135 1132 1193
1132 1133 1193
1201 1098 1199
1098 1201 1107
1202 1199 1196
1199 1202 1201
1196 1203 1202
1203 1196 1190
1187 1203 1190
1203 1187 1204
1183 1204 1187
1204 1183 1205
1061 1205 1183
1205 1061 1206
1061 1207 1206
1207 1061 1052
1052 1208 1207
1208 1052 1055
1055 1209 1208
1209 1055 1060
1079 1209 1060
1067 1079 1060
1209 1079 1210
1095 1210 1079
1210 1095 1106
1211 1212 1213
1212 1211 1214
1214 1215 1212
1215 1214 1216
1216 1217 1215
1216 1218 1217
1218 1219 1217
1219 1218 1220
1220 1221 1219
1222 1211 1213
1211 1222 1223
1224 1223 1222
1223 1224 1225
1225 1224 1226
1225 1226 1227
1228 1227 1226
1227 1228 1229
1220 1230 1221
1230 1231 1221
1231 1232 1221
1229 1228 1233
1229 1233 1234
1234 1233 1235
1233 1236 1235
1237 1238 1239
1238 1237 1240
1238 1241 1239
1238 1242 1241
1243 1241 1242
1241 1243 1244
1245 1246 1247
1246 1245 1248
1249 1247 1246
1247 1249 1250
1251 1250 1249
1250 1251 1252
1253 1252 1251
1252 1253 1254
1009 1013 1048
1011 1009 1048
1042 1255 1256
1042 1256 1257
1257 1041 1042
1258 1041 1257
1042 1259 1255
1042 1046 1259
1258 1257 1260
1256 1260 1257
1258 1260 1261
1258 1261 1070
1261 1262 1070
1030 1041 1258
1030 1258 1070
1262 1071 1070
1071 1262 1081
1263 1264 1265
1264 1263 1266
1267 1265 1264
1265 1267 1268
1268 1267 1269
1268 1269 1270
1271 1270 1269
1270 1271 1272
1263 1273 1266
1273 1263 1274
1274 1275 1273
1275 1274 1276
1276 1277 1275
1276 1278 1277
1278 1279 1277
1279 1278 1280
1280 1281 1279
1272 1271 1282
1272 1282 1283
1280 1284 1281
1284 1285 1281
1283 1282 1286
1282 1287 1286
1285 1288 1281
1289 1290 1291
1290 1289 1292
1291 1293 1289
1293 1291 1294
1294 1295 1293
1295 1294 1296
1297 1298 1299
1298 1297 1300
1299 1301 1297
1301 1299 1302
1302 1303 1301
1303 1302 1304
1304 1305 1303
1305 1304 1306
1307 1308 1309
1308 1307 1310
1307 1309 1311
1307 1311 1312
1311 1313 1312
1313 1311 1314
1315 1316 1317
1316 1315 1318
1317 1319 1315
1319 1317 1320
1320 1321 1319
1321 1320 1322
1322 1323 1321
1323 1322 1324
1143 1325 1326
1143 1139 1325
1143 1326 1327
1143 1327 1147
1325 1139 1138
1115 1121 1134
1114 1115 1134
1328 1329 1330
1329 1328 1331
1332 1330 1329
1330 1332 1333
1334 1333 1332
1333 1334 1335
1336 1337 1338
1337 1336 1339
1340 1338 1337
1338 1340 1341
1342 1341 1340
1341 1342 1343
1344 1343 1342
1343 1344 1345
1346 1347 1348
1347 1346 1349
1347 1349 1350
1349 1346 1351
1348 1347 1352
1348 1352 1353
1354 1355 1356
1355 1354 1357
1357 1358 1355
1354 1356 1359
1356 1355 1360
1354 1359 1361
1361 1359 1362
1363 1364 1360
1365 1364 1363
1363 1366 1365
1365 1367 1364
1365 1368 1367
1368 1369 1367
1370 1371 1372
1371 1370 1373
1373 1374 1371
1374 1373 1375
1375 1376 1374
1376 1375 1377
1378 1370 1372
1379 1370 1378
1380 1379 1378
1379 1380 1381
1382 1381 1380
1381 1382 1383
1384 1376 1377
1376 1384 1385
1386 1385 1384
1385 1386 1387
1388 1387 1386
1387 1388 1389
1382 1390 1383
1390 1382 1391
1391 1392 1390
1392 1393 1388
1392 1391 1393
1393 1389 1388
1394 1395 1396
1396 1397 1394
1396 1398 1397
1398 1399 1397
1394 1397 1400
1396 1395 1401
1395 1402 1401
1403 1404 1405
1403 1406 1404
1406 1407 1404
1407 1406 1408
1409 1407 1408
1406 1403 1410
1403 1405 1411
1405 1412 1411
1411 1412 1413
1413 1412 1414
1415 1414 1412
1414 1415 1416
1417 1414 1416
1414 1417 1418
1413 1414 1418
1417 1416 1419
1419 1416 1415
1413 1418 1420
1420 1418 1421
1420 1421 1422
1422 1421 1423
1424 1422 1423
1422 1424 1425
1423 1426 1424
1423 1427 1426
1428 1426 1427
1424 1429 1425
1429 1424 1430
1430 1424 1426
1430 1426 1431
1428 1431 1426
1429 1430 1432
1433 1429 1432
1433 1432 1434
1435 1433 1434
1435 1434 1436
1437 1436 1434
1436 1437 1438
1437 1439 1438
1440 1436 1438
1439 1440 1438
1436 1440 1441
1435 1436 1441
1442 1435 1441
1443 1442 1441
1444 1442 1443
1444 1443 1445
1406 1444 1445
1446 1406 1445
1406 1446 1408
1409 1408 1446
1444 1406 1410
1447 1448 1449
1449 1450 1447
1449 1451 1450
1450 1452 1447
1448 1453 1449
1448 1454 1453
1455 1456 1457
1457 1458 1455
1458 1457 1459
1455 1460 1456
1456 1461 1457
1455 1462 1460
1462 1463 1460
1464 1461 1465
1466 1464 1465
1464 1466 1467
1466 1465 1468
1466 1468 1469
1469 1468 1470
1471 1472 1473
1472 1471 1474
1472 1474 1475
1475 1474 1476
1471 1477 1474
1472 1478 1473
1473 1478 1479
1480 1481 1482
1482 1483 1480
1482 1484 1483
1483 1485 1480
1481 1486 1482
1481 1487 1486
1488 1489 1490
1490 1491 1488
1491 1490 1492
1488 1493 1489
1489 1494 1490
1488 1495 1493
1495 1496 1493
1497 1494 1498
1499 1497 1498
1497 1499 1500
1499 1498 1501
1499 1501 1502
1502 1501 1503
1504 1505 1506
1505 1504 1507
1508 1507 1504
1507 1508 1509
1510 1509 1508
1509 1510 1511
1512 1506 1505
1513 1512 1505
1513 1514 1512
1514 1513 1515
1515 1516 1514
1516 1515 1517
1510 1518 1511
1518 1510 1519
1519 1520 1518
1520 1519 1521
1521 1522 1520
1522 1521 1523
1524 1516 1517
1516 1524 1525
1526 1525 1524
1526 1522 1527
1525 1526 1527
1527 1522 1523
1528 1529 1530
1529 1528 1531
1529 1531 1532
1532 1531 1533
1528 1534 1531
1529 1535 1530
1530 1535 1536
1537 1538 1539
1540 1537 1539
1541 1540 1539
1540 1541 1542
1543 1542 1541
1537 1540 1544
1537 1545 1538
1538 1545 1546
1545 1547 1546
1547 1548 1546
1548 1549 1546
1549 1548 1550
1548 1551 1550
1551 1548 1552
1547 1552 1548
1551 1553 1550
1553 1549 1550
1547 1554 1552
1554 1555 1552
1554 1556 1555
1556 1557 1555
1556 1558 1557
1558 1556 1559
1557 1558 1560
1557 1560 1561
1562 1561 1560
1563 1558 1559
1558 1563 1564
1564 1560 1558
1564 1565 1560
1562 1560 1565
1563 1566 1564
1567 1566 1563
1567 1568 1566
1569 1568 1567
1569 1570 1568
1570 1571 1568
1571 1570 1572
1571 1572 1573
1570 1574 1572
1573 1572 1574
1574 1570 1575
1569 1575 1570
1576 1575 1569
1577 1575 1576
1578 1577 1576
1578 1579 1577
1578 1540 1579
1540 1580 1579
1580 1540 1542
1543 1580 1542
1540 1578 1544
1581 1582 1583
1582 1581 1584
1582 1584 1585
1584 1581 1586
1583 1582 1587
1583 1587 1588
1589 1590 1591
1590 1589 1592
1592 1593 1590
1589 1591 1594
1591 1590 1595
1589 1594 1596
1596 1594 1597
1598 1599 1595
1600 1599 1598
1598 1601 1600
1600 1602 1599
1600 1603 1602
1603 1604 1602
1605 1606 1607
1607 1608 1605
1607 1609 1608
1609 1610 1608
1605 1608 1611
1607 1606 1612
1606 1613 1612
1614 1615 1616
1616 1615 1617
1617 1618 1616
1619 1616 1618
1616 1619 1620
1614 1616 1620
1621 1619 1618
1619 1621 1622
1621 1623 1622
1623 1621 1624
1618 1617 1625
1625 1621 1618
1621 1625 1626
1626 1624 1621
1624 1626 1627
1628 1625 1617
1615 1628 1617
1615 1629 1628
1625 1628 1630
1630 1626 1625
1626 1630 1631
1631 1627 1626
1627 1631 1632
1628 1629 1633
1633 1630 1628
1630 1633 1634
1634 1631 1630
1631 1634 1635
1635 1632 1631
1632 1635 1636
1629 1637 1633
1638 1634 1633
1633 1637 1638
1634 1638 1639
1639 1635 1634
1635 1639 1640
1640 1636 1635
1636 1640 1641
1642 1637 1629
1629 1643 1642
1643 1629 1615
1615 1644 1643
1644 1615 1614
1637 1642 1645
1638 1646 1639
1646 1638 1647
1647 1638 1637
1647 1648 1646
1648 1647 1649
1649 1650 1648
1650 1649 1651
1651 1652 1650
1652 1651 1653
1653 1654 1652
1654 1653 1655
1654 1656 1652
1656 1650 1652
1656 1654 1657
1658 1656 1657
1656 1658 1659
1653 1651 1660
1660 1651 1649
1661 1653 1660
1661 1655 1653
1650 1656 1662
1659 1662 1656
1662 1648 1650
1662 1659 1663
1660 1649 1664
1663 1665 1662
1648 1662 1665
1665 1663 1666
1665 1646 1648
1646 1665 1667
1666 1667 1665
1667 1666 1668
1667 1639 1646
1639 1667 1640
1668 1640 1667
1640 1668 1641
1660 1669 1661
1669 1660 1670
1664 1670 1660
1670 1664 1671
1637 1671 1664
1664 1647 1637
1649 1647 1664
1671 1637 1645
1672 1669 1673
1669 1672 1661
1661 1672 1674
1674 1672 1675
1675 1676 1674
1654 1674 1676
1674 1654 1655
1661 1674 1655
1677 1654 1676
1654 1677 1657
1677 1658 1657
1658 1677 1678
1676 1675 1679
1679 1677 1676
1677 1679 1680
1680 1678 1677
1678 1680 1681
1682 1679 1675
1672 1682 1675
1672 1683 1682
1679 1682 1684
1684 1680 1679
1680 1684 1685
1685 1681 1680
1681 1685 1686
1682 1683 1687
1687 1684 1682
1684 1687 1688
1688 1685 1684
1685 1688 1689
1689 1686 1685
1686 1689 1690
1683 1691 1687
1692 1688 1687
1687 1691 1692
1693 1692 1691
1694 1693 1691
1695 1693 1694
1696 1695 1694
1697 1693 1695
1695 1698 1697
1698 1695 1699
1696 1699 1695
1700 1699 1696
1614 1700 1696
1701 1699 1700
1699 1701 1698
1700 1619 1701
1619 1700 1620
1614 1620 1700
1619 1702 1701
1702 1698 1701
1702 1619 1622
1623 1702 1622
1702 1623 1703
1698 1702 1704
1703 1704 1702
1704 1697 1698
1704 1703 1705
1697 1704 1706
1705 1706 1704
1706 1705 1707
1706 1708 1697
1693 1697 1708
1708 1706 1709
1707 1709 1706
1709 1707 1710
1708 1692 1693
1692 1708 1711
1709 1711 1708
1711 1709 1712
1710 1712 1709
1712 1710 1713
1688 1692 1711
1689 1711 1712
1711 1689 1688
1712 1690 1689
1690 1712 1713
1714 1715 1716
1715 1714 1717
1717 1718 1715
1718 1717 1719
1719 1720 1718
1720 1719 1721
1722 1717 1714
1717 1722 1723
1723 1719 1717
1719 1723 1724
1724 1721 1719
1721 1724 1725
1726 1723 1722
1723 1726 1727
1727 1724 1723
1724 1727 1728
1728 1725 1724
1725 1728 1729
1730 1727 1726
1727 1730 1731
1731 1728 1727
1728 1731 1732
1732 1729 1728
1729 1732 1733
1734 1731 1730
1731 1734 1735
1735 1732 1731
1732 1735 1736
1736 1733 1732
1733 1736 1737
1729 1738 1725
1739 1725 1738
1725 1739 1721
1740 1721 1739
1721 1740 1720
1738 1729 1741
1733 1741 1729
1741 1733 1742
1737 1742 1733
1742 1737 1743
1744 1740 1739
1740 1744 1745
1745 1744 1746
1747 1739 1738
1739 1747 1744
1747 1746 1744
1748 1738 1741
1738 1748 1747
1747 1748 1749
1747 1749 1746
1750 1741 1742
1741 1750 1748
1750 1749 1748
1751 1742 1743
1742 1751 1750
1750 1751 1752
1750 1752 1749
1749 1753 1746
1753 1749 1754
1752 1754 1749
1754 1752 1755
1753 1754 1756
1754 1755 1756
1745 1746 1757
1753 1757 1746
1757 1753 1758
1756 1758 1753
1759 1752 1751
1751 1760 1759
1761 1759 1760
1762 1761 1760
1761 1762 1763
1764 1763 1762
1763 1764 1765
1765 1766 1763
1766 1765 1767
1767 1768 1766
1768 1767 1769
1769 1770 1768
1770 1769 1771
1772 1771 1769
1771 1772 1773
1774 1773 1772
1773 1774 1775
1772 1776 1774
1776 1772 1777
1769 1777 1772
1777 1769 1767
1777 1778 1776
1778 1777 1779
1767 1779 1777
1779 1767 1765
1779 1780 1778
1780 1779 1781
1765 1781 1779
1781 1765 1764
1781 1734 1780
1734 1781 1735
1764 1735 1781
1735 1764 1736
1762 1736 1764
1736 1762 1737
1760 1737 1762
1737 1760 1743
1760 1751 1743
1768 1782 1783
1782 1768 1770
1783 1766 1768
1766 1783 1784
1784 1763 1766
1763 1784 1761
1782 1785 1783
1785 1782 1786
1786 1787 1785
1783 1788 1784
1788 1783 1785
1788 1785 1787
1784 1789 1761
1789 1784 1788
1788 1790 1789
1788 1787 1790
1759 1761 1789
1759 1789 1790
1791 1790 1787
1790 1791 1792
1792 1752 1790
1759 1790 1752
1752 1792 1755
1791 1756 1792
1792 1756 1755
1786 1793 1787
1793 1791 1787
1791 1793 1794
1756 1791 1794
1786 1795 1793
1786 1796 1795
1782 1796 1786
1796 1782 1797
1782 1798 1797
1798 1782 1770
1770 1799 1798
1799 1770 1771
1771 1800 1799
1800 1771 1773
1773 1801 1800
1801 1773 1775
1802 1800 1801
1800 1802 1803
1803 1799 1800
1799 1803 1804
1804 1798 1799
1798 1804 1805
1805 1797 1798
1806 1803 1802
1803 1806 1807
1807 1804 1803
1804 1807 1808
1808 1805 1804
1805 1808 1809
1810 1807 1806
1807 1810 1811
1811 1808 1807
1808 1811 1812
1812 1809 1808
1809 1812 1813
1814 1811 1810
1811 1814 1815
1815 1812 1811
1814 1816 1815
1816 1814 1817
1817 1818 1816
1818 1817 1819
1819 1820 1818
1820 1819 1821
1821 1822 1820
1822 1821 1823
1823 1715 1822
1715 1823 1716
1718 1822 1715
1822 1718 1824
1824 1820 1822
1720 1824 1718
1824 1720 1825
1820 1824 1826
1825 1826 1824
1826 1818 1820
1826 1825 1827
1818 1826 1828
1827 1828 1826
1828 1827 1829
1828 1816 1818
1816 1828 1830
1829 1830 1828
1830 1829 1831
1830 1815 1816
1815 1830 1832
1831 1832 1830
1832 1831 1833
1740 1825 1720
1825 1740 1834
1834 1827 1825
1827 1834 1835
1835 1829 1827
1829 1835 1836
1836 1831 1829
1831 1836 1837
1837 1833 1831
1833 1837 1838
1740 1839 1834
1839 1740 1745
1745 1840 1839
1834 1841 1835
1841 1834 1839
1841 1839 1840
1835 1842 1836
1842 1835 1841
1841 1843 1842
1841 1840 1843
1836 1844 1837
1844 1836 1842
1844 1842 1843
1837 1845 1838
1845 1837 1844
1844 1846 1845
1844 1843 1846
1847 1843 1840
1843 1847 1848
1848 1846 1843
1846 1848 1849
1847 1756 1848
1848 1756 1849
1745 1757 1840
1757 1847 1840
1847 1757 1758
1756 1847 1758
1850 1845 1846
1851 1845 1850
1850 1852 1851
1852 1813 1851
1813 1852 1809
1853 1809 1852
1809 1853 1805
1797 1805 1853
1833 1851 1813
1813 1832 1833
1832 1813 1812
1812 1815 1832
1851 1833 1838
1854 1797 1853
1797 1854 1796
1855 1853 1852
1853 1855 1854
1852 1850 1855
1854 1855 1856
1845 1851 1838
1854 1795 1796
1854 1856 1795
1856 1857 1795
1857 1856 1858
1846 1858 1856
1858 1846 1849
1857 1858 1756
1858 1849 1756
1850 1856 1855
1850 1846 1856
1857 1793 1795
1793 1857 1794
1756 1794 1857
1644 1696 1859
1696 1644 1614
1694 1859 1696
1859 1694 1860
1691 1860 1694
1860 1691 1861
1691 1862 1861
1862 1691 1683
1683 1673 1862
1673 1683 1672
1863 1864 1865
1863 1866 1864
1866 1863 1867
1864 1868 1865
1864 1869 1868
1864 1870 1869
1870 1871 1869
1871 1872 1869
1871 1873 1872
1871 1874 1873
1875 1864 1866
1864 1875 1870
1867 1876 1866
1876 1867 1877
1877 1878 1876
1879 1866 1876
1866 1879 1875
1877 1880 1878
1867 1880 1877
1880 1867 1881
1863 1881 1867
1881 1863 1882
1863 1883 1882
1882 1883 1884
1882 1884 1885
1882 1885 1886
1886 1885 1887
1887 1885 1888
1887 1888 1889
1887 1889 1890
1891 1882 1886
1882 1891 1881
1892 1881 1891
1881 1892 1880
1886 1887 1893
1887 1894 1893
1887 1895 1894
1887 1890 1895
1896 1886 1893
1896 1891 1886
1896 1893 1897
1896 1897 1898
1899 1896 1898
1899 1900 1896
1891 1896 1900
1900 1892 1891
1900 1899 1901
1899 1902 1901
1902 1899 1903
1899 1904 1903
1903 1904 1905
1903 1905 1906
1903 1906 1907
1907 1906 1908
1908 1906 1909
1908 1909 1910
1908 1910 1911
1912 1903 1907
1903 1912 1902
1913 1901 1902
1901 1913 1914
1914 1913 1915
1916 1902 1912
1902 1916 1913
1914 1915 1917
1917 1901 1914
1901 1917 1900
1892 1900 1917
1907 1908 1918
1908 1919 1918
1908 1920 1919
1908 1911 1920
1921 1916 1912
1912 1922 1921
1923 1921 1922
1923 1922 1924
1921 1923 1925
1922 1926 1924
1922 1918 1926
1922 1907 1918
1922 1912 1907
1925 1927 1921
1927 1925 1928
1928 1929 1927
1916 1921 1927
1923 1930 1925
1930 1923 1931
1923 1932 1931
1931 1932 1933
1931 1933 1934
1931 1934 1935
1935 1934 1936
1935 1936 1937
1936 1938 1937
1936 1939 1938
1936 1940 1939
1941 1935 1937
1941 1937 1942
1941 1942 1943
1944 1941 1943
1944 1945 1941
1945 1944 1946
1944 1947 1946
1947 1944 1948
1944 1949 1948
1948 1949 1950
1948 1950 1951
1948 1951 1870
1870 1951 1871
1871 1951 1952
1871 1952 1953
1871 1953 1874
1875 1948 1870
1948 1875 1947
1954 1946 1947
1946 1954 1955
1955 1954 1956
1879 1947 1875
1947 1879 1954
1955 1956 1957
1957 1946 1955
1946 1957 1945
1958 1945 1957
1945 1958 1959
1959 1941 1945
1941 1959 1935
1959 1931 1935
1931 1959 1930
1958 1930 1959
1930 1958 1960
1960 1925 1930
1925 1960 1928
1928 1960 1929
1956 1961 1957
1961 1929 1960
1957 1961 1958
1961 1960 1958
1962 1929 1961
1962 1963 1929
1962 1964 1963
1929 1963 1927
1927 1963 1916
1963 1913 1916
1963 1915 1913
1965 1915 1963
1965 1963 1964
1965 1966 1915
1965 1967 1966
1915 1966 1917
1917 1966 1892
1966 1880 1892
1966 1878 1880
1968 1878 1966
1968 1966 1967
1968 1969 1878
1968 1970 1969
1878 1969 1876
1876 1969 1879
1969 1954 1879
1969 1956 1954
1971 1956 1969
1971 1969 1970
1971 1961 1956
1971 1972 1961
1962 1961 1972
1973 1974 1975
1975 1974 1976
1973 1977 1974
1978 1977 1973
1978 1979 1977
1974 1977 1979
1976 1974 1980
1976 1980 1981
1981 1980 1982
1982 1980 1983
1983 1980 1984
1985 1978 1973
1986 1978 1985
1987 1978 1986
1987 1986 1988
1989 1987 1988
1987 1989 1990
1991 1987 1990
1987 1992 1978
1978 1993 1979
1991 1994 1987
1995 1979 1993
1996 1995 1993
1996 1997 1995
1997 1998 1995
1978 1996 1993
1987 1999 1992
1992 2000 1978
2000 1996 1978
1998 2001 1995
1998 2002 2001
2002 2003 2001
2003 2004 2001
2004 2005 2001
2006 2001 2005
1995 2007 1979
2008 2007 1995
2008 1995 2009
2010 1979 2007
2010 2007 2008
2010 2011 1979
2010 2012 2011
2012 1974 2011
1974 1979 2011
2012 2013 1974
2013 2014 1974
2014 1980 1974
2014 2015 1980
2015 2016 1980
2016 2017 1980
2017 1984 1980
2018 2012 2010
2019 2018 2010
2020 2019 2010
2020 2021 2019
2022 2021 2020
2020 2023 2022
2024 2023 2020
2024 2020 2025
2020 2026 2025
2026 2020 2027
2020 2028 2027
2020 2010 2028
2028 2010 2029
2029 2010 2008
2030 2031 2032
2033 2031 2030
2034 2032 2031
2035 2034 2031
2033 2036 2031
2036 2037 2031
2038 2031 2037
2035 2031 2038
2039 2040 2041
2040 2039 2042
2043 2040 2042
2040 2043 2044
2045 2044 2043
2044 2045 2046
2047 2048 2049
2048 2047 2050
2047 2051 2050
2051 2047 2052
2052 2053 2051
2053 2052 2054
2055 2056 2057
2056 2055 2058
2057 2059 2055
2059 2057 2060
2061 2059 2060
2059 2061 2062
2063 2064 2065
2064 2063 2066
2067 2063 2065
2063 2067 2068
2069 2068 2067
2068 2069 2070
2071 2064 2066
2064 2071 2072
2071 2073 2072
2073 2071 2074
2074 2075 2073
2075 2074 2076
2077 1999 1987
1987 1994 2077
2078 2079 2080
2079 2078 2081
2078 2082 2081
2082 2078 2083
2083 2084 2082
2084 2083 2085
2086 2087 2088
2087 2086 2089
2090 2086 2088
2086 2090 2091
2092 2091 2090
2091 2092 2093
2094 2095 2096
2095 2094 2097
2098 2096 2095
2096 2098 2099
2098 2100 2099
2100 2098 2101
2102 2103 2104
2103 2102 2105
2102 2106 2105
2106 2102 2107
2107 2108 2106
2108 2107 2109
2110 2111 2112
2111 2110 2113
2114 2110 2112
2110 2114 2115
2116 2115 2114
2115 2116 2117
2118 2119 2120
2119 2118 2121
2122 2120 2119
2120 2122 2123
2122 2124 2123
2124 2122 2125
2126 2127 2128
2127 2126 2129
2127 2130 2128
2130 2127 2131
2131 2132 2130
2132 2131 2133
2126 2134 2129
2134 2126 2135
2136 2134 2135
2134 2136 2137
2138 2137 2136
2137 2138 2139
1936 2140 2141
1936 1934 2140
1936 2141 1940
2009 1995 2142
2142 1995 2001
2142 2001 2143
2143 2001 2144
2144 2001 2006
2145 2146 2147
2146 2145 2148
2149 2146 2148
2146 2149 2150
2151 2150 2149
2150 2151 2152
2153 2154 2155
2154 2153 2156
2153 2157 2156
2157 2153 2158
2158 2159 2157
2159 2158 2160
2161 2162 2163
2162 2161 2164
2163 2165 2161
2165 2163 2166
2167 2165 2166
2165 2167 2168
2169 2170 2171
2170 2169 2172
2171 2173 2169
2173 2171 2174
2174 2175 2173
2175 2174 2176
2177 2175 2176
2175 2177 2178
2179 2178 2177
2178 2179 2180
2181 2180 2179
2180 2181 2182
2183 2170 2172
2170 2183 2184
2185 2184 2183
2184 2185 2186
2187 2186 2185
2186 2187 2188
2181 2189 2182
2189 2181 2190
2190 2191 2189
2191 2190 2192
2187 2192 2188
2192 2187 2191
2193 2194 2195
2194 2193 2196
2195 2197 2193
2197 2195 2198
2198 2199 2197
2199 2198 2200
2201 2199 2200
2199 2201 2202
2203 2202 2201
2202 2203 2204
2205 2204 2203
2204 2205 2206
2207 2194 2196
2194 2207 2208
2209 2208 2207
2208 2209 2210
2211 2210 2209
2210 2211 2212
2205 2213 2206
2213 2205 2214
2214 2215 2213
2215 2214 2216
2211 2216 2212
2216 2211 2215
2217 2218 2219
2218 2217 2220
2219 2221 2217
2221 2219 2222
2222 2223 2221
2223 2222 2224
2225 2223 2224
2223 2225 2226
2227 2226 2225
2226 2227 2228
2229 2228 2227
2228 2229 2230
2231 2218 2220
2218 2231 2232
2233 2232 2231
2232 2233 2234
2235 2234 2233
2234 2235 2236
2229 2237 2230
2237 2229 2238
2238 2239 2237
2239 2238 2240
2235 2240 2236
2240 2235 2239
2241 2242 2243
2242 2241 2244
2245 2243 2242
2243 2245 2246
2247 2246 2245
2246 2247 2248
2243 2249 2241
2249 2243 2250
2246 2250 2243
2250 2246 2251
2248 2251 2246
2251 2248 2252
2250 2253 2249
2253 2250 2254
2251 2254 2250
2254 2251 2255
2252 2255 2251
2255 2252 2256
2257 2253 2254
2253 2257 2258
2259 2258 2257
2258 2259 2260
2261 2260 2259
2260 2261 2262
2259 2263 2261
2263 2259 2264
2257 2264 2259
2264 2265 2263
2265 2264 2266
2264 2257 2267
2267 2266 2264
2267 2254 2255
2254 2267 2257
2266 2267 2268
2268 2255 2256
2255 2268 2267
2261 2269 2262
2269 2261 2270
2263 2270 2261
2270 2263 2271
2265 2271 2263
2271 2265 2272
2270 2273 2269
2273 2270 2274
2271 2274 2270
2274 2271 2275
2272 2275 2271
2275 2272 2276
2274 2277 2273
2277 2274 2278
2275 2278 2274
2279 2277 2278
2277 2279 2280
2281 2280 2279
2280 2281 2282
2242 2282 2281
2282 2242 2244
2281 2245 2242
2245 2281 2283
2279 2283 2281
2283 2247 2245
2247 2283 2284
2283 2279 2285
2285 2284 2283
2278 2285 2279
2284 2285 2286
2285 2278 2287
2287 2286 2285
2286 2287 2288
2278 2275 2287
2287 2276 2288
2276 2287 2275
2289 2290 2291
2290 2289 2292
2291 2293 2289
2293 2291 2294
2294 2295 2293
2295 2294 2296
2297 2295 2296
2295 2297 2298
2299 2298 2297
2298 2299 2300
2301 2300 2299
2300 2301 2302
2303 2290 2292
2290 2303 2304
2305 2304 2303
2304 2305 2306
2307 2306 2305
2306 2307 2308
2301 2309 2302
2309 2301 2310
2310 2311 2309
2311 2310 2312
2307 2312 2308
2312 2307 2311
2313 2314 2315
2314 2313 2316
2315 2317 2313
2317 2315 2318
2318 2319 2317
2319 2318 2320
2321 2319 2320
2319 2321 2322
2323 2322 2321
2322 2323 2324
2325 2324 2323
2324 2325 2326
2327 2314 2316
2314 2327 2328
2329 2328 2327
2328 2329 2330
2331 2330 2329
2330 2331 2332
2325 2333 2326
2333 2325 2334
2334 2335 2333
2335 2334 2336
2331 2336 2332
2336 2331 2335
2337 2338 2339
2339 2338 2340
2340 2338 2341
2342 2341 2338
2343 2342 2338
2344 2343 2338
2337 2345 2338
2345 2346 2338
2346 2347 2338
2344 2338 2348
2348 2338 2349
2349 2338 2347
2350 2351 2352
2350 2352 2353
2350 2353 2354
2350 2354 2355
2350 2355 2356
2350 2356 2357
2350 2358 2351
2350 2359 2358
2350 2360 2359
2350 2361 2360
2350 2362 2361
2350 2357 2362
2363 2364 2365
2364 2363 2366
2366 2367 2364
2367 2366 2368
2368 2369 2367
2369 2368 2370
2370 2371 2369
2371 2370 2372
2372 2373 2371
2373 2372 2374
2374 2375 2373
2375 2374 2376
2377 2363 2365
2363 2377 2378
2379 2378 2377
2378 2379 2380
2381 2380 2379
2380 2381 2382
2383 2382 2381
2382 2383 2384
2385 2384 2383
2384 2385 2386
2375 2386 2385
2386 2375 2376
2387 2388 2389
2389 2390 2387
2390 2389 2391
2391 2392 2390
2392 2391 2393
2394 2392 2393
2392 2394 2395
2396 2395 2394
2395 2396 2397
2398 2397 2396
2397 2398 2399
2398 2400 2399
2400 2398 2401
2401 2402 2400
2402 2401 2403
2404 2402 2403
2404 2403 2405
2406 2404 2405
2406 2405 2407
2408 2406 2407
2408 2407 2409
2409 2410 2408
2411 2410 2409
2411 2412 2410
2413 2412 2411
2413 2414 2412
2415 2414 2413
2416 2414 2415
2416 2417 2414
2418 2417 2416
2419 2417 2418
2418 2420 2419
2421 2420 2418
2419 2420 2422
2423 2424 2425
2425 2426 2423
2426 2425 2427
2427 2428 2426
2428 2427 2429
2430 2428 2429
2431 2428 2430
2432 2431 2430
2424 2433 2425
2434 2433 2424
2435 2433 2434
2436 2435 2434
2437 2438 2439
2438 2440 2439
2438 2441 2440
2438 2442 2441
2442 2443 2441
2442 2444 2443
2437 2439 2445
2446 2437 2445
2443 2444 2447
2444 2448 2447
2448 2449 2447
2449 2450 2447
2449 2451 2450
2451 2452 2450
2452 2451 2453
2453 2454 2452
2454 2455 2452
2454 2456 2455
2457 2455 2456
2455 2457 2458
2457 2459 2458
2459 2460 2458
2459 2461 2460
2462 2460 2461
2460 2462 2463
2462 2464 2463
2464 2465 2463
2464 2466 2465
2466 2467 2465
2466 2468 2467
2469 2467 2468
2469 2470 2467
2469 2471 2470
2470 2471 2472
2472 2473 2470
2470 2473 2474
2473 2475 2474
2474 2475 2476
2475 2477 2476
2477 2478 2476
2477 2479 2478
2479 2480 2478
2480 2479 2481
2481 2482 2480
2482 2483 2480
2482 2484 2483
2484 2485 2483
2484 2486 2485
2486 2487 2485
2488 2487 2486
2488 2489 2487
2489 2490 2487
2489 2491 2490
2491 2492 2490
2493 2494 2495
2494 2496 2495
2495 2496 2497
2496 2498 2497
2496 2499 2498
2500 2498 2499
2498 2500 2501
2502 2501 2500
2501 2502 2503
2504 2503 2502
2503 2504 2505
2504 2506 2505
2506 2504 2507
2508 2506 2507
2506 2508 2509
2508 2510 2509
2510 2508 2511
2512 2510 2511
2510 2512 2513
2514 2513 2512
2513 2514 2515
2514 2516 2515
2516 2514 2517
2518 2516 2517
2516 2518 2519
2520 2519 2518
2519 2520 2521
2522 2521 2520
2521 2522 2523
2524 2523 2522
2523 2524 2525
2526 2525 2524
2525 2526 2527
2526 2528 2527
2528 2526 2529
2529 2530 2528
2530 2529 2531
2532 2530 2531
2530 2532 2533
2532 2534 2533
2534 2532 2535
2535 2536 2534
2537 2536 2535
2537 2538 2536
2539 2540 2538
2539 2541 2540
2541 2542 2540
2543 2542 2541
2542 2543 2544
2543 2545 2544
2545 2543 2546
2547 2545 2546
2545 2547 2548
2549 2548 2547
2548 2549 2550
2549 2551 2550
2551 2549 2552
2552 2553 2551
2553 2552 2554
2554 2555 2553
2555 2554 2556
2556 2557 2555
2557 2556 2558
2558 2559 2557
2559 2558 2560
2561 2559 2560
2559 2561 2562
2561 2563 2562
2563 2561 2564
2564 2565 2563
2565 2564 2566
2567 2565 2566
2565 2567 2568
2567 2569 2568
2569 2567 2570
2571 2569 2570
2569 2571 2572
2571 2573 2572
2573 2571 2574
2574 2575 2573
2575 2574 2576
2576 2577 2575
2577 2576 2578
2579 2577 2578
2579 2580 2577
2581 2580 2579
2582 2581 2579
2583 2581 2582
2583 2584 2581
2585 2584 2583
2585 2493 2584
2493 2495 2584
2586 2587 2588
2586 2588 2589
2589 2588 2590
2591 2590 2588
2590 2591 2592
2592 2591 2593
2594 2587 2586
2594 2595 2587
2596 2595 2594
2596 2597 2595
2597 2596 2598
2598 2599 2597
2599 2598 2600
2600 2601 2599
2601 2600 2602
2603 2601 2602
2601 2603 2604
2605 2604 2603
2605 2606 2604
2607 2606 2605
2608 2606 2607
2606 2608 2609
2610 2609 2608
2610 2611 2609
2612 2611 2610
2613 2611 2612
2613 2614 2611
2615 2614 2613
2616 2614 2615
2616 2617 2614
2618 2617 2616
2618 2619 2617
2620 2619 2618
2621 2619 2620
2621 2622 2619
2623 2622 2621
2624 2622 2623
2624 2625 2622
2626 2625 2624
2626 2627 2625
2628 2629 2627
2628 2630 2629
2630 2631 2629
2630 2632 2631
2632 2633 2631
2633 2634 2631
2633 2635 2634
2635 2636 2634
2636 2637 2634
2636 2638 2637
2638 2639 2637
2638 2640 2639
2640 2641 2639
2641 2642 2639
2641 2643 2642
2643 2644 2642
2644 2645 2642
2644 2646 2645
2646 2647 2645
2647 2646 2648
2648 2649 2647
2649 2650 2647
2649 2651 2650
2651 2652 2650
2652 2651 2653
2654 2652 2653
2652 2654 2655
2656 2655 2654
2655 2656 2657
2658 2657 2656
2657 2658 2659
2658 2660 2659
2660 2661 2659
2660 2662 2661
2662 2663 2661
2662 2664 2663
2664 2665 2663
2665 2666 2663
2666 2665 2667
2667 2593 2666
2668 2669 2670
2671 2670 2669
2672 2673 2674
2673 2672 2675
2676 2674 2673
2674 2676 2677
2678 2677 2676
2679 2672 2674
2672 2679 2680
2674 2681 2679
2681 2674 2677
2678 2681 2677
2682 2683 2684
2682 2685 2683
2685 2682 2686
2686 2687 2685
2687 2686 2688
2688 2689 2687
2689 2688 2690
2690 2691 2689
2691 2690 2692
2692 2693 2691
2693 2692 2694
2694 2695 2693
2695 2694 2696
2696 2697 2695
2697 2696 2698
2698 2699 2697
2699 2698 2700
2700 2701 2699
2701 2700 2702
2702 2703 2701
2703 2702 2704
2704 2705 2703
2705 2704 2706
2706 2707 2705
2707 2706 2708
2708 2709 2707
2709 2708 2710
2710 2711 2709
2711 2710 2712
2713 2711 2712
2711 2713 2714
2715 2714 2713
2703 2716 2701
2717 2701 2716
2701 2717 2699
2718 2699 2717
2699 2718 2697
2719 2697 2718
2697 2719 2695
2720 2695 2719
2695 2720 2693
2721 2693 2720
2693 2721 2691
2722 2691 2721
2691 2722 2689
2723 2689 2722
2689 2723 2687
2724 2687 2723
2687 2724 2685
2725 2685 2724
2685 2725 2683
2725 2684 2683
2726 2727 2728
2726 2729 2727
2730 2731 2732
2732 2731 2733
2730 2732 2734
2733 2731 2735
2733 2735 2736
2736 2735 2737
2736 2737 2738
2738 2737 2739
2738 2739 2740
2740 2739 2741
2740 2741 2742
2743 2740 2742
2742 2744 2743
2743 2744 2745
2743 2745 2746
2746 2745 2747
2746 2747 2748
2748 2747 2749
2748 2749 2750
2750 2749 2751
2750 2751 2752
2752 2751 2753
2752 2753 2754
2752 2754 2755
2755 2754 2756
2755 2756 2757
2755 2757 2758
2755 2758 2759
2760 2761 2762
2761 2760 2763
2764 2763 2760
2763 2764 2765
2761 2766 2762
2767 2760 2762
2767 2762 2766
2760 2767 2768
2768 2764 2760
2764 2768 2769
2770 2771 2772
2771 2770 2773
2772 2774 2770
2774 2772 2775
2776 2774 2775
2774 2776 2777
2778 2777 2776
2777 2778 2779
2779 2778 2780
2771 2781 2772
2781 2771 2782
2772 2783 2775
2783 2772 2781
2783 2784 2775
2784 2783 2785
2785 2786 2784
2786 2785 2787
2787 2788 2786
2789 2790 2791
2791 2792 2789
2791 2793 2792
2793 2791 2794
2794 2795 2793
2796 2795 2794
2797 2795 2796
2789 2798 2790
2798 2789 2792
2799 2798 2792
2798 2799 2800
2800 2799 2801
2802 2800 2801
2803 2802 2804
2805 2806 2807
2808 2807 2806
2807 2808 2809
2810 2809 2808
2809 2810 2811
2812 2811 2810
2811 2812 2813
2814 2815 2816
2817 2815 2814
2815 2817 2818
2819 2818 2817
2818 2819 2820
2819 2821 2820
2821 2819 2822
2822 2823 2821
2823 2822 2824
2824 2825 2823
2825 2824 2826
2827 2825 2826
2825 2827 2828
2829 2828 2827
2828 2829 2830
2831 2830 2829
2831 2832 2830
2833 2832 2831
2833 2834 2832
2835 2834 2833
2835 2836 2834
2836 2835 2837
2838 2836 2837
2838 2837 2839
2840 2838 2839
2840 2839 2841
2842 2840 2841
2843 2842 2841
2843 2841 2844
2845 2843 2844
2846 2845 2844
2845 2846 2847
2848 2845 2847
2846 2849 2847
2850 2851 2852
2853 2851 2850
2851 2853 2854
2855 2854 2853
2854 2855 2856
2857 2856 2855
2858 2857 2855
2859 2857 2858
2852 2851 2860
2861 2852 2860
2862 2861 2860
2863 2861 2862
2864 2865 2866
2866 2865 2867
2866 2867 2868
2866 2868 2869
2869 2868 2870
2869 2870 2871
2864 2872 2865
2873 2872 2864
2870 2874 2871
2871 2874 2875
2875 2874 2876
2876 2874 2877
2876 2877 2878
2879 2878 2877
2878 2879 2880
2880 2879 2881
2881 2879 2882
2881 2882 2883
2882 2884 2883
2884 2882 2885
2884 2885 2886
2886 2885 2887
2886 2887 2888
2887 2889 2888
2889 2887 2890
2889 2890 2891
2891 2890 2892
2891 2892 2893
2893 2892 2894
2893 2894 2895
2896 2895 2894
2896 2894 2897
2896 2897 2898
2897 2899 2898
2899 2897 2900
2897 2901 2900
2900 2901 2902
2901 2903 2902
2902 2903 2904
2904 2903 2905
2904 2905 2906
2907 2906 2905
2906 2907 2908
2908 2907 2909
2909 2907 2910
2909 2910 2911
2911 2910 2912
2911 2912 2913
2913 2912 2914
2915 2913 2914
2915 2914 2916
2916 2914 2917
2916 2917 2918
2918 2917 2919
2716 2703 2920
2705 2920 2703
2920 2705 2921
2707 2921 2705
2921 2707 2922
2709 2922 2707
2922 2709 2923
2711 2923 2709
2923 2711 2924
2711 2925 2924
2925 2711 2714
2715 2925 2714
2926 2927 2928
2927 2929 2928
2926 2930 2927
2929 2931 2928
2929 2932 2931
2932 2933 2931
2932 2934 2933
2934 2935 2933
2934 2936 2935
2936 2937 2935
2936 2938 2937
2938 2936 2939
2939 2940 2938
2939 2941 2940
2939 2942 2941
2942 2943 2941
2942 2944 2943
2944 2945 2943
2944 2946 2945
2946 2947 2945
2946 2948 2947
2948 2949 2947
2948 2950 2949
2948 2951 2950
2951 2952 2950
2951 2953 2952
2951 2954 2953
2951 2955 2954
2956 2957 2958
2957 2959 2958
2959 2957 2960
2961 2960 2962
2960 2961 2963
2964 2962 2965
2962 2964 2966
2967 2968 2969
2969 2968 2970
2969 2970 2971
2968 2972 2970
2967 2973 2968
2968 2974 2972
2968 2973 2974
2973 2975 2974
2967 2976 2973
2973 2977 2975
2973 2976 2977
2976 2978 2977
2967 2979 2976
2967 2969 2979
2976 2980 2978
2976 2979 2980
2979 2981 2980
2979 2982 2981
2979 2969 2982
2969 2971 2982
2983 2970 2972
2972 2984 2983
2984 2972 2974
2983 2984 2985
2983 2985 2986
2984 2987 2985
2986 2988 2983
2988 2986 2989
2990 2988 2989
2971 2988 2990
2990 2982 2971
2990 2989 2991
2983 2988 2970
2988 2971 2970
2987 2984 2992
2992 2993 2987
2992 2994 2993
2975 2994 2992
2994 2995 2993
2992 2974 2975
2992 2984 2974
2995 2994 2996
2996 2997 2995
2996 2998 2997
2978 2998 2996
2998 2999 2997
2996 2977 2978
2996 2994 2977
2994 2975 2977
2999 2998 3000
3000 3001 2999
3000 3002 3001
2981 3002 3000
3002 2991 3001
3000 2980 2981
3000 2998 2980
2998 2978 2980
2991 3002 2990
2990 3002 2982
3002 2981 2982
3003 2997 2999
3003 2999 3001
3003 3004 2997
3005 3004 3003
3005 3006 3004
3005 3007 3006
3006 3007 2985
3006 2985 2987
3007 2986 2985
3004 3006 2993
3006 2987 2993
3004 2993 2995
3004 2995 2997
3005 3003 3008
3005 3008 3007
3008 3001 2991
3008 3003 3001
3007 2989 2986
3007 3008 2989
3008 2991 2989
3009 3010 3011
3010 3009 3012
3009 3011 3013
3013 3014 3009
3014 3012 3009
3012 3014 3015
3014 3016 3015
3011 3017 3013
3017 3011 3018
3019 3017 3018
3019 3018 3020
3019 3021 3017
3019 3022 3021
3019 3023 3022
3020 3023 3019
3021 3024 3017
3017 3024 3025
3013 3017 3025
3026 3013 3025
3027 3025 3024
3027 3028 3025
3025 3028 3029
3020 3018 3030
3031 3020 3030
3020 3031 3032
3033 3032 3031
3032 3033 3034
3034 3035 3032
3036 3034 3033
3034 3036 3037
3034 3038 3035
3038 3034 3037
3029 3039 3025
3026 3025 3039
3026 3039 3040
3041 3040 3039
3041 3039 3042
3039 3043 3042
3039 3029 3043
3043 3029 3028
3043 3044 3042
3030 3045 3031
3031 3046 3033
3033 3046 3036
3031 3045 3046
3032 3035 3047
3038 3047 3035
3020 3032 3047
3023 3020 3047
3038 3023 3047
3048 3038 3037
3037 3049 3048
3038 3048 3050
3050 3051 3038
3051 3050 3052
3052 3053 3051
3053 3052 3054
3053 3054 3055
3056 3053 3055
3057 3056 3055
3057 3058 3056
3055 3059 3057
3060 3057 3059
3059 3055 3061
3062 3059 3061
3059 3062 3063
3060 3059 3063
3064 3060 3063
3065 3063 3062
3063 3065 3066
3067 3063 3066
3064 3063 3067
3068 3064 3067
3068 3067 3069
3068 3069 3070
3070 3069 3071
3072 3067 3066
3067 3072 3069
3066 3065 3072
3069 3072 3073
3071 3069 3073
3073 3072 3065
3074 3071 3073
3070 3071 3074
3075 3070 3074
3074 3076 3075
3075 3076 3077
3077 3078 3075
3078 3077 3079
3079 3080 3078
3080 3079 3081
3076 3082 3077
3083 3082 3076
3074 3083 3076
3084 3079 3077
3082 3084 3077
3079 3084 3085
3079 3085 3086
3079 3086 3081
3087 3074 3073
3074 3087 3083
3087 3088 3083
3083 3088 3082
3088 3087 3089
3087 3065 3089
3090 3088 3089
3088 3090 3091
3088 3091 3082
3091 3090 3092
3093 3092 3090
3089 3093 3090
3093 3094 3092
3093 3095 3094
3093 3089 3096
3065 3096 3089
3095 3093 3097
3093 3096 3097
3096 3065 3097
3095 3097 3098
3065 3098 3097
3095 3098 3099
3065 3099 3098
3094 3095 3099
3094 3100 3092
3101 3100 3094
3094 3102 3101
3094 3099 3102
3092 3103 3091
3100 3103 3092
3099 3104 3102
3104 3099 3105
3105 3106 3104
3107 3104 3106
3104 3107 3108
3104 3108 3102
3108 3109 3102
3108 3107 3109
3105 3110 3106
3111 3110 3105
3111 3054 3110
3101 3102 3112
3102 3109 3112
3110 3113 3106
3113 3107 3106
3113 3110 3114
3114 3115 3113
3107 3113 3116
3117 3116 3113
3115 3117 3113
3116 3117 3118
3117 3048 3118
3118 3119 3116
3116 3119 3120
3107 3116 3120
3107 3120 3109
3120 3121 3109
3109 3121 3112
3121 3120 3122
3122 3123 3121
3123 3122 3124
3120 3125 3122
3125 3124 3122
3120 3126 3125
3120 3119 3126
3119 3118 3126
3124 3125 3127
3128 3124 3127
3127 3129 3128
3129 3130 3128
3130 3131 3128
3124 3128 3131
3123 3124 3131
3132 3123 3131
3118 3049 3126
3049 3133 3126
3133 3049 3134
3126 3133 3135
3125 3126 3135
3125 3135 3127
3136 3127 3135
3136 3135 3137
3135 3133 3137
3127 3136 3138
3127 3138 3129
3139 3137 3133
3139 3133 3134
3139 3134 3140
3036 3140 3134
3036 3134 3049
3131 3141 3132
3141 3131 3130
3141 3130 3142
3143 3142 3130
3141 3144 3132
3132 3144 3145
3145 3123 3132
3123 3145 3146
3146 3121 3123
3121 3146 3112
3144 3147 3145
3147 3141 3142
3141 3147 3144
3142 3148 3147
3147 3148 3145
3148 3149 3145
3145 3149 3150
3146 3145 3150
3151 3146 3150
3112 3146 3151
3150 3152 3151
3112 3151 3101
3153 3149 3148
3149 3153 3154
3155 3154 3153
3156 3155 3153
3156 3157 3155
3155 3157 3158
3158 3154 3155
3154 3158 3159
3160 3159 3158
3159 3160 3161
3160 3162 3161
3163 3161 3162
3164 3163 3162
3164 3165 3163
3164 3166 3165
3157 3167 3158
3160 3158 3167
3168 3156 3153
3169 3162 3160
3164 3162 3169
3169 3160 3167
3164 3169 3103
3166 3164 3103
3169 3167 3170
3170 3171 3169
3169 3171 3103
3103 3171 3091
3091 3171 3082
3172 3159 3161
3159 3172 3173
3173 3172 3150
3173 3154 3159
3154 3173 3149
3149 3173 3150
3172 3174 3150
3161 3174 3172
3174 3161 3163
3163 3175 3174
3150 3174 3175
3175 3163 3165
3165 3176 3175
3150 3175 3176
3165 3177 3176
3178 3176 3177
3177 3179 3178
3151 3178 3179
3100 3151 3179
3179 3177 3166
3179 3166 3100
3166 3177 3165
3176 3178 3152
3178 3151 3152
3150 3176 3152
3166 3103 3100
3100 3101 3151
3180 3181 3182
3181 3180 3183
3181 3183 3184
3181 3184 3185
3184 3186 3185
3181 3187 3182
3188 3182 3187
3189 3187 3181
3189 3181 3185
3187 3189 3190
3191 3189 3185
3189 3191 3192
3189 3192 3190
3185 3193 3191
3186 3193 3185
3191 3193 3194
3195 3191 3194
3196 3195 3194
3193 3196 3194
3191 3195 3197
3191 3197 3192
3186 3170 3193
3193 3167 3196
3170 3167 3193
3188 3187 3198
3190 3198 3187
3199 3188 3198
3199 3198 3200
3198 3190 3200
3167 3157 3196
3196 3157 3201
3196 3201 3195
3157 3202 3201
3156 3202 3157
3170 3084 3171
3084 3170 3186
3085 3084 3186
3086 3085 3186
3082 3171 3084
3086 3186 3184
3086 3184 3183
3086 3183 3203
3204 3205 3206
3205 3207 3206
3208 3207 3205
3205 3209 3208
3209 3210 3208
3209 3205 3211
3204 3211 3205
3204 3212 3211
3213 3207 3208
3214 3213 3208
3210 3214 3208
3213 3214 3215
3215 3216 3213
3216 3215 3217
3217 3218 3216
3207 3213 3219
3219 3213 3216
3220 3207 3219
3219 3221 3220
3221 3219 3222
3219 3216 3222
3222 3223 3221
3223 3222 3224
3222 3216 3224
3224 3225 3223
3225 3224 3226
3226 3224 3227
3224 3228 3227
3216 3228 3224
3218 3228 3216
3227 3228 3229
3229 3228 3218
3229 3218 3014
3040 3226 3227
3230 3226 3040
3230 3225 3226
3040 3227 3026
3026 3227 3013
3013 3229 3014
3227 3229 3013
3041 3230 3040
3207 3220 3231
3207 3231 3206
3014 3218 3016
3217 3016 3218
3232 3233 3234
3233 3232 3058
3028 3234 3233
3234 3028 3235
3028 3236 3235
3236 3028 3027
3027 3024 3236
3024 3237 3236
3024 3238 3237
3024 3021 3238
3021 3022 3238
3236 3237 3239
3236 3239 3235
3235 3239 3234
3234 3239 3232
3239 3240 3232
3232 3240 3056
3058 3232 3056
3240 3053 3056
3023 3238 3022
3023 3241 3238
3241 3239 3237
3241 3237 3238
3239 3241 3242
3243 3239 3242
3239 3243 3240
3243 3051 3240
3051 3053 3240
3038 3051 3243
3038 3242 3241
3038 3241 3023
3038 3243 3242
3244 3245 3246
3212 3244 3246
3245 3210 3246
3212 3246 3211
3246 3209 3211
3210 3209 3246
3247 3248 3057
3248 3058 3057
3248 3233 3058
3233 3248 3043
3043 3028 3233
3060 3247 3057
3247 3044 3248
3043 3248 3044
3018 3011 3030
3011 3249 3030
3030 3249 3045
3011 3010 3249
3055 3054 3250
3111 3250 3054
3055 3250 3061
3061 3250 3111
3061 3111 3062
3062 3111 3105
3062 3105 3099
3062 3099 3065
3052 3110 3054
3110 3052 3114
3114 3052 3050
3115 3114 3050
3050 3117 3115
3050 3048 3117
3087 3073 3065
3048 3049 3118
3037 3036 3049
3046 3140 3036
3251 3153 3142
3148 3142 3153
3153 3251 3168
3143 3251 3142
3252 3251 3143
3143 3253 3252
3252 3253 3254
3252 3254 3255
3255 3256 3252
3252 3256 3251
3256 3255 3257
3255 3258 3257
3255 3254 3258
3259 3256 3257
3257 3260 3259
3260 3257 3261
3257 3262 3261
3257 3258 3262
3262 3263 3261
3263 3260 3261
3143 3264 3253
3265 3264 3143
3130 3265 3143
3265 3130 3129
3138 3265 3129
3266 3267 3268
3268 3267 3269
3269 3270 3268
3266 3268 3270
3270 3269 3271
3272 3266 3270
3273 3272 3270
3272 3273 3274
3275 3270 3271
3270 3275 3273
3276 3277 3278
3277 3276 3279
3280 3279 3276
3279 3280 3281
3282 3281 3280
3281 3282 3283
3284 3283 3282
3283 3284 3285
3284 3286 3285
3286 3284 3287
3287 3288 3286
3288 3287 3289
3289 3290 3288
3290 3289 3291
3291 3292 3290
3292 3291 3293
3293 3294 3292
3294 3293 3295
3295 3296 3294
3296 3295 3297
3297 3298 3296
3298 3297 3299
3299 3300 3298
3300 3299 3301
3301 3302 3300
3302 3301 3303
3303 3304 3302
3304 3303 3305
3305 3306 3304
3306 3305 3307
3307 3308 3306
3308 3307 3309
3309 3310 3308
3310 3309 3311
3311 3312 3310
3312 3311 3313
3312 3313 3314
3315 3316 3317
3318 3315 3317
3315 3318 3319
3320 3319 3318
3319 3320 3321
3277 3322 3278
3278 3322 3323
3277 3324 3322
3325 3326 3327
3326 3325 3328
3329 3328 3325
3328 3329 3330
3331 3330 3329
3330 3331 3332
3326 3333 3327
3333 3326 3334
3334 3335 3333
3335 3334 3336
3337 3338 3339
3338 3337 3340
3339 3341 3337
3341 3339 3342
3342 3343 3341
3344 3345 3346
3345 3344 3347
3347 3348 3345
3348 3347 3349
3349 3350 3348
3350 3349 3351
3351 3352 3350
3352 3351 3353
3353 3354 3352
3354 3353 3355
3356 3354 3355
3354 3356 3357
3358 3359 3360
3358 3360 3361
3360 3359 3362
3359 3363 3362
3361 3360 3364
3361 3364 3365
3365 3364 3366
3366 3367 3365
3368 3369 3370
3371 3372 3373
3372 3371 3374
3374 3375 3372
3373 3376 3371
3376 3373 3377
3377 3373 3378
3378 3379 3377
3377 3379 3380
3380 3379 3381
3371 3382 3374
3374 3382 3375
3382 3371 3383
3376 3383 3371
3383 3376 3384
3384 3385 3383
3380 3381 3386
3385 3384 3386
3384 3380 3386
3387 3388 3389
3389 3390 3387
3389 3388 3391
3391 3388 3392
3392 3393 3391
3392 3394 3393
3395 3396 3390
3396 3395 3397
3395 3398 3397
3398 3399 3397
3399 3398 3400
3399 3400 3401
3402 3403 3404
3402 3404 3405
3406 3402 3405
3402 3406 3407
3406 3408 3407
3408 3406 3409
3409 3410 3408
3410 3409 3411
3410 3411 3412
3410 3412 3413
3413 3412 3414
3404 3403 3415
3413 3414 3416
3417 3413 3416
3417 3416 3418
3419 3417 3418
3417 3419 3420
3421 3420 3419
3420 3421 3422
3421 3423 3422
3423 3421 3424
3423 3424 3425
3423 3425 3426
3425 3427 3426
3428 3426 3427
3429 3426 3428
3429 3428 3430
3431 3429 3430
3429 3431 3432
3431 3433 3432
3433 3431 3434
3434 3435 3433
3435 3434 3436
3435 3436 3437
3435 3437 3438
3438 3437 3439
3438 3439 3440
3441 3438 3440
3441 3440 3442
3443 3441 3442
3441 3443 3444
3445 3444 3443
3444 3445 3446
3445 3447 3446
3447 3445 3448
3447 3448 3449
3447 3449 3403
3449 3415 3403
3450 3451 3452
3451 3450 3453
3451 3454 3452
3454 3451 3455
3455 3456 3454
3456 3455 3457
3458 3456 3457
3456 3458 3459
3458 3460 3459
3460 3458 3461
3462 3460 3461
3460 3462 3463
3462 3464 3463
3464 3462 3465
3466 3464 3465
3464 3466 3467
3468 3467 3466
3467 3468 3469
3468 3470 3469
3470 3468 3471
3472 3470 3471
3470 3472 3473
3472 3474 3473
3474 3472 3475
3475 3476 3474
3476 3475 3477
3478 3476 3477
3476 3478 3479
3478 3480 3479
3480 3478 3481
3482 3480 3481
3480 3482 3483
3482 3484 3483
3484 3482 3485
3486 3484 3485
3484 3486 3487
3488 3487 3486
3487 3488 3489
3488 3450 3489
3450 3488 3453
3490 3491 3492
3493 3494 3495
3496 3497 3498
3497 3496 3499
3498 3497 3500
3501 3499 3496
3499 3501 3502
3502 3503 3499
3504 3503 3502
3504 3502 3505
3504 3505 3506
3507 3496 3498
3498 3500 3507
3496 3507 3508
3508 3501 3496
3501 3508 3509
3509 3508 3510
3511 3506 3505
3511 3509 3510
3511 3505 3509
3512 3513 3514
3515 3516 3517
3516 3515 3518
3517 3516 3519
3515 3520 3518
3520 3515 3521
3520 3521 3522
3523 3524 3525
3526 3527 3528
3529 3527 3526
3527 3529 3530
3529 3531 3530
3528 3527 3532
3530 3531 3533
3534 3535 3536
3537 3536 3535
3536 3537 3538
3539 3538 3537
3538 3539 3540
3540 3539 3541
3534 3536 3542
3543 3538 3540
3540 3541 3543
3538 3543 3544
3544 3536 3538
3536 3544 3545
3546 3536 3545
3546 3542 3536
3547 3548 3549
3550 3549 3548
3550 3551 3549
3551 3550 3552
3552 3553 3551
3554 3553 3552
3553 3554 3555
3556 3555 3557
3557 3558 3556
3558 3559 3556
3559 3558 3560
3560 3561 3559
3560 3562 3561
3563 3561 3562
3564 3565 3566
3565 3564 3567
3568 3567 3564
3567 3568 3569
3570 3566 3565
3566 3570 3571
3570 3572 3571
3572 3570 3573
3573 3574 3572
3574 3573 3575
3576 3574 3575
3574 3576 3577
3578 3577 3576
3577 3578 3579
3578 3580 3579
3580 3578 3581
3581 3582 3580
3582 3581 3583
3583 3584 3582
3584 3583 3585
3586 3584 3585
3584 3586 3587
3588 3587 3586
3587 3588 3589
3590 3589 3588
3589 3590 3591
3590 3592 3591
3592 3590 3593
3593 3594 3592
3594 3593 3595
3596 3594 3595
3594 3596 3597
3598 3597 3596
3597 3598 3599
3598 3600 3599
3600 3598 3601
3601 3602 3600
3602 3601 3603
3603 3568 3602
3568 3603 3569
3604 3605 3606
3605 3607 3606
3607 3605 3608
3608 3609 3607
3609 3608 3610
3610 3611 3609
3604 3612 3605
3608 3613 3610
3610 3613 3611
3613 3608 3614
3605 3614 3608
3614 3605 3615
3616 3615 3605
3616 3605 3612
3617 3618 3619
3620 3619 3618
3620 3618 3621
3621 3622 3620
3621 3623 3622
3623 3621 3624
3624 3625 3623
3626 3627 3625
3628 3627 3626
3627 3628 3629
3628 3630 3629
3630 3628 3631
3630 3631 3632
3633 3632 3631
3634 3635 3636
3637 3638 3639
3637 3640 3638
3638 3641 3639
3639 3641 3642
3640 3643 3638
3640 3644 3643
3644 3645 3643
3645 3644 3646
3647 3648 3649
3650 3651 3652
3651 3650 3653
3652 3651 3654
3655 3653 3650
3653 3655 3656
3656 3657 3653
3657 3656 3658
3656 3659 3658
3659 3660 3658
3661 3650 3652
3652 3654 3661
3650 3661 3662
3662 3655 3650
3655 3662 3663
3663 3662 3664
3659 3665 3660
3664 3665 3663
3663 3665 3659
3666 3667 3668
3667 3666 3669
3667 3670 3668
3670 3671 3668
3671 3670 3672
3671 3672 3673
3674 3669 3675
3675 3676 3674
3674 3676 3677
3677 3676 3678
3678 3679 3677
3678 3680 3679
3681 3682 3683
3684 3685 3686
3687 3688 3689
3690 3691 3692
3691 3690 3693
3693 3694 3691
3690 3692 3695
3695 3696 3690
3695 3697 3696
3698 3699 3700
3701 3702 3703
3703 3704 3701
3704 3703 3705
3704 3705 3706
3702 3707 3703
3705 3708 3706
3709 3710 3711
3710 3712 3711
3712 3710 3713
3713 3714 3712
3714 3713 3715
3715 3716 3714
3709 3717 3710
3713 3718 3715
3715 3718 3716
3718 3713 3719
3710 3719 3713
3719 3710 3720
3721 3720 3710
3721 3710 3717
3722 3723 3724
3725 3724 3723
3725 3723 3726
3726 3727 3725
3727 3726 3728
3729 3727 3728
3728 3730 3729
3731 3732 3730
3732 3731 3733
3733 3731 3734
3734 3735 3733
3735 3734 3736
3735 3736 3737
3738 3737 3736
3739 3740 3741
3742 3743 3744
3742 3745 3743
3743 3746 3744
3744 3746 3747
3745 3748 3743
3745 3749 3748
3749 3750 3748
3750 3749 3751
3752 3753 3754
3755 3756 3757
3758 3759 3760
3761 3762 3763
3762 3761 3764
3764 3765 3762
3763 3766 3761
3766 3763 3767
3767 3763 3768
3769 3767 3768
3769 3770 3767
3769 3771 3770
3761 3772 3764
3764 3772 3765
3772 3761 3773
3766 3773 3761
3773 3766 3774
3774 3775 3773
3776 3770 3771
3776 3775 3774
3776 3774 3770
3777 3778 3779
3780 3781 3782
3781 3780 3783
3783 3784 3781
3780 3782 3785
3785 3786 3780
3785 3787 3786
3788 3789 3790
3791 3792 3793
3793 3794 3791
3794 3793 3795
3794 3795 3796
3792 3797 3793
3795 3798 3796
3799 3800 3801
3802 3801 3800
3801 3802 3803
3804 3803 3802
3803 3804 3805
3805 3804 3806
3799 3801 3807
3808 3803 3805
3805 3806 3808
3803 3808 3809
3809 3801 3803
3801 3809 3810
3811 3801 3810
3811 3807 3801
3812 3813 3814
3815 3814 3813
3815 3816 3814
3816 3815 3817
3818 3816 3817
3816 3818 3819
3819 3818 3820
3821 3820 3822
3822 3823 3821
3823 3822 3824
3823 3824 3825
3825 3826 3823
3825 3827 3826
3828 3826 3827
3829 3830 3831
3832 3833 3834
3832 3834 3835
3834 3833 3836
3833 3837 3836
3835 3834 3838
3835 3838 3839
3839 3838 3840
3840 3841 3839
3842 3843 3844
3845 3846 3847
3848 3849 3850
3851 3852 3853
3854 3855 3856
3855 3854 3857
3856 3855 3858
3854 3859 3857
3859 3854 3860
3859 3860 3861
3862 3863 3864
3865 3866 3867
3868 3866 3865
3866 3868 3869
3868 3870 3869
3867 3866 3871
3869 3870 3872
3873 3874 3875
