byte offset: 0
first index: 51717
index count: 1272
topology: trianglelist
format: DXGI_FORMAT_R16_UINT

13838 13839 13840
13838 13840 13841
13842 13841 13840
13843 13842 13840
13841 13842 13844
13845 13841 13844
13845 13846 13841
13841 13846 13838
13842 13847 13844
13848 13844 13847
13844 13848 13849
13845 13844 13849
13847 13842 13850
13843 13850 13842
13851 13847 13850
13847 13851 13852
13852 13848 13847
13853 13852 13851
13851 13854 13853
13854 13851 13855
13850 13855 13851
13855 13856 13854
13856 13857 13854
13857 13856 13858
13858 13859 13857
13859 13858 13860
13856 13855 13861
13862 13861 13855
13855 13850 13862
13861 13862 13863
13852 13853 13864
13854 13865 13853
13865 13854 13857
13866 13857 13859
13857 13866 13865
13867 13865 13866
13865 13867 13868
13853 13868 13864
13868 13853 13865
13869 13864 13868
13864 13869 13870
13871 13870 13869
13869 13872 13871
13872 13869 13873
13868 13873 13869
13873 13868 13867
13870 13871 13874
13875 13870 13874
13870 13875 13876
13876 13864 13870
13862 13877 13863
13877 13862 13843
13873 13878 13872
13878 13873 13879
13879 13880 13878
13880 13879 13881
13882 13880 13881
13881 13883 13882
13883 13881 13884
13885 13882 13883
13882 13885 13886
13881 13887 13884
13881 13879 13887
13873 13887 13879
13880 13882 13888
13886 13888 13882
13888 13886 13889
13890 13878 13880
13888 13890 13880
13878 13890 13891
13890 13892 13891
13892 13890 13893
13894 13892 13893
13892 13894 13895
13893 13896 13894
13896 13893 13897
13898 13893 13890
13893 13898 13897
13890 13888 13898
13889 13898 13888
13899 13897 13898
13898 13889 13899
13897 13899 13900
13900 13896 13897
13901 13891 13892
13891 13901 13902
13901 13903 13902
13903 13901 13904
13905 13904 13901
13905 13892 13895
13892 13905 13901
13904 13905 13906
13907 13894 13896
13894 13907 13908
13908 13895 13894
13895 13908 13909
13909 13905 13895
13910 13907 13896
13896 13900 13910
13907 13910 13911
13912 13906 13905
13905 13909 13912
13906 13912 13913
13914 13906 13913
13906 13914 13915
13915 13904 13906
13904 13915 13916
13915 13917 13916
13917 13915 13918
13919 13904 13916
13904 13919 13903
13916 13920 13919
13920 13916 13917
13917 13921 13920
13921 13917 13922
13918 13922 13917
13922 13923 13921
13923 13922 13924
13924 13925 13923
13925 13924 13926
13926 13927 13925
13927 13926 13928
13929 13927 13928
13927 13929 13930
13928 13931 13929
13931 13928 13932
13932 13933 13931
13933 13932 13934
13932 13935 13934
13935 13932 13936
13936 13928 13926
13928 13936 13932
13937 13935 13936
13937 13926 13924
13926 13937 13936
13935 13937 13938
13939 13938 13937
13924 13939 13937
13938 13939 13940
13918 13940 13939
13940 13918 13941
13922 13918 13939
13939 13924 13922
13915 13941 13918
13941 13915 13914
13934 13942 13933
13942 13934 13943
13943 13944 13942
13944 13943 13945
13943 13946 13945
13946 13947 13945
13947 13946 13948
13949 13948 13946
13948 13949 13950
13951 13950 13949
13950 13951 13952
13953 13950 13952
13950 13953 13954
13955 13953 13952
13956 13950 13954
13950 13956 13948
13947 13948 13956
13956 13957 13947
13958 13947 13957
13957 13959 13958
13959 13957 13960
13960 13961 13959
13961 13960 13962
13962 13963 13961
13963 13962 13964
13965 13962 13960
13962 13965 13966
13966 13964 13962
13964 13966 13967
13966 13968 13967
13968 13966 13969
13966 13970 13969
13970 13966 13965
13970 13971 13969
13971 13970 13972
13973 13972 13970
13965 13973 13970
13972 13973 13974
13974 13975 13972
13975 13974 13976
13976 13977 13975
13977 13976 13978
13955 13978 13976
13978 13955 13979
13980 13972 13975
13972 13980 13971
13969 13981 13968
13981 13969 13971
13980 13981 13971
13978 13982 13977
13982 13978 13983
13979 13983 13978
13983 13979 13984
13983 13985 13982
13986 13982 13985
13982 13986 13987
13988 13987 13986
13985 13989 13986
13989 13988 13986
13989 13985 13990
13988 13989 13991
13989 13992 13991
13992 13989 13993
13990 13993 13989
13993 13990 13994
13993 13995 13992
13995 13993 13996
13996 13997 13995
13997 13996 13998
13996 13999 13998
13999 13996 14000
14000 13993 13994
13993 14000 13996
14000 14001 13999
14001 14000 14002
13994 14002 14000
14002 14003 14001
14003 14002 14004
14002 13994 14005
14005 14004 14002
14004 14005 14006
13994 14007 14005
14007 13994 13990
14005 14008 14006
14008 14005 14007
14007 14009 14008
14009 14007 14010
13990 14010 14007
14010 13984 14009
13984 14010 13983
13985 13983 14010
14010 13990 13985
14011 14009 13984
13984 14012 14011
14013 14011 14012
14011 14013 14014
14014 14015 14011
14009 14011 14015
14015 14014 14016
14017 14015 14016
14015 14017 14018
14018 14009 14015
14009 14018 14008
14017 14019 14018
14019 14017 14020
14020 14021 14019
14021 14020 14022
14022 14023 14021
14023 14022 14024
14012 14025 14013
14025 14012 14026
13951 14025 14026
14026 13952 13951
13952 14026 13955
14025 13951 14027
13949 14027 13951
14027 13949 14028
13949 14029 14028
14029 13949 13946
13946 13943 14029
14020 13907 14022
14022 13911 14024
13911 14022 13907
13934 14029 13943
14029 13934 13935
14029 13938 14028
13938 14029 13935
14028 13940 14027
13940 14028 13938
13941 14027 13940
14027 13941 14025
13914 14025 13941
14025 13914 14013
13914 14014 14013
14014 13914 13913
13913 14016 14014
14016 13913 13912
13912 14017 14016
14017 13912 13909
13909 14020 14017
14020 13909 13908
13907 14020 13908
14030 14031 14032
13877 14030 14032
14033 13877 14032
13877 14033 13863
14034 13863 14033
13863 14034 13861
14035 13861 14034
13861 14035 13856
14035 13858 13856
13858 14035 14036
14034 14037 14035
14037 14036 14035
14037 14034 14038
14033 14038 14034
14038 14039 14037
14039 14038 14040
14040 14041 14039
14041 14040 14042
14043 14040 14038
14038 14033 14043
14040 14043 14044
14044 14042 14040
14042 14044 14045
14039 14046 14037
14036 14037 14046
14046 14047 14036
14046 14039 14048
14048 14049 14046
14049 14047 14046
14049 14048 14050
14051 14039 14041
14039 14051 14048
14051 14050 14048
14052 14041 14042
14045 14052 14042
14041 14052 14053
14051 14041 14053
14054 14045 14044
14043 14054 14044
14054 14043 14055
14043 14032 14055
14032 14043 14033
14032 14031 14055
14047 14056 13860
13860 14056 14057
13860 14057 13859
14056 14058 14057
14057 14058 14059
13859 14057 13866
14057 14060 13866
14057 14059 14060
14060 13867 13866
13867 14060 13887
13887 13873 13867
14060 14059 13884
14060 13884 13887
13860 13858 14036
13860 14036 14047
14031 14030 13839
14030 13840 13839
13877 13840 14030
13843 13840 13877
13850 13843 13862
14061 14062 14063
14062 14061 14064
14065 14064 14061
14064 14065 14066
14065 13930 14066
13930 14065 13927
14065 13925 13927
13925 14065 14067
14061 14067 14065
14068 13925 14067
13925 14068 13923
14069 13923 14068
13923 14069 13921
14069 13920 13921
13920 14069 13875
13875 13919 13920
13919 13875 13874
13871 13919 13874
13919 13871 13903
13872 13903 13871
13903 13872 13902
13872 13891 13902
13891 13872 13878
14067 13849 14068
13849 14067 14070
13848 14068 13849
14068 13848 14069
13876 14069 13848
14069 13876 13875
14070 13845 13849
14070 14071 13845
13848 13852 13876
13864 13876 13852
14070 14063 14071
14063 13846 14071
13845 14071 13846
14063 14070 14061
14067 14061 14070
13947 13958 14072
14072 13945 13947
13945 14072 13944
13957 13956 14073
14073 13960 13957
13960 14073 13965
13973 13965 14073
14073 13954 13973
13954 14073 13956
13954 13974 13973
13974 13954 13953
13953 13976 13974
13976 13953 13955
14026 13979 13955
13979 14026 14012
14012 13984 13979
13963 14074 14075
14074 13963 13964
13964 14076 14074
14076 13964 13967
13968 14076 13967
14077 13995 14078
13995 14077 13992
13991 13992 14077
13997 14078 13995
14078 13997 14079
14080 13982 13987
13982 14080 13977
14080 13975 13977
13975 14080 13980
14018 14006 14008
14006 14018 14019
14019 14004 14006
14004 14019 14021
14023 14004 14021
14004 14023 14003
