byte offset: 0
first index: 0
index count: 5430
topology: trianglelist
format: DXGI_FORMAT_R16_UINT

0 1 2
3 1 0
1 4 2
2 4 5
2 5 6
6 5 7
8 4 1
8 1 9
8 9 10
9 11 10
9 12 11
1 12 9
8 10 13
14 8 13
14 5 4
14 4 8
14 13 15
10 11 16
10 16 17
13 10 17
13 17 18
15 13 18
15 18 19
19 20 15
19 21 20
22 15 20
22 20 23
21 24 20
23 20 24
23 24 25
15 22 26
15 26 14
27 25 24
14 26 28
14 28 5
19 29 21
29 27 24
29 24 21
19 30 29
7 5 28
31 32 33
31 33 34
34 33 35
34 35 36
37 36 35
37 35 38
34 39 31
31 39 40
31 40 41
41 32 31
34 42 39
36 42 34
36 43 42
37 43 36
41 44 32
37 45 43
46 47 48
46 48 49
50 48 47
51 52 53
54 51 53
53 52 55
56 54 53
52 57 55
52 58 57
59 57 58
59 60 57
61 62 63
61 63 64
64 63 65
64 65 66
63 62 67
67 62 68
67 68 69
70 67 69
70 69 71
70 71 72
70 72 73
73 72 74
73 74 75
72 76 74
73 77 70
75 77 73
63 67 77
65 63 77
70 77 67
75 78 77
65 77 78
65 79 66
80 66 79
80 79 81
81 79 82
75 83 78
75 84 83
84 75 85
85 75 74
83 65 78
65 86 79
86 87 79
82 79 87
88 82 87
86 88 87
83 89 65
89 86 65
89 90 86
90 88 86
91 92 93
93 94 91
94 93 95
96 92 91
97 98 99
100 101 102
102 101 103
104 105 106
107 108 109
110 111 112
113 114 115
116 117 118
117 119 118
120 121 122
123 124 125
126 127 128
129 130 131
132 133 134
133 132 135
132 136 135
135 137 133
135 136 138
138 136 139
140 139 136
140 141 139
139 142 138
143 144 145
146 143 145
147 148 149
147 149 150
151 152 153
151 153 154
152 155 153
155 156 153
153 156 157
158 159 160
161 162 163
162 164 163
163 164 165
164 166 165
166 167 165
164 162 168
166 164 168
165 167 169
170 162 161
170 171 162
170 172 171
168 173 166
174 169 167
174 175 169
176 177 178
176 178 179
176 180 177
178 181 179
182 183 184
185 186 187
186 185 188
187 189 185
190 191 192
190 192 193
191 194 192
194 195 192
192 195 196
192 196 197
198 199 200
200 201 198
202 203 204
205 206 207
208 209 210
208 210 211
212 213 214
212 214 215
213 216 214
213 217 216
213 212 218
213 218 219
219 217 213
219 218 220
219 220 221
219 221 222
219 222 217
215 214 223
215 223 224
224 223 225
224 225 226
226 225 227
214 216 228
214 228 223
223 229 225
223 228 229
230 225 229
225 230 231
227 225 232
225 231 232
227 232 233
233 232 231
227 233 234
233 231 235
234 233 236
234 236 237
237 236 238
236 239 238
236 240 239
233 235 240
233 240 236
237 238 241
238 239 242
238 242 243
241 238 243
243 242 244
243 244 245
246 243 245
241 243 246
246 245 247
247 245 248
247 248 249
245 244 250
245 250 248
248 251 249
250 251 248
252 253 254
252 254 255
254 256 255
254 257 256
257 258 256
257 259 258
259 260 258
259 261 260
261 262 260
261 263 262
264 253 252
264 252 265
265 266 264
266 267 264
268 266 265
266 268 269
268 270 269
270 271 269
270 272 271
270 273 272
273 274 272
273 275 274
275 276 274
275 277 276
277 278 276
279 267 266
280 281 282
280 282 283
283 282 284
283 284 285
285 284 286
285 286 287
287 286 288
287 288 289
289 288 290
289 290 291
281 280 292
280 293 292
292 293 294
293 295 294
293 296 295
296 297 295
296 298 297
298 299 297
298 300 299
300 301 299
300 302 301
302 303 301
302 304 303
304 305 303
306 307 303
308 307 306
308 309 307
306 303 310
311 310 303
308 312 309
308 313 312
308 314 313
314 315 313
316 315 314
316 317 315
318 317 316
319 317 318
318 320 319
320 318 321
321 322 320
322 321 323
323 324 322
324 323 325
324 325 326
327 324 326
328 327 326
328 329 327
330 329 328
330 331 329
332 331 330
332 333 331
334 333 332
334 335 333
336 335 334
337 335 336
337 336 338
339 337 338
340 341 342
340 342 343
344 341 340
344 345 341
346 345 344
346 344 347
348 346 347
348 349 346
350 349 348
350 348 351
352 350 351
353 352 351
354 352 353
355 356 357
356 358 357
356 359 358
359 360 358
361 358 360
361 360 362
360 363 362
363 360 359
362 363 364
362 364 365
364 366 365
364 367 366
366 367 368
366 368 369
369 368 370
369 370 371
372 371 370
372 370 373
372 373 374
372 374 375
374 376 375
374 377 376
378 376 377
378 379 376
361 380 381
380 382 381
380 383 382
382 383 384
382 384 385
385 384 386
385 386 387
387 386 388
387 388 389
389 388 390
389 390 391
392 391 390
392 390 393
394 395 396
397 394 396
396 395 398
399 400 401
399 401 402
400 403 401
400 404 403
400 405 404
405 406 404
407 406 405
407 408 406
409 408 407
409 410 408
409 411 410
412 413 414
412 414 415
416 412 415
416 417 412
418 417 416
418 419 417
420 421 422
423 424 425
424 423 426
426 423 427
426 427 428
428 427 429
428 429 430
430 429 431
430 431 432
432 431 433
432 433 434
433 435 434
433 436 435
436 437 435
436 438 437
439 437 438
439 438 440
439 440 441
439 441 442
442 441 443
442 443 444
444 443 445
444 445 446
446 445 447
446 447 448
447 449 448
448 449 450
449 451 450
450 451 452
453 454 455
453 455 456
454 457 455
454 458 457
458 459 457
458 460 459
460 461 459
460 462 461
462 463 461
462 464 463
463 464 465
465 466 463
466 465 467
466 467 468
469 466 468
470 466 469
470 471 466
471 470 472
471 472 473
473 472 474
473 474 475
475 474 476
475 476 477
476 478 477
479 480 481
482 483 484
485 486 487
485 487 488
486 489 487
486 490 489
490 491 489
490 492 491
492 493 491
492 494 493
495 496 497
495 497 498
498 497 499
498 499 500
499 501 500
499 502 501
502 503 501
502 504 503
505 506 507
505 507 508
505 508 509
505 509 510
511 512 513
513 512 514
515 516 517
518 519 520
521 522 523
524 525 526
527 528 529
528 530 529
531 532 533
534 535 536
537 538 539
540 541 542
543 544 545
543 545 546
546 545 547
546 547 548
546 549 543
546 550 549
548 550 546
551 549 550
551 550 552
550 553 552
548 553 550
544 554 545
544 555 554
555 556 554
555 557 556
557 558 556
557 559 558
559 560 558
559 561 560
556 558 562
556 562 563
558 560 564
558 564 562
561 565 560
561 566 565
566 567 565
565 567 568
565 568 569
560 565 569
560 569 564
566 570 567
567 571 568
567 572 571
570 572 567
572 573 571
572 574 573
575 574 572
570 575 572
575 576 574
576 577 574
576 578 577
574 577 579
574 579 573
580 577 578
580 579 577
545 554 581
545 581 547
581 554 582
554 556 582
556 563 582
583 584 585
583 585 586
585 584 587
585 587 588
588 587 589
588 589 590
590 589 591
590 591 592
593 583 586
593 594 583
594 593 595
593 596 595
597 594 595
595 598 597
597 598 599
599 598 600
599 600 601
599 601 602
602 601 603
602 603 604
604 603 605
604 605 606
606 605 607
596 608 595
609 610 611
609 611 612
613 609 612
613 612 614
615 613 614
615 614 616
617 615 616
617 616 618
611 610 619
620 611 619
621 620 619
622 620 621
622 623 620
624 623 622
624 625 623
626 625 624
626 627 625
628 627 626
628 629 627
630 629 628
630 631 629
632 631 630
618 633 617
618 634 633
635 636 637
635 637 638
636 639 637
636 640 639
641 639 640
635 638 642
635 642 643
635 643 644
644 643 645
646 644 645
646 645 647
648 646 647
649 648 647
648 649 650
648 650 651
648 651 652
652 651 653
651 654 653
651 655 654
650 655 651
654 656 653
657 656 654
654 658 657
659 660 661
661 660 662
663 662 660
664 662 663
662 664 665
662 665 661
666 665 664
666 664 667
668 666 667
668 667 669
670 668 669
670 669 671
672 670 671
672 671 673
672 673 674
672 674 675
674 676 675
674 677 676
678 676 677
679 678 677
679 677 680
680 677 681
682 681 673
683 682 673
683 673 684
685 683 684
685 684 686
687 685 686
687 686 688
689 687 688
682 690 681
680 681 690
679 680 691
679 692 678
693 678 692
678 693 694
693 692 695
689 696 687
663 696 689
678 694 697
678 697 676
698 699 690
700 699 698
700 698 701
702 700 701
702 701 703
704 702 703
704 703 705
706 704 705
706 705 707
699 708 690
690 708 680
708 691 680
709 710 711
712 709 711
709 713 710
714 715 716
714 717 715
718 716 715
719 716 718
719 718 720
721 719 720
721 720 722
723 721 722
723 722 724
725 718 715
724 726 723
727 728 729
730 729 728
730 728 731
731 728 732
727 732 728
731 732 733
731 733 734
731 734 735
736 735 734
736 734 737
738 736 737
738 737 739
740 738 739
740 739 741
740 741 742
743 730 731
743 731 735
744 743 735
744 735 736
745 744 736
745 736 738
746 745 738
746 738 740
742 746 740
742 747 746
748 747 742
742 749 748
741 749 742
748 750 747
751 750 748
749 751 748
751 752 750
751 749 753
751 753 754
751 754 752
753 755 754
753 756 755
749 756 753
757 755 756
757 756 758
758 756 759
749 759 756
758 759 760
761 758 760
761 760 762
763 761 762
763 762 764
763 764 765
766 757 758
766 758 761
767 766 761
767 761 763
768 767 763
769 768 763
770 771 772
773 774 775
776 777 778
776 778 779
779 778 780
779 780 781
781 780 782
781 782 783
783 782 784
783 784 785
786 787 788
786 788 789
790 786 789
790 789 791
790 791 792
790 792 793
793 792 794
793 794 795
796 797 798
796 798 799
800 799 798
800 798 801
802 803 804
803 805 804
806 807 808
809 810 811
812 813 814
815 816 817
818 819 820
820 819 821
822 823 824
825 826 827
828 829 830
831 832 833
834 835 836
834 836 837
838 839 840
838 840 841
842 843 844
842 844 845
846 847 848
846 848 849
850 851 852
850 852 853
591 854 855
591 855 592
856 857 858
856 858 859
859 860 856
859 861 860
861 862 860
861 863 862
863 864 862
863 865 864
864 865 866
864 866 867
866 868 867
868 869 867
868 870 869
871 872 873
874 875 876
875 877 876
878 879 880
878 880 881
882 883 884
1 885 12
3 885 1
886 887 888
886 889 887
890 891 892
893 68 62
893 62 61
894 895 896
897 898 899
897 899 900
901 902 903
904 905 906
907 908 909
456 910 453
911 912 913
911 913 914
913 912 915
913 915 916
915 917 916
915 918 917
918 919 917
918 920 919
921 922 923
921 923 924
925 922 921
925 921 926
927 925 926
927 928 925
929 928 927
929 930 928
931 932 933
934 935 936
937 938 939
940 941 942
940 943 941
944 945 946
944 947 945
944 948 947
948 949 947
950 946 945
950 951 946
950 952 951
951 952 953
951 953 954
946 951 954
950 955 952
956 955 950
956 950 945
956 945 947
956 957 955
952 958 953
952 959 958
955 959 952
955 960 959
957 960 955
957 961 960
946 954 962
961 957 963
961 963 964
965 963 957
965 966 963
964 963 967
966 967 963
966 968 967
957 956 969
957 969 965
970 967 968
956 971 969
956 947 971
961 964 972
972 964 967
972 967 970
961 972 973
947 949 971
974 946 962
974 975 946
975 944 946
976 977 978
976 978 979
977 980 978
977 981 980
982 980 981
982 983 980
977 976 984
976 985 984
976 986 985
986 976 979
977 984 987
981 977 987
981 987 988
982 981 988
986 979 989
982 988 990
991 992 993
991 993 994
995 994 993
996 997 998
999 997 996
997 1000 998
998 1000 1001
1002 997 999
998 1001 1003
1004 1003 1001
1004 1001 1005
1006 1007 1008
1006 1008 1009
1007 1010 1008
1007 1011 1010
1008 1012 1009
1012 1013 1009
1012 1014 1013
1015 1014 1012
1015 1016 1014
1015 1017 1016
1015 1018 1017
1018 1019 1017
1018 1020 1019
1017 1019 1021
1018 1015 1022
1020 1018 1022
1008 1022 1012
1010 1022 1008
1022 1015 1012
1020 1022 1023
1010 1023 1022
1010 1011 1024
1025 1024 1011
1025 1026 1024
1026 1027 1024
1020 1023 1028
1020 1028 1029
1029 1030 1020
1020 1030 1019
1028 1023 1010
1010 1024 1031
1031 1024 1032
1024 1027 1032
1033 1032 1027
1033 1031 1032
1028 1010 1034
1034 1010 1031
1034 1031 1035
1035 1031 1033
1036 1037 1038
1037 1036 1039
1039 1040 1037
1041 1036 1038
1042 1043 1044
1045 1046 1047
1046 1048 1047
1049 1050 1051
1052 1053 1054
1055 1056 1057
1058 1059 1060
1061 1062 1063
1063 1062 1064
1065 1066 1067
1068 1069 1070
1071 1072 1073
1074 1075 1076
1077 1078 1079
1079 1080 1077
1077 1080 1081
1080 1079 1082
1080 1083 1081
1084 1081 1083
1085 1081 1084
1085 1084 1086
1083 1087 1084
1088 1089 1090
1091 1089 1088
1092 1093 1094
1092 1094 1095
1096 1097 1098
1096 1099 1097
1098 1097 1100
1101 1100 1097
1097 1102 1101
1103 1104 1105
1106 1107 1108
1108 1107 1109
1107 1110 1109
1109 1110 1111
1111 1110 1112
1109 1113 1108
1111 1113 1109
1110 1114 1112
1115 1106 1108
1115 1108 1116
1115 1116 1117
1113 1111 1118
1119 1112 1114
1119 1114 1120
1121 1122 1123
1121 1123 1124
1123 1122 1125
1126 1127 1128
1129 1130 1131
1131 1132 1129
1130 1129 1133
1134 1135 1136
1134 1137 1135
1136 1135 1138
1138 1135 1139
1135 1140 1139
1135 1141 1140
1142 1143 1144
1143 1142 1145
1146 1147 1148
1149 1150 1151
1152 1153 1154
1152 1154 1155
1156 1157 1158
1156 1158 1159
1159 1158 1160
1159 1160 1161
1159 1162 1156
1159 1163 1162
1163 1159 1161
1163 1164 1162
1163 1165 1164
1163 1166 1165
1163 1161 1166
1157 1167 1158
1157 1168 1167
1168 1169 1167
1168 1170 1169
1170 1171 1169
1158 1167 1172
1158 1172 1160
1167 1169 1173
1172 1167 1173
1174 1173 1169
1169 1175 1174
1169 1171 1176
1169 1176 1175
1171 1177 1176
1177 1175 1176
1171 1178 1177
1177 1179 1175
1178 1180 1177
1178 1181 1180
1181 1182 1180
1180 1182 1183
1180 1183 1184
1177 1180 1184
1177 1184 1179
1181 1185 1182
1182 1186 1183
1182 1187 1186
1185 1187 1182
1187 1188 1186
1187 1189 1188
1190 1189 1187
1185 1190 1187
1190 1191 1189
1191 1192 1189
1191 1193 1192
1189 1192 1194
1189 1194 1188
1195 1192 1193
1194 1192 1195
1196 1197 1198
1196 1198 1199
1198 1197 1200
1198 1200 1201
1201 1200 1202
1201 1202 1203
1203 1202 1204
1203 1204 1205
1205 1204 1206
1205 1206 1207
1208 1196 1199
1208 1209 1196
1209 1208 1210
1210 1208 1211
1212 1209 1210
1210 1213 1212
1212 1213 1214
1214 1213 1215
1214 1215 1216
1214 1216 1217
1217 1216 1218
1217 1218 1219
1219 1218 1220
1219 1220 1221
1221 1220 1222
1223 1210 1211
1224 1225 1226
1224 1226 1227
1225 1228 1226
1225 1229 1228
1229 1230 1228
1229 1231 1230
1231 1232 1230
1231 1233 1232
1233 1234 1232
1233 1235 1234
1224 1227 1236
1224 1236 1237
1236 1238 1237
1237 1238 1239
1237 1239 1240
1240 1239 1241
1240 1241 1242
1242 1241 1243
1242 1243 1244
1244 1243 1245
1244 1245 1246
1246 1245 1247
1246 1247 1248
1248 1247 1249
1250 1251 1247
1250 1247 1252
1253 1250 1252
1253 1252 1254
1255 1247 1251
1253 1254 1256
1253 1256 1257
1253 1257 1258
1258 1257 1259
1260 1258 1259
1260 1259 1261
1262 1260 1261
1263 1262 1261
1262 1263 1264
1264 1265 1262
1265 1264 1266
1266 1267 1265
1267 1266 1268
1268 1269 1267
1269 1268 1270
1271 1270 1268
1272 1273 1274
1272 1274 1275
1276 1272 1275
1276 1275 1277
1278 1276 1277
1278 1279 1276
1280 1279 1278
1280 1278 1281
1282 1280 1281
1282 1283 1280
1283 1282 1284
1285 1283 1284
1286 1285 1284
1287 1288 1289
1289 1288 1290
1289 1290 1291
1291 1290 1292
1293 1292 1290
1293 1294 1292
1292 1294 1295
1295 1291 1292
1294 1296 1295
1294 1297 1296
1296 1297 1298
1296 1298 1299
1298 1300 1299
1298 1301 1300
1301 1302 1300
1301 1303 1302
1304 1302 1303
1304 1305 1302
1304 1306 1305
1304 1307 1306
1306 1307 1308
1306 1308 1309
1310 1309 1308
1310 1308 1311
1293 1312 1313
1313 1312 1314
1313 1314 1315
1314 1316 1315
1314 1317 1316
1317 1318 1316
1317 1319 1318
1319 1320 1318
1319 1321 1320
1321 1322 1320
1321 1323 1322
1324 1322 1323
1324 1325 1322
1326 1327 1328
1329 1327 1326
1327 1330 1328
1331 1332 1333
1331 1334 1332
1333 1332 1335
1333 1335 1336
1333 1336 1337
1337 1336 1338
1339 1337 1338
1339 1338 1340
1341 1339 1340
1341 1340 1342
1341 1342 1343
1344 1345 1346
1344 1346 1347
1348 1345 1344
1348 1344 1349
1350 1348 1349
1350 1349 1351
1352 1353 1354
1355 1356 1357
1355 1357 1358
1358 1359 1355
1358 1360 1359
1360 1361 1359
1360 1362 1361
1362 1363 1361
1362 1364 1363
1364 1365 1363
1364 1366 1365
1365 1366 1367
1365 1367 1368
1368 1367 1369
1368 1369 1370
1371 1370 1369
1371 1372 1370
1371 1373 1372
1371 1374 1373
1374 1375 1373
1374 1376 1375
1376 1377 1375
1376 1378 1377
1378 1379 1377
1378 1380 1379
1379 1380 1381
1381 1380 1382
1381 1382 1383
1382 1384 1383
1385 1386 1387
1385 1387 1388
1388 1387 1389
1388 1389 1390
1390 1389 1391
1390 1391 1392
1392 1391 1393
1392 1393 1394
1394 1393 1395
1394 1395 1396
1395 1397 1396
1397 1395 1398
1398 1399 1397
1398 1400 1399
1401 1400 1398
1402 1401 1398
1402 1398 1403
1403 1404 1402
1403 1405 1404
1405 1406 1404
1405 1407 1406
1407 1408 1406
1407 1409 1408
1408 1409 1410
1411 1412 1413
1414 1415 1416
1417 1418 1419
1417 1419 1420
1420 1419 1421
1420 1421 1422
1422 1421 1423
1422 1423 1424
1424 1423 1425
1424 1425 1426
1427 1428 1429
1427 1429 1430
1428 1431 1429
1428 1432 1431
1431 1432 1433
1431 1433 1434
1434 1433 1435
1434 1435 1436
1437 1438 1439
1438 1440 1439
1441 1442 1443
1444 1445 1446
1447 1448 1449
1450 1451 1452
1453 1454 1455
1455 1454 1456
1457 1458 1459
1460 1461 1462
1463 1464 1465
1466 1467 1468
1469 1470 1471
1469 1471 1472
1470 1473 1471
1470 1474 1473
1470 1469 1475
1470 1475 1476
1474 1470 1476
1477 1476 1475
1477 1478 1476
1476 1478 1479
1474 1476 1479
1472 1471 1480
1472 1480 1481
1481 1480 1482
1481 1482 1483
1483 1482 1484
1483 1484 1485
1485 1484 1486
1485 1486 1487
1482 1488 1484
1482 1489 1488
1484 1488 1490
1484 1490 1486
1487 1486 1491
1487 1491 1492
1492 1491 1493
1491 1494 1493
1491 1495 1494
1486 1490 1495
1486 1495 1491
1492 1493 1496
1493 1494 1497
1493 1497 1498
1496 1493 1498
1498 1497 1499
1498 1499 1500
1501 1498 1500
1496 1498 1501
1501 1500 1502
1502 1500 1503
1502 1503 1504
1500 1499 1505
1500 1505 1503
1506 1504 1503
1506 1503 1505
1471 1473 1507
1471 1507 1480
1507 1508 1480
1480 1508 1482
1489 1482 1508
1509 1510 1511
1509 1511 1512
1511 1513 1512
1511 1514 1513
1514 1515 1513
1514 1516 1515
1516 1517 1515
1516 1518 1517
1519 1510 1509
1519 1509 1520
1520 1521 1519
1519 1521 1522
1523 1521 1520
1521 1523 1524
1523 1525 1524
1525 1526 1524
1525 1527 1526
1525 1528 1527
1528 1529 1527
1528 1530 1529
1530 1531 1529
1530 1532 1531
1532 1533 1531
1522 1521 1534
1535 1536 1537
1535 1537 1538
1539 1536 1535
1539 1540 1536
1541 1540 1539
1541 1542 1540
1543 1542 1541
1543 1544 1542
1537 1545 1538
1546 1545 1537
1547 1545 1546
1548 1547 1546
1548 1546 1549
1550 1548 1549
1550 1549 1551
1552 1550 1551
1552 1551 1553
1554 1552 1553
1554 1553 1555
1556 1554 1555
1556 1555 1557
1558 1556 1557
1544 1543 1559
1544 1559 1560
1561 1562 1563
1561 1563 1564
1564 1563 1565
1564 1565 1566
1567 1566 1565
1561 1568 1562
1561 1569 1568
1561 1570 1569
1570 1571 1569
1572 1571 1570
1572 1573 1571
1574 1573 1572
1575 1573 1574
1574 1576 1575
1576 1574 1577
1576 1577 1578
1577 1579 1578
1579 1577 1580
1581 1579 1580
1485 1487 1582
1487 1583 1582
1487 1584 1583
1584 1585 1583
1586 1583 1585
1587 1586 1585
1585 1588 1587
1588 1585 1584
1589 1587 1588
1589 1590 1587
1591 1590 1589
1591 1592 1590
1593 1592 1591
1593 1594 1592
1595 1594 1593
1595 1596 1594
1595 1597 1596
1595 1598 1597
1597 1598 1599
1597 1599 1600
1601 1600 1599
1601 1599 1602
1601 1602 1603
1601 1603 1604
1605 1606 1596
1607 1606 1605
1607 1608 1606
1609 1608 1607
1609 1610 1608
1611 1610 1609
1605 1596 1612
1611 1609 1613
1614 1611 1613
1613 1615 1614
1612 1596 1616
1612 1616 1617
1618 1617 1616
1618 1616 1619
1615 1620 1621
1621 1620 1622
1621 1622 1623
1623 1622 1624
1623 1624 1625
1625 1624 1626
1625 1626 1627
1627 1626 1628
1627 1628 1629
1628 1630 1629
1630 1631 1629
1631 1630 1632
1633 1634 1635
1636 1634 1633
1633 1635 1637
1638 1639 1640
1638 1640 1641
1642 1640 1639
1643 1642 1639
1643 1644 1642
1645 1644 1643
1645 1646 1644
1647 1646 1645
1647 1648 1646
1649 1640 1642
1648 1647 1650
1651 1652 1653
1651 1653 1654
1651 1654 1655
1651 1655 1656
1657 1656 1655
1657 1658 1656
1659 1660 1661
1662 1661 1660
1662 1663 1661
1664 1663 1662
1664 1665 1663
1666 1665 1664
1666 1667 1665
1668 1667 1666
1668 1669 1667
1670 1669 1668
1670 1671 1669
1672 1671 1670
1672 1670 1673
1674 1672 1673
1674 1673 1675
1676 1674 1675
1676 1675 1677
1676 1677 1678
1676 1678 1679
1679 1678 1680
1679 1680 1681
1682 1681 1680
1682 1683 1681
1684 1683 1682
1684 1685 1683
1686 1685 1684
1686 1687 1685
1688 1687 1686
1689 1687 1688
1690 1691 1692
1690 1692 1693
1690 1694 1691
1690 1695 1694
1696 1694 1695
1696 1697 1694
1698 1697 1696
1698 1699 1697
1700 1699 1698
1700 1701 1699
1701 1700 1702
1703 1693 1692
1701 1702 1704
1702 1705 1704
1704 1705 1706
1706 1707 1704
1704 1707 1708
1704 1708 1709
1710 1709 1708
1710 1711 1709
1712 1711 1710
1712 1713 1711
1714 1713 1712
1714 1715 1713
1714 1716 1715
1717 1718 1719
1720 1721 1722
1723 1724 1725
1723 1725 1726
1724 1727 1725
1724 1728 1727
1728 1729 1727
1728 1730 1729
1730 1731 1729
1730 1732 1731
1733 1734 1735
1733 1735 1736
1737 1734 1733
1737 1738 1734
1737 1739 1738
1737 1740 1739
1740 1741 1739
1740 1742 1741
1743 1744 1745
1745 1744 1746
1747 1748 1749
1750 1751 1752
1753 1754 1755
1756 1757 1758
1759 1760 1761
1760 1762 1761
1763 1764 1765
1766 1767 1768
1769 1770 1771
1772 1773 1774
1775 1776 1777
1775 1777 1778
1779 1780 1781
1779 1781 1782
1783 1784 1785
1783 1785 1786
1787 1788 1789
1787 1789 1790
1791 1792 1793
1791 1793 1794
1517 1518 1795
1517 1795 1796
1797 1798 1799
1797 1799 1800
1798 1797 1801
1798 1801 1802
1802 1801 1803
1802 1803 1804
1804 1803 1805
1804 1805 1806
1805 1807 1806
1805 1808 1807
1807 1808 1809
1808 1810 1809
1809 1810 1811
1812 1813 1814
1815 1816 1817
1815 1817 1818
1819 1820 1821
1822 1819 1821
1822 1823 1819
1824 1823 1822
1820 1825 1821
1820 1826 1825
1826 1827 1825
1826 1828 1827
1828 1829 1827
1828 1830 1829
1830 1831 1829
1830 1832 1831
1833 1834 1835
1833 1835 1836
1837 1838 1839
1840 1006 1009
1840 1009 1013
1841 1842 1843
1844 1845 1846
1844 1846 1847
1848 1849 1850
1851 1852 1853
1854 1855 1856
1857 1858 1859
1386 1385 1860
1861 1862 1863
1861 1863 1864
1863 1865 1864
1863 1866 1865
1865 1866 1867
1865 1867 1868
1868 1867 1869
1868 1869 1870
1871 1872 1873
1874 1875 1876
1874 1876 1877
1878 1874 1877
1878 1879 1874
1880 1879 1878
1880 1878 1881
1882 1880 1881
1882 1881 1883
1884 1885 1886
1887 1888 1889
1890 1891 1892
1890 1892 1893
1891 1894 1892
1891 1895 1894
1895 1896 1894
1894 1896 1897
1897 1896 1898
1899 1900 1901
1899 1901 1902
1900 1903 1901
1900 1904 1903
1904 1905 1903
1904 1906 1905
1905 1906 1907
1908 1909 1910
1911 1912 1913
1911 1913 1914
1915 1916 1917
1915 1917 1918
1916 1919 1917
1916 1920 1919
1921 1922 1923
1924 1925 1926
1927 1928 1929
1927 1929 1930
1931 1932 1933
1931 1933 1934
1933 1932 1935
1933 1935 1936
1937 1938 1939
1937 1939 1940
1941 1942 1943
1941 1943 1944
1944 1943 1945
1944 1945 1946
1946 1945 1947
1945 1948 1947
1948 1949 1947
1950 1951 1952
1950 1952 1953
1953 1952 1954
1953 1954 1955
1955 1954 1956
1955 1956 1957
1956 1958 1957
1959 1960 1961
1962 1963 1964
1962 1964 1965
1966 1967 1968
1966 1968 1969
1969 1968 1970
1969 1970 1971
1972 1973 1974
1975 1976 1977
1978 1979 1980
1978 1980 1981
1982 1983 1984
1982 1984 1985
1986 1987 1988
1989 1990 1991
1989 1991 1992
1993 1994 1995
1993 1995 1996
1997 1998 1999
1997 1999 2000
2001 2002 2003
2001 2003 2004
2004 2005 2001
2004 2006 2005
2007 2008 2009
2007 2009 2010
2011 2012 2013
2011 2013 2014
2015 2016 2017
2015 2017 2018
2019 2020 2021
2022 2023 2024
2022 2024 2025
2026 2027 2028
2029 2030 2031
2032 2033 2034
2032 2034 2035
2036 2037 2038
2039 2040 2041
2042 2043 2044
2045 2046 2047
2045 2047 2048
2049 2050 2051
2052 2053 2054
2052 2054 2055
2056 2057 2058
2059 2060 2061
2062 2063 2064
2065 2066 2067
2065 2067 2068
2069 2070 2071
2069 2071 2072
2073 2074 2075
2073 2075 2076
2077 2078 2079
2077 2079 2080
2078 2077 2081
2078 2081 2082
2083 2084 2085
2083 2085 2086
2087 2088 2089
2087 2089 2090
2091 2092 2093
2091 2093 2094
2095 2096 2097
2098 2099 2100
2098 2100 2101
2102 2103 2104
2105 2106 2107
2108 2109 2110
2108 2110 2111
2112 2113 2114
2115 2116 2117
2118 2119 2120
2121 2122 2123
2121 2123 2124
2125 2126 2127
2128 2129 2130
2128 2130 2131
2132 2133 2134
2135 2136 2137
72 71 2138
1016 1017 2139
2140 2141 2142
2143 2144 2145
2143 2145 2146
2147 2148 2149
2150 2151 2152
2153 2154 2155
2156 2157 2158
2159 2160 2161
2162 2163 2164
2165 2166 2167
2165 2167 2168
2169 2170 2171
2169 2171 2172
2173 2174 2175
2173 2175 2176
2177 2178 2179
2177 2179 2180
2178 2177 2181
2178 2181 2182
2183 2184 2185
2183 2185 2186
2187 2188 2189
2187 2189 2190
2191 2192 2193
2191 2193 2194
2195 2196 2197
2198 2199 2200
2198 2200 2201
2202 2203 2204
2205 2206 2207
2208 2209 2210
2208 2210 2211
2212 2213 2214
2215 2216 2217
2218 2219 2220
2221 2222 2223
2221 2223 2224
2225 2226 2227
2228 2229 2230
2228 2230 2231
2232 2233 2234
2235 2236 2237
2238 2239 2240
2241 2242 2243
2244 2245 2246
2247 2248 2249
2247 2249 2250
2251 2252 2253
2251 2253 2254
2255 2256 2257
2255 2257 2258
2259 2260 2261
2259 2261 2262
2262 2263 2259
2262 2264 2263
2265 2266 2267
2265 2267 2268
2269 2270 2271
2269 2271 2272
2273 2274 2275
2273 2275 2276
2277 2278 2279
2280 2281 2282
2280 2282 2283
2284 2285 2286
2287 2288 2289
2290 2291 2292
2290 2292 2293
2294 2295 2296
2297 2298 2299
2300 2301 2302
2303 2304 2305
2303 2305 2306
2307 2308 2309
2310 2311 2312
2310 2312 2313
2314 2315 2316
2317 2318 2319
2320 2321 2322
2323 2324 2325
