byte offset: 0
first index: 65361
index count: 12111
topology: trianglelist
format: DXGI_FORMAT_R16_UINT

16589 16590 16591
16590 16589 16592
16593 16590 16592
16590 16593 16594
16595 16590 16594
16590 16595 16596
16596 16591 16590
16591 16596 16597
16598 16594 16593
16594 16598 16599
16600 16599 16598
16599 16600 16601
16602 16601 16600
16601 16602 16603
16604 16601 16603
16601 16604 16605
16605 16599 16601
16603 16606 16604
16606 16603 16607
16607 16608 16606
16608 16607 16609
16607 16610 16609
16610 16607 16611
16603 16611 16607
16611 16603 16602
16609 16612 16608
16612 16609 16613
16613 16614 16612
16614 16613 16615
16613 16616 16615
16616 16613 16617
16609 16617 16613
16617 16609 16610
16615 16618 16614
16618 16615 16619
16619 16620 16618
16620 16619 16621
16619 16622 16621
16622 16619 16623
16615 16623 16619
16623 16615 16616
16621 16624 16620
16624 16621 16625
16625 16626 16624
16626 16625 16627
16628 16627 16625
16621 16628 16625
16628 16621 16622
16627 16628 16629
16630 16631 16632
16631 16630 16633
16631 16634 16632
16634 16631 16635
16633 16636 16631
16636 16633 16637
16638 16637 16633
16637 16638 16639
16638 16640 16639
16641 16639 16640
16639 16641 16642
16642 16637 16639
16640 16638 16643
16644 16643 16638
16633 16644 16638
16644 16633 16630
16643 16644 16645
16643 16646 16640
16640 16646 16647
16640 16647 16641
16648 16647 16646
16649 16648 16646
16649 16646 16643
16649 16643 16645
16648 16649 16650
16589 16648 16650
16648 16589 16591
16597 16648 16591
16648 16597 16651
16647 16648 16651
16637 16642 16652
16653 16637 16652
16654 16653 16652
16653 16636 16637
16655 16636 16653
16656 16655 16653
16654 16656 16653
16656 16657 16655
16657 16656 16658
16659 16655 16657
16655 16659 16660
16655 16660 16636
16659 16635 16660
16635 16659 16661
16662 16635 16661
16663 16658 16656
16656 16654 16663
16658 16663 16664
16634 16635 16662
16631 16660 16635
16660 16631 16636
16661 16665 16662
16665 16661 16666
16667 16665 16666
16667 16666 16668
16668 16666 16669
16669 16659 16657
16661 16669 16666
16669 16661 16659
16657 16670 16669
16671 16667 16668
16667 16671 16672
16673 16672 16671
16671 16674 16673
16673 16674 16675
16670 16676 16669
16671 16668 16676
16669 16676 16668
16676 16677 16671
16671 16677 16674
16677 16676 16678
16676 16670 16678
16679 16678 16670
16678 16679 16680
16681 16680 16679
16680 16681 16682
16680 16683 16678
16683 16677 16678
16684 16677 16683
16675 16674 16684
16674 16677 16684
16684 16685 16675
16686 16675 16685
16685 16684 16687
16684 16683 16687
16688 16687 16683
16683 16680 16688
16682 16688 16680
16687 16688 16689
16690 16687 16689
16690 16685 16687
16691 16689 16688
16688 16682 16691
16689 16691 16692
16692 16690 16689
16690 16692 16693
16690 16693 16694
16695 16685 16690
16695 16686 16685
16695 16690 16694
16695 16696 16686
16696 16695 16697
16694 16697 16695
16697 16698 16696
16698 16697 16699
16697 16694 16700
16700 16699 16697
16699 16700 16701
16701 16702 16699
16702 16701 16703
16703 16704 16702
16705 16702 16704
16702 16705 16706
16706 16699 16702
16699 16706 16698
16704 16703 16707
16707 16708 16704
16708 16707 16709
16710 16704 16708
16704 16710 16705
16711 16710 16708
16709 16711 16708
16710 16711 16712
16712 16711 16713
16713 16711 16714
16711 16709 16714
16599 16605 16715
16715 16594 16599
16594 16715 16595
16658 16670 16657
16670 16658 16679
16664 16679 16658
16679 16664 16681
16716 16717 16718
16717 16719 16718
16720 16718 16719
16721 16718 16720
16718 16721 16722
16722 16716 16718
16717 16723 16719
16724 16716 16722
16716 16724 16725
16717 16716 16725
16721 16726 16722
16720 16727 16721
16717 16728 16723
16729 16728 16717
16730 16723 16728
16731 16723 16730
16730 16732 16731
16732 16733 16731
16731 16733 16734
16723 16731 16734
16723 16734 16735
16730 16728 16736
16729 16736 16728
16734 16733 16737
16734 16737 16738
16738 16739 16734
16734 16739 16735
16739 16740 16735
16737 16741 16738
16741 16742 16738
16742 16739 16738
16742 16741 16743
16744 16743 16741
16741 16745 16744
16745 16741 16746
16737 16746 16741
16743 16744 16747
16748 16747 16744
16744 16745 16748
16747 16748 16749
16749 16750 16747
16750 16749 16751
16752 16751 16749
16751 16752 16753
16754 16753 16752
16753 16754 16755
16747 16756 16743
16756 16747 16750
16743 16756 16757
16743 16757 16742
16758 16757 16756
16748 16745 16759
16760 16748 16759
16748 16760 16761
16761 16749 16748
16749 16761 16752
16762 16761 16760
16762 16752 16761
16752 16762 16754
16757 16758 16763
16764 16754 16762
16754 16764 16765
16765 16755 16754
16755 16765 16766
16767 16758 16756
16768 16767 16756
16769 16767 16768
16767 16769 16770
16770 16771 16767
16771 16758 16767
16758 16771 16772
16758 16772 16763
16771 16770 16773
16774 16773 16770
16774 16770 16775
16770 16769 16775
16774 16775 16776
16777 16774 16776
16777 16778 16774
16773 16774 16778
16778 16777 16779
16780 16779 16777
16779 16780 16781
16782 16781 16780
16781 16782 16783
16784 16781 16783
16781 16784 16785
16785 16779 16781
16779 16785 16786
16786 16778 16779
16771 16773 16787
16783 16788 16784
16788 16783 16789
16788 16789 16790
16790 16789 16791
16783 16791 16789
16791 16783 16782
16778 16786 16792
16793 16778 16792
16787 16793 16794
16773 16793 16787
16787 16794 16795
16794 16796 16795
16795 16796 16797
16797 16772 16795
16795 16772 16787
16772 16771 16787
16772 16797 16798
16798 16763 16772
16763 16798 16799
16799 16800 16763
16800 16799 16801
16802 16801 16799
16801 16802 16803
16802 16804 16803
16804 16802 16805
16805 16806 16804
16806 16805 16807
16808 16804 16806
16808 16803 16804
16803 16808 16809
16801 16803 16809
16810 16809 16808
16810 16808 16811
16811 16808 16806
16809 16810 16812
16811 16806 16813
16814 16812 16810
16740 16812 16814
16815 16812 16740
16815 16801 16809
16815 16809 16812
16816 16813 16806
16816 16806 16807
16817 16816 16807
16817 16807 16818
16805 16818 16807
16818 16805 16819
16818 16819 16820
16819 16821 16820
16819 16822 16821
16822 16823 16821
16819 16802 16822
16802 16819 16805
16799 16822 16802
16822 16799 16798
16822 16798 16824
16823 16822 16824
16798 16797 16824
16797 16825 16824
16796 16825 16797
16720 16810 16826
16814 16810 16720
16720 16719 16814
16814 16719 16735
16735 16740 16814
16719 16723 16735
16826 16810 16811
16811 16827 16826
16811 16828 16827
16811 16813 16828
16826 16827 16829
16829 16727 16826
16720 16826 16727
16830 16727 16829
16830 16721 16727
16831 16721 16830
16726 16721 16831
16740 16739 16832
16742 16832 16739
16740 16832 16815
16815 16832 16800
16800 16832 16742
16742 16757 16800
16801 16815 16800
16757 16763 16800
16833 16834 16835
16836 16834 16833
16834 16836 16837
16837 16838 16834
16835 16834 16838
16838 16837 16839
16766 16837 16836
16837 16766 16765
16765 16839 16837
16839 16765 16764
16840 16841 16842
16842 16841 16843
16844 16840 16842
16845 16844 16842
16845 16846 16844
16847 16846 16845
16848 16847 16845
16847 16848 16849
16848 16850 16849
16850 16848 16851
16852 16850 16851
16853 16852 16851
16853 16854 16852
16855 16854 16853
16854 16855 16856
16855 16857 16856
16857 16858 16856
16857 16859 16858
16859 16860 16858
16857 16861 16859
16861 16862 16859
16855 16863 16857
16857 16863 16861
16859 16862 16864
16859 16864 16860
16864 16865 16860
16863 16866 16861
16867 16861 16866
16868 16861 16867
16868 16869 16861
16861 16869 16870
16868 16871 16869
16869 16871 16872
16868 16873 16871
16874 16868 16867
16874 16873 16868
16874 16875 16873
16875 16874 16876
16876 16877 16875
16876 16878 16877
16877 16878 16879
16880 16879 16878
16879 16880 16881
16880 16882 16881
16882 16880 16883
16882 16883 16884
16883 16885 16884
16883 16886 16885
16885 16886 16887
16887 16886 16888
16886 16843 16888
16889 16886 16890
16891 16892 16893
16892 16891 16894
16895 16894 16891
16894 16895 16896
16897 16895 16891
16895 16897 16898
16898 16899 16895
16899 16896 16895
16899 16898 16900
16891 16901 16897
16901 16891 16893
16900 16902 16899
16902 16900 16903
16902 16903 16904
16904 16905 16902
16905 16904 16906
16907 16905 16906
16905 16907 16908
16909 16908 16907
16908 16909 16910
16910 16911 16908
16911 16910 16912
16908 16913 16905
16913 16908 16911
16913 16902 16905
16899 16902 16913
16914 16899 16913
16915 16911 16912
16911 16915 16916
16917 16916 16915
16916 16917 16918
16919 16918 16917
16918 16919 16920
16921 16916 16918
16916 16921 16922
16911 16922 16913
16922 16911 16916
16918 16923 16921
16923 16918 16920
16919 16924 16920
16924 16923 16920
16909 16907 16925
16926 16925 16907
16906 16926 16907
16926 16906 16927
16928 16926 16927
16926 16928 16929
16930 16926 16929
16931 16930 16929
16928 16931 16929
16930 16931 16932
16933 16930 16932
16930 16933 16934
16935 16934 16933
16934 16935 16936
16936 16937 16934
16937 16938 16934
16938 16930 16934
16937 16939 16938
16925 16938 16939
16939 16937 16940
16941 16940 16937
16937 16936 16941
16940 16941 16942
16943 16940 16942
16940 16943 16944
16945 16944 16943
16944 16945 16946
16947 16941 16936
16948 16947 16936
16936 16935 16948
16940 16949 16939
16949 16940 16944
16946 16949 16944
16949 16946 16950
16909 16939 16949
16939 16909 16925
16938 16925 16951
16925 16926 16951
16926 16930 16951
16952 16946 16945
16946 16952 16953
16953 16950 16946
16952 16954 16953
16954 16955 16953
16950 16953 16955
16930 16938 16951
16947 16948 16956
16947 16956 16957
16957 16958 16947
16958 16959 16947
16959 16958 16960
16957 16961 16958
16960 16958 16961
16957 16962 16961
16962 16963 16961
16964 16962 16957
16957 16956 16964
16965 16962 16964
16965 16963 16962
16966 16963 16965
16966 16965 16967
16968 16966 16967
16967 16969 16968
16969 16967 16970
16970 16971 16969
16971 16970 16972
16970 16973 16972
16966 16968 16974
16974 16975 16966
16975 16974 16976
16972 16973 16977
16972 16977 16978
16979 16970 16967
16965 16979 16967
16970 16979 16980
16970 16980 16973
16973 16981 16977
16981 16973 16982
16980 16982 16973
16982 16980 16983
16979 16983 16980
16983 16979 16984
16965 16984 16979
16964 16984 16965
16981 16985 16977
16977 16985 16978
16985 16986 16978
16986 16985 16987
16988 16987 16985
16985 16981 16988
16987 16988 16989
16987 16990 16986
16990 16987 16991
16987 16992 16991
16992 16987 16989
16993 16991 16992
16992 16994 16993
16994 16992 16995
16989 16995 16992
16991 16993 16996
16996 16990 16991
16990 16996 16997
16997 16998 16990
16998 16986 16990
16998 16997 16999
16995 16989 17000
16988 17000 16989
16995 17000 17001
16995 17001 17002
16988 17003 17000
16988 16981 17003
17002 17001 17004
16995 17005 16994
17005 16995 17002
17002 17006 17005
17006 17002 17004
17007 17006 17004
16986 16998 17008
17008 16978 16986
16978 17008 17009
17009 16972 16978
16972 17009 16971
17010 17011 16999
17011 17010 17012
17013 17012 17010
17012 17013 17014
17015 17014 17013
17014 17015 17016
17017 17016 17015
17016 17017 17018
17019 17012 17014
17016 17019 17014
17012 17019 17020
17020 17011 17012
17021 17020 17019
17019 17022 17021
17022 17019 17023
17019 17016 17023
17018 17023 17016
17020 17021 17024
17023 17018 17025
17022 17023 17025
17018 17026 17025
17018 17027 17026
17022 17025 17028
17022 17028 17029
17029 17021 17022
17021 17029 17030
17030 17024 17021
17031 17024 17030
17031 17030 17032
17029 17032 17030
17033 17031 17032
17033 17034 17031
17034 17033 17035
17036 17035 17033
17035 17036 17037
17038 17037 17036
17037 17038 17039
16975 17039 17038
17039 16975 16976
17033 17040 17036
17040 17033 17041
17033 17032 17041
17042 17036 17040
17038 17036 17042
17038 17042 17043
17044 17041 17032
17032 17029 17044
17041 17044 17045
17045 17040 17041
17040 17045 17046
17042 17040 17046
17047 17042 17046
17042 17047 17048
17042 17048 17043
17048 17049 17043
17050 17049 17048
17047 17050 17048
17050 17051 17049
17050 17052 17051
17053 17051 17052
17051 17053 17054
17054 17049 17051
17052 17050 17055
17050 17047 17055
17053 17052 17056
17052 17057 17056
17058 17057 17052
17052 17055 17058
17057 17059 17056
17060 17056 17059
17056 17060 17061
17053 17056 17061
17060 17062 17061
17062 17060 17063
17063 17064 17062
17064 17063 17065
17059 17066 17060
17066 17059 17067
17059 17068 17067
17059 17057 17068
17069 17060 17066
17060 17069 17063
17069 17065 17063
17065 17069 17070
17071 17068 17057
17057 17058 17071
17068 17071 17072
17067 17073 17066
17073 17067 17074
17072 17075 17068
17067 17068 17075
17075 17074 17067
17075 17072 17076
17077 17075 17076
17075 17077 17078
17075 17078 17079
17079 17073 17074
17079 17074 17075
17080 17079 17078
17080 17078 17077
17079 17080 17081
17082 17079 17081
17079 17082 17083
17073 17079 17083
17084 17083 17082
17083 17084 17085
17085 17086 17083
17086 17073 17083
17086 17085 17087
17088 17087 17085
17087 17088 17089
17085 17090 17088
17090 17085 17084
17088 17091 17089
17091 17088 17092
17092 17093 17091
17093 17092 17094
17094 17095 17093
17095 17094 17096
17092 17097 17094
17097 17092 17098
17098 17088 17090
17088 17098 17092
17099 17094 17097
17094 17099 17096
17095 17096 17100
17100 17096 17099
17101 17090 17102
17102 17103 17101
17103 17102 17104
17104 17105 17103
17105 17104 17106
17106 17107 17105
17107 17106 17108
17102 17109 17104
17109 17102 17110
17104 17111 17106
17111 17104 17109
17112 17106 17111
17106 17112 17108
17113 17110 17102
17110 17113 17114
17113 17115 17114
17084 17115 17113
17115 17084 17082
17090 17084 17113
17102 17090 17113
17115 17082 17081
17116 17108 17112
17108 17116 17117
17118 17117 17116
17117 17118 17119
17120 17117 17119
17117 17120 17121
17119 17122 17120
17122 17119 17123
17118 17123 17119
17123 17118 17124
17122 17123 17125
17125 17123 17124
17121 17108 17117
17108 17121 17107
17126 17081 17080
17127 17126 17080
17080 17128 17127
17077 17128 17080
17077 17129 17128
17130 17129 17077
17130 17077 17076
17076 17131 17130
17076 17132 17131
17132 17076 17072
17133 17132 17072
17072 17071 17133
17071 17134 17133
17134 17071 17058
17135 17134 17058
17132 17133 17136
17137 17127 17128
17138 17127 17137
17139 17135 17058
17055 17139 17058
17055 17047 17139
17138 17140 17127
17138 17141 17140
17142 17140 17141
17140 17142 17143
17144 17143 17142
17144 17115 17143
17115 17144 17114
17127 17140 17126
17140 17143 17126
17126 17143 17081
17143 17115 17081
17145 17146 17147
17146 17145 17148
17149 17147 17146
17147 17149 17150
17151 17145 17147
17150 17151 17147
17145 17151 17152
17151 17150 17153
17149 17154 17150
17154 17153 17150
17152 16893 17145
16893 17148 17145
16893 17152 16901
17148 16893 16892
17155 17156 17157
17156 17155 17158
17159 17157 17156
17157 17159 17160
17161 17160 17159
17160 17161 17162
17163 17158 17155
17158 17163 17164
17155 17165 17163
17165 17155 17166
17157 17166 17155
17166 17157 17167
17157 17168 17167
17168 17157 17160
17160 17169 17168
17169 17160 17162
17161 17170 17162
17170 17169 17162
17171 17163 17165
17163 17171 17172
17172 17164 17163
17173 17172 17171
17172 17173 17174
17175 17174 17173
17176 17174 17175
17174 17176 17177
17175 17178 17176
17178 17175 17179
17175 17180 17179
17174 17181 17172
17181 17174 17177
17179 17182 17178
17182 17179 17183
17182 17183 17184
17183 17185 17184
17185 17186 17184
17184 17186 17187
17183 17188 17185
17189 17188 17183
17183 17179 17189
17189 17179 17180
17186 17190 17187
17187 17190 17191
17192 17189 17180
17192 17180 17175
17173 17192 17175
17164 17172 17181
17193 17194 17195
17194 17193 17196
17195 17197 17193
17197 17195 17198
17198 17199 17197
17199 17198 17200
17201 17200 17198
17200 17201 17202
17202 17201 17203
17204 17202 17203
17205 17202 17204
17205 17204 17206
17205 17206 17207
17208 17205 17207
17208 17207 17209
17210 17209 17207
17206 17210 17207
17209 17210 17211
17209 17211 17212
17212 17211 17213
17205 17208 17214
17214 17202 17205
17202 17214 17200
17215 17212 17213
17215 17216 17212
17217 17212 17216
17212 17217 17218
17209 17212 17218
17218 17217 17219
17219 17220 17218
17220 17209 17218
17208 17209 17220
17221 17208 17220
17208 17221 17222
17208 17222 17214
17223 17215 17213
17224 17222 17221
17221 17225 17224
17225 17221 17226
17226 17220 17219
17220 17226 17221
17222 17224 17227
17227 17214 17222
17214 17227 17228
17228 17200 17214
17200 17228 17199
17229 17219 17217
17230 17229 17217
17217 17231 17230
17232 17230 17231
17219 17229 17233
17232 17234 17230
17230 17234 17235
17236 17230 17235
17236 17229 17230
17233 17229 17236
17237 17236 17235
17236 17237 17238
17239 17236 17238
17239 17233 17236
17239 17238 17240
17241 17238 17237
17240 17238 17241
17240 17241 17242
17240 17242 17243
17242 17244 17243
17243 17244 17245
17239 17246 17233
17246 17239 17247
17240 17248 17239
17243 17248 17240
17239 17248 17247
17248 17243 17249
17245 17249 17243
17249 17245 17250
17250 17251 17249
17251 17250 17252
17253 17252 17250
17252 17253 17254
17255 17254 17253
17254 17255 17256
17257 17250 17245
17250 17257 17253
17245 17258 17257
17258 17245 17259
17245 17244 17259
17258 17260 17257
17257 17260 17261
17257 17261 17262
17262 17253 17257
17253 17262 17255
17261 17263 17262
17263 17264 17262
17264 17255 17262
17255 17264 17265
17256 17255 17265
17265 17266 17256
17196 17266 17265
17265 17194 17196
17267 17194 17265
17194 17267 17268
17269 17268 17267
17270 17268 17269
17271 17268 17270
17271 17270 17272
17273 17271 17272
17273 17201 17271
17201 17273 17274
17198 17271 17201
17271 17198 17195
17195 17268 17271
17268 17195 17194
17201 17274 17203
16975 17275 17276
17276 16966 16975
16975 17277 17275
17277 17278 17275
16966 17276 17279
16963 16966 17279
17279 17280 16963
16963 17280 17281
16963 17281 16961
17282 16961 17281
16961 17282 17283
16961 17283 16960
17283 17284 16960
17284 17285 16960
17285 17286 16960
16960 17286 17287
16960 17287 17288
16959 16960 17288
16959 17288 17289
16959 17289 16942
16959 16942 16941
16959 16941 16947
17289 17290 16942
17290 16943 16942
17290 17291 16943
17291 17292 16943
17285 17293 17286
17293 17294 17286
17294 17293 17295
17296 17294 17295
17297 16928 16927
17298 16928 17297
16928 17298 17299
16931 16928 17299
16931 17299 17300
17301 16931 17300
17301 16932 16931
16932 17301 17302
17303 16932 17302
16932 17303 16933
17303 17304 16933
16933 17304 16935
16935 17304 17305
17305 16948 16935
17306 16948 17305
17304 17303 17307
17308 17299 17298
16948 17306 17309
16956 16948 17309
16956 17309 16964
17310 17308 17298
17310 17298 17311
17310 17311 17312
17313 17312 17311
17311 17314 17313
17315 17313 17314
17315 17314 16904
17314 16927 16904
16904 16903 17315
17298 17297 17311
17311 17297 17314
17297 16927 17314
16927 16906 16904
16896 16899 16914
17316 17317 17318
17317 17316 17319
17316 17320 17319
17320 17316 17321
17317 17322 17318
17322 17317 17323
17321 17324 17320
17324 17321 17325
17326 17324 17325
17324 17326 17327
17326 17328 17327
17328 17326 17329
17329 17330 17328
17330 17329 17331
17332 17330 17331
17330 17332 17333
17334 17333 17332
17333 17334 17335
17336 17335 17334
17335 17336 17337
17338 17337 17336
17337 17338 17339
17338 17340 17339
17340 17338 17341
17342 17340 17341
17340 17342 17343
17344 17345 17346
17345 17344 17347
17346 17348 17344
17348 17346 17349
17350 17345 17347
17350 17347 17351
17350 17352 17353
17350 17353 17354
17355 17354 17353
17354 17355 17356
17357 17356 17355
17356 17357 17358
17359 17360 17361
17362 17360 17359
17360 17363 17361
17363 17360 17364
17364 17365 17363
17362 17359 17366
17367 17362 17366
17368 17367 17366
17366 17369 17368
17367 17370 17362
17371 17370 17367
17370 17371 17372
17362 17370 17373
17362 17373 17374
17373 17375 17374
17376 17374 17375
17374 17376 17377
17377 17376 17378
17379 17380 17381
17382 17381 17380
17379 17383 17380
17382 17384 17381
17384 17382 17385
17383 17386 17380
17380 17386 17387
17386 17388 17387
17388 17389 17387
17389 17388 17390
17379 17391 17383
17379 17392 17391
17393 17391 17392
17394 17393 17392
17393 17394 17395
17383 17391 17396
17391 17397 17396
17396 17397 17398
17399 17398 17397
17398 17399 17400
17399 17401 17400
17389 17390 17402
17403 17402 17390
17402 17403 17404
17401 17405 17400
17405 17401 17406
17407 17408 16842
17280 17409 17281
16778 16793 16773
16717 16725 17410
17410 16729 16717
17411 17412 17413
17412 17411 17414
17415 17414 17411
17414 17415 17416
17413 17417 17411
17415 17411 17417
17417 17413 17418
17416 17419 17414
17419 17416 17420
17416 17415 17421
17418 17422 17417
17422 17423 17417
17422 17424 17423
17424 17425 17423
17426 17425 17424
17427 17423 17425
17427 17425 17428
17423 17427 17429
17417 17423 17429
17415 17417 17429
17415 17429 17430
17421 17415 17430
17427 17431 17429
17429 17431 17430
17416 17432 17420
17420 17433 17419
17433 17420 17434
17435 17434 17420
17420 17432 17435
17434 17435 17436
17436 17435 17437
17437 17435 17438
17432 17438 17435
17432 17439 17438
17437 17438 17440
17439 17440 17438
17439 17441 17440
17442 17437 17440
17440 17443 17442
17437 17442 17444
17444 17442 17445
17442 17443 17445
17443 17446 17445
17447 17446 17443
17443 17448 17447
17443 17449 17448
17441 17449 17440
17440 17449 17443
17450 17449 17441
17446 17447 17451
17452 17451 17447
17452 17447 17448
17451 17452 17453
17453 17454 17451
17455 17451 17454
17451 17455 17456
17446 17451 17456
17454 17453 17457
17457 17458 17454
17454 17458 17455
17458 17457 17459
17460 17459 17457
17459 17460 17461
17461 17462 17459
17462 17461 17463
17463 17464 17462
17464 17463 17465
17457 17466 17460
17466 17457 17453
17453 17467 17466
17453 17452 17467
17468 17466 17467
17458 17469 17455
17458 17470 17469
17470 17458 17471
17471 17459 17462
17459 17471 17458
17472 17470 17471
17462 17472 17471
17472 17462 17464
17464 17473 17472
17473 17464 17474
17465 17474 17464
17474 17465 17475
17476 17466 17468
17477 17466 17476
17476 17478 17477
17478 17476 17479
17480 17479 17476
17480 17476 17468
17468 17481 17480
17479 17480 17482
17482 17483 17479
17483 17484 17479
17479 17484 17478
17483 17485 17484
17486 17485 17483
17487 17486 17483
17483 17482 17487
17486 17487 17488
17488 17489 17486
17489 17488 17490
17490 17491 17489
17491 17490 17492
17490 17493 17492
17493 17490 17494
17488 17494 17490
17494 17488 17495
17487 17495 17488
17480 17496 17482
17497 17492 17493
17492 17497 17498
17497 17499 17498
17499 17500 17498
17500 17492 17498
17492 17500 17491
17495 17487 17501
17487 17502 17501
17496 17503 17502
17482 17496 17502
17496 17504 17503
17504 17496 17481
17481 17505 17504
17505 17481 17506
17507 17506 17481
17468 17507 17481
17506 17507 17508
17509 17508 17507
17508 17509 17510
17510 17511 17508
17511 17510 17512
17513 17511 17512
17511 17513 17514
17515 17514 17513
17514 17515 17516
17510 17509 17517
17467 17509 17507
17467 17507 17468
17512 17518 17513
17515 17513 17518
17519 17515 17518
17519 17520 17515
17518 17512 17521
17521 17512 17510
17517 17521 17510
17521 17522 17518
17519 17518 17522
17523 17519 17522
17522 17521 17524
17517 17524 17521
17525 17515 17520
17525 17516 17515
17526 17516 17525
17526 17527 17516
17527 17514 17516
17514 17527 17528
17527 17529 17528
17528 17529 17530
17528 17530 17531
17531 17530 17532
17531 17514 17528
17514 17531 17511
17531 17508 17511
17508 17531 17506
17531 17533 17506
17532 17533 17531
17506 17533 17505
17505 17533 17534
17535 17505 17534
17504 17505 17535
17503 17504 17535
17536 17537 17538
17537 17536 17412
17539 17538 17537
17538 17539 17540
17536 17413 17412
17413 17536 17541
17541 17418 17413
17418 17541 17542
17542 17422 17418
17422 17542 17543
17544 17422 17543
17422 17544 17424
17426 17424 17544
17414 17537 17412
17537 17414 17419
17419 17539 17537
17539 17419 17433
17426 17545 17425
17425 17545 17546
17545 17547 17546
17547 17548 17546
17546 17548 17549
17548 17547 17550
17550 17551 17548
17551 17549 17548
17551 17550 17552
17549 17551 17553
17552 17554 17551
17554 17552 17555
17551 17556 17553
17556 17551 17554
17557 17553 17556
17557 17556 17558
17553 17557 17559
17559 17549 17553
17560 17549 17559
17560 17428 17549
17546 17549 17428
17559 17557 17520
17559 17520 17561
17559 17561 17560
17562 17560 17561
17560 17563 17428
17560 17564 17563
17562 17564 17560
17563 17564 17565
17427 17563 17565
17563 17427 17428
17519 17561 17520
17519 17562 17561
17519 17523 17562
17523 17564 17562
17564 17523 17566
17565 17564 17566
17567 17566 17523
17567 17568 17566
17565 17566 17568
17568 17567 17569
17567 17441 17569
17570 17568 17569
17568 17570 17571
17567 17450 17441
17450 17567 17522
17567 17523 17522
17439 17569 17441
17572 17569 17439
17569 17572 17570
17430 17570 17572
17572 17421 17430
17439 17421 17572
17571 17573 17568
17431 17573 17571
17431 17570 17430
17571 17570 17431
17573 17565 17568
17439 17574 17421
17574 17439 17432
17416 17421 17574
17574 17432 17416
17431 17427 17573
17427 17565 17573
17450 17522 17524
17575 17450 17524
17449 17450 17575
17449 17575 17448
17575 17576 17448
17575 17517 17576
17517 17575 17524
17452 17448 17576
17452 17576 17509
17509 17576 17517
17509 17467 17452
17577 17578 17579
17579 17580 17577
17580 17579 17581
17582 17581 17579
17578 17582 17579
17581 17582 17583
17581 17475 17580
17475 17581 17474
17583 17474 17581
17474 17583 17473
17584 17585 17586
17586 17585 17587
17584 17065 17585
17065 17584 17064
17070 17585 17065
17585 17070 17587
17588 17589 17590
17589 17588 17591
17590 17592 17588
17592 17590 17593
17593 17594 17592
17594 17593 17595
17591 17596 17589
17596 17591 17597
17598 17589 17596
17589 17598 17599
17599 17590 17589
17590 17599 17600
17601 17590 17600
17590 17601 17593
17602 17593 17601
17593 17602 17595
17594 17595 17603
17603 17595 17602
17596 17604 17598
17604 17596 17605
17597 17605 17596
17605 17606 17604
17606 17605 17607
17608 17607 17605
17605 17597 17608
17607 17608 17609
17610 17607 17609
17607 17610 17611
17606 17607 17611
17611 17612 17606
17613 17611 17610
17611 17613 17614
17615 17614 17613
17614 17615 17616
17617 17614 17616
17617 17612 17618
17614 17617 17618
17611 17614 17618
17612 17611 17618
17619 17616 17615
17616 17619 17620
17620 17619 17621
17619 17622 17621
17616 17620 17623
17616 17623 17617
17621 17622 17624
17622 17625 17624
16975 17626 17627
17626 16975 17038
16975 17627 17277
17277 17627 17278
17038 17628 17626
17043 17628 17038
17628 17043 17629
17043 17630 17629
17043 17049 17630
17631 17630 17049
17049 17632 17631
17049 17054 17632
17632 17054 17633
17633 17054 17634
17634 17054 17635
17054 17636 17635
17054 17637 17636
17053 17637 17054
17053 17638 17637
17053 17061 17638
17638 17061 17639
17639 17061 17062
17639 17062 17640
17640 17062 17641
17634 17635 17642
17642 17635 17643
17643 17644 17642
17645 17644 17643
17066 17086 17069
17086 17066 17073
17646 17647 17648
17647 17646 17649
17650 17647 17649
17647 17650 17651
17652 17646 17648
17646 17652 17653
17654 17651 17650
17651 17654 17655
17654 17656 17655
17656 17654 17657
17658 17656 17657
17656 17658 17659
17660 17659 17658
17659 17660 17661
17660 17662 17661
17662 17660 17663
17663 17664 17662
17664 17663 17665
17665 17666 17664
17666 17665 17667
17667 17668 17666
17668 17667 17669
17670 17668 17669
17668 17670 17671
17670 17672 17671
17672 17670 17673
17674 16872 17675
16869 16872 17674
16869 17674 16870
17676 17234 17232
17246 17225 17226
17225 17246 17677
17247 17677 17246
17677 17247 17678
17248 17678 17247
17678 17248 17679
17249 17679 17248
17679 17249 17251
17226 17233 17246
17233 17226 17219
17011 17020 17680
17024 17680 17020
17680 17024 17681
17031 17681 17024
17681 17031 17034
17629 17630 17682
17027 17683 17026
17027 17684 17683
17685 17683 17684
17684 17027 17686
17018 17686 17027
17686 17018 17017
17502 17487 17482
17687 17688 17689
17688 17687 17690
17690 17687 17691
17692 17689 17688
17689 17692 17693
17690 17694 17688
17694 17690 17695
17688 17696 17692
17696 17688 17694
17697 17692 17696
17692 17697 17698
17698 17693 17692
17699 17698 17697
17698 17699 17700
17701 17700 17699
17700 17701 17702
17703 17694 17695
17694 17704 17696
17704 17694 17703
17703 17705 17704
17706 17696 17704
17696 17706 17697
17707 17697 17706
17697 17707 17699
17708 17699 17707
17699 17708 17701
17707 17709 17708
17709 17707 17710
17706 17710 17707
17703 17711 17705
17712 17711 17703
17710 17713 17709
17713 17710 17714
17714 17715 17713
17714 17716 17715
17717 17715 17716
17710 17706 17718
17704 17718 17706
17718 17714 17710
17718 17704 17719
17704 17705 17719
17720 17705 17711
17705 17720 17721
17722 17721 17720
17720 17723 17722
17724 17722 17723
17723 17720 17725
17711 17725 17720
17721 17722 17726
17724 17726 17722
17725 17711 17727
17727 17711 17712
17728 17716 17714
17714 17718 17728
17719 17728 17718
17728 17729 17716
17728 17719 17729
17719 17730 17729
17731 17729 17730
17716 17729 17731
17730 17732 17731
17731 17732 17733
17731 17733 17717
17717 17716 17731
17734 17712 17735
17712 17736 17735
17712 17695 17736
17695 17737 17736
17695 17690 17737
17690 17691 17737
17730 17719 17705
17687 17738 17691
17687 17739 17738
17687 17740 17739
17687 17741 17740
17687 17689 17741
17689 17742 17741
17742 17689 17693
17742 17693 17743
17744 17743 17693
17745 17744 17693
17693 17698 17745
17700 17745 17698
17745 17700 17746
17702 17746 17700
17746 17702 17747
17747 17748 17746
17748 17747 17749
17750 17749 17747
17748 17749 17751
17746 17748 17752
17752 17745 17746
17753 17751 17749
17750 17753 17749
17753 17750 17754
17755 17753 17754
17745 17752 17756
17745 17756 17744
17703 17695 17712
17425 17546 17428
17554 17757 17556
17757 17554 17758
17758 17759 17757
17759 17758 17760
17761 17556 17757
17556 17761 17558
17762 17760 17758
17760 17762 17763
17764 17757 17759
17757 17764 17761
17763 17765 17760
17765 17763 17766
17765 17766 17767
17768 17760 17765
17760 17768 17759
17768 17765 17769
17770 17759 17768
17759 17770 17764
17758 17555 17762
17555 17758 17554
17771 17770 17768
17771 17768 17769
17772 17771 17769
17765 17773 17769
17765 17767 17773
17774 17769 17773
17774 17772 17769
17774 17775 17772
17775 17774 17776
17777 17776 17774
17773 17767 17777
17774 17773 17777
17776 17777 17778
17779 17776 17778
17776 17779 17780
17781 17780 17779
17780 17781 17782
17783 17780 17782
17780 17783 17784
17784 17776 17780
17776 17784 17775
17785 17782 17781
17783 17782 17785
17786 17787 17788
17789 17786 17788
17786 17789 17790
17790 17791 17786
17791 17787 17786
17791 17790 17792
17793 17792 17790
17792 17793 17794
17795 17790 17789
17790 17795 17793
17796 17793 17795
17793 17796 17797
17797 17794 17793
17798 17797 17796
17797 17798 17799
17800 17799 17798
17799 17800 17801
17800 17802 17801
17802 17800 17803
17803 17804 17802
17804 17803 17805
17805 17806 17804
17806 17805 17807
17807 17808 17806
17808 17807 17809
17794 17797 17810
17810 17797 17811
17799 17801 17811
17797 17799 17811
17809 17812 17808
17810 17811 17813
17813 17811 17814
17811 17801 17814
17815 17816 17817
17816 17815 17818
17819 17818 17815
17818 17819 17820
17821 17820 17819
17820 17821 17822
17817 17816 17823
17824 17822 17821
17822 17824 17825
17824 17826 17825
17826 17824 17827
17827 17828 17826
17828 17827 17829
17829 17830 17828
17830 17829 17831
17831 17832 17830
17833 17830 17832
17832 17834 17833
17834 17832 17835
17830 17833 17836
17836 17828 17830
17837 17835 17832
17832 17831 17837
17835 17837 17838
17835 17838 17839
17834 17835 17839
17828 17836 17840
17840 17841 17828
17828 17841 17826
17826 17841 17825
17840 17842 17841
17842 17843 17841
17841 17843 17825
17844 17845 17846
17845 17844 17847
17846 17848 17844
17848 17846 17849
17850 17847 17844
17848 17850 17844
17847 17850 17851
17852 17849 17846
17849 17852 17853
17849 17854 17848
17851 17850 17855
17855 17850 17856
17855 17856 17857
17857 17856 17858
17859 17857 17858
17860 17858 17856
17856 17861 17860
17848 17861 17850
17850 17861 17856
17860 17861 17862
17863 17862 17861
17854 17863 17848
17848 17863 17861
17849 17853 17864
17865 17853 17852
17853 17865 17866
17866 17867 17853
17853 17867 17864
17867 17866 17868
17868 17869 17867
17859 17858 17870
17871 17855 17857
17859 17871 17857
17855 17871 17872
17873 17855 17872
17855 17873 17851
17874 17851 17873
17851 17874 17847
17875 17847 17874
17847 17875 17845
17875 17876 17845
17876 17875 17877
17877 17878 17876
17878 17877 17879
17876 17846 17845
17846 17876 17852
17878 17852 17876
17852 17878 17865
17880 17881 17882
17883 17882 17881
17880 17884 17881
17882 17883 17870
17870 17883 17885
17886 17885 17883
17883 17881 17886
17885 17886 17887
17888 17887 17886
17881 17888 17886
17887 17888 17889
17888 17881 17890
17884 17890 17881
17891 17889 17888
17889 17891 17892
17890 17884 17893
17884 17894 17893
17884 17895 17894
17884 17880 17895
17896 17895 17880
17888 17897 17891
17897 17888 17890
17893 17897 17890
17893 17898 17897
17896 17880 17899
17880 17900 17899
17900 17901 17899
17880 17882 17900
17900 17882 17858
17860 17901 17900
17858 17860 17900
17860 17902 17901
17862 17902 17860
17862 17903 17902
17903 17862 17904
17862 17863 17904
17870 17858 17882
17905 17897 17898
17897 17905 17906
17906 17891 17897
17891 17906 17907
17908 17907 17906
17907 17908 17909
17909 17910 17907
17910 17909 17911
17906 17912 17908
17912 17906 17905
17913 17911 17909
17911 17913 17914
17913 17915 17914
17916 17909 17908
17909 17916 17913
17916 17917 17913
17918 17908 17912
17908 17918 17916
17892 17907 17910
17907 17892 17891
17919 17916 17918
17919 17917 17916
17920 17917 17919
17913 17917 17921
17913 17921 17915
17922 17921 17917
17922 17917 17920
17923 17922 17920
17922 17923 17924
17924 17925 17922
17921 17925 17915
17922 17925 17921
17925 17924 17926
17924 17927 17926
17927 17924 17928
17928 17929 17927
17929 17928 17930
17928 17931 17930
17931 17928 17932
17924 17932 17928
17932 17924 17923
17933 17929 17930
17931 17933 17930
17849 17934 17854
17934 17849 17864
17935 17936 17937
17936 17935 17938
17939 17938 17935
17938 17939 17940
17941 17940 17939
17940 17941 17942
17943 17942 17941
17942 17943 17944
17945 17944 17943
17944 17945 17946
17947 17946 17945
17948 17936 17938
17936 17948 17949
17938 17950 17948
17950 17938 17940
17947 17951 17946
17951 17944 17946
17952 17942 17944
17944 17951 17952
17942 17952 17953
17940 17953 17950
17953 17940 17942
17954 17955 17956
17955 17954 17957
17958 17956 17955
17956 17958 17959
17960 17959 17958
17959 17960 17961
17956 17962 17954
17962 17956 17963
17959 17963 17956
17963 17959 17964
17961 17964 17959
17964 17961 17965
17966 17965 17961
17965 17966 17967
17966 17968 17967
17968 17966 17969
17970 17969 17966
17961 17970 17966
17970 17961 17960
17969 17970 17971
17969 17971 17972
17972 17971 17973
17973 17974 17972
17975 17974 17973
17974 17975 17976
17975 17977 17976
17977 17975 17978
17977 17978 17979
17978 17980 17979
17968 17969 17981
17969 17972 17981
17981 17972 17982
17972 17983 17982
17983 17972 17974
17974 17984 17983
17984 17974 17976
17976 17985 17984
17985 17976 17977
17986 17977 17979
17977 17986 17985
17980 17986 17979
17987 17988 17989
17988 17987 17990
17990 17991 17988
17991 17990 17992
17993 17992 17990
17992 17993 17994
17995 17990 17987
17990 17995 17993
17996 17989 17988
17989 17996 17997
17988 17998 17996
17998 17988 17991
17999 17994 17993
17994 17999 18000
18001 18000 17999
18000 18001 18002
18003 18002 18001
18002 18003 18004
18001 18005 18003
18005 18001 18006
18001 17999 18006
18006 18007 18005
18008 18004 18003
18009 18008 18003
18003 18005 18009
18007 18009 18005
18008 18009 18010
18011 18008 18010
18008 18011 18012
18012 18013 18008
18004 18008 18013
18013 18012 18014
18015 18014 18012
18014 18015 18016
18016 18015 18017
18017 18015 18018
18018 18012 18011
18012 18018 18015
18006 18019 18007
18019 18006 18020
18020 18021 18019
18021 18020 18022
18022 18023 18021
18023 18022 18024
18025 18024 18022
18025 18022 18020
17999 18025 18020
18024 18025 18026
17993 18025 17999
17995 18025 17993
17995 18026 18025
17999 18020 18006
18027 18028 18029
18028 18027 18030
17991 18029 18028
18029 17991 17992
17992 18031 18029
18031 17992 17994
18032 18029 18031
18029 18032 18027
18030 18033 18028
18033 18030 18034
18028 17998 17991
17998 18028 18033
17994 18035 18031
18035 17994 18000
18036 18035 18000
18000 18002 18036
18002 18037 18036
18037 18002 18004
18038 18036 18037
18036 18038 18039
18036 18039 18035
18039 18038 18040
18004 18041 18037
18041 18042 18037
18037 18042 18038
18040 18038 18042
18042 18041 18043
18041 18044 18043
18044 18041 18045
18013 18045 18041
18041 18004 18013
18045 18013 18046
18046 18047 18045
18047 18046 18048
18048 18049 18047
18049 18050 18047
18050 18045 18047
18045 18050 18044
18051 18039 18040
18039 18051 18052
18053 18052 18051
18052 18053 18054
18055 18054 18053
18054 18055 18056
18056 18057 18054
18057 18052 18054
18035 18052 18057
18057 18056 18058
18031 18035 18057
18032 18031 18057
18032 18057 18058
18035 18039 18052
18059 17997 17996
18060 18059 17996
18060 17996 17998
18060 17998 18033
18060 18033 18061
18061 18033 18034
18062 18063 18064
18063 18062 18065
18064 18066 18062
18066 18064 18067
18067 18068 18066
18068 18067 18069
18070 18064 18063
18064 18070 18071
18071 18067 18064
18067 18071 18072
18072 18069 18067
18069 18072 18073
18073 18074 18069
18074 18073 18075
18076 18074 18075
18074 18076 18077
18077 18078 18074
18078 18069 18074
18069 18078 18068
18078 18077 18079
18077 18080 18079
18080 18081 18079
18081 18080 18082
18082 18083 18081
18083 18082 18084
18085 18083 18084
18083 18085 18086
18085 18087 18086
18086 18087 18088
18076 18089 18077
18077 18089 18080
18089 18090 18080
18080 18091 18082
18091 18080 18090
18092 18082 18091
18082 18092 18084
18093 18084 18092
18084 18093 18085
18085 18094 18087
18094 18085 18093
18088 18087 18094
18095 18096 18097
18096 18095 18098
18095 18099 18098
18099 18095 18100
18095 18101 18100
18101 18095 18102
18097 18102 18095
18102 18097 18103
18104 18099 18100
18099 18104 18105
18104 18106 18105
18106 18104 18107
18107 18108 18106
18108 18107 18109
18107 18110 18109
18110 18107 18111
18104 18111 18107
18112 18109 18110
18109 18112 18113
18114 18113 18112
18113 18114 18115
18116 18113 18115
18113 18116 18117
18109 18117 18108
18117 18109 18113
18118 18115 18114
18115 18118 18119
18120 18119 18118
18119 18120 18121
18122 18119 18121
18119 18122 18123
18115 18123 18116
18123 18115 18119
18124 18121 18120
18121 18124 18125
18126 18125 18124
18125 18126 18127
18128 18125 18127
18125 18128 18129
18121 18129 18122
18129 18121 18125
18130 18127 18126
18127 18130 18131
18132 18131 18130
18131 18132 18133
18133 18134 18131
18127 18134 18128
18134 18127 18131
18134 18133 18135
18136 18137 18138
18137 18136 18139
18140 18136 18138
18136 18140 18141
18142 18139 18136
18139 18142 18143
18143 18144 18139
18144 18137 18139
18144 18143 18145
18146 18144 18145
18145 18147 18146
18147 18145 18148
18143 18148 18145
18144 18146 18149
18149 18150 18144
18137 18144 18150
18150 18149 18151
18149 18146 18152
18146 18153 18152
18146 18147 18153
18153 18154 18152
18154 18155 18152
18155 18149 18152
18155 18151 18149
18155 18154 18156
18097 18156 18154
18154 18103 18097
18103 18154 18157
18154 18153 18157
18156 18097 18096
18148 18143 18158
18159 18158 18143
18160 18158 18159
18159 18143 18142
18161 18159 18142
18162 18159 18161
18162 18160 18159
18163 18162 18161
18162 18163 18164
18165 18163 18161
18161 18166 18165
18161 18142 18166
18141 18165 18166
18165 18141 18167
18168 18167 18141
18164 18169 18162
18160 18162 18169
18169 18164 18170
18140 18168 18141
18136 18166 18142
18166 18136 18141
18171 18167 18168
18167 18171 18172
18173 18172 18171
18173 18174 18172
18174 18175 18172
18175 18163 18165
18167 18175 18165
18175 18167 18172
18163 18175 18176
18177 18174 18173
18174 18177 18178
18179 18178 18177
18178 18179 18180
18179 18181 18180
18182 18176 18175
18178 18182 18174
18175 18174 18182
18182 18178 18183
18178 18180 18183
18183 18184 18182
18176 18182 18184
18184 18185 18176
18185 18184 18186
18186 18187 18185
18187 18186 18188
18189 18186 18184
18189 18184 18183
18190 18189 18183
18181 18190 18180
18180 18190 18183
18190 18181 18191
18192 18191 18181
18191 18193 18190
18190 18193 18189
18193 18194 18189
18186 18189 18194
18194 18188 18186
18194 18193 18195
18196 18195 18193
18196 18193 18191
18195 18197 18194
18188 18194 18197
18197 18195 18198
18196 18198 18195
18198 18196 18199
18196 18200 18199
18201 18196 18191
18201 18191 18192
18201 18200 18196
18202 18201 18192
18201 18202 18203
18203 18200 18201
18204 18203 18202
18203 18204 18205
18200 18203 18206
18205 18206 18203
18206 18205 18207
18208 18207 18205
18207 18208 18209
18210 18209 18208
18208 18211 18210
18211 18208 18212
18205 18212 18208
18212 18205 18204
18209 18210 18213
18214 18213 18210
18213 18214 18215
18210 18216 18214
18216 18210 18211
18216 18217 18214
18217 18215 18214
18217 18216 18218
18218 18219 18217
18219 18220 18217
18215 18217 18220
18111 18104 18221
18100 18221 18104
18221 18100 18101
18176 18164 18163
18164 18176 18185
18185 18170 18164
18170 18185 18187
18222 18223 18224
18223 18222 18225
18225 18226 18223
18226 18225 18227
18228 18225 18222
18228 18227 18225
18227 18228 18229
18230 18229 18228
18229 18230 18231
18231 18232 18229
18232 18231 18233
18227 18234 18226
18234 18227 18235
18235 18229 18232
18229 18235 18227
18233 18236 18232
18236 18233 18237
18235 18238 18234
18238 18235 18239
18239 18232 18236
18232 18239 18235
18240 18237 18233
18241 18240 18233
18241 18233 18231
18231 18242 18241
18231 18230 18242
18243 18240 18241
18240 18243 18244
18241 18245 18243
18245 18241 18242
18243 18246 18244
18246 18243 18247
18247 18243 18245
18247 18248 18246
18248 18247 18249
18249 18250 18248
18251 18248 18250
18248 18251 18252
18252 18246 18248
18250 18253 18251
18253 18250 18254
18250 18249 18255
18255 18254 18250
18254 18255 18256
18256 18257 18254
18257 18256 18258
18254 18259 18253
18259 18254 18257
18246 18260 18244
18261 18244 18260
18244 18261 18240
18237 18240 18261
18258 18262 18257
18262 18258 18263
18263 18264 18262
18265 18262 18264
18262 18265 18266
18257 18266 18259
18266 18257 18262
18264 18263 18267
18267 18268 18264
18268 18267 18269
18270 18264 18268
18264 18270 18265
18268 18271 18270
18271 18268 18272
18269 18272 18268
18272 18273 18271
18273 18272 18274
18274 18275 18273
18275 18274 18276
18277 18276 18274
18276 18277 18278
18276 18279 18275
18278 18279 18276
18274 18280 18277
18280 18274 18272
18272 18269 18280
18281 18282 18283
18282 18281 18284
18284 18285 18282
18285 18284 18286
18286 18287 18285
18288 18286 18284
18286 18288 18289
18284 18290 18288
18290 18284 18281
18281 18291 18290
18291 18281 18292
18283 18292 18281
18292 18293 18291
18293 18292 18294
18295 18294 18292
18292 18283 18295
18294 18295 18296
18296 18297 18294
18297 18296 18298
18299 18297 18298
18294 18300 18293
18300 18294 18297
18299 18300 18297
18287 18301 18285
18287 18302 18301
18302 18303 18301
18302 18304 18303
18304 18302 18305
18305 18306 18304
18306 18305 18307
18306 18307 18308
18309 18310 18311
18310 18309 18312
18313 18311 18310
18311 18313 18314
18315 18312 18309
18312 18315 18316
18317 18316 18315
18316 18317 18318
18319 18318 18317
18318 18319 18320
18321 18320 18319
18321 18322 18320
18322 18321 18323
18320 18324 18318
18324 18320 18322
18315 18325 18317
18325 18315 18326
18326 18327 18325
18327 18326 18328
18328 18329 18327
18330 18327 18329
18327 18330 18331
18331 18325 18327
18332 18331 18330
18331 18332 18333
18329 18328 18334
18335 18334 18328
18334 18335 18336
18337 18336 18335
18335 18338 18337
18338 18335 18339
18339 18328 18326
18328 18339 18335
18336 18337 18340
18340 18337 18341
18342 18337 18338
18337 18342 18343
18337 18343 18341
18344 18343 18342
18343 18344 18345
18345 18341 18343
18333 18346 18331
18325 18331 18346
18346 18317 18325
18317 18346 18319
18347 18319 18346
18319 18347 18348
18346 18333 18347
18339 18311 18338
18314 18338 18311
18338 18314 18342
18349 18342 18314
18342 18349 18344
18314 18350 18349
18350 18314 18313
18351 18350 18313
18310 18351 18313
18351 18310 18352
18312 18352 18310
18352 18312 18353
18316 18353 18312
18353 18316 18354
18318 18354 18316
18354 18318 18324
18352 18353 18355
18354 18355 18353
18324 18356 18354
18355 18354 18356
18356 18324 18357
18322 18357 18324
18357 18322 18358
18358 18322 18323
18358 18323 18359
18323 18360 18359
18323 18361 18360
18360 18361 18362
18361 18323 18321
18321 18363 18361
18363 18364 18361
18361 18364 18362
18364 18363 18365
18366 18362 18364
18365 18366 18364
18362 18366 18367
18366 18365 18368
18365 18369 18368
18366 18370 18367
18370 18366 18371
18366 18368 18371
18372 18370 18371
18363 18321 18348
18347 18363 18348
18363 18347 18373
18365 18363 18373
18365 18373 18374
18374 18369 18365
18373 18375 18374
18375 18373 18376
18377 18375 18376
18376 18332 18377
18332 18376 18333
18333 18373 18347
18373 18333 18376
18332 18378 18377
18378 18332 18379
18332 18380 18379
18380 18332 18330
18330 18381 18380
18381 18330 18329
18329 18382 18381
18383 18381 18382
18381 18383 18384
18384 18380 18381
18385 18384 18383
18384 18385 18386
18387 18386 18385
18386 18387 18388
18388 18389 18386
18389 18388 18390
18391 18390 18388
18390 18391 18392
18392 18393 18390
18389 18390 18393
18393 18392 18394
18395 18389 18393
18396 18389 18395
18389 18396 18397
18397 18386 18389
18386 18397 18384
18382 18398 18383
18385 18399 18387
18399 18385 18400
18400 18401 18399
18401 18400 18402
18398 18402 18400
18402 18403 18401
18403 18402 18404
18379 18397 18396
18397 18379 18380
18380 18384 18397
18400 18383 18398
18383 18400 18385
18402 18398 18405
18405 18404 18402
18406 18405 18398
18405 18406 18407
18336 18407 18406
18407 18336 18340
18340 18341 18407
18406 18334 18336
18334 18406 18382
18382 18329 18334
18398 18382 18406
18407 18408 18405
18408 18407 18409
18341 18409 18407
18409 18410 18408
18410 18409 18411
18341 18411 18409
18404 18405 18408
18408 18412 18404
18412 18408 18410
18413 18404 18412
18404 18413 18403
18414 18403 18413
18414 18401 18403
18401 18414 18415
18415 18399 18401
18399 18415 18416
18416 18387 18399
18387 18416 18417
18417 18388 18387
18388 18417 18391
18415 18418 18416
18418 18417 18416
18419 18391 18417
18417 18418 18419
18391 18419 18420
18420 18392 18391
18392 18420 18421
18421 18394 18392
18421 18422 18394
18394 18422 18423
18424 18394 18423
18394 18424 18393
18425 18393 18424
18426 18425 18424
18427 18426 18424
18423 18427 18424
18428 18427 18423
18422 18428 18423
18427 18428 18429
18425 18426 18430
18429 18431 18427
18431 18429 18432
18431 18432 18433
18427 18434 18426
18434 18427 18431
18434 18430 18426
18430 18434 18435
18430 18435 18436
18437 18434 18431
18437 18431 18433
18434 18437 18438
18434 18438 18435
18439 18438 18437
18393 18425 18395
18425 18396 18395
18433 18440 18437
18437 18441 18439
18437 18440 18441
18442 18439 18441
18443 18430 18436
18430 18443 18444
18396 18425 18444
18430 18444 18425
18445 18444 18443
18444 18445 18378
18377 18378 18445
18444 18379 18396
18379 18444 18378
18326 18309 18339
18309 18326 18315
18311 18339 18309
18341 18345 18446
18411 18341 18446
18260 18246 18447
18246 18252 18447
18448 18260 18447
18252 18448 18447
18260 18448 18449
18448 18450 18449
18450 18451 18449
18451 18450 18452
18452 18453 18451
18454 18452 18450
18452 18454 18455
18456 18452 18455
18452 18456 18453
18456 18457 18453
18457 18456 18458
18459 18458 18456
18456 18455 18459
18458 18459 18460
18460 18461 18458
18461 18460 18462
18462 18463 18461
18463 18462 18464
18465 18464 18462
18460 18465 18462
18464 18465 18466
18467 18461 18463
18461 18467 18468
18468 18458 18461
18458 18468 18457
18236 18453 18457
18453 18236 18237
18238 18468 18467
18468 18238 18239
18457 18239 18236
18239 18457 18468
18237 18451 18453
18451 18237 18261
18261 18449 18451
18449 18261 18260
18469 18470 18471
18470 18469 18472
18473 18472 18469
18472 18473 18474
18474 18475 18472
18475 18474 18476
18472 18477 18470
18477 18472 18475
18478 18470 18477
18470 18478 18479
18479 18471 18470
18480 18479 18478
18479 18480 18481
18481 18482 18479
18471 18479 18482
18482 18481 18483
18484 18483 18481
18483 18484 18485
18486 18485 18484
18487 18481 18480
18481 18487 18484
18486 18484 18487
18474 18473 18488
18473 18489 18488
18488 18489 18490
18489 18491 18490
18492 18490 18491
18490 18492 18493
18494 18493 18492
18493 18494 18495
18494 18496 18495
18251 18497 18252
18497 18251 18498
18253 18498 18251
18498 18253 18499
18498 18500 18497
18501 18497 18500
18497 18501 18448
18448 18252 18497
18500 18498 18502
18499 18502 18498
18502 18499 18503
18504 18503 18499
18503 18504 18505
18259 18499 18253
18499 18259 18504
18450 18448 18501
18454 18450 18501
18506 18505 18504
18505 18506 18507
18508 18507 18506
18506 18509 18508
18509 18506 18510
18504 18510 18506
18510 18504 18259
18507 18508 18511
18512 18511 18508
18511 18512 18513
18514 18508 18509
18508 18514 18512
18515 18512 18514
18512 18515 18516
18516 18513 18512
18517 18516 18515
18516 18517 18518
18519 18518 18517
18518 18519 18520
18520 18521 18518
18521 18520 18522
18520 18519 18523
18522 18520 18523
18518 18524 18516
18524 18518 18521
18513 18516 18524
18525 18526 18527
18526 18525 18528
18529 18527 18526
18527 18529 18530
18527 18531 18525
18531 18527 18532
18530 18532 18527
18532 18533 18531
18533 18532 18534
18534 18532 18535
18532 18530 18535
18536 18531 18533
18531 18536 18537
18537 18525 18531
18538 18528 18525
18525 18537 18538
18539 18538 18537
18538 18539 18540
18540 18541 18538
18528 18538 18541
18541 18540 18542
18543 18542 18540
18539 18543 18540
18542 18543 18544
18543 18539 18545
18546 18539 18537
18539 18546 18547
18547 18545 18539
18545 18547 18548
18549 18537 18536
18537 18549 18546
18550 18548 18547
18548 18550 18551
18547 18552 18550
18552 18547 18546
18553 18550 18552
18550 18553 18554
18555 18550 18554
18550 18555 18551
18554 18556 18555
18556 18554 18557
18553 18557 18554
18557 18558 18556
18558 18557 18559
18546 18560 18552
18560 18546 18549
18549 18561 18560
18562 18560 18561
18557 18562 18559
18561 18563 18562
18563 18561 18564
18565 18564 18561
18564 18565 18566
18567 18566 18565
18566 18567 18568
18569 18568 18567
18568 18569 18570
18567 18533 18569
18533 18567 18536
18565 18536 18567
18560 18562 18571
18561 18549 18565
18536 18565 18549
18572 18562 18563
18562 18572 18559
18566 18573 18564
18573 18566 18574
18568 18574 18566
18574 18575 18573
18575 18574 18576
18576 18577 18575
18578 18575 18577
18579 18578 18577
18580 18579 18577
18577 18576 18580
18579 18580 18581
18582 18579 18581
18583 18575 18578
18583 18573 18575
18583 18564 18573
18564 18583 18563
18572 18563 18583
18582 18581 18584
18584 18585 18582
18585 18584 18586
18586 18587 18585
18588 18585 18587
18585 18588 18589
18589 18582 18585
18587 18586 18590
18587 18590 18591
18592 18586 18584
18586 18592 18593
18593 18590 18586
18594 18593 18592
18593 18594 18595
18593 18596 18590
18595 18596 18593
18596 18591 18590
18596 18597 18591
18598 18597 18596
18596 18595 18598
18597 18598 18599
18594 18600 18595
18600 18594 18601
18591 18602 18587
18602 18588 18587
18603 18602 18591
18602 18603 18604
18605 18604 18603
18604 18605 18606
18605 18607 18606
18607 18605 18608
18603 18609 18605
18609 18603 18610
18607 18611 18606
18611 18607 18612
18613 18612 18607
18608 18613 18607
18610 18603 18591
18591 18614 18610
18615 18609 18610
18609 18615 18616
18617 18609 18616
18609 18617 18618
18605 18618 18608
18618 18605 18609
18619 18610 18614
18610 18619 18615
18620 18619 18614
18620 18621 18619
18621 18615 18619
18621 18620 18622
18614 18599 18620
18622 18623 18621
18623 18622 18624
18624 18625 18623
18625 18624 18626
18621 18623 18627
18621 18627 18615
18628 18620 18599
18599 18629 18628
18629 18599 18598
18595 18629 18598
18629 18595 18600
18600 18630 18629
18630 18600 18631
18632 18630 18631
18630 18632 18633
18634 18633 18632
18633 18634 18635
18632 18636 18634
18636 18632 18637
18638 18634 18636
18636 18639 18638
18639 18636 18640
18637 18640 18636
18634 18638 18641
18641 18635 18634
18635 18641 18642
18642 18643 18635
18643 18633 18635
18643 18642 18644
18644 18645 18643
18645 18646 18643
18633 18643 18646
18647 18646 18645
18646 18647 18628
18645 18644 18648
18649 18648 18644
18648 18649 18650
18649 18651 18650
18652 18650 18651
18650 18652 18653
18653 18648 18650
18653 18654 18648
18654 18645 18648
18645 18654 18647
18651 18649 18655
18655 18656 18651
18656 18655 18657
18649 18658 18655
18657 18655 18658
18657 18658 18659
18658 18649 18660
18651 18661 18652
18661 18651 18656
18659 18658 18662
18660 18662 18658
18624 18654 18653
18654 18624 18622
18626 18653 18652
18653 18626 18624
18661 18626 18652
18622 18647 18654
18647 18622 18620
18620 18628 18647
18626 18661 18663
18625 18626 18663
18662 18660 18664
18659 18665 18657
18666 18657 18665
18661 18667 18663
18667 18661 18668
18668 18669 18667
18669 18668 18670
18668 18666 18670
18670 18666 18671
18665 18671 18666
18672 18671 18665
18673 18671 18672
18671 18673 18674
18675 18672 18665
18672 18676 18673
18676 18672 18677
18675 18677 18672
18678 18671 18674
18671 18678 18670
18678 18669 18670
18667 18669 18679
18669 18678 18680
18680 18679 18669
18679 18680 18681
18682 18679 18681
18679 18682 18683
18684 18679 18683
18683 18685 18684
18686 18684 18685
18684 18686 18625
18667 18679 18684
18663 18667 18684
18663 18684 18625
18682 18687 18683
18685 18683 18687
18687 18682 18688
18688 18689 18687
18689 18688 18690
18691 18689 18690
18692 18689 18691
18687 18692 18685
18692 18687 18689
18685 18693 18686
18693 18685 18692
18694 18686 18693
18693 18695 18694
18617 18694 18695
18694 18617 18616
18695 18693 18696
18697 18695 18696
18695 18697 18698
18695 18699 18617
18699 18695 18698
18696 18693 18700
18697 18696 18700
18692 18691 18700
18693 18692 18700
18701 18700 18691
18700 18701 18697
18702 18697 18701
18698 18697 18703
18703 18697 18702
18704 18703 18702
18703 18704 18705
18706 18698 18703
18705 18706 18703
18698 18706 18699
18707 18699 18706
18706 18708 18707
18708 18706 18709
18706 18705 18709
18702 18710 18704
18710 18702 18711
18701 18711 18702
18701 18712 18711
18699 18707 18713
18713 18707 18714
18714 18618 18713
18618 18714 18608
18714 18707 18715
18707 18716 18715
18708 18716 18707
18716 18717 18715
18715 18718 18714
18714 18718 18719
18720 18719 18718
18719 18720 18721
18719 18613 18714
18714 18613 18608
18722 18719 18721
18722 18613 18719
18718 18723 18720
18723 18718 18715
18723 18715 18717
18724 18720 18723
18724 18723 18725
18725 18723 18726
18720 18724 18727
18612 18613 18722
18727 18728 18720
18720 18728 18729
18729 18722 18721
18729 18721 18720
18723 18730 18726
18730 18723 18717
18722 18731 18612
18731 18611 18612
18731 18722 18732
18722 18729 18732
18733 18734 18735
18734 18733 18736
18737 18734 18736
18734 18737 18738
18739 18734 18738
18734 18739 18740
18740 18735 18734
18735 18740 18741
18742 18739 18738
18742 18738 18737
18739 18742 18743
18736 18744 18737
18745 18744 18736
18745 18736 18733
18745 18733 18746
18746 18747 18745
18747 18746 18748
18747 18748 18749
18739 18750 18740
18750 18739 18751
18752 18750 18751
18750 18752 18753
18754 18750 18753
18750 18754 18755
18740 18755 18741
18755 18740 18750
18753 18752 18756
18757 18753 18756
18757 18754 18753
18757 18758 18754
18758 18757 18759
18759 18760 18758
18759 18761 18760
18762 18752 18751
18739 18762 18751
18762 18739 18743
18582 18763 18764
18582 18589 18763
18582 18764 18579
18765 18579 18764
18579 18765 18578
18765 18766 18578
18578 18766 18767
18578 18767 18583
18572 18583 18767
18562 18557 18571
18557 18553 18571
18552 18571 18553
18571 18552 18560
18768 18769 18770
18769 18768 18771
18771 18772 18769
18772 18771 18773
18774 18773 18771
18773 18774 18775
18776 18771 18768
18771 18776 18774
18777 18775 18774
18775 18777 18778
18779 18778 18777
18778 18779 18780
18780 18781 18778
18781 18780 18782
18777 18783 18779
18783 18777 18784
18774 18784 18777
18784 18774 18776
18782 18785 18781
18785 18782 18786
18786 18787 18785
18787 18788 18785
18788 18781 18785
18788 18787 18789
18789 18790 18788
18790 18791 18788
18781 18788 18791
18791 18778 18781
18791 18790 18792
18790 18789 18793
18787 18786 18794
18793 18795 18790
18795 18792 18790
18795 18793 18796
18792 18795 18797
18797 18773 18792
18773 18797 18772
18792 18775 18791
18775 18792 18773
18778 18791 18775
18798 18794 18786
18786 18799 18798
18800 18798 18799
18798 18800 18801
18799 18802 18800
18802 18799 18803
18803 18804 18802
18804 18803 18805
18805 18806 18804
18806 18805 18807
18799 18786 18782
18782 18803 18799
18803 18782 18780
18780 18805 18803
18807 18808 18806
18808 18807 18809
18805 18780 18779
18779 18807 18805
18807 18779 18783
18783 18809 18807
18809 18783 18810
18784 18810 18783
18810 18784 18811
18776 18811 18784
18811 18776 18812
18768 18812 18776
18812 18768 18813
18770 18813 18768
18813 18770 18814
18814 18815 18813
18815 18814 18816
18816 18817 18815
18818 18815 18817
18815 18818 18819
18813 18819 18812
18819 18813 18815
18820 18819 18818
18819 18820 18821
18812 18821 18811
18821 18812 18819
18817 18816 18822
18823 18811 18821
18811 18823 18810
18821 18824 18823
18824 18821 18820
18825 18818 18817
18818 18825 18826
18826 18820 18818
18827 18826 18825
18826 18827 18828
18829 18828 18827
18828 18829 18830
18830 18831 18828
18831 18830 18832
18833 18828 18831
18828 18833 18826
18820 18826 18833
18833 18824 18820
18831 18834 18833
18824 18833 18834
18834 18831 18835
18832 18835 18831
18835 18836 18834
18836 18824 18834
18836 18835 18837
18838 18837 18835
18835 18832 18838
18837 18838 18839
18824 18836 18840
18841 18830 18829
18830 18841 18842
18842 18832 18830
18843 18842 18841
18842 18843 18844
18832 18842 18845
18845 18838 18832
18844 18845 18842
18838 18845 18846
18846 18839 18838
18847 18846 18845
18845 18844 18847
18846 18847 18848
18848 18849 18846
18839 18846 18849
18849 18848 18850
18851 18844 18843
18851 18843 18852
18852 18843 18841
18844 18851 18853
18853 18847 18844
18851 18854 18853
18854 18851 18855
18856 18854 18855
18854 18856 18857
18857 18858 18854
18858 18857 18859
18847 18853 18860
18860 18848 18847
18854 18860 18853
18860 18854 18858
18861 18850 18848
18848 18860 18861
18858 18861 18860
18850 18861 18862
18863 18862 18861
18859 18863 18858
18861 18858 18863
18862 18863 18864
18865 18864 18863
18863 18859 18865
18864 18865 18866
18867 18857 18856
18857 18867 18868
18868 18859 18857
18869 18868 18867
18868 18869 18870
18870 18871 18868
18859 18868 18871
18871 18865 18859
18871 18870 18872
18873 18866 18865
18872 18873 18871
18865 18871 18873
18866 18873 18874
18875 18874 18873
18873 18872 18875
18874 18875 18876
18877 18876 18875
18876 18877 18878
18879 18878 18877
18878 18879 18880
18881 18880 18879
18880 18881 18882
18883 18872 18870
18872 18883 18884
18875 18884 18877
18884 18875 18872
18885 18884 18883
18884 18885 18886
18877 18886 18879
18886 18877 18884
18886 18881 18879
18885 18887 18886
18886 18887 18881
18883 18888 18885
18888 18883 18889
18870 18889 18883
18889 18870 18869
18881 18890 18882
18890 18881 18891
18887 18891 18881
18892 18885 18888
18892 18887 18885
18893 18887 18892
18887 18893 18891
18894 18890 18891
18890 18894 18895
18896 18895 18894
18894 18897 18896
18896 18897 18898
18899 18896 18898
18895 18896 18899
18897 18894 18900
18891 18900 18894
18900 18891 18893
18901 18801 18902
18901 18798 18801
18794 18798 18901
18903 18592 18904
18594 18592 18903
18903 18904 18905
18905 18906 18903
18581 18905 18904
18905 18581 18580
18584 18581 18904
18592 18584 18904
18903 18906 18907
18903 18907 18908
18594 18903 18908
18908 18601 18594
18601 18908 18909
18910 18909 18908
18907 18910 18908
18909 18910 18911
18911 18912 18909
18912 18911 18913
18912 18913 18914
18915 18914 18913
18914 18915 18640
18916 18911 18910
18916 18910 18907
18911 18916 18917
18917 18913 18911
18913 18917 18918
18919 18913 18918
18913 18919 18915
18920 18915 18919
18915 18920 18921
18921 18640 18915
18640 18921 18639
18909 18922 18601
18914 18922 18912
18922 18631 18601
18922 18909 18912
18922 18914 18637
18640 18637 18914
18923 18921 18920
18921 18923 18924
18924 18639 18921
18925 18924 18923
18924 18925 18926
18926 18927 18924
18639 18924 18927
18927 18926 18928
18927 18928 18929
18929 18928 18930
18675 18930 18928
18676 18926 18925
18926 18676 18677
18677 18675 18928
18677 18928 18926
18922 18637 18632
18675 18659 18930
18659 18675 18665
18930 18659 18662
18929 18930 18662
18929 18662 18664
18638 18927 18929
18927 18638 18639
18929 18641 18638
18641 18929 18664
18664 18642 18641
18642 18664 18660
18660 18644 18642
18644 18660 18649
18631 18922 18632
18631 18600 18601
18931 18840 18932
18932 18809 18931
18809 18932 18808
18810 18931 18809
18931 18810 18823
18824 18931 18823
18824 18840 18931
18933 18934 18935
18934 18933 18936
18937 18934 18936
18938 18933 18935
18938 18935 18939
18940 18938 18939
18623 18686 18627
18686 18694 18627
18627 18694 18615
18623 18625 18686
18694 18616 18615
18646 18629 18630
18629 18646 18628
18633 18646 18630
18597 18614 18591
18614 18597 18599
18668 18656 18666
18656 18668 18661
18666 18656 18657
18941 18942 18367
18943 18367 18942
18367 18943 18362
18944 18362 18943
18362 18944 18360
18360 18944 18359
18941 18367 18370
18370 18945 18941
18370 18946 18945
18370 18372 18946
18947 18946 18372
18713 18618 18617
18713 18617 18699
18852 18841 18948
18829 18948 18841
18948 18829 18949
18827 18949 18829
18949 18827 18950
18825 18950 18827
18950 18825 18951
18817 18951 18825
18951 18817 18822
18952 18953 18954
18953 18952 18955
18955 18529 18953
18529 18955 18530
18956 18955 18952
18955 18956 18957
18957 18530 18955
18958 18957 18956
18957 18958 18959
18956 18960 18958
18960 18956 18961
18952 18961 18956
18954 18962 18952
18961 18952 18962
18962 18963 18961
18963 18962 18964
18965 18964 18962
18962 18954 18965
18964 18965 18966
18966 18967 18964
18967 18963 18964
18967 18966 18968
18963 18967 18969
18963 18970 18961
18970 18963 18971
18969 18971 18963
18971 18969 18972
18973 18961 18970
18961 18973 18960
18974 18958 18960
18958 18974 18975
18976 18975 18974
18974 18977 18976
18977 18974 18978
18978 18979 18977
18979 18978 18980
18973 18980 18978
18980 18981 18979
18981 18980 18982
18975 18976 18983
18983 18976 18984
18985 18976 18977
18976 18985 18984
18983 18986 18975
18987 18982 18980
18980 18973 18987
18982 18987 18988
18960 18978 18974
18978 18960 18973
18982 18989 18981
18989 18982 18990
18991 18979 18981
18989 18991 18981
18979 18991 18992
18977 18992 18985
18992 18977 18979
18970 18987 18973
18987 18970 18993
18993 18988 18987
18971 18993 18970
18993 18971 18994
18994 18995 18993
18988 18993 18995
18995 18994 18996
18972 18994 18971
18994 18972 18997
18994 18998 18996
18998 18994 18997
18999 18996 18998
18996 18999 19000
19000 18995 18996
19000 19001 18990
19001 19000 18999
18982 19000 18990
19000 18982 18988
18995 19000 18988
19002 19003 19004
19003 19002 19005
19003 19006 19004
19006 19003 19007
19008 19006 19007
19009 19007 19003
19007 19009 19010
19007 19011 19008
19010 19011 19007
19011 19010 19012
19013 19008 19011
19011 19014 19013
19015 19014 19011
19016 19013 19014
19017 19016 19014
19017 19014 19015
19013 19016 19018
19015 19019 19017
19020 19017 19019
19017 19020 19021
19021 19016 19017
19019 19015 19022
19023 19022 19015
19023 19011 19012
19015 19011 19023
19022 19023 19024
19012 19024 19023
19012 19025 19024
19016 19021 19026
19026 19018 19016
19027 19020 19019
19020 19027 19028
19018 19026 19029
19030 19026 19021
19028 19027 19031
19027 19032 19031
19032 19027 19033
19019 19033 19027
19033 19019 19022
19024 19033 19022
19032 19034 19031
19034 19032 19035
19035 19036 19034
19036 19035 19037
19038 19034 19036
19034 19038 19039
19033 19024 19040
19040 19025 19041
19041 19042 19040
19042 19033 19040
19033 19042 19032
19035 19032 19042
19042 19041 19043
19043 19044 19042
19035 19042 19044
19044 19037 19035
19043 19045 19044
19045 19043 19046
19046 19047 19045
19047 19046 19048
19049 19048 19046
19050 19048 19049
19048 19050 19051
19051 19047 19048
19047 19051 19052
19053 19052 19051
19052 19053 19054
19055 19043 19041
19043 19055 19046
19049 19046 19055
19056 19047 19052
19054 19056 19052
19054 19057 19056
19047 19056 19058
19058 19045 19047
19059 19044 19045
19045 19058 19059
19044 19059 19037
19060 19051 19050
19051 19060 19053
19057 19061 19056
19061 19058 19056
19055 19062 19049
19062 19055 19063
19063 19064 19062
19065 19062 19064
19062 19065 19066
19064 19063 19067
19025 19067 19063
19067 19025 19068
19025 19012 19068
19067 19069 19064
19068 19012 19010
19067 19070 19069
19010 19070 19068
19067 19068 19070
19009 19070 19010
19070 19009 19071
19009 19072 19071
19072 19009 19073
19072 19074 19071
19070 19071 19074
19069 19070 19074
19074 19072 19075
19076 19066 19065
19060 19066 19076
19066 19060 19050
19077 19060 19076
19060 19077 19078
19079 19078 19077
19078 19079 19080
19077 19081 19079
19079 19082 19080
19082 19083 19080
19080 19083 19084
19078 19080 19084
19083 19082 19085
19086 19083 19085
19083 19086 19087
19087 19088 19083
19088 19084 19083
19089 19088 19087
19090 19087 19086
19087 19090 19091
19089 19087 19091
19082 19079 19092
19081 19092 19079
19092 19081 19093
19081 19094 19093
19094 19081 19095
19096 19095 19081
19095 19096 19097
19098 19097 19096
19096 19065 19098
19084 19088 19054
19057 19054 19088
19057 19088 19089
19099 19094 19095
19097 19099 19095
19094 19099 19100
19101 19100 19099
19100 19101 19102
18691 19102 19101
19103 18691 19101
19099 19103 19101
19103 19099 19097
19065 19096 19076
19076 19096 19077
19077 19096 19081
19097 19104 19103
19104 19097 19098
19105 19103 19104
19103 19105 18691
19098 19074 19104
19075 19104 19074
19104 19075 19106
19106 19105 19104
19075 19107 19106
19105 19106 19107
19107 19075 19108
19075 19109 19108
19109 19075 19072
19107 19110 19105
18691 19105 19110
19110 18712 18691
19110 18711 18712
19111 19110 19107
19110 19111 18711
19111 18710 18711
18710 19111 19112
19113 19112 19111
19108 19113 19107
19113 19111 19107
19112 19113 19114
19115 19113 19108
19115 19114 19113
19108 19109 19115
19116 19115 19109
19117 19115 19116
19115 19117 19118
19114 19115 19118
19109 19119 19116
19119 19109 19072
19119 19072 19073
19120 19119 19073
19119 19120 19116
19073 19005 19120
19073 19003 19005
19003 19073 19009
19121 19116 19120
19116 19121 19122
19117 19116 19122
19122 19121 19123
19120 19124 19121
19120 19125 19124
19125 19120 19126
19120 19005 19126
19005 19002 19126
19126 19002 19127
19127 19002 19128
19129 19127 19128
19002 19004 19128
19129 19130 19127
19130 19126 19127
19130 19125 19126
19130 19129 19131
19132 19130 19131
19130 19132 19133
19133 19125 19130
19132 19134 19133
19125 19134 19124
19134 19125 19133
19134 19132 19135
19136 19134 19135
19134 19136 19137
19137 19138 19134
19137 19139 19138
19140 19138 19139
19138 19140 19141
19123 19138 19141
19124 19134 19138
19138 19121 19124
19123 19121 19138
19142 19143 19144
19142 19145 19143
19145 19142 19146
19029 19146 19142
19147 19143 19145
19143 19147 19148
19144 19143 19148
19029 19026 19146
19026 19030 19146
19142 19144 19149
19149 19144 19150
19151 19146 19030
19146 19151 19145
19145 19151 19152
19147 19145 19152
19152 19153 19147
19153 18985 19147
18985 19148 19147
19154 18985 19153
18985 19154 18984
19151 19030 19155
19155 19156 19151
19155 19157 19156
19155 19158 19157
19158 19159 19157
19160 19159 19158
19159 19160 19161
19162 19161 19160
19161 19162 19163
19162 19164 19163
19165 19163 19164
19164 19166 19165
19161 19167 19159
19167 19157 19159
19167 19161 19168
19163 19168 19161
19168 19163 19169
19170 19163 19165
19163 19170 19169
19165 19171 19170
19171 19165 19172
19166 19172 19165
19172 19166 19173
19038 19173 19166
19173 19038 19174
19036 19174 19038
19174 19036 19175
19037 19175 19036
19175 19037 19059
19039 19166 19164
19166 19039 19038
19164 19176 19039
19176 19164 19162
19160 19176 19162
19176 19160 19028
19158 19028 19160
19028 19158 19020
19020 19158 19155
19174 19177 19173
19178 19173 19177
19177 19179 19178
19179 19177 19180
19181 19178 19179
19178 19181 19182
19177 19183 19180
19183 19184 19180
19089 19180 19184
19182 19172 19178
19173 19178 19172
19172 19182 19171
19179 19090 19181
19090 19179 19091
19091 19180 19089
19091 19179 19180
19089 19184 19057
19184 19061 19057
19183 19061 19184
19183 19185 19061
19058 19061 19185
19183 19175 19185
19175 19183 19174
19177 19174 19183
19059 19185 19175
19185 19059 19058
19144 18991 19186
18989 19186 18991
19144 19186 19150
18991 19144 19148
18991 19148 18992
19148 18985 18992
18769 19187 18770
19187 18769 19188
18772 19188 18769
19188 18772 19189
19189 19190 19188
19190 19189 19191
19188 19192 19187
19192 19188 19190
19191 19193 19190
19193 19191 19194
19194 19195 19193
19195 19194 19196
19197 19196 19194
19196 19197 19198
19199 19193 19195
19193 19199 19200
19190 19200 19192
19200 19190 19193
19201 19198 19197
19198 19201 19202
19203 19202 19201
19204 19203 19201
19197 19204 19201
19203 19204 19205
19206 19205 19204
19207 19206 19204
19204 19197 19207
19194 19207 19197
19206 19207 19208
19205 19206 19209
19202 19203 19210
18795 19209 19206
19208 18795 19206
19209 18795 18796
18795 19208 18797
19189 18797 19208
18797 19189 18772
19191 19208 19207
19208 19191 19189
19207 19194 19191
19210 19211 19202
19212 19202 19211
19211 19213 19212
19213 19211 19214
19215 19212 19213
19212 19215 19216
19217 19216 19215
19216 19217 19218
19219 19218 19217
19218 19219 19220
19202 19212 19198
19216 19198 19212
19198 19216 19196
19218 19196 19216
19221 19220 19219
19220 19221 19222
19196 19218 19195
19220 19195 19218
19195 19220 19199
19222 19199 19220
19199 19222 19223
19223 19200 19199
19200 19223 19224
19224 19192 19200
19192 19224 19225
19225 19187 19192
19187 19225 19226
19226 18770 19187
18770 19226 19227
19228 19227 19226
19227 19228 19229
19230 19229 19228
19228 19231 19230
19231 19228 19232
19226 19232 19228
19232 19226 19225
19232 19233 19231
19233 19232 19234
19225 19234 19232
19234 19225 19224
19229 19230 19235
19224 19236 19234
19236 19224 19223
19234 19237 19233
19237 19234 19236
19231 19238 19230
19238 19231 19239
19233 19239 19231
19239 19240 19238
19240 19239 19241
19241 19242 19240
19242 19241 19243
19244 19243 19241
19243 19244 19245
19241 19246 19244
19246 19241 19239
19239 19233 19246
19237 19246 19233
19247 19244 19246
19246 19237 19247
19244 19247 19248
19248 19245 19244
19249 19248 19247
19237 19249 19247
19248 19249 19250
19250 19251 19248
19245 19248 19251
19251 19250 19252
19249 19237 19253
19243 19254 19242
19254 19243 19255
19245 19255 19243
19255 19256 19254
19256 19255 19257
19255 19245 19258
19251 19258 19245
19258 19257 19255
19258 19251 19259
19252 19259 19251
19259 19260 19258
19257 19258 19260
19260 19259 19261
19262 19261 19259
19259 19252 19262
19261 19262 19263
19257 19264 19256
19264 19265 19256
19265 19254 19256
19264 19257 19266
19260 19266 19257
19267 19264 19266
19264 19267 19268
19267 19269 19268
19269 19267 19270
19271 19270 19267
19270 19271 19272
19266 19260 19273
19261 19273 19260
19267 19273 19271
19273 19267 19266
19263 19274 19261
19273 19261 19274
19274 19271 19273
19274 19263 19275
19275 19276 19274
19276 19272 19271
19271 19274 19276
19276 19275 19277
19277 19278 19276
19272 19276 19278
19278 19277 19279
19270 19280 19269
19280 19270 19281
19272 19281 19270
19281 19282 19280
19282 19281 19283
19284 19283 19281
19281 19272 19284
19278 19284 19272
19283 19284 19285
19279 19286 19278
19286 19285 19284
19284 19278 19286
19286 19279 19287
19287 19288 19286
19285 19286 19288
19288 19287 19289
19289 19290 19288
19290 19289 19291
19291 19292 19290
19292 19291 19293
19293 19294 19292
19294 19293 19295
19285 19296 19283
19296 19285 19297
19297 19288 19290
19288 19297 19285
19297 19298 19296
19298 19297 19299
19299 19290 19292
19290 19299 19297
19299 19292 19294
19298 19299 19300
19299 19294 19300
19301 19296 19298
19296 19301 19302
19302 19283 19296
19283 19302 19282
19303 19294 19295
19294 19303 19304
19300 19294 19304
19305 19298 19300
19305 19301 19298
19306 19305 19300
19300 19304 19306
19303 19307 19304
19307 19303 19308
19308 19309 19307
19310 19307 19309
19309 19311 19310
19312 19311 19309
19309 19308 19312
19307 19310 19313
19313 19304 19307
19304 19313 19306
19314 19315 19214
19314 19214 19211
19211 19210 19314
19316 19317 19253
19222 19317 19316
19317 19222 19221
19316 19223 19222
19223 19316 19236
19237 19236 19316
19237 19316 19253
19318 19319 19320
19319 19318 19321
19322 19321 19318
19323 19320 19319
19323 19324 19320
19325 19324 19323
19025 19040 19024
19063 19041 19025
19041 19063 19055
19049 19066 19050
19066 19049 19062
19064 19069 19098
19074 19098 19069
19064 19098 19065
19053 19078 19084
19078 19053 19060
19084 19054 19053
19265 19326 19254
19326 19242 19254
19242 19326 19327
19327 19240 19242
19240 19327 19328
19328 19238 19240
19238 19328 19329
19329 19230 19238
19230 19329 19235
18959 18975 18986
18975 18959 18958
18959 19330 18957
18530 18957 19330
19031 19034 19176
19034 19039 19176
19176 19028 19031
19149 19331 19142
19029 19142 19331
19029 19331 19332
19333 19029 19332
19029 19333 19018
19334 19018 19333
19018 19334 19013
19008 19013 19334
18534 18569 18533
18569 18534 19335
18570 18569 19335
18570 19336 18568
18574 18568 19336
18574 19336 19337
19338 18574 19337
18576 18574 19338
18576 19338 19339
19339 18580 18576
18580 19339 18905
18348 18321 18319
18691 18712 18701
19155 19030 19021
19020 19155 19021
17496 17480 17481
