byte offset: 0
first index: 0
index count: 7383
topology: trianglelist
format: DXGI_FORMAT_R16_UINT

0 1 2
1 0 3
4 3 0
3 4 5
6 2 1
6 1 7
2 6 8
9 8 6
9 6 7
8 9 10
11 10 9
11 9 12
9 7 12
13 11 12
11 13 14
14 15 11
10 11 15
15 14 16
14 17 16
17 14 18
13 18 14
19 17 18
17 19 20
21 20 19
21 19 22
23 21 22
21 23 24
24 25 21
20 21 25
25 24 26
26 24 27
28 27 24
24 23 28
28 23 29
23 22 30
23 30 29
30 31 29
29 31 32
32 31 33
27 34 26
34 27 35
36 35 27
35 36 37
38 37 36
37 38 39
40 39 38
29 41 28
29 32 41
32 42 41
28 41 43
44 43 41
42 44 41
45 40 38
46 40 45
45 47 46
48 46 47
47 45 49
50 49 45
44 50 43
45 51 50
50 51 43
51 45 38
51 38 52
51 52 43
53 46 48
40 46 53
54 53 48
54 40 53
40 54 39
28 43 52
27 28 52
36 27 52
52 38 36
55 56 57
56 55 58
59 57 56
57 59 60
61 60 59
60 61 62
63 62 61
62 63 64
65 64 63
64 65 66
67 58 55
58 67 68
67 69 68
69 67 70
70 71 69
71 70 72
72 73 71
73 72 74
74 75 73
75 74 76
76 77 75
77 76 78
77 78 79
80 79 78
79 80 81
82 83 84
82 85 83
85 82 86
82 87 86
86 88 85
88 86 89
90 88 89
88 90 91
92 91 90
91 92 93
93 92 94
95 96 97
96 95 98
97 99 95
99 97 100
100 101 99
101 100 102
102 103 101
103 102 104
104 105 103
105 104 106
107 96 98
108 107 98
109 107 108
109 108 110
108 111 110
110 111 112
113 112 111
112 113 114
115 114 113
114 115 116
117 116 115
116 117 118
119 118 117
118 119 120
121 120 119
120 121 122
123 124 125
123 126 124
125 127 123
127 125 128
127 128 129
129 130 127
131 127 130
127 131 132
133 132 131
134 132 133
134 133 135
136 137 138
137 136 139
140 138 137
138 140 141
140 142 141
142 140 143
142 143 144
143 145 144
146 144 145
147 148 149
148 147 150
151 149 148
149 151 152
153 150 147
150 153 154
155 154 153
154 155 156
157 156 155
156 157 158
159 158 157
158 159 160
159 161 160
161 159 162
162 163 161
163 162 164
164 165 163
165 164 166
167 165 166
165 167 168
169 170 171
170 169 172
172 173 170
173 172 174
175 173 174
173 175 176
177 176 175
176 177 178
171 179 169
179 171 180
180 181 179
181 180 182
182 183 181
183 182 184
184 185 183
185 184 186
187 185 186
185 187 188
189 188 187
188 189 190
189 191 190
191 189 192
192 193 191
193 192 194
195 193 194
193 195 196
197 198 199
198 197 200
201 199 198
199 201 202
203 202 201
202 203 204
205 204 203
204 205 206
207 206 205
206 207 208
200 197 209
210 209 197
211 210 197
210 211 212
212 211 213
214 208 207
208 214 215
216 215 214
215 216 217
218 217 216
217 218 219
218 220 219
220 218 221
221 222 220
222 221 223
223 224 222
224 223 225
225 226 224
226 225 227
227 228 226
228 227 229
230 18 231
19 18 230
19 230 22
18 13 231
232 233 234
233 232 235
235 236 233
236 235 237
238 236 237
236 238 239
238 240 239
240 238 241
242 240 241
240 242 243
244 243 242
243 244 245
246 245 244
245 246 247
248 246 249
250 247 249
251 252 250
252 251 253
253 254 252
254 253 255
256 254 255
254 256 257
258 249 251
259 260 261
262 261 263
259 264 262
265 266 267
266 265 268
267 269 265
269 267 270
268 271 266
271 268 272
273 266 271
271 274 273
274 271 275
276 274 275
270 277 269
277 270 278
276 279 274
279 276 280
280 281 279
281 280 282
281 282 283
284 276 275
276 284 285
285 284 286
287 285 286
285 287 288
289 288 287
288 289 290
291 286 284
286 291 292
292 291 293
291 294 293
295 293 294
293 295 296
297 296 295
296 297 298
299 298 297
298 299 300
294 291 301
299 278 300
278 299 277
265 297 295
297 265 269
302 282 290
282 302 283
290 289 302
303 302 289
302 303 304
303 305 304
306 305 303
305 306 307
308 307 306
307 308 309
309 308 310
311 309 310
312 311 310
311 312 313
314 304 305
304 314 315
316 315 314
316 283 315
314 317 316
317 314 318
318 319 317
319 318 320
309 311 320
321 319 320
321 320 311
311 322 321
322 311 323
283 316 281
1 324 7
3 324 1
324 3 325
5 325 3
325 5 326
327 326 5
326 327 328
5 329 327
329 5 4
330 331 332
331 330 333
330 334 333
334 330 335
336 334 335
334 336 337
338 337 336
337 338 339
340 339 338
339 340 341
342 341 340
341 342 343
344 343 342
343 344 345
346 345 344
345 346 347
348 347 346
347 348 349
350 349 348
349 350 351
352 353 354
352 355 356
332 357 358
357 332 331
359 360 361
360 359 362
362 363 360
363 362 364
361 365 359
365 366 359
365 361 367
367 368 365
368 366 365
368 367 369
369 370 368
370 371 368
368 371 366
370 372 371
372 370 373
374 373 370
370 369 374
373 374 375
376 373 375
373 376 377
377 372 373
376 378 377
378 376 379
379 380 378
380 381 378
382 381 380
380 383 382
384 383 380
380 379 384
383 384 385
385 386 383
387 383 386
383 387 382
387 388 382
382 389 381
382 388 389
389 388 390
388 391 390
392 386 385
386 392 393
393 394 386
394 393 395
395 396 394
396 395 397
398 396 397
388 399 391
388 387 399
394 400 386
400 394 396
400 387 386
387 400 401
387 401 399
402 400 396
402 401 400
402 396 403
396 398 403
403 404 402
401 402 404
404 403 405
403 406 405
406 403 407
398 407 403
408 406 407
409 401 404
399 401 409
410 399 409
411 408 407
407 398 411
412 408 411
412 411 398
398 397 412
399 410 391
413 414 391
414 390 391
415 416 417
416 415 418
418 419 416
419 418 420
420 421 419
421 420 422
422 423 421
423 422 424
424 425 423
425 424 426
417 427 415
427 417 428
429 427 428
427 429 430
431 430 429
430 431 432
433 432 431
432 433 434
435 434 433
434 435 436
437 436 435
436 437 438
437 439 438
439 440 438
440 439 441
442 443 444
445 442 444
442 445 446
442 446 447
446 445 448
448 449 446
448 450 449
450 448 451
451 452 450
452 451 453
453 454 452
455 456 457
455 457 458
459 456 455
456 459 460
459 461 460
461 459 462
463 462 459
459 464 463
465 463 464
466 465 464
466 467 465
468 469 470
469 468 471
470 472 468
472 470 473
474 472 473
472 474 475
474 476 475
475 476 477
478 477 476
479 480 481
480 479 482
482 483 480
483 482 484
481 485 479
485 481 486
486 487 485
487 486 488
488 489 487
489 488 490
490 491 489
491 490 492
493 491 492
491 493 494
495 494 493
494 495 496
497 496 495
496 497 498
497 499 498
499 497 500
501 502 503
502 501 504
505 503 502
503 505 506
505 507 506
507 505 508
508 509 507
509 508 510
511 504 501
504 511 512
513 512 511
512 513 514
515 514 513
514 515 516
517 516 515
516 517 518
517 519 518
519 517 520
520 521 519
521 520 522
523 521 522
521 523 524
525 524 523
524 525 526
525 527 526
527 525 528
529 530 531
530 529 532
532 533 530
533 532 534
534 535 533
535 534 536
536 537 535
537 536 538
538 539 537
539 538 540
531 541 529
542 529 541
542 543 529
543 542 544
544 545 543
540 546 539
546 540 547
547 548 546
548 547 549
549 550 548
550 549 551
552 550 551
550 552 553
554 553 552
553 554 555
556 555 554
555 556 557
558 557 556
557 558 559
560 559 558
559 560 561
562 563 377
378 562 377
378 381 562
372 377 563
564 565 566
565 564 567
568 566 565
566 568 569
568 570 569
570 568 571
572 570 571
570 572 573
572 574 573
574 572 575
575 576 574
576 575 577
577 578 576
578 577 579
580 581 579
581 578 582
583 584 580
584 583 585
586 585 583
585 586 587
588 584 581
586 589 587
589 586 590
359 366 591
591 362 359
362 591 592
592 364 362
364 592 593
593 594 364
594 593 595
596 364 594
364 596 363
597 598 599
598 597 600
601 598 600
598 601 602
601 603 602
603 601 604
604 605 603
605 604 606
606 607 605
607 606 608
608 609 607
609 608 610
610 611 609
611 610 612
612 613 611
613 612 614
614 615 613
615 614 616
616 617 615
617 616 618
619 599 620
599 619 597
621 32 33
622 623 624
623 622 625
626 624 623
624 626 627
628 627 626
627 628 629
628 630 629
630 628 631
631 632 630
632 633 630
633 634 630
633 635 634
635 636 634
637 638 639
638 637 640
641 639 638
639 641 642
643 642 641
642 643 644
645 644 643
644 645 646
647 646 645
646 647 648
649 650 651
650 649 652
651 653 649
653 651 654
654 655 653
655 654 656
657 655 656
655 657 658
657 659 658
657 660 659
657 661 660
661 662 660
661 663 662
664 665 666
665 664 667
668 666 665
666 668 669
670 669 668
669 670 671
672 671 670
671 672 673
674 675 676
675 674 677
678 679 680
679 678 681
682 680 679
680 682 683
684 685 686
685 684 687
686 688 684
686 689 688
690 691 692
691 690 693
694 693 690
693 694 695
696 691 693
692 697 690
698 699 700
699 698 701
698 702 701
702 703 701
704 705 706
705 704 707
708 704 706
704 708 709
710 711 712
711 713 712
714 713 711
713 714 715
716 715 714
715 716 717
716 718 717
718 716 719
719 720 718
720 721 718
721 722 718
721 723 722
723 724 722
725 726 727
726 725 728
729 727 726
727 729 730
731 730 729
730 731 732
733 732 731
732 733 734
735 734 733
734 735 736
737 738 739
738 740 739
740 738 741
741 742 740
742 741 743
744 742 743
742 744 745
744 746 745
737 739 747
744 748 746
744 749 748
749 750 748
749 751 750
752 753 754
753 752 755
756 754 753
754 756 757
758 757 756
757 758 759
760 759 758
759 760 761
762 763 764
763 762 765
766 767 768
767 766 769
770 771 772
771 770 773
774 775 776
775 774 777
774 778 777
778 774 779
780 781 782
781 780 783
784 780 782
780 784 785
786 787 788
787 786 789
790 786 788
786 790 791
792 793 794
793 792 795
796 792 794
792 796 797
798 799 800
799 798 801
802 800 799
800 802 803
804 803 802
803 804 805
804 806 805
806 804 807
807 808 806
808 809 806
809 810 806
809 811 810
811 812 810
813 814 815
814 813 816
817 815 814
815 817 818
819 818 817
818 819 820
821 820 819
820 821 822
823 822 821
822 823 824
825 826 827
826 825 828
827 829 825
829 827 830
830 831 829
831 830 832
833 831 832
831 833 834
833 835 834
833 836 835
833 837 836
837 838 836
837 839 838
840 841 842
841 840 843
844 842 841
842 844 845
846 845 844
845 846 847
848 847 846
847 848 849
850 851 852
851 850 853
854 855 856
855 854 857
858 859 860
859 858 861
862 863 864
863 862 865
864 866 862
866 864 867
868 863 865
863 868 869
870 871 872
871 870 873
873 874 871
874 873 875
872 876 870
876 872 877
878 879 880
879 878 881
881 882 879
882 881 883
884 878 880
878 884 885
886 887 888
887 886 889
890 888 887
888 890 891
892 889 886
889 892 893
894 895 896
895 894 897
898 897 894
897 898 899
898 900 899
900 898 901
902 896 895
903 902 895
904 902 903
902 904 905
904 903 906
907 908 909
908 907 910
911 912 913
912 911 914
915 916 917
916 918 917
918 916 919
915 917 920
921 915 920
915 921 922
921 923 922
923 921 924
925 923 924
915 926 916
927 928 929
929 928 930
929 930 931
932 933 934
933 935 934
935 933 936
933 937 936
937 933 938
939 934 935
934 939 940
934 940 941
942 935 936
943 940 939
940 943 944
935 945 939
946 947 948
947 946 949
950 946 948
946 950 951
952 946 951
953 951 950
951 953 954
951 954 955
956 950 948
950 957 953
958 954 953
954 958 959
960 961 962
960 963 961
963 960 964
965 964 960
964 965 966
967 966 965
966 967 968
969 968 967
968 969 970
971 970 969
970 971 972
973 961 963
961 973 974
964 975 963
976 977 978
977 976 979
980 976 978
978 981 980
981 978 982
983 976 980
976 983 984
985 986 987
985 987 988
988 987 989
989 990 988
990 989 991
989 992 991
991 992 993
993 994 991
994 993 995
995 996 994
995 997 996
995 998 997
999 1000 1001
1000 999 1002
1000 1002 1003
1001 1004 999
1004 1001 1005
1006 1004 1005
1004 1006 1007
1008 1000 1003
1003 1009 1008
1009 1010 1008
1009 1003 1011
1012 1013 1014
1014 1015 1012
1016 1017 1018
1018 1019 1016
1020 1021 1022
1021 1020 1023
1023 1020 1024
1025 1023 1024
1024 1026 1025
1026 1024 1027
1028 1026 1027
1026 1028 1029
1028 1030 1029
1020 1031 1024
1032 1033 1034
1034 1035 1032
1034 1036 1035
1037 1038 1039
1038 1037 1040
1041 1039 1038
1039 1041 1042
1043 1042 1041
1042 1043 1044
1045 1044 1043
1044 1045 1046
1047 1046 1045
1046 1047 1048
1049 1048 1047
1048 1049 1050
1051 1052 1053
1052 1051 1054
1055 1056 1057
1056 1055 1058
1059 1058 1055
1058 1059 1060
1061 1060 1059
1060 1061 1062
1063 1064 1065
1063 1065 1066
1067 1063 1066
1063 1067 1068
1069 1070 1071
1070 1069 1072
1073 1074 1075
1074 1073 1076
1077 1078 1079
1080 1079 1078
1078 1081 1080
1081 1082 1080
1082 1083 1080
1084 1083 1082
1082 1085 1084
1086 1084 1085
1085 1087 1086
1087 1088 1086
1088 1089 1086
1077 1079 1090
1091 1092 1093
1092 1091 1094
1095 1096 1097
1096 1095 1098
1098 1099 1096
1099 1098 1100
1100 1101 1099
1101 1100 1102
1103 1101 1102
1101 1103 1104
1095 1097 1105
1106 1097 1096
1097 1106 1107
1097 1107 1105
1108 1107 1106
1107 1108 1109
1106 1110 1108
1110 1106 1111
1096 1111 1106
1111 1096 1099
1111 1112 1110
1112 1111 1113
1099 1113 1111
1113 1099 1101
1104 1113 1101
1114 1112 1113
1113 1104 1114
1112 1114 1115
1116 1109 1108
1109 1116 1117
1118 1117 1116
1116 1119 1118
1120 1118 1119
1118 1120 1121
1121 1122 1118
1117 1118 1122
1122 1121 1123
1119 1124 1120
1124 1119 1125
1126 1124 1125
1124 1126 1127
1123 1128 1122
1128 1123 1129
1127 1130 1124
1130 1120 1124
1130 1127 1131
1131 1132 1130
1132 1133 1130
1120 1130 1133
1133 1121 1120
1133 1132 1134
1134 1135 1133
1121 1133 1135
1135 1123 1121
1135 1134 1136
1136 1137 1135
1123 1135 1137
1137 1129 1123
1137 1136 1138
1132 1131 1139
1138 1140 1137
1129 1137 1140
1140 1138 1141
1140 1141 1142
1129 1140 1143
1140 1142 1143
1129 1143 1144
1145 1143 1142
1143 1145 1146
1143 1146 1147
1144 1143 1147
1148 1146 1145
1146 1148 1149
1146 1149 1150
1147 1146 1150
1151 1149 1148
1149 1151 1152
1150 1149 1152
1150 1152 1153
1154 1152 1151
1152 1154 1155
1153 1152 1155
1153 1155 1156
1156 1157 1153
1157 1150 1153
1158 1157 1156
1157 1158 1159
1158 1160 1159
1161 1159 1160
1159 1161 1162
1158 1163 1160
1163 1158 1164
1158 1156 1164
1165 1162 1161
1162 1165 1166
1165 1167 1166
1167 1165 1168
1168 1169 1167
1169 1168 1170
1171 1169 1170
1169 1171 1109
1172 1163 1164
1172 1173 1163
1174 1173 1172
1174 1175 1173
1175 1174 1176
1177 1175 1176
1177 1178 1175
1179 1178 1177
1179 1180 1178
1181 1180 1179
1181 1182 1180
1182 1181 1183
1184 1182 1183
1184 1185 1182
1185 1184 1186
1186 1187 1185
1187 1186 1188
1189 1187 1188
1189 1190 1187
1191 1190 1189
1192 1190 1191
1190 1192 1193
1194 1193 1192
1193 1194 1195
1196 1195 1194
1197 1196 1194
1192 1197 1194
1197 1198 1196
1197 1192 1199
1199 1192 1191
1191 1200 1199
1189 1200 1191
1200 1189 1201
1189 1202 1201
1202 1189 1188
1188 1203 1202
1203 1188 1186
1204 1203 1186
1198 1205 1196
1205 1206 1196
1196 1206 1195
1184 1204 1186
1183 1204 1184
1204 1183 1207
1208 1207 1183
1208 1183 1181
1209 1208 1181
1209 1181 1179
1177 1209 1179
1209 1177 1210
1211 1210 1177
1211 1177 1176
1176 1212 1211
1212 1176 1174
1174 1213 1212
1213 1174 1172
1172 1214 1213
1214 1172 1164
1156 1214 1164
1215 1216 1217
1218 1215 1217
1217 1219 1218
1215 1218 1220
1215 1220 1221
1216 1215 1221
1220 1222 1221
1222 1220 1223
1224 1222 1223
1222 1224 1225
1226 1225 1224
1225 1226 1227
1226 1228 1227
1228 1226 1229
1229 1230 1228
1230 1229 1231
1232 1230 1231
1230 1232 1233
1234 1233 1232
1233 1234 1235
1223 1220 1236
1234 1237 1235
1235 1237 1238
1235 1238 1239
1240 1239 1238
1239 1240 1241
1241 1242 1239
1242 1241 1243
1242 1243 1244
1220 1218 1236
1245 1246 1247
1246 1245 1248
1247 1246 1249
1250 1247 1249
1250 1249 1251
1249 1246 1252
1246 1248 1252
1251 1249 1253
1249 1252 1253
1250 1254 1247
1255 1248 1245
1245 1256 1255
1256 1257 1255
1257 1258 1255
1245 1259 1256
1259 1260 1256
1260 1257 1256
1245 1261 1259
1254 1261 1247
1254 1262 1261
1261 1263 1259
1262 1263 1261
1263 1260 1259
1263 1264 1260
1263 1265 1264
1262 1265 1263
1262 1266 1265
1251 1253 1267
1268 1251 1267
1251 1268 1269
1270 1269 1268
1269 1270 1271
1272 1269 1271
1273 1251 1269
1272 1273 1269
1274 1272 1271
1275 1271 1270
1271 1275 1276
1274 1271 1276
1277 1274 1276
1278 1276 1275
1276 1278 1279
1277 1276 1279
1280 1277 1279
1277 1280 1281
1282 1281 1280
1281 1282 1283
1283 1282 1284
1282 1285 1284
1285 1282 1286
1280 1286 1282
1287 1279 1278
1279 1287 1280
1286 1280 1287
1285 1288 1284
1288 1285 1289
1289 1290 1288
1291 1288 1290
1291 1283 1284
1291 1284 1288
1290 1289 1292
1293 1290 1292
1290 1293 1294
1295 1294 1293
1294 1295 1296
1297 1296 1295
1296 1297 1298
1299 1296 1298
1296 1299 1300
1294 1296 1300
1301 1294 1300
1290 1294 1301
1301 1291 1290
1302 1298 1297
1298 1302 1217
1217 1299 1298
1299 1217 1216
1219 1217 1302
1303 1304 1305
1304 1303 1306
1307 1306 1303
1306 1307 1308
1309 1308 1307
1308 1309 1310
1311 1305 1304
1305 1311 1312
1311 1313 1312
1313 1311 1314
1314 1315 1313
1315 1314 1316
1316 1317 1315
1317 1316 1318
1319 1317 1318
1317 1319 1320
1310 1309 1321
1309 1322 1321
1322 1323 1321
1323 1322 1324
1325 1323 1324
1323 1325 1326
1327 1326 1325
1326 1327 1328
1329 1328 1327
1328 1329 1330
1330 1329 1331
1332 1330 1331
1333 1332 1331
1333 1334 1332
1334 1333 1335
1335 1336 1334
1336 1335 1337
1337 1338 1336
1338 1337 1339
1338 1339 1340
1341 1338 1340
1342 1341 1340
1342 1343 1341
1343 1342 1344
1345 1343 1344
1346 1347 1348
1346 1349 1347
1346 1350 1349
1350 1346 1351
1351 1352 1350
1352 1351 1353
1353 1354 1352
1354 1353 1355
1355 1356 1354
1356 1355 1357
1357 1358 1356
1358 1357 1359
1360 1361 1362
1362 1361 1363
1363 1361 1364
1363 1364 1365
1366 1365 1364
1367 1366 1364
1366 1367 1368
1368 1367 1369
1364 1370 1367
1367 1371 1369
1372 1373 1374
1373 1372 1375
1376 1375 1372
1375 1376 1377
1378 1377 1376
1377 1378 1379
1380 1379 1378
1379 1380 1381
1382 1381 1380
1381 1382 1383
1384 1383 1382
1383 1384 1385
1386 1385 1384
1385 1386 1387
1388 1387 1386
1387 1388 1389
1388 1390 1389
1390 1388 1391
1391 1392 1390
1392 1391 1393
1393 1394 1392
1394 1393 1395
1395 1396 1394
1396 1395 1397
1397 1398 1396
1398 1397 1399
1399 1400 1398
1400 1399 1401
1401 1402 1400
1402 1401 1403
1403 1373 1402
1373 1403 1374
1404 1405 1406
1405 1404 1407
1406 1408 1404
1408 1406 1409
1409 1410 1408
1410 1409 1411
1411 1412 1410
1412 1411 1413
1413 1414 1412
1414 1413 1415
1415 1416 1414
1416 1415 1417
1417 1418 1416
1418 1417 1419
1419 1420 1418
1420 1419 1421
1422 1420 1421
1420 1422 1423
1424 1423 1422
1423 1424 1425
1426 1425 1424
1425 1426 1427
1428 1427 1426
1427 1428 1429
1430 1429 1428
1429 1430 1431
1432 1431 1430
1431 1432 1433
1434 1433 1432
1433 1434 1435
1405 1435 1434
1435 1405 1407
1436 1437 1438
1437 1436 1439
1440 1439 1436
1439 1440 1441
1442 1441 1440
1441 1442 1443
1442 1444 1443
1444 1442 1445
1445 1446 1444
1446 1445 1447
1448 1446 1447
1446 1448 1449
1450 1449 1448
1449 1450 1451
1452 1451 1450
1451 1452 1453
1452 1454 1453
1454 1452 1455
1455 1456 1454
1456 1455 1457
1457 1458 1456
1458 1457 1459
1460 1458 1459
1458 1460 1461
1462 1461 1460
1461 1462 1463
1462 1464 1463
1464 1462 1465
1465 1466 1464
1466 1465 1467
1467 1437 1466
1437 1467 1438
1468 1469 1470
1469 1468 1471
1470 1472 1468
1472 1470 1473
1473 1474 1472
1474 1473 1475
1475 1476 1474
1476 1475 1477
1477 1478 1476
1478 1477 1479
1479 1480 1478
1480 1479 1481
1481 1482 1480
1482 1481 1483
1483 1484 1482
1484 1483 1485
1486 1484 1485
1484 1486 1487
1488 1487 1486
1487 1488 1489
1490 1489 1488
1489 1490 1491
1492 1491 1490
1491 1492 1493
1494 1493 1492
1493 1494 1495
1496 1495 1494
1495 1496 1497
1498 1497 1496
1497 1498 1499
1469 1499 1498
1499 1469 1471
1500 1501 1502
1501 1500 1503
1502 1504 1500
1504 1502 1505
1505 1506 1504
1506 1505 1507
1508 1506 1507
1506 1508 1509
1510 1509 1508
1509 1510 1511
1510 1512 1511
1512 1510 1513
1513 1514 1512
1514 1513 1515
1515 1516 1514
1516 1515 1517
1518 1516 1517
1516 1518 1519
1520 1519 1518
1519 1520 1521
1522 1521 1520
1521 1522 1523
1522 1524 1523
1524 1522 1525
1525 1526 1524
1526 1525 1527
1528 1526 1527
1526 1528 1529
1530 1529 1528
1529 1530 1531
1501 1531 1530
1531 1501 1503
1532 1533 1534
1533 1532 1535
1534 1536 1532
1536 1534 1537
1537 1538 1536
1538 1537 1539
1539 1540 1538
1540 1539 1541
1541 1542 1540
1542 1541 1543
1543 1544 1542
1544 1543 1545
1545 1546 1544
1546 1545 1547
1547 1548 1546
1548 1547 1549
1550 1548 1549
1548 1550 1551
1552 1551 1550
1551 1552 1553
1554 1553 1552
1553 1554 1555
1556 1555 1554
1555 1556 1557
1558 1557 1556
1557 1558 1559
1560 1559 1558
1559 1560 1561
1562 1561 1560
1561 1562 1563
1533 1563 1562
1563 1533 1535
1564 1565 1566
1565 1564 1567
1568 1567 1564
1567 1568 1569
1570 1569 1568
1569 1570 1571
1570 1572 1571
1572 1570 1573
1573 1574 1572
1574 1573 1575
1575 1576 1574
1576 1575 1577
1578 1576 1577
1576 1578 1579
1578 1580 1579
1580 1578 1581
1582 1580 1581
1580 1582 1583
1582 1584 1583
1584 1582 1585
1586 1584 1585
1584 1586 1587
1588 1587 1586
1587 1588 1589
1590 1589 1588
1589 1590 1591
1590 1592 1591
1592 1590 1593
1593 1594 1592
1594 1593 1595
1595 1565 1594
1565 1595 1566
1596 1597 1598
1597 1596 1599
1598 1600 1596
1600 1598 1601
1601 1602 1600
1602 1601 1603
1603 1604 1602
1604 1603 1605
1605 1606 1604
1606 1605 1607
1607 1608 1606
1608 1607 1609
1609 1610 1608
1610 1609 1611
1611 1612 1610
1612 1611 1613
1614 1612 1613
1612 1614 1615
1616 1615 1614
1615 1616 1617
1618 1617 1616
1617 1618 1619
1620 1619 1618
1619 1620 1621
1622 1621 1620
1621 1622 1623
1624 1623 1622
1623 1624 1625
1626 1625 1624
1625 1626 1627
1597 1627 1626
1627 1597 1599
1628 1629 1630
1629 1628 1631
1632 1631 1628
1631 1632 1633
1634 1633 1632
1633 1634 1635
1634 1636 1635
1636 1634 1637
1637 1638 1636
1638 1637 1639
1639 1640 1638
1640 1639 1641
1642 1640 1641
1640 1642 1643
1644 1643 1642
1643 1644 1645
1644 1646 1645
1646 1644 1647
1647 1648 1646
1648 1647 1649
1650 1648 1649
1648 1650 1651
1652 1651 1650
1651 1652 1653
1654 1653 1652
1653 1654 1655
1654 1656 1655
1656 1654 1657
1657 1658 1656
1658 1657 1659
1659 1629 1658
1629 1659 1630
1660 1661 1662
1661 1660 1663
1664 1663 1660
1663 1664 1665
1666 1665 1664
1665 1666 1667
1668 1667 1666
1667 1668 1669
1670 1669 1668
1669 1670 1671
1672 1671 1670
1671 1672 1673
1674 1673 1672
1673 1674 1675
1676 1675 1674
1675 1676 1677
1676 1678 1677
1678 1676 1679
1679 1680 1678
1680 1679 1681
1681 1682 1680
1682 1681 1683
1683 1684 1682
1684 1683 1685
1685 1686 1684
1686 1685 1687
1687 1688 1686
1688 1687 1689
1689 1690 1688
1690 1689 1691
1691 1661 1690
1661 1691 1662
1692 1693 1694
1693 1692 1695
1696 1695 1692
1695 1696 1697
1693 1698 1694
1698 1693 1699
1699 1700 1698
1700 1699 1701
1701 1702 1700
1702 1701 1703
1704 1697 1696
1697 1704 1705
1704 1706 1705
1703 1707 1702
1708 1709 1710
1709 1708 1711
1710 1712 1708
1712 1710 1713
1713 1714 1712
1714 1713 1715
1715 1716 1714
1716 1715 1717
1718 1716 1717
1716 1718 1719
1720 1721 1722
1723 1721 1720
1720 1724 1723
1722 1725 1720
1725 1722 1320
1319 1725 1320
1726 1125 1727
1125 1726 1126
1125 1728 1727
1728 1125 1119
1119 1116 1728
1108 1728 1116
1728 1108 1110
1110 1727 1728
1727 1110 1112
1115 1727 1112
1727 1115 1726
1729 1122 1128
1122 1729 1117
1128 1730 1729
1730 1128 1144
1730 1144 1731
1169 1117 1729
1117 1169 1109
1167 1729 1730
1729 1167 1169
1730 1166 1167
1166 1730 1731
1731 1162 1166
1162 1731 1732
1731 1147 1732
1144 1147 1731
1128 1129 1144
1147 1150 1732
1157 1732 1150
1157 1159 1732
1159 1162 1732
1171 1107 1109
1171 1105 1107
1105 1171 1170
1733 1095 1734
1095 1733 1098
1735 1098 1733
1098 1735 1100
1736 1100 1735
1100 1736 1102
1736 1103 1102
1103 1736 1737
1095 1738 1734
1734 1739 1733
1739 1734 1740
1734 1738 1740
1740 1741 1739
1741 1740 1742
1743 1739 1741
1739 1743 1744
1745 1744 1743
1744 1745 1746
1746 1735 1744
1735 1746 1736
1746 1737 1736
1745 1747 1746
1737 1746 1747
1747 1745 1748
1744 1733 1739
1733 1744 1735
1742 1749 1741
1749 1742 1750
1750 1751 1749
1752 1749 1751
1751 1753 1752
1753 1751 1754
1755 1754 1751
1751 1750 1755
1754 1755 1756
1757 1752 1753
1752 1757 1758
1757 1759 1758
1759 1757 1760
1761 1756 1755
1756 1761 1762
1763 1760 1757
1753 1763 1757
1760 1763 1764
1132 1764 1763
1765 1132 1763
1763 1753 1765
1754 1765 1753
1132 1765 1134
1766 1134 1765
1765 1754 1766
1756 1766 1754
1134 1766 1136
1767 1136 1766
1766 1756 1767
1762 1767 1756
1136 1767 1138
1764 1132 1139
1768 1138 1767
1767 1762 1768
1138 1768 1141
1768 1142 1141
1762 1769 1768
1768 1769 1142
1762 1770 1769
1770 1771 1769
1769 1145 1142
1145 1769 1772
1771 1772 1769
1771 1773 1772
1772 1148 1145
1148 1772 1774
1773 1774 1772
1773 1775 1774
1151 1774 1775
1774 1151 1148
1775 1154 1151
1154 1775 1776
1777 1771 1770
1778 1773 1771
1777 1778 1771
1777 1779 1778
1779 1777 1780
1781 1779 1780
1779 1781 1782
1782 1783 1779
1778 1779 1783
1783 1782 1784
1785 1781 1780
1781 1785 1786
1787 1786 1785
1786 1787 1788
1789 1788 1787
1787 1742 1789
1790 1783 1784
1791 1790 1784
1790 1791 1792
1793 1792 1791
1793 1791 1794
1795 1793 1794
1796 1795 1794
1795 1796 1797
1798 1797 1796
1798 1796 1799
1800 1798 1799
1800 1799 1801
1802 1800 1801
1803 1802 1801
1802 1803 1804
1805 1804 1803
1805 1803 1806
1806 1807 1805
1808 1807 1806
1807 1808 1809
1810 1809 1808
1810 1808 1811
1812 1810 1811
1811 1813 1812
1813 1811 1814
1814 1815 1813
1815 1814 1816
1817 1815 1816
1818 1815 1817
1818 1813 1815
1818 1817 1819
1813 1818 1820
1820 1812 1813
1812 1820 1821
1821 1810 1812
1810 1821 1822
1810 1823 1809
1823 1810 1822
1824 1809 1823
1809 1824 1807
1819 1817 1825
1825 1817 1826
1817 1816 1826
1807 1824 1827
1805 1807 1827
1827 1804 1805
1804 1827 1828
1829 1804 1828
1829 1802 1804
1830 1802 1829
1830 1800 1802
1830 1798 1800
1798 1830 1831
1832 1798 1831
1832 1797 1798
1833 1797 1832
1797 1833 1795
1834 1795 1833
1795 1834 1793
1835 1793 1834
1793 1835 1792
1792 1835 1836
1790 1792 1836
1837 1790 1836
1836 1838 1837
1838 1836 1776
1790 1837 1783
1837 1838 1773
1838 1776 1775
1773 1838 1775
1837 1773 1778
1837 1778 1783
1839 1840 1841
1841 1842 1839
1840 1839 1843
1843 1844 1840
1839 1845 1843
1842 1845 1839
1846 1845 1842
1845 1846 1847
1846 1848 1847
1848 1846 1849
1849 1850 1848
1850 1849 1851
1852 1850 1851
1850 1852 1853
1854 1853 1852
1853 1854 1855
1854 1856 1855
1856 1854 1857
1858 1856 1857
1857 1859 1858
1847 1860 1845
1845 1860 1843
1858 1859 1861
1859 1862 1861
1859 1863 1862
1864 1862 1863
1865 1864 1863
1863 1866 1865
1866 1867 1865
1866 1868 1867
1869 1870 1871
1871 1872 1869
1869 1872 1873
1873 1872 1874
1871 1875 1872
1872 1875 1874
1875 1876 1874
1875 1877 1876
1877 1875 1871
1876 1877 1878
1871 1879 1877
1880 1879 1871
1870 1880 1871
1870 1881 1880
1882 1881 1870
1881 1883 1880
1880 1883 1879
1882 1870 1884
1884 1870 1869
1884 1869 1885
1885 1873 1886
1885 1886 1887
1873 1888 1886
1873 1874 1888
1885 1869 1873
1881 1889 1883
1890 1889 1881
1890 1881 1882
1891 1890 1882
1891 1892 1890
1893 1890 1892
1892 1894 1893
1894 1892 1895
1896 1895 1892
1896 1892 1891
1897 1895 1896
1890 1893 1898
1890 1898 1889
1895 1899 1894
1899 1895 1900
1897 1900 1895
1900 1901 1899
1901 1900 1902
1903 1902 1900
1903 1900 1897
1903 1904 1902
1904 1903 1905
1905 1906 1904
1906 1905 1907
1902 1908 1901
1908 1902 1904
1904 1909 1908
1909 1904 1906
1906 1910 1909
1910 1906 1911
1911 1906 1907
1912 1910 1911
1913 1912 1911
1913 1911 1907
1913 1914 1912
1914 1915 1912
1910 1912 1915
1915 1914 1916
1914 1917 1916
1917 1914 1918
1918 1919 1917
1919 1918 1920
1920 1921 1919
1921 1920 1922
1920 1923 1922
1923 1920 1924
1918 1924 1920
1925 1924 1918
1914 1925 1918
1925 1914 1913
1922 1926 1921
1926 1922 1840
1923 1840 1922
1840 1923 1841
1844 1926 1840
1927 1928 1929
1928 1927 1930
1930 1931 1928
1931 1930 1932
1932 1933 1931
1933 1932 1934
1929 1935 1927
1935 1929 1936
1937 1935 1936
1935 1937 1938
1939 1938 1937
1938 1939 1940
1941 1940 1939
1940 1941 1942
1941 1943 1942
1943 1941 1944
1934 1945 1933
1933 1945 1946
1947 1946 1945
1946 1947 1948
1947 1949 1948
1949 1947 1950
1950 1951 1949
1951 1950 1952
1952 1953 1951
1953 1952 1954
1954 1955 1953
1956 1955 1954
1957 1955 1956
1958 1957 1956
1957 1958 1959
1960 1959 1958
1959 1960 1961
1962 1961 1960
1961 1962 1963
1962 1964 1963
1965 1964 1962
1966 1964 1965
1966 1965 1967
1967 1968 1966
1969 1968 1967
1970 1971 1972
1970 1972 1973
1974 1970 1973
1970 1974 1975
1976 1975 1974
1975 1976 1977
1978 1977 1976
1977 1978 1979
1980 1979 1978
1979 1980 1981
1982 1981 1980
1981 1982 1983
1984 1985 1986
1985 1987 1986
1987 1988 1986
1987 1989 1988
1988 1989 1990
1991 1988 1990
1990 1992 1991
1992 1993 1991
1988 1991 1994
1991 1993 1995
1996 1997 1998
1997 1996 1999
2000 1998 1997
1998 2000 2001
2002 2001 2000
2001 2002 2003
2004 2003 2002
2003 2004 2005
2004 2006 2005
2006 2004 2007
2008 2009 2010
2011 2008 2010
2008 2011 2012
2009 2008 2013
2013 1944 2009
1943 1944 2013
2014 1758 1759
1758 2014 2015
2016 1758 2015
1758 2016 1752
1749 1752 2016
2016 1741 1749
1741 2016 1743
2015 1743 2016
1743 2015 1745
2015 1748 1745
1748 2015 2014
1755 2017 1761
2017 1755 1750
2018 1761 2017
1761 2018 1770
1750 1787 2017
1787 1750 1742
2017 1785 2018
1785 2017 1787
1780 2018 1785
2018 1780 1777
2018 1777 1770
1761 1770 1762
1789 1742 1740
1789 1740 1738
1738 1788 1789
2019 2020 2021
2020 2019 2022
2023 2020 2022
2020 2023 2024
2019 2021 2025
2026 2024 2023
2027 2026 2023
2026 2028 2024
2028 2026 2029
2027 2030 2026
2031 2028 2029
2029 2032 2031
2033 2032 2029
2030 2027 2033
2032 2033 2034
2027 2035 2033
2035 2034 2033
2035 2036 2034
2035 2037 2036
2037 2038 2036
2038 2037 2039
2040 2038 2039
2039 2041 2040
2042 2041 2039
2041 2042 2043
2044 2043 2042
2044 2042 2045
2035 2045 2037
2044 2046 2043
2046 2044 2047
2047 2048 2046
2048 2047 2049
2050 2048 2049
2048 2050 2051
2045 2052 2037
2042 2052 2045
2053 2054 2055
2054 2053 2056
2055 2057 2053
2057 2055 2058
2058 2059 2057
2059 2058 2060
2060 2061 2059
2061 2060 2062
2062 2063 2061
2063 2062 2064
2064 2065 2063
2065 2064 2066
2066 2067 2065
2067 2066 2068
2068 2069 2067
2069 2068 2070
2070 2071 2069
2071 2070 2072
2073 2074 2075
2074 2073 2076
2077 2075 2074
2075 2077 2078
2079 2080 2081
2080 2079 2082
2080 2083 2081
2083 2080 2084
2085 2086 2087
2086 2085 2088
2086 2089 2087
2089 2086 2090
2091 2089 2090
2091 2090 2092
2092 2093 2091
2094 2095 2096
2095 2094 2097
2098 2099 2100
2099 2098 2101
2099 2102 2100
2102 2099 2103
2104 2105 2106
2105 2104 2107
2108 2109 2110
2109 2108 2111
2112 2113 2114
2113 2112 2115
2116 2117 2118
2117 2116 2119
2120 2119 2116
2119 2120 2121
2121 2122 2119
2122 2121 2123
2124 2125 2126
2125 2124 2127
2056 2128 2054
2056 2129 2130
2131 2132 2021
2133 2132 2131
2132 2025 2021
2134 2135 2136
2135 2134 2137
2138 2139 2140
2139 2141 2140
2141 2139 2142
2143 2141 2142
2143 2142 2144
2145 2144 2142
2144 2145 2146
2145 2147 2146
2145 2148 2147
2148 2145 2149
2150 2151 2152
2151 2150 2153
2151 2154 2152
2154 2151 2155
2156 2157 2158
2157 2156 2159
2160 2161 2162
2161 2160 2163
2164 2165 2166
2165 2164 2167
2168 2169 2170
2169 2168 2171
2172 2173 2174
2173 2172 2175
2175 2176 2173
2176 2175 2177
2175 2178 2177
2178 2175 2179
2180 2181 2182
2181 2180 2183
2184 2183 2180
2183 2184 2185
2186 2180 2182
2180 2186 2187
2188 2189 2190
2189 2188 2191
2191 2192 2189
2192 2191 2193
2191 2194 2193
2194 2191 2195
2196 2197 2198
2199 2196 2198
2196 2199 2200
2196 2201 2197
2201 2196 2202
2203 2204 2205
2204 2203 2206
2207 2208 2209
2208 2207 2210
2211 2207 2209
2207 2211 2212
2213 2212 2211
2212 2213 2214
2215 2216 2217
2216 2215 2218
2219 2220 2221
2220 2219 2222
2219 2223 2222
2223 2219 2224
2224 2225 2223
2225 2224 2226
2227 2228 2229
2228 2227 2230
2231 2232 2233
2232 2231 2234
2235 2236 2237
2236 2235 2238
2239 2240 2241
2240 2239 2242
2243 2244 2245
2244 2243 2246
2246 2247 2244
2247 2246 2248
2248 2249 2247
2249 2248 2250
2251 2252 2253
2252 2251 2254
2255 2256 2257
2256 2255 2258
2259 2260 2261
2260 2259 2262
2263 2262 2259
2262 2263 2264
2265 2264 2263
2264 2265 2266
2267 2268 2269
2268 2267 2270
2271 2272 2273
2272 2271 2274
2275 2276 2277
2276 2275 2278
2279 2280 2281
2280 2279 2282
2283 2284 2285
2284 2283 2286
2287 2288 2289
2288 2287 2290
2291 2292 2293
2292 2291 2294
2291 2295 2294
2295 2291 2296
2292 2297 2293
2293 2297 2298
2299 2295 2296
2300 2295 2299
2301 2299 2296
2299 2301 2302
2300 2299 2303
2304 2302 2301
2302 2304 2305
2305 2306 2302
2303 2306 2300
2306 2305 2307
2300 2306 2308
2308 2306 2307
2308 2307 2309
2308 2309 2310
2311 2310 2309
2310 2311 2312
2313 2312 2311
2312 2313 2314
2314 2315 2312
2315 2314 2316
2317 2315 2316
2317 2318 2315
2308 2310 2318
2319 2317 2316
2317 2319 2320
2321 2320 2319
2320 2321 2322
2321 2323 2322
2323 2321 2324
2318 2310 2325
2315 2318 2325
2326 2327 2328
2327 2326 2329
2330 2328 2327
2328 2330 2331
2332 2331 2330
2331 2332 2333
2334 2333 2332
2333 2334 2335
2336 2335 2334
2335 2336 2337
2338 2337 2336
2337 2338 2339
2340 2339 2338
2339 2340 2341
2342 2341 2340
2341 2342 2343
2344 2343 2342
2343 2344 2345
2346 2347 2348
2347 2346 2349
2349 2350 2347
2350 2349 2351
2352 2353 2354
2353 2352 2355
2356 2353 2355
2353 2356 2357
2358 2359 2360
2359 2358 2361
2362 2359 2361
2359 2362 2363
2364 2363 2362
2364 2365 2363
2365 2364 2366
2367 2368 2369
2368 2367 2370
2371 2372 2373
2372 2371 2374
2375 2372 2374
2372 2375 2376
2377 2378 2379
2378 2377 2380
2381 2382 2383
2382 2381 2384
2385 2386 2387
2386 2385 2388
2389 2390 2391
2390 2389 2392
2392 2393 2390
2393 2392 2394
2395 2394 2392
2394 2395 2396
2397 2398 2399
2398 2397 2400
2329 2326 2401
2329 2402 2403
2404 2405 2406
2405 2404 2407
2408 2409 2410
2411 2410 2409
2410 2411 2412
2413 2412 2411
2413 2414 2412
2414 2415 2412
2415 2414 2416
2415 2416 2417
2418 2415 2417
2415 2418 2419
2420 2421 2422
2421 2420 2423
2424 2421 2423
2421 2424 2425
2426 2427 2428
2427 2426 2429
2430 2431 2432
2431 2430 2433
2434 2435 2436
2435 2434 2437
2438 2439 2440
2439 2438 2441
2442 2443 2298
2443 2293 2298
2444 2445 2446
2445 2444 2447
2448 2447 2444
2447 2448 2449
2450 2447 2449
2447 2450 2451
2452 2453 2454
2453 2452 2455
2455 2456 2453
2456 2455 2457
2453 2458 2454
2458 2453 2459
2460 2461 2462
2461 2460 2463
2464 2463 2460
2463 2464 2465
2466 2463 2465
2463 2466 2467
2468 2469 2470
2468 2471 2469
2471 2468 2472
2473 2468 2470
2468 2473 2474
2475 2476 2477
2476 2475 2478
2479 2480 2481
2480 2479 2482
2480 2483 2481
2483 2480 2484
2484 2485 2483
2485 2484 2486
2487 2488 2489
2488 2487 2490
2491 2492 2493
2492 2491 2494
2495 2491 2493
2491 2495 2496
2497 2496 2495
2496 2497 2498
2499 2500 2501
2500 2499 2502
2503 2504 2505
2504 2503 2506
2507 2508 2509
2508 2507 2510
2511 2512 2513
2512 2511 2514
2515 2516 2517
2516 2515 2518
2519 2518 2515
2518 2519 2520
2521 2520 2519
2520 2521 2522
2523 2524 2525
2524 2523 2526
2527 2528 2529
2528 2527 2530
2531 2532 2533
2532 2531 2534
2533 2535 2531
2535 2533 2536
2536 2537 2535
2537 2536 2538
1273 1250 1251
1261 1245 1247
