byte offset: 0
first index: 0
index count: 8202
topology: trianglelist
format: DXGI_FORMAT_R16_UINT

0 1 2
2 1 3
4 5 6
5 7 6
8 9 10
9 11 10
12 13 14
14 13 15
16 17 18
16 18 19
16 19 20
16 20 21
22 23 24
22 24 25
26 24 23
26 27 24
28 29 30
28 30 31
29 32 30
29 33 32
34 33 29
34 29 35
34 36 33
37 28 31
37 31 38
39 37 38
39 38 40
39 40 41
39 41 42
43 32 33
44 43 33
36 44 33
44 45 43
46 37 39
46 39 42
46 47 37
37 47 48
37 48 28
49 28 48
49 29 28
46 42 50
42 51 50
52 50 51
52 53 50
54 50 53
54 55 50
46 50 55
56 55 54
52 57 53
54 53 57
52 58 57
56 54 59
54 57 59
60 57 58
61 57 60
61 59 57
61 60 62
62 60 63
62 63 64
62 64 65
62 65 66
61 62 66
66 65 67
66 67 68
68 67 69
68 69 70
70 69 71
70 71 72
34 70 72
34 35 70
34 72 36
73 72 71
74 36 72
74 72 73
74 73 75
74 76 36
66 68 77
49 77 68
49 68 70
66 77 78
79 69 67
79 80 69
80 71 69
80 81 71
73 71 81
82 81 80
82 80 83
82 83 84
82 84 85
84 32 85
84 30 32
86 30 84
86 31 30
82 85 87
82 87 81
88 31 86
88 38 31
89 38 88
89 40 38
89 41 40
89 90 41
43 85 32
91 87 85
91 85 43
91 43 92
91 93 87
94 89 88
94 90 89
94 88 95
88 86 96
88 96 95
97 96 86
97 86 84
94 98 90
90 98 99
100 99 98
100 98 101
102 101 98
102 98 103
94 103 98
104 102 103
100 101 105
102 105 101
100 105 106
104 107 102
102 107 105
108 106 105
109 108 105
109 105 107
109 110 108
110 63 108
110 64 63
110 65 64
110 111 65
109 111 110
111 67 65
111 79 67
109 112 111
111 112 113
111 113 79
97 79 113
97 80 79
114 115 116
114 116 117
115 118 116
115 119 118
120 114 117
120 121 114
114 122 115
114 123 122
115 122 124
115 124 119
125 123 114
125 114 121
126 127 128
126 128 129
130 126 129
130 129 131
131 132 130
131 133 132
132 133 134
132 134 135
136 135 134
136 137 135
137 136 138
137 138 139
140 139 138
141 140 138
141 142 140
141 143 142
144 142 143
144 143 145
144 145 146
144 146 147
148 147 146
148 149 147
148 150 149
149 150 151
152 151 150
152 150 153
153 154 152
153 155 154
156 154 155
156 155 157
158 156 157
158 159 156
159 158 160
159 160 161
161 160 162
161 162 163
164 163 162
164 162 165
166 164 165
166 165 167
167 168 166
167 169 168
168 169 170
168 170 171
172 171 170
172 173 171
173 172 174
173 174 175
176 175 174
177 176 174
177 178 176
177 179 178
180 178 179
180 179 181
180 181 182
180 182 183
184 183 182
184 185 183
184 186 185
185 186 187
188 187 186
188 186 189
189 190 188
189 191 190
192 190 191
192 191 193
194 192 193
194 195 192
195 194 196
195 196 197
197 196 128
197 128 127
198 199 200
198 200 201
201 200 202
203 200 199
203 204 200
204 205 200
206 207 208
206 208 209
210 207 206
210 211 207
212 207 211
212 213 207
214 213 212
214 215 213
216 215 214
216 217 215
218 217 216
218 219 217
220 215 217
220 221 215
215 221 222
215 222 213
222 208 207
222 207 213
223 220 217
223 217 219
218 224 219
223 219 224
218 225 224
225 226 224
225 227 226
227 228 226
227 229 228
229 230 228
229 231 230
210 230 231
210 206 230
206 232 230
206 209 232
233 224 226
223 224 233
233 226 234
226 228 235
226 235 234
235 228 230
235 230 232
236 237 238
236 238 239
240 237 236
240 241 237
242 241 240
242 243 241
244 243 242
244 245 243
246 245 244
246 247 245
248 239 238
248 238 249
246 250 247
246 251 250
251 252 250
251 253 252
253 254 252
253 255 254
255 248 249
255 249 254
256 257 258
257 259 258
258 259 260
258 260 261
262 258 261
263 258 262
264 265 266
264 266 267
264 268 265
264 269 268
266 270 271
266 271 272
271 270 273
273 270 274
275 273 274
275 276 273
277 273 276
271 273 277
277 276 278
276 279 278
279 280 278
281 280 279
280 281 282
281 283 282
281 284 283
284 281 285
281 279 285
284 285 286
286 287 284
286 288 287
288 289 287
288 290 289
279 291 285
291 279 276
284 287 292
284 292 283
287 289 293
287 293 292
294 289 290
294 295 289
295 293 289
296 295 294
296 297 295
297 296 298
297 298 299
299 300 297
299 301 300
302 301 299
299 303 302
299 298 303
303 298 304
303 305 302
306 305 303
304 306 303
307 305 306
307 306 308
297 300 309
297 309 295
295 309 293
304 310 306
310 308 306
310 311 308
308 311 312
313 308 312
313 307 308
314 313 312
314 315 313
316 317 314
316 314 318
316 318 319
316 319 320
319 321 322
319 322 323
322 321 324
324 321 325
326 324 325
326 327 324
328 324 327
322 324 328
328 327 329
327 330 329
330 331 329
332 331 330
331 332 333
332 334 333
332 335 334
335 332 336
332 330 336
335 336 337
337 338 335
337 339 338
339 340 338
339 341 340
342 340 341
342 343 340
344 343 342
344 345 343
345 344 346
345 346 347
347 348 345
347 349 348
350 349 347
347 351 350
347 346 351
351 346 352
351 353 350
354 353 351
352 354 351
355 353 354
355 354 356
345 348 357
345 357 343
343 357 358
343 358 340
352 359 354
359 356 354
359 360 356
356 360 361
362 356 361
362 355 356
268 362 361
268 363 362
338 340 358
338 358 364
335 338 364
335 364 334
291 276 275
365 366 367
365 367 368
365 369 366
365 370 369
371 372 373
371 373 374
374 373 375
374 375 376
377 372 371
377 371 378
371 374 379
371 379 380
374 376 381
374 381 379
382 378 371
382 371 380
383 384 385
383 385 386
384 387 385
388 386 385
388 385 389
389 385 390
391 392 393
391 393 394
395 391 394
395 394 396
397 396 394
397 394 398
399 397 398
399 398 400
401 399 400
401 400 402
403 401 402
403 402 404
405 402 400
405 400 406
400 398 407
400 407 406
407 398 394
407 394 393
408 404 402
408 402 405
403 404 409
408 409 404
403 409 410
410 409 411
410 411 412
412 411 413
412 413 414
414 413 415
414 415 416
395 416 415
395 415 391
391 415 417
391 417 392
418 411 409
408 418 409
418 419 411
411 419 420
411 420 413
420 417 415
420 415 413
421 422 423
421 423 424
425 421 424
425 424 426
427 425 426
427 426 428
429 427 428
429 428 430
431 429 430
431 430 432
433 423 422
433 434 423
431 432 435
431 435 436
436 435 437
436 437 438
438 437 439
438 439 440
440 439 434
440 434 433
441 442 443
443 442 444
442 445 444
442 446 445
447 446 442
448 447 442
449 450 451
449 451 452
453 452 451
453 451 454
61 66 78
455 456 73
455 73 81
87 455 81
87 93 455
330 457 336
457 330 327
457 327 326
36 76 44
458 459 460
460 459 461
461 459 462
459 463 462
463 459 464
464 459 458
465 466 463
461 466 467
467 462 468
467 468 469
470 467 469
470 469 471
465 472 462
472 473 466
474 471 475
474 475 476
476 475 477
476 477 478
478 479 480
478 480 481
482 476 483
482 478 484
485 482 484
486 485 484
484 478 487
481 487 483
487 488 484
488 486 484
489 478 490
491 490 483
492 491 483
493 491 492
494 491 493
490 491 495
495 491 494
496 483 489
496 497 483
498 483 499
498 499 500
501 498 500
501 500 502
492 478 498
503 502 504
503 504 505
505 504 506
505 506 507
508 507 509
510 505 511
510 507 512
513 510 512
514 513 512
512 507 515
508 515 511
515 516 512
516 514 512
511 517 509
518 519 520
518 520 521
520 522 523
520 523 524
523 522 525
523 525 526
526 525 527
526 527 528
529 528 530
529 530 531
532 529 531
532 531 533
534 532 533
534 535 532
536 537 534
536 534 538
539 540 541
539 541 542
543 541 540
543 544 541
539 542 545
539 545 546
546 545 547
546 547 548
549 550 551
549 551 552
553 550 549
553 554 550
555 554 553
555 556 554
557 556 555
557 558 556
559 560 561
562 560 559
562 563 560
564 563 562
564 565 563
566 560 563
566 563 567
567 563 565
566 567 568
566 568 569
570 566 569
561 560 570
570 560 566
571 569 568
569 571 572
570 569 572
572 573 570
571 568 574
575 565 564
575 576 565
568 567 577
567 565 577
577 565 576
568 577 578
574 568 578
578 577 579
577 576 579
578 579 580
574 578 581
578 580 582
578 582 581
576 583 579
583 576 584
585 584 576
586 583 584
587 583 586
587 579 583
580 579 587
587 586 588
588 586 589
588 589 590
591 590 589
590 591 592
593 592 591
594 593 591
595 593 594
595 596 593
596 595 597
597 598 596
599 598 597
599 600 598
598 600 596
600 593 596
599 601 600
602 600 601
602 603 600
593 600 603
593 603 592
602 604 603
602 605 604
606 604 605
606 605 607
595 608 597
595 609 608
594 609 610
603 604 611
604 612 611
604 613 612
614 613 607
613 614 612
614 607 615
616 614 615
616 617 614
617 618 614
618 612 614
619 617 616
620 617 619
620 621 617
618 617 621
619 622 620
622 623 620
621 620 623
621 623 624
625 621 624
624 626 625
626 627 625
625 627 628
628 627 629
628 629 630
630 631 628
630 632 631
630 633 632
633 634 632
633 635 634
633 636 635
633 637 636
630 629 637
630 637 633
635 636 638
635 638 639
639 640 635
635 640 634
639 641 640
639 638 642
639 642 643
641 639 643
628 631 644
628 644 645
646 628 645
628 646 625
646 621 625
621 646 647
646 645 647
648 647 645
649 647 648
649 650 647
651 650 649
651 652 650
652 651 653
652 653 654
655 652 654
655 656 652
656 650 652
656 657 650
650 657 647
657 658 647
618 647 658
618 621 647
612 618 658
659 611 612
659 592 611
603 611 592
659 590 592
659 588 590
660 661 662
660 662 663
664 663 662
664 662 665
666 664 665
661 660 667
667 660 668
669 668 670
669 670 671
672 673 674
672 674 675
676 675 674
676 677 675
673 672 678
673 678 679
680 679 678
680 681 679
681 680 682
681 682 683
683 682 684
683 684 685
685 684 686
685 686 687
687 686 688
689 690 691
689 691 692
693 689 692
693 694 689
692 695 693
695 696 693
697 695 692
697 692 691
696 698 693
699 698 696
699 696 700
699 700 701
696 702 700
700 702 697
703 699 701
704 705 706
704 706 707
705 708 706
705 709 708
710 711 712
710 712 713
712 714 713
712 715 714
715 716 714
715 717 716
717 718 716
717 719 718
719 720 718
719 721 720
720 721 722
723 711 710
723 724 711
725 724 723
725 723 726
725 726 727
727 726 728
727 728 729
730 731 729
730 732 731
733 734 735
736 735 734
736 734 737
735 736 738
739 740 741
742 739 741
742 741 743
744 742 743
744 743 745
746 743 741
746 747 743
747 745 743
746 748 747
746 749 748
750 749 746
740 750 741
750 746 741
751 748 749
749 752 751
750 752 749
752 750 753
751 754 748
755 744 745
755 745 756
748 757 747
747 757 745
757 756 745
748 758 757
754 758 748
758 759 757
757 759 756
758 760 759
754 761 758
758 761 762
758 762 760
756 759 763
763 764 756
765 756 764
766 764 763
767 766 763
767 763 759
760 767 759
767 768 766
768 769 766
768 770 769
771 769 770
770 772 771
773 771 772
774 771 773
775 774 773
775 773 776
776 777 775
777 776 778
779 777 778
779 778 780
778 776 780
780 776 773
779 780 781
782 781 780
782 780 783
773 772 783
773 783 780
782 783 784
782 784 785
786 785 784
786 787 785
775 777 788
775 788 789
774 790 789
783 791 784
784 791 792
784 792 793
794 787 793
793 792 794
794 795 787
796 795 794
796 794 797
797 794 798
798 794 792
799 796 797
800 799 797
800 797 801
798 801 797
799 800 802
802 800 803
801 803 800
801 804 803
805 804 801
804 805 806
806 805 807
805 808 807
808 809 807
808 810 809
810 808 811
810 811 812
810 812 813
813 812 814
813 814 815
813 815 816
813 816 817
810 813 817
810 817 809
815 818 816
815 819 818
819 815 820
815 814 820
819 820 821
819 822 818
819 823 822
821 823 819
808 824 811
808 825 824
826 825 808
808 805 826
826 805 801
801 827 826
826 827 825
828 825 827
829 828 827
829 827 830
831 829 830
831 830 832
832 833 831
832 834 833
835 834 832
835 832 836
836 832 830
836 830 837
830 827 837
837 827 838
798 838 827
798 827 801
792 838 798
839 792 791
839 791 772
783 772 791
839 772 770
839 770 768
840 841 842
840 842 843
844 842 841
844 845 842
846 845 844
843 847 840
847 848 840
849 850 848
849 851 850
852 853 854
852 854 855
856 854 853
856 853 857
855 858 852
855 859 858
860 858 859
860 859 861
861 862 860
861 863 862
863 864 862
863 865 864
865 866 864
865 867 866
867 868 866
869 870 871
869 871 872
873 870 869
873 869 874
870 873 875
875 873 876
877 871 870
877 870 875
876 873 878
879 876 878
879 880 876
879 881 880
876 880 882
880 877 882
883 881 879
884 885 886
884 886 887
887 886 888
887 888 889
890 891 892
890 892 893
892 891 894
892 894 895
895 894 896
895 896 897
897 896 898
897 898 899
899 898 900
899 900 901
900 902 901
903 890 893
903 893 904
905 903 904
905 906 903
905 907 906
907 908 906
907 909 908
910 909 911
910 911 912
913 914 915
916 915 914
916 917 915
914 918 916
919 920 921
922 919 921
922 921 923
924 922 923
924 923 925
926 923 921
926 927 923
927 925 923
926 928 927
926 929 928
930 929 926
920 930 921
930 926 921
931 928 929
929 932 931
930 932 929
932 930 933
931 934 928
935 924 925
935 925 936
928 937 927
927 937 925
937 936 925
928 938 937
934 938 928
938 939 937
937 939 936
938 940 939
934 941 938
938 941 942
938 942 940
936 939 943
943 944 936
945 936 944
946 944 943
947 946 943
947 943 939
940 947 939
947 948 946
948 949 946
948 950 949
951 949 950
950 952 951
953 951 952
954 951 953
955 954 953
955 953 956
956 957 955
957 956 958
959 957 958
959 958 960
958 956 960
960 956 953
959 960 961
962 961 960
962 960 963
953 952 963
953 963 960
962 963 964
962 964 965
966 965 964
966 967 965
955 957 968
955 968 969
954 970 969
963 971 964
964 971 972
964 972 973
974 967 973
973 972 974
974 975 967
976 975 974
976 974 977
977 974 978
978 974 972
979 976 977
980 979 977
980 977 981
978 981 977
979 980 982
982 980 983
981 983 980
981 984 983
985 984 981
984 985 986
986 985 987
985 988 987
988 989 987
988 990 989
990 988 991
990 991 992
990 992 993
993 992 994
993 994 995
993 995 996
993 996 997
990 993 997
990 997 989
995 998 996
995 999 998
999 995 1000
995 994 1000
999 1000 1001
999 1002 998
999 1003 1002
1001 1003 999
988 1004 991
988 1005 1004
1006 1005 988
988 985 1006
1006 985 981
981 1007 1006
1006 1007 1005
1008 1005 1007
1009 1008 1007
1009 1007 1010
1011 1009 1010
1011 1010 1012
1012 1013 1011
1012 1014 1013
1015 1014 1012
1015 1012 1016
1016 1012 1010
1016 1010 1017
1010 1007 1017
1017 1007 1018
978 1018 1007
978 1007 981
972 1018 978
1019 972 971
1019 971 952
963 952 971
1019 952 950
1019 950 948
1020 1021 1022
1020 1022 1023
1024 1022 1021
1024 1025 1022
1026 1025 1024
1023 1027 1020
1027 1028 1020
1029 1030 1028
1029 1031 1030
1032 1033 1034
1032 1034 1035
1036 1034 1033
1036 1033 1037
1035 1038 1032
1035 1039 1038
1040 1038 1039
1040 1039 1041
1041 1042 1040
1041 1043 1042
1043 1044 1042
1043 1045 1044
1045 1046 1044
1045 1047 1046
1047 1048 1046
1049 1050 1051
1049 1051 1052
1053 1050 1049
1053 1049 1054
1050 1053 1055
1055 1053 1056
1057 1051 1050
1057 1050 1055
1056 1053 1058
1059 1056 1058
1059 1060 1056
1059 1061 1060
1056 1060 1062
1060 1057 1062
1063 1061 1059
1064 1065 1066
1064 1066 1067
1067 1066 1068
1067 1068 1069
1070 1071 1072
1070 1072 1073
1072 1071 1074
1072 1074 1075
1075 1074 1076
1075 1076 1077
1077 1076 1078
1077 1078 1079
1079 1078 1080
1079 1080 1081
1080 1082 1081
1083 1070 1073
1083 1073 1084
1085 1083 1084
1085 1086 1083
1085 1087 1086
1087 1088 1086
1087 1089 1088
1090 1089 1091
1090 1091 1092
1093 1094 1095
1096 1095 1094
1096 1097 1095
1094 1098 1096
1099 1100 1101
1102 1100 1099
1102 1103 1100
1104 1103 1102
1104 1105 1103
1106 1100 1103
1106 1103 1107
1107 1103 1105
1106 1107 1108
1106 1108 1109
1110 1106 1109
1101 1100 1110
1110 1100 1106
1111 1109 1108
1109 1111 1112
1110 1109 1112
1112 1113 1110
1111 1108 1114
1115 1105 1104
1115 1116 1105
1108 1107 1117
1107 1105 1117
1117 1105 1116
1108 1117 1118
1114 1108 1118
1118 1117 1119
1117 1116 1119
1118 1119 1120
1114 1118 1121
1118 1120 1122
1118 1122 1121
1116 1123 1119
1123 1116 1124
1125 1124 1116
1126 1123 1124
1127 1123 1126
1127 1119 1123
1120 1119 1127
1127 1126 1128
1128 1126 1129
1128 1129 1130
1131 1130 1129
1130 1131 1132
1133 1132 1131
1134 1133 1131
1135 1133 1134
1135 1136 1133
1136 1135 1137
1137 1138 1136
1139 1138 1137
1139 1140 1138
1138 1140 1136
1140 1133 1136
1139 1141 1140
1142 1140 1141
1142 1143 1140
1133 1140 1143
1133 1143 1132
1142 1144 1143
1142 1145 1144
1146 1144 1145
1146 1145 1147
1135 1148 1137
1135 1149 1148
1134 1149 1150
1143 1144 1151
1144 1152 1151
1144 1153 1152
1154 1153 1147
1153 1154 1152
1154 1147 1155
1156 1154 1155
1156 1157 1154
1157 1158 1154
1158 1152 1154
1159 1157 1156
1160 1157 1159
1160 1161 1157
1158 1157 1161
1159 1162 1160
1162 1163 1160
1161 1160 1163
1161 1163 1164
1165 1161 1164
1164 1166 1165
1166 1167 1165
1165 1167 1168
1168 1167 1169
1168 1169 1170
1170 1171 1168
1170 1172 1171
1170 1173 1172
1173 1174 1172
1173 1175 1174
1173 1176 1175
1173 1177 1176
1170 1169 1177
1170 1177 1173
1175 1176 1178
1175 1178 1179
1179 1180 1175
1175 1180 1174
1179 1181 1180
1179 1178 1182
1179 1182 1183
1181 1179 1183
1168 1171 1184
1168 1184 1185
1186 1168 1185
1168 1186 1165
1186 1161 1165
1161 1186 1187
1186 1185 1187
1188 1187 1185
1189 1187 1188
1189 1190 1187
1191 1190 1189
1191 1192 1190
1192 1191 1193
1192 1193 1194
1195 1192 1194
1195 1196 1192
1196 1190 1192
1196 1197 1190
1190 1197 1187
1197 1198 1187
1158 1187 1198
1158 1161 1187
1152 1158 1198
1199 1151 1152
1199 1132 1151
1143 1151 1132
1199 1130 1132
1199 1128 1130
1200 1201 1202
1200 1202 1203
1204 1203 1202
1204 1202 1205
1206 1204 1205
1201 1200 1207
1207 1200 1208
1209 1208 1210
1209 1210 1211
1212 1213 1214
1212 1214 1215
1216 1215 1214
1216 1217 1215
1213 1212 1218
1213 1218 1219
1220 1219 1218
1220 1221 1219
1221 1220 1222
1221 1222 1223
1223 1222 1224
1223 1224 1225
1225 1224 1226
1225 1226 1227
1227 1226 1228
1229 1230 1231
1229 1231 1232
1233 1229 1232
1233 1234 1229
1232 1235 1233
1235 1236 1233
1237 1235 1232
1237 1232 1231
1236 1238 1233
1239 1238 1236
1239 1236 1240
1239 1240 1241
1236 1242 1240
1240 1242 1237
1243 1239 1241
1244 1245 1246
1244 1246 1247
1245 1248 1246
1245 1249 1248
1250 1251 1252
1250 1252 1253
1252 1254 1253
1252 1255 1254
1255 1256 1254
1255 1257 1256
1257 1258 1256
1257 1259 1258
1259 1260 1258
1259 1261 1260
1260 1261 1262
1263 1251 1250
1263 1264 1251
1265 1264 1263
1265 1263 1266
1265 1266 1267
1267 1266 1268
1267 1268 1269
1270 1271 1269
1270 1272 1271
1273 1274 1275
1276 1275 1274
1276 1274 1277
1275 1276 1278
1279 1280 1281
1282 1283 1284
1282 1284 1285
1286 1287 1288
1286 1288 1289
1290 1288 1287
1290 1291 1288
1292 1293 1294
1292 1294 1295
1292 1295 1296
1292 1296 1297
1298 1299 1300
1298 1300 1301
1301 1302 1298
1301 1303 1302
1298 1304 1299
1298 1305 1304
1305 1298 1302
1305 1302 1306
1307 1300 1308
1307 1308 1309
1309 1310 1307
1309 1311 1310
1312 1309 1308
1312 1308 1313
1309 1312 1314
1309 1314 1311
1315 1316 1304
1315 1317 1316
1317 1315 1318
1317 1318 1319
1320 1316 1317
1320 1321 1316
1317 1319 1322
1317 1322 1320
1323 1324 1313
1323 1313 1325
1323 1325 1321
1324 1323 1326
1324 1326 1327
1323 1321 1328
1328 1326 1323
1328 1329 1326
1330 1331 1332
1333 1334 1335
1333 1335 1336
1337 1338 1339
1337 1339 1340
1337 1341 1338
1337 1342 1341
1343 1344 1345
1346 1347 1348
1346 1348 1349
1350 1351 1352
1350 1352 1353
1354 1353 1352
1354 1352 1355
1356 1357 1358
1359 1360 1361
1359 1361 1362
1363 1364 1365
1365 1364 1366
1365 1366 1367
1367 1366 1368
1369 1368 1370
1371 1372 1373
1373 1372 1374
1372 1375 1374
1375 1376 1374
1376 1377 1378
1379 1380 1381
1381 1380 1382
1383 1382 1380
1384 1385 1386
1386 1385 1387
1387 1388 1386
1389 1390 1391
1390 1392 1391
1390 1393 1392
1393 1394 1392
1395 1396 1394
1397 1398 1399
1398 1400 1399
1400 1401 1399
1400 1402 1401
1402 1403 1404
1405 1406 1407
1406 1408 1407
1409 1407 1408
1410 1411 1412
1411 1413 1412
1413 1411 1414
1415 1416 1417
1417 1416 1418
1417 1418 1419
1419 1418 1420
1421 1420 1422
1423 1424 1425
1425 1424 1426
1424 1427 1426
1427 1428 1426
1428 1429 1430
1431 1432 1433
1433 1432 1434
1435 1434 1432
1436 1437 1438
1438 1437 1439
1439 1440 1438
1441 1442 1443
1442 1444 1443
1442 1445 1444
1445 1446 1444
1447 1448 1446
1449 1450 1451
1450 1452 1451
1452 1453 1451
1452 1454 1453
1454 1455 1456
1457 1458 1459
1458 1460 1459
1461 1459 1460
1462 1463 1464
1463 1465 1464
1465 1463 1466
1467 1468 1469
1469 1468 1470
1469 1470 1471
1471 1470 1472
1473 1472 1474
1475 1476 1477
1477 1476 1478
1476 1479 1478
1479 1480 1478
1480 1481 1482
1483 1484 1485
1485 1484 1486
1487 1486 1484
1488 1489 1490
1490 1489 1491
1491 1492 1490
1493 1494 1495
1494 1496 1495
1494 1497 1496
1497 1498 1496
1499 1500 1498
1501 1502 1503
1502 1504 1503
1504 1505 1503
1504 1506 1505
1506 1507 1508
1509 1510 1511
1510 1512 1511
1513 1511 1512
1514 1515 1516
1515 1517 1516
1517 1515 1518
1519 1520 1521
1520 1522 1521
1520 1523 1522
1523 1524 1522
1525 1526 1524
1527 1528 1529
1528 1530 1529
1529 1530 1531
1531 1530 1532
1532 1533 1534
1535 1536 1537
1536 1538 1537
1539 1537 1538
1540 1541 1542
1541 1543 1542
1543 1541 1544
1545 1546 1547
1547 1546 1548
1547 1548 1549
1549 1548 1550
1551 1550 1552
1553 1554 1555
1555 1554 1556
1556 1554 1557
1556 1557 1558
1558 1559 1560
1561 1562 1563
1563 1562 1564
1565 1564 1562
1566 1567 1568
1568 1567 1569
1569 1570 1568
1571 1572 1573
1572 1574 1573
1572 1575 1574
1575 1576 1574
1577 1578 1576
1579 1580 1581
1580 1582 1581
1581 1582 1583
1583 1582 1584
1584 1585 1586
1587 1588 1589
1588 1590 1589
1591 1589 1590
1592 1593 1594
1593 1595 1594
1595 1593 1596
1597 1598 1599
1599 1598 1600
1599 1600 1601
1601 1600 1602
1603 1602 1604
1605 1606 1607
1607 1606 1608
1608 1606 1609
1608 1609 1610
1610 1611 1612
1613 1614 1615
1615 1614 1616
1617 1616 1614
1618 1619 1620
1620 1619 1621
1621 1622 1620
1623 1624 1625
1624 1626 1625
1624 1627 1626
1627 1628 1626
1629 1630 1628
1631 1632 1633
1632 1634 1633
1633 1634 1635
1635 1634 1636
1636 1637 1638
1639 1640 1641
1640 1642 1641
1643 1641 1642
1644 1645 1646
1645 1647 1646
1647 1645 1648
1649 1650 1651
1651 1650 1652
1651 1652 1653
1653 1652 1654
1655 1654 1656
1657 1658 1659
1659 1658 1660
1660 1658 1661
1660 1661 1662
1662 1663 1664
1665 1666 1667
1667 1666 1668
1669 1668 1666
1670 1671 1672
1672 1671 1673
1673 1674 1672
1675 1676 1677
1675 1677 1678
1675 1679 1676
1675 1680 1679
1675 1681 1680
1682 1681 1675
1676 1679 1683
1676 1683 1684
1684 1685 1676
1676 1685 1677
1684 1683 1686
1684 1686 1687
1687 1686 1688
1687 1688 1689
1689 1688 1690
1682 1691 1681
1682 1692 1691
1693 1691 1692
1693 1692 1694
1693 1694 1695
1689 1690 1696
1689 1696 1697
1698 1697 1696
1699 1697 1698
1697 1699 1700
1697 1700 1701
1699 1698 1702
1697 1701 1703
1697 1703 1704
1689 1697 1705
1706 1705 1697
1704 1706 1697
1704 1707 1706
1689 1705 1708
1689 1708 1709
1710 1689 1709
1710 1709 1711
1712 1710 1711
1712 1711 1713
1714 1712 1713
1712 1714 1715
1714 1713 1716
1717 1714 1716
1717 1718 1714
1714 1718 1715
1717 1719 1718
1717 1716 1720
1717 1720 1721
1722 1717 1721
1722 1721 1723
1722 1723 1724
1725 1724 1723
1725 1726 1724
1725 1727 1726
1728 1729 1730
1728 1730 1731
1731 1732 1728
1731 1733 1732
1730 1729 1734
1735 1733 1731
1735 1731 1736
1737 1736 1731
1738 1736 1737
1737 1739 1738
1737 1740 1739
1738 1739 1741
1738 1741 1742
1742 1741 1743
1738 1744 1736
1742 1744 1738
1737 1731 1745
1745 1740 1737
1736 1744 1746
1736 1746 1735
1742 1747 1744
1745 1748 1740
1749 1748 1745
1749 1750 1748
1751 1750 1749
1752 1747 1742
1742 1743 1752
1744 1747 1753
1744 1753 1746
1754 1753 1747
1752 1754 1747
1752 1755 1754
1754 1755 1753
1749 1730 1734
1749 1731 1730
1749 1756 1731
1757 1758 1759
1758 1760 1759
1758 1761 1760
1762 1759 1760
1759 1762 1757
1762 1760 1763
1764 1763 1760
1764 1760 1765
1765 1760 1761
1765 1766 1764
1764 1766 1767
1768 1764 1767
1769 1764 1768
1769 1768 1770
1767 1770 1768
1769 1770 1771
1772 1770 1767
1773 1772 1767
1767 1774 1773
1775 1772 1773
1775 1773 1776
1777 1774 1767
1778 1776 1773
1778 1773 1774
1779 1778 1774
1780 1777 1767
1767 1766 1780
1781 1777 1780
1782 1777 1781
1782 1774 1777
1781 1780 1783
1780 1784 1783
1780 1766 1784
1783 1784 1785
1786 1772 1775
1786 1770 1772
1765 1784 1766
1765 1785 1784
1765 1787 1785
1765 1761 1787
1788 1789 1790
1788 1790 1791
1792 1790 1789
1792 1793 1790
1794 1793 1792
1794 1795 1793
1788 1791 1796
1797 1798 1799
1797 1799 1800
1800 1799 1801
1800 1801 1802
1803 1802 1801
1803 1801 1804
1805 1798 1797
1805 1806 1798
1803 1804 1807
1808 1803 1807
1808 1809 1803
1808 1810 1809
1810 1811 1809
1810 1812 1811
1813 1808 1807
1813 1807 1814
1815 1813 1814
1815 1814 1816
1817 1815 1816
1817 1816 1818
1819 1817 1818
1819 1818 1820
1819 1820 1821
1819 1821 1822
1823 1819 1822
1823 1822 1824
1823 1824 1825
1812 1826 1811
1812 1827 1826
1812 1828 1827
1829 1830 1831
1829 1831 1832
1833 1829 1832
1833 1832 1834
1833 1834 1835
1836 1831 1830
1836 1837 1831
1838 1837 1836
1839 1840 1841
1841 1840 1842
1841 1842 1843
1843 1842 1844
1843 1844 1845
1845 1844 1846
1845 1846 1847
1848 1849 1850
1848 1850 1851
1852 1853 1854
1852 1854 1855
1853 1856 1854
1853 1857 1856
1857 1858 1856
1857 1859 1858
1859 1860 1858
1859 1861 1860
1861 1862 1860
1861 1863 1862
1863 1864 1862
1863 1865 1864
1866 1855 1854
1866 1854 1867
1867 1854 1856
1868 1862 1864
1868 1864 1869
1870 1858 1860
1870 1860 1871
1871 1860 1862
1871 1862 1868
1872 1856 1858
1872 1858 1870
1867 1856 1872
1873 1874 1875
1873 1875 1876
1877 1876 1875
1877 1875 1878
1879 1880 1881
1881 1880 1882
1883 1884 1885
1883 1885 1886
1884 1883 1887
1884 1887 1888
1885 1889 1886
1890 1884 1888
1890 1891 1884
1892 1884 1891
1893 1892 1891
1892 1893 1894
1892 1894 1895
1893 1896 1894
1893 1897 1896
1893 1891 1898
1897 1893 1898
1892 1899 1884
1899 1892 1895
1891 1890 1900
1891 1900 1898
1897 1898 1901
1899 1895 1902
1903 1899 1902
1903 1902 1904
1889 1903 1904
1903 1889 1885
1903 1885 1884
1903 1884 1905
1906 1897 1901
1897 1906 1907
1897 1907 1896
1898 1900 1908
1898 1908 1901
1909 1901 1908
1906 1901 1909
1906 1909 1910
1909 1908 1910
1911 1912 1913
1913 1912 1914
1913 1914 1915
1916 1914 1912
1912 1911 1916
1916 1917 1914
1918 1914 1917
1918 1919 1914
1919 1915 1914
1919 1918 1920
1918 1921 1920
1922 1921 1918
1923 1922 1918
1923 1924 1922
1921 1922 1924
1923 1925 1924
1926 1921 1924
1927 1921 1926
1921 1927 1928
1929 1927 1926
1929 1930 1927
1931 1921 1928
1932 1928 1927
1932 1927 1930
1933 1928 1932
1934 1921 1931
1921 1934 1920
1935 1934 1931
1936 1935 1931
1936 1931 1928
1935 1937 1934
1934 1937 1938
1934 1938 1920
1937 1939 1938
1940 1929 1926
1940 1926 1924
1919 1920 1938
1919 1938 1939
1919 1939 1941
1919 1941 1915
1942 1943 1944
1942 1944 1945
1946 1945 1944
1946 1944 1947
1948 1946 1947
1948 1947 1949
1942 1950 1943
1951 1952 1953
1951 1953 1954
1952 1955 1953
1952 1956 1955
1957 1955 1956
1957 1958 1955
1959 1951 1954
1959 1954 1960
1957 1961 1958
1962 1961 1957
1962 1957 1963
1962 1963 1964
1964 1963 1965
1964 1965 1966
1967 1961 1962
1967 1968 1961
1969 1968 1967
1969 1970 1968
1971 1970 1969
1971 1972 1970
1973 1972 1971
1973 1974 1972
1973 1975 1974
1973 1976 1975
1977 1976 1973
1977 1978 1976
1977 1979 1978
1966 1965 1980
1966 1980 1981
1966 1981 1982
1983 1984 1985
1983 1985 1986
1987 1984 1983
1987 1988 1984
1987 1989 1988
1990 1986 1985
1990 1985 1991
1992 1990 1991
1993 1994 1995
1994 1996 1995
1994 1997 1996
1997 1998 1996
1997 1999 1998
1999 2000 1998
1999 2001 2000
2002 2003 2004
2002 2004 2005
2006 2007 2008
2006 2008 2009
2009 2008 2010
2009 2010 2011
2011 2010 2012
2011 2012 2013
2013 2012 2014
2013 2014 2015
2015 2014 2016
2015 2016 2017
2017 2016 2018
2017 2018 2019
2020 2008 2007
2020 2021 2008
2021 2010 2008
2022 2018 2016
2022 2023 2018
2024 2014 2012
2024 2025 2014
2025 2022 2016
2025 2016 2014
2026 2024 2012
2026 2012 2010
2021 2026 2010
2027 2028 2029
2027 2029 2030
2031 2029 2028
2031 2032 2029
2033 2034 2035
2034 2036 2035
2037 2038 2039
2037 2039 2040
2041 2042 2043
2041 2043 2044
2043 2042 2045
2046 2043 2045
2046 2047 2043
2047 2044 2043
2048 2047 2046
2048 2049 2047
2049 2050 2047
2047 2050 2044
2051 2048 2046
2051 2052 2048
2053 2052 2051
2053 2054 2052
2053 2051 2055
2051 2046 2056
2055 2051 2056
2056 2046 2045
2055 2056 2057
2056 2045 2057
2045 2058 2057
2057 2059 2055
2057 2060 2059
2060 2057 2058
2059 2060 2061
2061 2060 2062
2063 2061 2062
2063 2062 2064
2063 2064 2065
2065 2064 2066
2065 2066 2067
2067 2066 2068
2067 2068 2069
2070 2069 2068
2068 2066 2071
2072 2068 2071
2073 2072 2071
2074 2072 2073
2074 2075 2072
2076 2075 2074
2077 2076 2074
2077 2074 2078
2078 2074 2079
2078 2079 2080
2078 2081 2077
2078 2082 2081
2083 2082 2078
2083 2084 2082
2085 2084 2083
2083 2086 2085
2078 2080 2086
2078 2086 2083
2085 2087 2084
2088 2087 2085
2088 2089 2087
2077 2081 2090
2077 2090 2091
2091 2090 2092
2091 2092 2093
2093 2092 2094
2093 2094 2095
2085 2086 2096
2085 2096 2088
2096 2086 2097
2098 2095 2094
2098 2099 2095
2100 2099 2098
2100 2098 2101
2102 2091 2093
2102 2103 2091
2103 2104 2091
2104 2105 2091
2091 2105 2106
2091 2106 2077
2077 2106 2076
2100 2101 2107
2100 2107 2108
2099 2100 2108
2095 2099 2109
2099 2108 2109
2109 2110 2095
2110 2102 2093
2110 2093 2095
2111 2112 2113
2114 2115 2116
2117 2066 2064
2117 2064 2118
2064 2062 2118
2118 2062 2060
2118 2060 2058
2045 2042 2058
2119 2117 2120
2121 2119 2120
2121 2120 2122
2123 2121 2122
2124 2121 2123
2124 2125 2121
2125 2126 2121
2125 2080 2126
2125 2124 2127
2125 2127 2128
2129 2125 2128
2129 2128 2130
2131 2129 2130
2129 2131 2086
2125 2129 2086
2125 2086 2080
2131 2130 2132
2133 2131 2132
2133 2132 2134
2124 2135 2127
2124 2136 2135
2136 2137 2135
2136 2138 2137
2139 2138 2136
2140 2138 2139
2139 2136 2141
2141 2136 2142
2142 2136 2143
2138 2144 2137
2138 2145 2144
2140 2145 2138
2146 2145 2140
2147 2144 2145
2147 2145 2148
2145 2146 2148
2149 2147 2148
2149 2150 2147
2149 2151 2150
2149 2152 2151
2148 2146 2152
2148 2152 2149
2136 2153 2143
2136 2124 2153
2124 2123 2153
2154 2155 2156
2154 2157 2155
2155 2158 2156
2159 2158 2155
2159 2155 2160
2160 2155 2157
2161 2159 2160
2161 2160 2162
2162 2160 2163
2160 2157 2163
2164 2159 2161
2164 2161 2165
2166 2164 2165
2166 2165 2167
2166 2168 2164
2164 2169 2159
2168 2169 2164
2169 2158 2159
2168 2170 2169
2169 2170 2158
2158 2170 2171
2158 2171 2156
2170 2168 2172
2170 2172 2173
2173 2171 2170
2172 2174 2173
2174 2175 2173
2176 2175 2174
2176 2177 2175
2176 2178 2177
2178 2179 2177
2178 2180 2179
2180 2181 2179
2180 2182 2181
2183 2181 2182
2183 2184 2181
2184 2185 2181
2185 2120 2181
2120 2117 2181
2181 2117 2179
2071 2177 2179
2071 2186 2177
2177 2186 2175
2186 2173 2175
2186 2171 2173
2187 2188 2189
2190 2191 2192
2131 2133 2193
2131 2193 2194
2193 2195 2086
2196 2197 2198
2196 2198 2199
2196 2199 2200
2196 2200 2201
2196 2201 2202
2203 2196 2202
2199 2204 2200
2199 2205 2204
2205 2199 2206
2199 2198 2206
2205 2207 2204
2205 2208 2207
2208 2209 2207
2208 2210 2209
2210 2211 2209
2203 2202 2212
2203 2212 2213
2214 2213 2212
2214 2215 2213
2214 2216 2215
2210 2217 2211
2210 2218 2217
2219 2217 2218
2220 2219 2218
2218 2221 2220
2218 2222 2221
2220 2223 2219
2218 2224 2222
2218 2225 2224
2210 2226 2218
2227 2218 2226
2225 2218 2227
2225 2227 2228
2210 2229 2226
2210 2230 2229
2231 2230 2210
2231 2232 2230
2233 2232 2231
2233 2234 2232
2235 2234 2233
2233 2236 2235
2235 2237 2234
2238 2237 2235
2238 2235 2239
2235 2236 2239
2238 2239 2240
2238 2241 2237
2238 2242 2241
2243 2242 2238
2243 2244 2242
2243 2245 2244
2246 2244 2245
2246 2245 2247
2246 2247 2248
2249 2250 2251
2249 2251 2252
2250 2249 2253
2250 2253 2254
2251 2255 2252
2256 2250 2254
2256 2257 2250
2258 2250 2257
2259 2258 2257
2258 2259 2260
2258 2260 2261
2259 2262 2260
2259 2263 2262
2263 2264 2262
2259 2257 2265
2263 2259 2265
2258 2266 2250
2266 2258 2261
2257 2256 2267
2257 2267 2265
2263 2265 2268
2266 2261 2269
2270 2266 2269
2270 2269 2271
2255 2270 2271
2270 2255 2251
2270 2251 2250
2270 2250 2272
2273 2263 2268
2263 2273 2264
2265 2267 2274
2265 2274 2268
2275 2268 2274
2273 2268 2275
2273 2275 2276
2275 2274 2276
2277 2278 2279
2279 2278 2280
2279 2280 2281
2282 2280 2278
2278 2277 2282
2282 2283 2280
2284 2280 2283
2284 2285 2280
2285 2281 2280
2285 2284 2286
2284 2287 2286
2288 2287 2284
2289 2288 2284
2289 2290 2288
2287 2288 2290
2289 2291 2290
2292 2287 2290
2293 2287 2292
2287 2293 2294
2295 2293 2292
2295 2296 2293
2297 2287 2294
2298 2294 2293
2298 2293 2296
2299 2294 2298
2300 2287 2297
2287 2300 2286
2301 2300 2297
2302 2301 2297
2302 2297 2294
2301 2303 2300
2300 2303 2304
2300 2304 2286
2303 2305 2304
2306 2295 2292
2306 2292 2290
2285 2286 2304
2285 2304 2305
2285 2305 2307
2285 2307 2281
2308 2309 2310
2308 2310 2311
2312 2311 2310
2312 2310 2313
2314 2312 2313
2314 2313 2315
2308 2316 2309
2317 2318 2319
2317 2319 2320
2318 2321 2319
2318 2322 2321
2323 2321 2322
2323 2324 2321
2325 2317 2320
2325 2320 2326
2323 2327 2324
2328 2327 2323
2328 2323 2329
2328 2329 2330
2330 2329 2331
2330 2331 2332
2333 2327 2328
2333 2334 2327
2335 2334 2333
2335 2336 2334
2337 2336 2335
2337 2338 2336
2339 2338 2337
2339 2340 2338
2339 2341 2340
2339 2342 2341
2343 2342 2339
2343 2344 2342
2343 2345 2344
2332 2331 2346
2332 2346 2347
2332 2347 2348
2349 2350 2351
2349 2351 2352
2353 2350 2349
2353 2354 2350
2353 2355 2354
2356 2352 2351
2356 2351 2357
2358 2356 2357
2359 2360 2361
2360 2362 2361
2360 2363 2362
2363 2364 2362
2363 2365 2364
2365 2366 2364
2365 2367 2366
2368 2369 2370
2368 2370 2371
2372 2373 2374
2373 2375 2374
2376 2377 2378
2376 2378 2379
2379 2380 2376
2379 2381 2380
2378 2377 2382
2383 2381 2379
2383 2379 2384
2385 2384 2379
2386 2384 2385
2385 2387 2386
2385 2388 2387
2386 2387 2389
2386 2389 2390
2386 2391 2384
2390 2391 2386
2385 2379 2392
2392 2388 2385
2384 2391 2393
2384 2393 2383
2390 2394 2391
2392 2395 2388
2396 2395 2392
2396 2397 2395
2382 2397 2396
2396 2378 2382
2396 2379 2378
2396 2398 2379
2399 2394 2390
2390 2400 2399
2390 2389 2400
2391 2394 2401
2391 2401 2393
2402 2401 2394
2399 2402 2394
2399 2403 2402
2402 2403 2401
2404 2405 2406
2405 2407 2406
2405 2408 2407
2409 2406 2407
2406 2409 2404
2409 2407 2410
2411 2410 2407
2411 2407 2412
2412 2407 2408
2412 2413 2411
2411 2413 2414
2415 2411 2414
2416 2411 2415
2416 2415 2417
2414 2417 2415
2416 2417 2418
2419 2417 2414
2420 2419 2414
2414 2421 2420
2422 2419 2420
2422 2420 2423
2424 2421 2414
2425 2423 2420
2425 2420 2421
2426 2425 2421
2427 2424 2414
2414 2413 2427
2428 2424 2427
2429 2424 2428
2429 2421 2424
2428 2427 2430
2427 2431 2430
2427 2413 2431
2430 2431 2432
2433 2419 2422
2433 2417 2419
2412 2431 2413
2412 2432 2431
2412 2434 2432
2412 2408 2434
2435 2436 2437
2435 2437 2438
2439 2437 2436
2439 2440 2437
2441 2440 2439
2441 2442 2440
2435 2438 2443
2444 2445 2446
2444 2446 2447
2447 2446 2448
2447 2448 2449
2450 2449 2448
2450 2448 2451
2452 2445 2444
2452 2453 2445
2450 2451 2454
2455 2450 2454
2455 2456 2450
2455 2457 2456
2457 2458 2456
2457 2459 2458
2460 2455 2454
2460 2454 2461
2462 2460 2461
2462 2461 2463
2464 2462 2463
2464 2463 2465
2466 2464 2465
2466 2465 2467
2466 2467 2468
2466 2468 2469
2470 2466 2469
2470 2469 2471
2470 2471 2472
2459 2473 2458
2459 2474 2473
2459 2475 2474
2476 2477 2478
2476 2478 2479
2480 2476 2479
2480 2479 2481
2480 2481 2482
2483 2478 2477
2483 2484 2478
2485 2484 2483
2486 2487 2488
2488 2487 2489
2488 2489 2490
2490 2489 2491
2490 2491 2492
2492 2491 2493
2492 2493 2494
2495 2496 2497
2495 2497 2498
2499 2500 2501
2501 2500 2502
2503 2504 2505
2503 2506 2504
2504 2507 2505
2508 2507 2504
2508 2504 2509
2509 2504 2506
2048 2508 2509
2048 2509 2049
2049 2509 2050
2509 2506 2050
2510 2508 2048
2510 2048 2052
2511 2510 2052
2511 2052 2054
2511 2512 2510
2510 2513 2508
2512 2513 2510
2513 2507 2508
2512 2514 2513
2513 2514 2507
2507 2514 2515
2507 2515 2505
2514 2512 2516
2514 2516 2517
2517 2515 2514
2516 2518 2517
2518 2519 2517
2520 2519 2518
2520 2521 2519
2520 2522 2521
2522 2523 2521
2522 2524 2523
2524 2525 2523
2524 2526 2525
2527 2525 2526
2527 2528 2525
2528 2529 2525
2529 2530 2525
2530 2531 2525
2525 2531 2523
2532 2531 2530
2533 2532 2530
2533 2530 2534
2535 2533 2534
2536 2533 2535
2536 2537 2533
2537 2538 2533
2537 2539 2538
2537 2536 2540
2537 2540 2541
2542 2537 2541
2542 2541 2543
2544 2542 2543
2542 2544 2545
2537 2542 2545
2544 2543 2546
2547 2544 2546
2547 2546 2548
2536 2549 2540
2536 2550 2549
2550 2551 2549
2550 2552 2551
2553 2552 2550
2554 2552 2553
2553 2550 2555
2555 2550 2556
2556 2550 2557
2552 2558 2551
2552 2559 2558
2554 2559 2552
2560 2559 2554
2561 2558 2559
2561 2559 2562
2559 2560 2562
2563 2561 2562
2563 2564 2561
2563 2565 2564
2563 2566 2565
2562 2560 2566
2562 2566 2563
2550 2567 2557
2550 2536 2567
2536 2535 2567
2568 2569 2570
2571 2572 2573
2544 2547 2574
2544 2574 2545
2574 2575 2545
2537 2545 2576
2577 2578 2576
2577 2579 2578
2580 2579 2577
2580 2581 2579
2581 2582 2579
2579 2582 2583
2579 2583 2584
2584 2583 2585
2577 2586 2580
2577 2587 2586
2588 2587 2577
2588 2589 2587
2590 2589 2588
2588 2591 2590
2577 2591 2588
2590 2592 2589
2593 2592 2590
2593 2594 2592
2580 2586 2595
2580 2595 2596
2596 2595 2597
2596 2597 2598
2599 2596 2598
2600 2599 2598
2599 2601 2596
2601 2602 2596
2602 2603 2596
2598 2597 2604
2598 2604 2605
2600 2598 2605
2606 2600 2605
2607 2605 2604
2607 2608 2605
2605 2608 2606
2609 2608 2607
2609 2607 2610
2609 2610 2611
2609 2611 2612
2608 2609 2612
2608 2612 2606
2596 2603 2613
2596 2613 2580
2580 2613 2581
2585 2614 2521
2585 2521 2523
2521 2614 2519
2614 2517 2519
2614 2515 2517
2583 2615 2585
2616 2615 2583
2617 2615 2616
2618 2615 2617
2618 2619 2615
2620 2615 2619
2620 2621 2615
2615 2621 2585
2622 2621 2620
2622 2623 2621
2624 2623 2622
2624 2625 2623
2624 2626 2625
2626 2627 2625
2628 2627 2626
2629 2627 2628
2629 2628 2630
2627 2629 2631
2632 2631 2629
2630 2633 2629
2633 2632 2629
2630 2634 2633
2635 2634 2630
2635 2165 2634
2635 2167 2165
2634 2165 2161
2634 2161 2636
2634 2636 2633
2633 2636 2632
2161 2637 2636
2161 2162 2637
2162 2163 2637
2636 2637 2638
2636 2638 2632
2638 2639 2632
2632 2639 2631
2640 2639 2638
2640 2638 2641
2637 2641 2638
2637 2163 2641
2642 2627 2631
2642 2625 2627
2623 2625 2642
2531 2623 2642
2531 2621 2623
2643 2644 2645
2646 2647 2648
2590 2591 2649
2590 2649 2593
2649 2591 2650
2577 2539 2591
2651 2068 2072
2652 2068 2651
2070 2068 2652
