byte offset: 0
first index: 0
index count: 4890
topology: trianglelist
format: DXGI_FORMAT_R16_UINT

0 1 2
0 2 3
2 1 4
2 4 5
4 6 5
4 7 6
8 9 10
8 10 11
8 12 9
8 13 12
11 10 14
11 14 15
16 15 14
16 17 15
13 18 12
13 19 18
19 20 18
19 21 20
21 22 20
21 23 22
24 22 23
24 23 25
26 24 25
27 28 29
27 29 30
30 31 27
30 32 31
33 31 32
33 32 34
33 34 35
33 35 36
37 36 35
37 38 36
39 29 28
39 28 40
41 39 40
41 42 39
36 43 33
38 43 36
38 44 43
45 46 47
45 47 48
46 49 47
46 50 49
51 45 48
51 48 52
53 49 50
53 50 54
55 53 54
55 56 53
57 56 55
57 55 58
59 57 58
60 51 52
60 52 61
62 63 61
62 61 64
65 62 66
65 66 67
68 69 70
68 70 71
68 71 72
68 72 73
69 74 70
69 75 74
75 76 74
75 77 76
77 78 76
77 79 78
72 80 73
72 81 80
81 82 80
81 83 82
84 85 86
85 87 86
85 88 87
88 89 87
88 90 89
89 90 91
89 91 92
93 92 91
93 94 92
84 95 85
96 97 98
96 99 97
99 96 100
99 100 101
100 102 101
100 103 102
100 104 103
103 104 105
104 106 105
100 106 104
105 106 107
106 108 107
108 109 107
105 107 109
108 110 109
109 111 105
103 105 111
97 112 98
101 113 99
99 113 97
113 114 97
97 114 115
116 117 118
119 116 118
116 119 120
119 118 121
122 116 120
123 122 120
123 120 124
125 123 124
125 124 126
127 125 126
128 129 130
128 130 131
132 130 129
132 129 133
134 135 136
134 136 137
138 135 134
138 139 135
140 139 138
140 141 139
135 139 142
142 143 135
135 143 144
135 144 136
139 145 142
137 146 134
147 138 134
147 134 148
138 147 149
138 149 140
150 147 148
150 151 147
149 147 151
150 152 151
149 153 140
145 139 154
139 141 154
141 155 154
146 156 134
157 158 146
159 157 160
159 160 161
162 159 161
162 161 163
164 162 163
164 163 165
161 166 163
166 161 167
161 168 167
161 160 168
163 166 169
170 159 162
170 171 159
162 164 172
162 172 170
173 171 170
173 170 174
172 174 170
173 174 175
172 164 176
169 177 163
163 177 165
165 177 178
179 180 181
179 181 182
182 181 183
184 179 182
182 183 185
186 182 185
186 184 182
186 185 187
186 187 188
187 189 188
187 190 189
187 185 190
186 188 191
188 192 191
193 188 189
188 193 192
194 186 191
194 184 186
194 195 184
196 194 191
195 197 184
185 198 190
192 199 191
196 191 199
199 192 200
192 201 200
201 192 193
193 202 201
200 201 203
199 204 196
196 204 205
199 206 204
199 200 206
207 204 206
207 206 200
207 208 204
204 208 209
210 203 201
201 202 210
211 196 209
212 211 209
207 200 213
203 213 200
207 213 214
214 215 207
207 215 216
208 207 216
216 217 208
218 217 216
219 218 216
219 216 215
214 219 215
218 219 220
221 220 219
221 219 214
222 220 221
223 220 222
223 222 224
224 222 225
224 225 226
224 226 227
223 224 227
225 222 228
222 221 228
221 214 229
228 221 229
229 230 228
227 226 231
229 232 230
232 229 233
233 229 214
230 234 228
228 234 225
214 213 233
223 227 235
223 235 236
237 223 236
235 227 238
235 238 239
240 231 238
241 235 239
235 241 236
241 239 242
236 241 243
243 241 244
241 242 244
245 236 243
237 236 245
237 245 246
246 247 237
237 247 218
247 217 218
248 217 247
249 217 248
249 250 217
217 250 208
208 250 209
251 209 250
251 212 209
218 220 237
237 220 223
252 253 254
252 254 255
256 253 252
256 252 257
258 256 257
258 259 256
254 260 255
254 261 260
262 259 263
262 263 264
265 266 262
265 262 267
197 268 179
268 180 179
197 179 184
269 194 211
194 196 211
194 269 195
270 271 272
270 272 273
274 275 276
274 276 277
275 278 276
275 279 278
279 280 278
279 281 280
281 282 280
281 283 282
284 285 286
284 286 287
288 287 286
288 289 287
290 289 288
290 288 291
292 293 294
295 296 297
298 299 300
299 301 300
299 302 301
303 298 300
300 304 303
299 305 302
300 306 304
300 307 306
303 308 298
308 309 298
310 311 312
310 313 311
314 312 311
314 311 315
316 310 312
315 317 314
315 318 317
319 320 321
322 321 320
322 320 323
323 320 324
324 325 323
325 326 323
326 322 323
325 327 326
328 327 325
326 329 322
322 329 330
322 330 331
321 322 331
330 332 331
330 333 332
332 333 334
331 332 335
335 321 331
336 328 325
337 336 325
335 338 321
321 338 339
321 339 340
341 340 339
340 319 321
342 343 344
343 345 344
344 345 346
344 346 347
344 347 348
344 348 342
348 349 342
349 348 350
351 350 348
351 352 350
351 353 352
351 348 354
347 354 348
353 355 352
352 355 356
357 356 355
347 358 354
358 347 359
347 346 359
360 358 359
343 361 345
362 363 364
365 362 364
365 364 366
367 365 366
366 368 367
367 368 369
367 369 370
371 372 370
371 370 373
372 371 374
372 374 375
376 375 374
377 378 379
377 379 380
381 377 380
381 382 377
378 383 379
378 384 383
385 382 381
383 384 386
383 386 387
383 387 388
388 387 389
390 391 392
390 392 393
393 392 394
393 394 395
393 395 396
397 398 399
397 399 400
401 398 397
401 402 398
403 404 405
403 405 406
405 407 406
405 408 407
407 408 409
407 409 410
410 409 411
410 411 412
413 414 415
413 415 416
417 414 413
417 418 414
419 416 415
419 415 420
420 421 419
420 422 421
423 424 425
423 425 426
427 423 426
427 428 423
428 427 429
428 429 430
430 429 431
432 431 429
432 429 433
434 432 433
434 433 435
432 434 436
432 436 437
436 434 438
439 431 432
439 432 437
439 440 431
441 440 439
441 439 442
442 443 441
442 444 443
444 445 443
446 447 448
446 448 449
448 447 450
448 450 451
452 451 450
452 453 451
454 455 449
449 456 454
456 457 454
456 458 457
458 459 457
449 460 456
461 462 453
461 463 462
464 465 466
464 466 467
466 468 467
466 469 468
468 469 470
468 470 471
471 470 472
471 472 473
472 474 473
472 475 474
476 477 478
476 478 479
480 479 478
480 481 479
482 477 476
482 476 483
484 482 483
484 483 485
485 486 484
485 487 486
488 489 490
488 490 491
491 490 492
491 492 493
492 494 493
492 495 494
495 496 494
495 497 496
498 499 489
498 500 499
500 501 499
500 502 501
502 503 501
504 505 506
504 506 507
505 508 506
504 507 509
504 509 510
509 511 510
509 512 511
512 513 511
514 515 516
517 514 516
518 517 516
518 519 517
519 520 517
517 520 514
515 521 516
518 516 521
522 521 515
514 523 515
515 523 524
525 526 527
525 527 528
529 526 525
529 525 530
531 529 530
531 532 529
533 532 531
533 534 532
535 536 537
535 537 538
538 537 539
538 539 540
540 541 542
540 542 543
544 542 545
544 545 546
547 548 549
547 549 550
549 551 550
551 552 550
553 552 551
553 554 552
555 553 556
557 558 559
557 559 560
558 557 561
558 561 562
563 564 565
566 563 565
566 565 567
568 566 567
568 569 566
570 569 568
570 571 569
572 571 570
572 570 573
574 572 573
574 573 575
576 574 575
577 578 579
580 579 578
580 578 581
582 580 581
582 583 580
584 583 582
584 585 583
586 585 584
587 586 584
586 587 588
586 588 589
588 590 591
193 592 202
189 592 193
593 594 595
595 594 596
597 595 596
596 598 597
599 600 601
599 601 602
600 599 603
601 604 602
601 605 604
605 606 604
605 607 606
599 608 603
609 610 611
609 611 612
613 609 612
613 612 614
615 616 617
615 617 618
616 619 617
616 620 619
621 619 620
621 622 619
623 624 625
623 625 626
626 627 628
629 630 626
630 631 626
632 633 634
632 634 635
636 633 632
636 632 637
638 636 637
637 639 638
640 641 633
640 642 641
642 643 641
644 642 640
645 642 644
645 644 646
647 645 646
648 649 650
648 651 649
648 652 651
653 648 650
654 653 650
654 655 653
656 657 658
658 659 656
660 657 656
661 659 658
659 661 662
662 663 659
663 664 659
663 665 664
666 667 668
669 666 668
667 670 668
668 670 671
668 671 672
670 673 671
673 674 671
673 675 676
677 673 676
677 678 679
675 680 681
675 681 682
683 684 685
683 686 684
686 687 684
686 688 687
689 687 688
689 688 690
689 690 691
683 685 692
689 691 693
694 693 691
695 693 694
696 697 698
699 700 701
700 702 701
703 704 699
703 705 704
705 706 704
706 707 704
707 708 704
709 710 711
709 712 710
713 714 715
715 716 713
716 717 713
718 719 720
718 721 719
718 722 721
723 724 725
725 724 726
727 725 726
727 726 728
729 727 728
730 731 732
730 732 733
734 731 730
734 730 735
736 737 738
736 738 739
740 741 736
740 742 741
743 744 745
744 746 745
744 747 746
748 749 750
751 748 750
751 750 752
753 754 755
756 757 758
756 758 759
760 756 759
760 759 761
762 763 764
764 765 762
764 766 765
767 768 769
767 769 770
768 771 769
768 772 771
773 767 770
773 770 774
775 773 774
775 774 776
777 775 776
777 776 778
777 778 779
780 781 782
781 783 782
783 781 784
785 783 784
786 783 785
786 785 787
788 786 787
788 787 789
785 784 790
791 788 789
791 789 792
793 791 792
793 792 794
795 793 794
795 796 793
795 797 796
798 785 790
799 800 801
801 802 799
803 804 805
803 805 806
807 803 806
807 806 808
809 807 808
809 808 810
811 809 810
811 810 812
813 811 812
813 812 814
815 805 804
816 817 813
816 818 817
813 817 819
820 821 822
822 823 820
824 825 826
824 826 827
828 829 824
828 824 830
831 828 832
831 832 833
834 835 833
834 836 835
837 836 834
837 834 838
839 837 838
839 838 840
841 842 843
841 843 844
845 846 847
848 849 850
848 850 851
850 852 851
850 853 852
852 853 854
852 854 855
856 857 858
856 858 859
856 859 860
856 860 861
857 862 858
857 863 862
864 862 863
864 863 865
861 860 866
861 866 867
867 866 868
867 868 869
869 868 870
869 870 871
872 871 870
872 873 871
874 873 872
875 876 877
875 877 878
876 875 879
876 879 880
881 880 879
881 882 880
881 883 882
881 884 883
885 883 884
885 884 886
887 878 877
887 888 878
889 888 887
889 887 890
884 881 891
886 884 891
886 891 892
893 894 895
893 895 896
896 895 897
896 897 898
899 894 893
899 900 894
901 898 897
901 902 898
903 902 901
903 901 904
905 903 904
905 906 903
907 906 905
908 900 899
908 909 900
910 911 909
910 909 912
913 914 910
913 915 914
916 917 918
916 918 919
916 920 917
916 921 920
919 918 922
919 922 923
923 922 924
923 924 925
925 924 926
925 926 927
920 921 928
920 928 929
929 928 930
929 930 931
932 933 934
934 933 935
934 935 936
936 935 937
936 937 938
937 939 938
937 940 939
941 939 940
941 940 942
932 934 943
944 945 946
944 946 947
948 944 947
949 948 947
948 949 950
948 950 951
948 951 952
948 952 953
954 953 952
951 954 952
951 955 954
956 953 954
957 956 954
954 955 957
956 957 958
953 956 958
958 957 959
947 960 949
946 960 947
946 961 960
962 961 946
945 963 946
964 965 966
967 965 964
964 968 967
967 969 965
970 968 964
971 968 970
971 972 968
973 972 971
973 974 972
975 974 973
976 977 978
976 978 979
980 979 978
980 981 979
982 983 984
982 984 985
986 982 985
986 987 982
988 987 986
988 986 989
984 983 990
984 990 991
992 993 989
992 994 993
995 996 992
995 992 997
159 998 999
157 159 999
137 999 1000
1001 1002 1003
1001 1003 1004
1005 1006 1007
1005 1007 1008
1008 1007 1009
1008 1009 1010
1010 1009 1011
1010 1011 1012
1012 1011 1013
1012 1013 1014
1015 1016 1017
1015 1017 1018
1019 1017 1016
1019 1016 1020
1021 1019 1020
1021 1022 1019
1023 1024 1025
1026 1027 1028
1029 1030 1031
1031 1030 1032
1031 1032 1033
1034 1030 1029
1030 1034 1035
1030 1035 1036
1031 1033 1037
1030 1036 1038
1034 1029 1039
1029 1040 1039
1041 1042 1043
1041 1043 1044
1045 1043 1042
1045 1046 1043
1047 1042 1041
1046 1045 1048
1046 1048 1049
1050 1051 1052
1051 1050 1053
1051 1053 1054
1055 1051 1054
1055 1056 1051
1056 1055 1057
1058 1056 1057
1059 1056 1058
1051 1056 1059
1059 1058 1060
1058 1057 1061
1057 1062 1061
1063 1059 1060
1063 1064 1059
1065 1064 1063
1066 1064 1065
1064 1066 1067
1059 1064 1067
1065 1063 1068
1069 1065 1068
1070 1065 1069
1071 1065 1070
1059 1067 1051
1051 1067 1052
1072 1073 1074
1074 1073 1075
1073 1076 1075
1073 1077 1076
1073 1078 1077
1073 1072 1078
1078 1072 1079
1079 1080 1078
1081 1078 1080
1081 1080 1082
1081 1082 1083
1081 1084 1078
1077 1078 1084
1083 1082 1085
1082 1086 1085
1087 1085 1086
1077 1084 1088
1088 1089 1077
1077 1089 1076
1090 1089 1088
1074 1075 1091
1092 1093 1094
1095 1093 1092
1095 1096 1093
1097 1096 1095
1096 1097 1098
1097 1099 1098
1097 1100 1099
1101 1102 1100
1101 1100 1103
1103 1104 1101
1103 1105 1104
1106 1104 1105
1107 1108 1109
1107 1109 1110
1111 1108 1107
1111 1107 1112
1113 1111 1112
1110 1109 1114
1110 1114 1115
1114 1116 1115
1114 1117 1116
1114 1118 1117
1119 1117 1118
1120 1121 1122
1120 1122 1123
1121 1124 1122
1121 1125 1124
1121 1126 1125
1127 1128 1129
1127 1129 1130
1131 1127 1130
1131 1130 1132
1133 1134 1135
1133 1135 1136
1134 1137 1135
1134 1138 1137
1138 1139 1137
1138 1140 1139
1141 1133 1136
1141 1136 1142
1143 1144 1145
1143 1145 1146
1147 1143 1146
1147 1146 1148
1149 1145 1144
1149 1150 1145
1150 1149 1151
1150 1151 1152
1153 1154 1155
1153 1155 1156
1154 1157 1155
1158 1155 1157
1158 1157 1159
1160 1159 1157
1160 1161 1159
1160 1157 1162
1163 1160 1162
1163 1164 1160
1164 1163 1165
1164 1165 1166
1166 1165 1167
1156 1168 1153
1156 1169 1168
1170 1158 1159
1161 1170 1159
1170 1171 1158
1161 1172 1170
1172 1173 1170
1169 1174 1168
1169 1175 1174
1176 1177 1178
1176 1178 1179
1178 1180 1179
1178 1181 1180
1182 1180 1181
1182 1181 1183
1184 1177 1185
1177 1184 1186
1186 1184 1187
1186 1187 1188
1188 1187 1189
1177 1186 1190
1191 1183 1192
1191 1192 1193
1194 1195 1196
1194 1196 1197
1195 1198 1196
1195 1199 1198
1199 1200 1198
1199 1201 1200
1201 1202 1200
1201 1203 1202
1204 1194 1197
1204 1197 1205
1206 1207 1208
1206 1208 1209
1210 1206 1209
1210 1209 1211
1212 1208 1207
1212 1207 1213
1214 1210 1211
1214 1215 1210
1215 1214 1216
1215 1216 1217
1218 1219 1220
1218 1220 1221
1219 1222 1220
1219 1223 1222
1222 1223 1224
1222 1224 1225
1225 1224 1226
1225 1226 1227
1228 1221 1229
1228 1229 1230
1230 1229 1231
1230 1231 1232
1232 1231 1233
1234 1235 1236
1234 1236 1237
1237 1236 1238
1234 1239 1235
1234 1240 1239
1239 1240 1241
1239 1241 1242
1242 1241 1243
1244 1245 1246
1247 1245 1244
1248 1245 1247
1248 1247 1249
1249 1247 1250
1247 1244 1250
1246 1245 1251
1248 1251 1245
1252 1246 1251
1244 1246 1253
1246 1254 1253
1255 1256 1257
1255 1257 1258
1258 1259 1255
1258 1260 1259
1261 1259 1260
1261 1260 1262
1263 1261 1262
1263 1262 1264
1265 1266 1267
1265 1267 1268
1266 1269 1267
1266 1270 1269
1270 1271 1272
1270 1272 1273
1274 1275 1272
1274 1276 1275
1277 1278 1279
1277 1279 1280
1278 1281 1279
1282 1281 1278
1283 1281 1282
1283 1282 1284
1285 1277 1286
1287 1288 1289
1287 1289 1290
1290 1291 1287
1290 1292 1291
1293 1294 1295
1296 1294 1293
1296 1297 1294
1298 1297 1296
1298 1296 1299
1300 1298 1299
1300 1299 1301
1302 1300 1301
1302 1303 1300
1304 1303 1302
1304 1305 1303
1306 1305 1304
1307 1308 1309
1310 1309 1308
1310 1311 1309
1312 1311 1310
1312 1310 1313
1314 1312 1313
1314 1313 1315
1314 1315 1316
1317 1314 1316
1316 1318 1317
1316 1319 1318
1318 1320 1321
1322 1053 1050
1323 1324 1325
1326 1325 1324
1326 1324 1327
1327 1328 1326
1329 1330 1331
1329 1331 1332
1332 1333 1329
1331 1330 1334
1331 1334 1335
1335 1334 1336
1335 1336 1337
1329 1333 1338
1339 1340 1341
1339 1341 1342
1343 1340 1339
1343 1344 1340
1345 1346 1347
1345 1347 1348
1348 1347 1349
1348 1349 1350
1351 1350 1349
1351 1349 1352
1353 1354 1355
1353 1356 1354
1356 1357 1358
1356 1358 1359
1360 1361 1356
1362 1363 1364
1363 1362 1365
1363 1365 1366
1365 1367 1366
1367 1368 1366
1369 1370 1371
1371 1372 1369
1373 1371 1370
1374 1369 1372
1372 1375 1374
1375 1372 1376
1376 1372 1377
1376 1377 1378
1379 1380 1381
1382 1380 1379
1381 1380 1383
1380 1384 1383
1380 1385 1384
1383 1384 1386
1384 1387 1386
1388 1389 1386
1390 1388 1386
1389 1391 1392
1389 1393 1391
1390 1394 1395
1396 1397 1398
1396 1398 1399
1399 1398 1400
1399 1400 1401
1402 1401 1400
1402 1403 1401
1396 1404 1397
1402 1405 1403
1402 1406 1405
1405 1406 1407
1407 1406 1408
1409 1410 1411
1412 1413 1414
1412 1414 1415
1412 1416 1413
1417 1416 1412
1418 1416 1417
1417 1419 1418
1420 1421 1422
1421 1420 1423
1423 1424 1425
1424 1426 1425
1426 1424 1427
1427 1424 1428
1428 1424 1429
1430 1431 1432
1430 1433 1431
1434 1435 1436
1435 1434 1437
1437 1434 1438
1439 1440 1441
1442 1440 1439
1443 1442 1439
1444 1443 1439
1444 1445 1443
1446 1445 1444
1442 1447 1440
1447 1448 1449
1447 1449 1450
1451 1448 1447
1451 1452 1448
1453 1452 1451
1453 1454 1452
1455 1456 1457
1455 1457 1458
1459 1455 1458
1459 1460 1455
1461 1462 1463
1461 1463 1464
1465 1461 1466
1465 1466 1467
1468 1469 1470
1470 1469 1471
1470 1471 1472
1473 1474 1475
1476 1474 1473
1476 1477 1474
1478 1479 1480
1481 1482 1483
1481 1483 1484
1485 1482 1481
1485 1486 1482
1487 1488 1489
1487 1490 1488
1487 1491 1490
1492 1493 1494
1493 1492 1495
1493 1495 1496
1497 1498 1499
1497 1499 1500
1500 1499 1501
1500 1501 1502
1503 1498 1497
1503 1504 1498
1505 1504 1503
1505 1506 1504
1507 1506 1505
1507 1508 1506
1507 1509 1508
1510 1511 1512
1511 1510 1513
1514 1515 1516
1514 1516 1517
1518 1515 1514
1518 1519 1515
1520 1519 1518
1520 1521 1519
1522 1521 1520
1522 1523 1521
1524 1523 1522
1524 1525 1523
1526 1517 1516
1527 1524 1528
1527 1528 1529
1524 1530 1528
1531 1532 1533
1531 1533 1534
1531 1534 1535
1533 1532 1536
1533 1536 1537
1537 1536 1538
1537 1538 1539
1539 1538 1540
1539 1540 1541
1541 1540 1542
1541 1542 1543
1542 1544 1543
1545 1544 1542
1543 1544 1546
1545 1542 1547
1546 1548 1543
1549 1548 1546
1550 1551 1552
1551 1550 1553
1554 1555 1556
1554 1556 1557
1558 1559 1554
1558 1554 1560
1561 1562 1558
1561 1563 1562
1564 1563 1565
1564 1565 1566
1567 1564 1566
1567 1568 1564
1569 1568 1567
1569 1570 1568
1571 1572 1573
1574 1575 1576
1574 1576 1577
1578 1579 1580
1581 1582 1583
1584 1585 1586
1587 1588 1589
1590 1591 1592
1593 1594 1595
1596 183 198
1597 1598 1599
1597 1599 1600
1598 1601 1599
1598 1602 1601
1603 1601 1602
1603 1604 1601
1604 1603 1605
1605 1606 1604
1607 1606 1605
1607 1608 1606
1609 1608 1607
1608 1609 1610
1611 1606 1608
1612 1606 1611
1612 1613 1606
1613 1612 1614
1614 1615 1613
1613 1615 1616
1616 1615 1617
1618 1616 1617
1619 1618 1617
1617 1615 1620
1617 1620 1621
1619 1617 1621
1622 1619 1621
1623 1622 1621
1623 1624 1622
1623 1621 1625
1621 1626 1625
1621 1620 1626
1623 1625 1627
1622 1628 1619
1629 1628 1622
1630 1629 1622
1630 1622 1631
1631 1622 1624
1629 1632 1628
1633 1632 1629
1633 1629 1634
1634 1629 1635
1630 1635 1629
1634 1635 1636
1637 1634 1636
1637 1633 1634
1637 1636 1638
1639 1637 1638
1637 1639 1640
1637 1640 1633
1639 1638 1641
1642 1643 1644
1642 1644 1645
1644 1643 1646
1644 1646 1647
1646 1648 1647
1646 1649 1648
1649 1650 1648
1651 1642 1645
1651 1652 1642
1653 1648 1650
1653 1654 1648
1654 1653 1655
1654 1655 1656
1654 1656 1657
1658 1654 1657
1658 1657 1659
1659 1660 1658
1659 1661 1660
1657 1656 1662
1663 1664 1665
1663 1665 1666
1666 1665 1667
1666 1667 1668
1669 1668 1667
1669 1667 1670
1670 1671 1669
1671 1670 1672
1673 1671 1672
1673 1672 1674
1675 1673 1674
1674 1676 1675
1677 1674 1672
1678 1677 1672
1678 1672 1679
1679 1680 1678
1680 1679 1681
1679 1682 1681
1682 1683 1681
1684 1683 1682
1685 1683 1684
1683 1686 1681
1683 1687 1686
1685 1687 1683
1688 1687 1685
1689 1687 1688
1689 1688 1690
1689 1691 1687
1687 1691 1692
1687 1692 1686
1689 1693 1691
1688 1685 1694
1695 1688 1694
1696 1688 1695
1696 1697 1688
1697 1690 1688
1695 1694 1698
1699 1695 1698
1699 1700 1695
1700 1701 1695
1696 1695 1701
1700 1702 1701
1703 1702 1700
1703 1700 1699
1703 1704 1702
1705 1704 1703
1703 1706 1705
1703 1699 1706
1705 1707 1704
1708 1709 1710
1708 1710 1711
1710 1712 1711
1710 1713 1712
1712 1713 1714
1712 1714 1715
1715 1714 1716
1717 1709 1708
1717 1708 1718
1719 1716 1714
1719 1714 1720
1720 1721 1719
1720 1722 1721
1720 1723 1722
1724 1723 1720
1724 1725 1723
1725 1724 1726
1725 1726 1727
1723 1728 1722
1729 1730 1731
1729 1731 1732
1733 1729 1732
1730 1734 1731
1730 1735 1734
1735 1736 1734
1735 1737 1736
1737 1738 1736
1737 1739 1738
1739 1740 1738
1739 1741 1740
1741 1742 1740
1741 1743 1742
1743 1744 1742
1745 1743 1741
1746 1747 1748
1746 1749 1747
1750 1749 1746
1746 1751 1750
1750 1751 1752
1753 1750 1752
1753 1752 1754
1752 1755 1754
1756 1754 1755
1757 1756 1755
1755 1758 1757
1758 1759 1757
1748 1747 1760
1747 1761 1760
1762 1748 1760
1763 1764 1765
1765 1766 1763
1765 1767 1766
1767 1768 1766
1767 1769 1768
1769 1770 1768
1771 1769 1772
1772 1773 1771
1772 1774 1773
1773 1774 1775
1773 1775 1776
1776 1775 1777
1775 1778 1777
1778 1775 1779
1777 1778 1780
1781 1777 1780
1781 1782 1777
1783 1782 1781
1781 1784 1783
1784 1785 1783
1786 1783 1785
1777 1782 1786
1783 1786 1782
1777 1786 1787
1776 1777 1787
1775 1788 1779
1788 1789 1779
1788 1790 1789
1790 1791 1789
1791 1790 1792
1792 1793 1791
1793 1792 1794
1793 1794 1795
1794 1796 1795
1796 1797 1795
1797 1796 1798
1797 1798 1799
1797 1799 1800
1798 1801 1799
1798 1802 1803
1804 1805 1806
1804 1807 1805
1807 1808 1805
1809 1805 1808
1809 1808 1810
1811 1812 1806
1813 1811 1806
1814 1811 1813
1815 1814 1813
1816 1814 1815
1817 1816 1815
1815 1818 1817
1817 1819 1816
1820 1821 1822
1820 1823 1821
1824 1823 1820
1822 1821 1825
1822 1825 1826
1826 1825 1827
1826 1827 1828
1828 1827 1829
1828 1829 1830
1830 1829 1831
1830 1831 1832
1832 1831 1833
1832 1833 1834
1834 1833 1835
1836 1832 1834
1837 1838 1839
1837 1839 1840
1841 1837 1840
1837 1841 1842
1841 1843 1842
1844 1843 1841
1844 1845 1843
1843 1845 1846
1847 1846 1845
1848 1846 1847
1846 1848 1849
1849 1848 1850
1838 1851 1839
1839 1851 1852
1853 1851 1838
1854 1855 1856
1855 1854 1857
1855 1857 1858
1858 1857 1859
1858 1859 1860
1860 1859 1861
1861 1862 1860
1862 1861 1863
1862 1863 1864
1863 1865 1864
1863 1866 1865
1866 1867 1865
1865 1867 1868
1868 1869 1865
1867 1870 1868
1871 1870 1867
1871 1867 1872
1873 1871 1872
1871 1873 1874
1874 1873 1875
1876 1875 1873
1867 1876 1872
1873 1872 1876
1867 1877 1876
1866 1877 1867
1865 1869 1878
1878 1869 1879
1878 1880 1881
1881 1880 1882
1882 1883 1881
1883 1882 1884
1884 1885 1883
1884 1886 1885
1885 1886 1887
1887 1886 1888
1888 1889 1887
1888 1890 1889
1888 1891 1890
1889 1890 1892
1889 1893 1894
1895 1896 1897
1898 1896 1895
1895 1897 1899
1899 1897 1900
1901 1900 1897
1901 1902 1900
1903 1896 1898
1904 1903 1898
1905 1903 1904
1906 1905 1904
1907 1905 1906
1905 1907 1908
1907 1906 1909
