byte offset: 0
first index: 0
index count: 9552
topology: trianglelist
format: DXGI_FORMAT_R16_UINT

0 1 2
2 1 3
1 0 4
0 5 4
6 4 5
6 5 7
8 2 3
8 9 2
8 10 9
10 11 9
10 12 11
9 11 13
14 11 12
12 15 14
16 15 12
17 15 16
18 17 16
18 19 17
20 19 18
20 18 21
22 20 21
23 22 21
24 25 26
24 26 27
28 29 24
28 30 29
30 31 29
30 32 31
33 31 32
33 34 31
35 34 33
35 36 34
35 37 36
35 38 37
38 39 37
38 40 39
25 41 42
25 42 43
44 45 46
44 46 47
46 48 49
48 50 49
48 51 50
50 51 52
52 51 6
6 51 53
6 53 54
6 54 55
55 54 56
55 56 57
58 57 56
58 59 57
47 60 49
61 62 63
61 63 64
65 66 67
68 66 65
68 69 66
70 71 68
72 73 74
73 75 74
74 76 72
72 76 77
78 77 76
78 79 77
80 75 73
80 73 81
80 81 82
82 81 83
82 83 84
81 85 83
86 84 83
84 86 87
88 84 87
89 88 87
90 88 89
90 89 91
92 90 91
92 93 90
94 93 92
95 93 94
96 97 98
96 98 99
100 96 101
100 101 102
102 101 103
102 103 104
105 104 103
105 103 106
107 105 106
107 106 108
107 108 109
107 109 110
110 109 111
110 111 112
99 113 114
99 114 115
116 117 118
116 118 119
118 120 121
121 120 122
121 122 123
122 124 123
124 78 123
78 125 123
78 126 125
78 127 126
127 128 126
127 129 128
130 128 129
130 129 131
117 120 132
133 134 119
133 119 135
136 137 138
136 138 139
140 141 142
143 140 142
143 142 144
145 143 146
147 148 149
147 149 150
151 152 153
151 153 154
155 152 151
155 156 152
157 158 159
157 159 160
161 162 163
161 163 164
165 162 161
165 166 162
167 168 169
167 169 170
171 172 173
171 173 174
171 175 172
176 177 178
176 179 177
176 178 180
181 182 183
181 183 184
185 186 187
187 186 188
187 188 189
190 191 192
190 192 193
194 195 196
194 196 197
198 196 195
198 199 196
200 197 201
200 202 197
203 201 204
204 201 205
206 204 205
207 201 203
207 208 201
208 209 201
210 211 199
210 212 211
201 213 214
215 216 217
215 217 218
219 216 215
219 220 216
221 222 223
224 221 225
224 225 226
227 228 229
230 229 228
230 231 229
231 230 232
233 234 235
235 234 236
237 235 236
237 238 235
239 238 237
239 240 238
241 240 242
241 242 243
244 241 243
244 245 241
246 245 244
246 247 245
248 249 241
250 251 252
250 252 253
254 255 256
254 256 257
258 255 254
258 259 255
260 261 262
260 262 263
264 262 265
265 262 266
267 268 269
269 268 270
269 270 271
271 270 272
271 272 273
273 272 274
273 274 275
275 274 276
275 276 277
276 278 277
267 279 268
280 281 282
280 282 283
284 285 286
284 286 287
288 289 290
288 290 291
292 293 294
292 294 295
292 296 293
292 297 296
298 296 297
298 299 296
300 299 298
300 301 299
302 301 300
302 303 301
304 305 306
307 305 304
307 304 308
309 307 308
309 308 310
311 309 310
311 312 309
313 312 311
313 314 312
315 314 313
316 314 315
317 316 315
317 318 316
319 318 317
319 320 318
321 320 319
321 322 320
323 322 321
323 324 322
325 324 323
325 323 326
327 328 45
327 45 329
330 331 332
332 331 333
333 334 332
334 333 335
336 337 338
336 339 337
339 340 337
339 341 340
340 341 342
343 342 341
343 341 344
344 345 343
346 345 344
347 348 349
347 349 350
347 351 348
348 351 352
353 354 355
353 355 356
356 355 357
358 356 357
358 357 359
359 360 358
359 361 360
361 362 360
361 363 362
361 364 363
361 365 364
364 365 366
366 365 367
366 367 368
369 368 367
369 370 368
369 371 370
372 370 371
371 373 372
374 370 372
374 372 375
376 375 372
376 372 377
376 377 378
379 378 377
379 377 380
379 380 381
381 380 382
383 384 385
386 383 385
386 387 383
386 388 387
388 389 387
387 389 390
390 389 391
392 390 391
392 391 393
392 393 394
395 396 397
395 397 398
399 400 401
399 401 402
399 402 403
399 403 404
399 404 405
406 407 408
406 408 409
410 406 409
410 409 411
412 413 414
412 414 415
416 417 418
416 418 419
419 418 420
421 422 423
424 425 426
426 425 427
427 425 428
427 428 429
427 429 430
427 430 431
431 430 432
431 432 433
433 432 434
433 434 435
435 434 436
437 435 436
437 436 438
437 438 439
437 439 440
440 439 441
442 440 441
442 441 443
442 443 444
442 444 445
446 444 447
446 447 448
448 447 449
450 448 449
450 449 451
452 450 451
452 451 453
452 453 454
452 454 455
455 454 456
455 456 457
457 456 458
459 444 446
458 456 460
458 460 461
461 460 462
461 462 463
463 462 464
464 462 465
464 465 466
464 466 467
468 466 469
468 469 470
470 469 471
470 471 472
472 471 473
473 471 474
473 474 475
476 475 474
476 474 477
478 476 477
478 477 479
480 478 479
480 479 481
480 481 482
483 482 481
483 481 484
483 484 485
486 485 484
486 484 487
486 487 488
488 487 489
489 487 490
491 492 493
492 494 493
492 495 494
495 496 494
495 497 496
496 497 498
496 498 499
499 498 500
499 500 501
501 500 502
501 502 503
503 502 504
503 504 505
505 504 506
505 506 507
506 508 507
509 510 511
511 510 512
511 512 513
512 514 513
513 514 515
516 515 514
516 514 517
517 518 516
517 519 518
519 520 518
519 521 520
521 522 520
521 523 522
521 524 523
524 525 523
524 526 525
526 527 525
526 528 527
528 529 527
528 530 529
530 531 529
530 532 531
532 533 531
532 534 533
535 536 537
535 537 538
538 537 539
538 539 540
540 539 541
540 541 542
542 541 543
542 543 544
545 546 547
545 547 548
549 546 545
549 550 546
551 550 549
551 552 550
553 552 551
553 554 552
555 554 553
555 556 554
557 556 555
557 558 556
559 558 557
559 560 558
561 560 559
561 562 560
563 562 561
563 564 562
565 566 567
565 567 568
569 570 571
569 571 572
573 570 569
573 574 570
575 574 573
575 576 574
575 577 576
575 578 577
578 579 577
578 580 579
581 582 580
581 583 582
584 583 581
584 585 583
586 585 584
586 587 585
588 587 586
588 589 587
590 591 592
590 592 593
593 592 594
593 594 595
595 594 596
595 596 597
597 596 598
597 598 599
599 598 600
599 600 601
602 601 600
602 600 603
604 602 603
604 603 605
606 604 605
606 605 607
606 607 608
606 608 609
609 608 610
609 610 611
612 610 613
612 613 614
614 613 615
614 615 616
616 615 617
616 617 618
618 617 619
618 619 620
620 619 621
620 621 622
622 621 623
622 623 624
624 623 625
624 625 626
626 625 627
626 627 628
628 627 629
628 629 630
630 629 631
630 631 632
632 631 633
632 633 634
634 633 635
634 635 636
636 637 638
636 638 639
640 641 642
640 642 643
644 641 640
644 645 641
646 645 644
646 647 645
648 647 646
648 649 647
650 649 648
650 651 649
652 651 650
652 653 651
652 654 653
652 655 654
655 656 654
655 657 656
657 658 656
659 660 661
659 662 660
662 659 663
663 659 664
663 664 665
663 665 666
666 665 667
666 667 668
666 668 669
669 668 670
669 670 671
671 670 672
670 668 673
668 667 673
670 673 672
669 671 674
674 671 675
674 675 676
675 671 677
677 671 672
678 676 675
678 675 677
674 676 679
680 676 678
681 676 680
676 681 679
679 681 682
682 681 680
683 684 685
683 685 686
687 685 684
687 688 685
689 688 687
689 690 688
691 690 689
691 692 690
693 692 691
693 694 692
695 694 693
695 696 694
697 696 695
697 698 696
699 683 686
699 686 700
700 701 699
702 703 704
704 703 705
705 703 706
703 707 706
703 708 707
709 708 703
703 702 709
709 710 708
710 711 708
710 712 711
712 713 711
714 713 712
714 712 715
715 716 714
715 717 716
711 713 718
708 711 719
708 719 707
711 718 719
720 716 717
716 721 714
714 721 713
713 721 722
718 713 722
723 724 725
723 725 726
724 727 725
728 723 726
729 730 731
729 731 732
733 734 735
733 735 736
737 734 733
737 738 734
739 738 737
739 740 738
741 740 739
741 742 740
743 742 741
743 744 742
745 744 743
745 746 744
747 748 749
747 749 750
750 749 751
750 751 752
752 751 753
752 753 754
754 753 755
754 755 756
756 755 757
756 757 758
758 757 759
760 761 762
760 762 763
763 762 764
763 764 765
765 764 766
765 766 767
760 768 761
760 769 768
770 771 772
770 772 773
774 771 770
774 775 771
776 777 778
776 778 779
780 781 782
782 783 780
781 780 784
785 781 784
786 785 784
786 784 787
784 780 788
789 790 791
791 790 792
793 792 790
793 790 794
794 795 793
794 796 795
797 795 796
797 798 795
799 798 797
799 800 798
801 800 799
802 800 801
802 803 800
804 803 802
805 803 804
805 806 803
807 806 805
808 806 807
808 809 806
810 809 808
811 809 810
811 812 809
813 814 815
813 815 816
816 815 817
817 815 818
813 819 814
813 820 819
820 821 819
820 822 821
822 823 821
822 824 823
825 823 824
825 826 823
827 826 825
827 828 826
829 828 827
829 830 828
829 831 830
829 832 831
832 833 831
832 834 833
835 833 834
835 836 833
835 837 836
837 838 836
839 836 838
839 838 840
841 842 843
841 843 844
845 842 841
846 842 845
846 847 842
848 847 846
849 847 848
849 850 847
851 850 849
851 852 850
853 854 855
853 855 856
853 856 857
853 857 858
853 858 859
853 859 860
853 860 861
853 861 862
855 854 863
855 863 864
855 864 865
865 864 866
863 854 867
868 869 870
868 870 871
871 870 872
872 870 873
872 873 874
875 876 877
876 875 878
875 877 879
876 878 880
880 878 881
880 881 882
881 883 882
882 884 880
885 886 887
887 886 888
888 886 889
888 889 890
887 888 891
891 888 892
893 894 895
893 895 896
897 894 898
898 899 900
900 901 898
902 903 904
904 903 905
905 906 907
908 907 909
907 910 909
911 912 913
911 913 914
915 916 917
915 917 918
919 920 921
922 920 919
922 923 920
920 923 924
920 924 925
925 924 926
925 926 927
927 926 928
927 928 929
929 928 930
929 930 931
932 931 930
932 930 933
922 934 923
935 936 937
935 937 938
939 940 941
939 941 942
943 944 945
943 945 946
947 948 949
947 949 950
951 952 948
951 948 953
954 955 952
954 952 956
957 958 959
957 959 960
961 962 963
961 963 964
965 966 967
965 967 968
969 970 971
969 971 972
973 974 975
973 975 976
977 978 979
977 979 980
981 982 983
984 985 986
986 985 987
986 987 988
989 990 991
989 992 990
989 993 992
989 994 993
989 995 994
993 996 992
997 994 995
997 998 994
997 999 998
997 1000 999
997 1001 1000
998 999 1002
1003 1004 1005
1003 1005 1006
1007 1008 1009
1007 1009 1010
1011 1012 1013
1011 1013 1014
1015 1016 1017
1015 1017 1018
1019 1020 1018
1019 1018 1021
1022 1023 1021
1022 1021 1024
1025 1026 1027
1025 1027 1028
1029 1030 1031
1029 1031 1032
1033 1034 1035
1033 1035 1036
1037 1038 1039
1037 1039 1040
1041 1042 1043
1041 1043 1044
1045 1046 1047
1045 1047 1048
1049 1050 1051
1052 1053 1054
1053 1055 1054
1053 1056 1055
1057 1058 1059
1057 1059 1060
1061 1057 1060
1061 1062 1057
1063 1062 1061
1063 1064 1062
1065 1064 1063
1065 1066 1064
1067 1059 1058
1067 1068 1059
1069 1068 1067
1069 1067 1070
1071 1069 1070
1071 1070 1072
1073 1071 1072
1073 1072 1074
1075 1076 1077
1077 1076 1078
1078 1076 1079
1075 1080 1076
1075 1081 1080
1080 1081 1082
1080 1082 1083
1083 1082 1084
1083 1084 1085
1085 1084 1086
1085 1086 1087
1088 1087 1086
1088 1086 1089
1088 1089 1090
1088 1090 1091
1090 1092 1091
1091 1092 1093
1094 1091 1093
1094 1093 1095
1087 1088 1096
1094 1095 1097
1094 1097 1098
1098 1097 1099
1100 1098 1099
1101 1098 1100
1101 1100 1102
1101 1102 1103
1101 1103 1104
1105 1104 1103
1105 1103 1106
1107 1105 1106
1107 1106 1108
1109 1107 1108
1109 1108 1110
1111 1109 1110
1111 1112 1109
1111 1113 1112
1113 1114 1112
1114 1079 1112
1104 1115 1101
1079 1114 1116
1079 1116 1078
1117 1118 1119
1117 1119 1120
1121 1122 1123
1121 1123 1124
1125 1121 1124
1125 1124 1126
1127 1128 1129
1127 1129 1130
1131 1132 1133
1131 1133 1134
1135 1131 1134
1135 1134 1136
1137 1138 1139
1137 1139 1140
1141 1142 1143
1141 1143 1144
1141 1144 1145
1146 1147 1148
1146 1148 1149
1146 1150 1147
1151 1152 1153
1151 1153 1154
1155 1156 1157
1156 1158 1157
1156 1159 1158
1160 1161 1162
1160 1162 1163
1164 1165 1166
1164 1166 1167
1168 1167 1166
1168 1166 1169
1170 1171 1165
1171 1172 1165
1173 1172 1171
1174 1173 1171
1175 1173 1174
1175 1176 1173
1176 1177 1173
1177 1178 1173
1179 1178 1177
1180 1181 1182
1180 1182 1183
1184 1180 1183
1184 1183 1185
1186 1187 1188
1189 1190 1186
1189 1191 1190
1192 1193 1194
1195 1194 1193
1195 1193 1196
1196 1197 1195
1198 1199 1200
1199 1201 1200
1202 1201 1199
1202 1199 1203
1204 1202 1203
1204 1203 1205
1206 1205 1207
1206 1207 1208
1209 1208 1207
1209 1207 1210
1211 1209 1210
1211 1210 1212
1213 1214 1205
1215 1216 1199
1217 1218 1219
1217 1219 1220
1221 1222 1223
1221 1223 1224
1225 1221 1224
1225 1224 1226
1227 1228 1229
1227 1229 1230
1231 1232 1233
1232 1234 1233
1232 1235 1234
1235 1236 1234
1235 1237 1236
1237 1238 1236
1237 1239 1238
1239 1240 1238
1239 1241 1240
1240 1241 1242
1231 1233 1243
1244 1245 1246
1244 1246 1247
1248 1249 1250
1249 1251 1250
1252 1253 1254
1252 1254 1255
1256 1257 1258
1256 1258 1259
1260 1261 1262
1260 1262 1263
1260 1263 1264
1260 1264 1265
1266 1265 1264
1266 1264 1267
1268 1266 1267
1268 1267 1269
1270 1268 1269
1270 1269 1271
1272 1273 1274
1275 1272 1274
1275 1276 1272
1277 1276 1275
1277 1278 1276
1279 1278 1277
1279 1277 1280
1281 1279 1280
1281 1280 1282
1283 1281 1282
1284 1283 1282
1285 1283 1284
1285 1284 1286
1287 1285 1286
1287 1286 1288
1289 1287 1288
1289 1288 1290
1291 1289 1290
1291 1290 1292
1293 1291 1292
1293 1294 1291
1295 1296 1297
1296 1298 1297
1298 1296 1299
1299 1300 1298
1301 1302 1303
1301 1303 1304
1304 1303 1305
1304 1305 1306
1305 1307 1306
1308 1306 1307
1308 1309 1306
1309 1308 1310
1311 1309 1310
1312 1313 1314
1312 1314 1315
1312 1315 1316
1315 1317 1316
1318 1319 1320
1318 1320 1321
1319 1322 1320
1323 1322 1319
1323 1324 1322
1324 1323 1325
1324 1325 1326
1326 1325 1327
1326 1327 1328
1326 1328 1329
1326 1329 1330
1329 1331 1330
1331 1332 1330
1331 1333 1332
1334 1332 1333
1334 1333 1335
1334 1335 1336
1337 1336 1335
1336 1337 1338
1339 1337 1335
1339 1340 1337
1341 1337 1340
1341 1342 1337
1341 1343 1342
1344 1342 1343
1344 1345 1342
1344 1346 1345
1346 1347 1345
1348 1349 1350
1351 1349 1348
1351 1348 1352
1351 1352 1353
1353 1352 1354
1352 1355 1354
1355 1356 1354
1357 1356 1355
1357 1358 1356
1357 1359 1358
1360 1361 1362
1360 1362 1363
1364 1365 1366
1364 1367 1365
1364 1368 1367
1364 1369 1368
1364 1370 1369
1371 1372 1373
1371 1373 1374
1375 1372 1371
1375 1376 1372
1377 1378 1379
1377 1379 1380
1381 1382 1383
1381 1383 1384
1382 1385 1383
1386 1387 1388
1386 1388 1389
1390 1391 1392
1391 1393 1392
1393 1394 1392
1393 1395 1394
1393 1396 1395
1393 1397 1396
1397 1398 1396
1397 1399 1398
1399 1400 1398
1399 1401 1400
1401 1402 1400
1403 1402 1401
1403 1404 1402
1403 1405 1404
1403 1406 1405
1406 1407 1405
1408 1407 1406
1408 1409 1407
1408 1410 1409
1408 1411 1410
1412 1413 1410
1412 1414 1413
1414 1415 1413
1416 1415 1414
1416 1417 1415
1418 1417 1416
1418 1419 1417
1418 1420 1419
1418 1421 1420
1421 1422 1420
1421 1423 1422
1423 1424 1422
1425 1412 1410
1424 1426 1422
1424 1427 1426
1427 1428 1426
1427 1429 1428
1429 1430 1428
1430 1431 1428
1430 1432 1431
1430 1433 1432
1434 1435 1432
1434 1436 1435
1436 1437 1435
1436 1438 1437
1438 1439 1437
1439 1440 1437
1439 1441 1440
1442 1440 1441
1442 1443 1440
1444 1443 1442
1444 1445 1443
1446 1445 1444
1446 1447 1445
1446 1448 1447
1449 1447 1448
1449 1450 1447
1449 1451 1450
1452 1450 1451
1452 1453 1450
1452 1454 1453
1454 1455 1453
1455 1456 1453
1457 1458 1459
1459 1458 1460
1459 1460 1461
1461 1460 1462
1461 1462 1463
1462 1464 1463
1462 1465 1464
1465 1466 1464
1465 1467 1466
1467 1468 1466
1467 1469 1468
1469 1470 1468
1469 1471 1470
1471 1472 1470
1471 1473 1472
1472 1473 1474
1475 1476 1477
1476 1478 1477
1476 1479 1478
1478 1479 1480
1479 1481 1480
1482 1480 1481
1482 1483 1480
1483 1482 1484
1483 1484 1485
1485 1484 1486
1485 1486 1487
1487 1486 1488
1487 1488 1489
1487 1489 1490
1490 1489 1491
1490 1491 1492
1492 1491 1493
1492 1493 1494
1494 1493 1495
1494 1495 1496
1496 1495 1497
1496 1497 1498
1498 1497 1499
1498 1499 1500
1501 1502 1503
1501 1503 1504
1502 1505 1503
1502 1506 1505
1506 1507 1505
1506 1508 1507
1508 1509 1507
1508 1510 1509
1511 1512 1513
1511 1513 1514
1515 1511 1514
1515 1514 1516
1517 1515 1516
1517 1516 1518
1519 1517 1518
1519 1518 1520
1521 1519 1520
1521 1520 1522
1523 1521 1522
1523 1522 1524
1525 1523 1524
1525 1524 1526
1527 1525 1526
1527 1526 1528
1529 1527 1528
1529 1528 1530
1531 1532 1533
1531 1533 1534
1535 1536 1537
1535 1537 1538
1539 1535 1538
1539 1538 1540
1541 1539 1540
1541 1540 1542
1541 1542 1543
1541 1543 1544
1544 1543 1545
1544 1545 1546
1547 1546 1548
1547 1548 1549
1550 1547 1549
1550 1549 1551
1552 1550 1551
1552 1551 1553
1554 1552 1553
1554 1553 1555
1556 1557 1558
1556 1558 1559
1557 1560 1558
1557 1561 1560
1561 1562 1560
1561 1563 1562
1563 1564 1562
1563 1565 1564
1565 1566 1564
1565 1567 1566
1568 1566 1567
1568 1569 1566
1570 1569 1568
1570 1571 1569
1572 1571 1570
1572 1573 1571
1572 1574 1573
1572 1575 1574
1575 1576 1574
1575 1577 1576
1578 1579 1576
1578 1580 1579
1580 1581 1579
1580 1582 1581
1582 1583 1581
1582 1584 1583
1584 1585 1583
1584 1586 1585
1586 1587 1585
1586 1588 1587
1588 1589 1587
1588 1590 1589
1590 1591 1589
1590 1592 1591
1592 1593 1591
1592 1594 1593
1594 1595 1593
1594 1596 1595
1596 1597 1595
1596 1598 1597
1598 1599 1597
1598 1600 1599
1600 1601 1599
1600 1602 1601
1602 1603 1604
1602 1604 1605
1606 1607 1608
1606 1608 1609
1610 1606 1609
1610 1609 1611
1612 1610 1611
1612 1611 1613
1614 1612 1613
1614 1613 1615
1616 1614 1615
1616 1615 1617
1618 1616 1617
1618 1617 1619
1618 1619 1620
1618 1620 1621
1621 1620 1622
1621 1622 1623
1623 1622 1624
1625 1626 1627
1625 1627 1628
1628 1629 1625
1629 1630 1625
1629 1631 1630
1629 1632 1631
1632 1633 1631
1632 1634 1633
1632 1635 1634
1635 1636 1634
1635 1637 1636
1637 1638 1636
1636 1639 1634
1634 1639 1633
1638 1639 1636
1635 1640 1637
1640 1641 1637
1640 1642 1641
1641 1643 1637
1643 1638 1637
1644 1641 1642
1644 1643 1641
1640 1645 1642
1646 1644 1642
1647 1646 1642
1642 1645 1647
1645 1648 1647
1648 1646 1647
1639 1649 1633
1633 1649 1650
1633 1650 1651
1651 1650 1652
1653 1654 1655
1653 1655 1656
1657 1656 1655
1657 1655 1658
1659 1657 1658
1659 1658 1660
1661 1659 1660
1661 1660 1662
1663 1661 1662
1663 1662 1664
1665 1663 1664
1665 1664 1666
1667 1665 1666
1667 1666 1668
1669 1654 1653
1669 1670 1654
1670 1669 1671
1672 1673 1674
1673 1675 1674
1675 1676 1674
1674 1676 1677
1674 1677 1678
1679 1674 1678
1674 1679 1672
1679 1678 1680
1680 1678 1681
1680 1681 1682
1682 1681 1683
1684 1682 1683
1684 1685 1682
1685 1684 1686
1685 1686 1687
1681 1688 1683
1678 1677 1689
1678 1689 1681
1681 1689 1688
1690 1687 1686
1686 1684 1691
1684 1683 1691
1683 1692 1691
1688 1692 1683
1693 1694 1695
1693 1695 1696
1697 1698 1699
1697 1699 1700
1701 1697 1700
1701 1700 1702
1703 1701 1702
1703 1702 1704
1705 1703 1704
1705 1704 1706
1707 1705 1706
1707 1706 1708
1709 1707 1708
1709 1708 1710
1711 1712 1713
1711 1713 1714
1712 1715 1713
1712 1716 1715
1716 1717 1715
1716 1718 1717
1718 1719 1717
1718 1720 1719
1720 1721 1719
1720 1722 1721
1722 1723 1721
1724 1725 1726
1724 1726 1727
1725 1728 1726
1725 1729 1728
1729 1730 1728
1729 1731 1730
1724 1727 1732
1724 1732 1733
1734 1735 1736
1734 1736 1737
1738 1734 1737
1738 1737 1739
1740 1741 1742
1740 1742 1743
1744 1745 1746
1745 1744 1747
1746 1748 1744
1749 1748 1746
1750 1748 1749
1750 1751 1748
1748 1752 1744
1753 1754 1755
1754 1756 1755
1757 1755 1756
1757 1758 1755
1758 1757 1759
1758 1759 1760
1761 1760 1759
1761 1759 1762
1763 1761 1762
1763 1762 1764
1765 1763 1764
1766 1765 1764
1766 1764 1767
1768 1766 1767
1769 1768 1767
1769 1767 1770
1771 1769 1770
1772 1771 1770
1772 1770 1773
1774 1772 1773
1775 1774 1773
1775 1773 1776
1777 1778 1779
1777 1779 1780
1778 1781 1779
1781 1782 1779
1777 1780 1783
1777 1783 1784
1784 1783 1785
1784 1785 1786
1786 1785 1787
1786 1787 1788
1789 1788 1787
1789 1787 1790
1791 1789 1790
1791 1790 1792
1793 1791 1792
1793 1792 1794
1793 1794 1795
1793 1795 1796
1796 1795 1797
1796 1797 1798
1799 1798 1797
1799 1797 1800
1799 1800 1801
1801 1800 1802
1803 1802 1800
1803 1804 1802
1805 1806 1807
1805 1807 1808
1809 1805 1808
1810 1809 1808
1810 1808 1811
1812 1810 1811
1813 1812 1811
1813 1811 1814
1815 1813 1814
1815 1814 1816
1817 1818 1819
1817 1819 1820
1817 1821 1818
1817 1822 1821
1817 1823 1822
1817 1824 1823
1817 1825 1824
1817 1826 1825
1819 1827 1820
1819 1828 1827
1819 1829 1828
1829 1830 1828
1827 1831 1820
1832 1833 1834
1832 1835 1833
1835 1836 1833
1836 1837 1833
1836 1838 1837
1839 1840 1841
1841 1842 1839
1839 1843 1840
1841 1844 1842
1844 1845 1842
1844 1846 1845
1845 1846 1847
1846 1844 1848
1849 1850 1851
1850 1852 1851
1852 1853 1851
1852 1854 1853
1850 1855 1852
1855 1856 1852
1857 1858 1859
1857 1860 1858
1861 1862 1859
1862 1863 1864
1863 1862 1865
1866 1867 1868
1867 1869 1868
1869 1870 1871
1872 1873 1870
1870 1873 1874
1875 1876 1877
1875 1877 1878
1879 1880 1881
1879 1881 1882
1883 1884 1885
1886 1883 1885
1886 1885 1887
1885 1888 1887
1885 1889 1888
1889 1890 1888
1889 1891 1890
1891 1892 1890
1891 1893 1892
1893 1894 1892
1893 1895 1894
1896 1894 1895
1896 1897 1894
1886 1887 1898
1899 1900 1901
1899 1901 1902
1903 1904 1905
1903 1905 1906
1907 1908 1909
1907 1909 1910
1911 1912 1913
1911 1913 1914
1915 1916 1914
1915 1914 1917
1918 1919 1917
1918 1917 1920
1921 1922 1923
1921 1923 1924
1925 1926 1927
1925 1927 1928
1929 1930 1931
1929 1931 1932
1933 1934 1935
1933 1935 1936
1937 1938 1939
1937 1939 1940
1941 1942 1943
1941 1943 1944
1945 1946 1947
1948 1949 1950
1949 1951 1950
1949 1952 1951
1953 1954 1955
1953 1955 1956
1957 1958 1959
1957 1959 1960
1961 1962 1963
1961 1963 1964
1965 1966 1967
1965 1967 1968
1969 1970 1966
1969 1966 1971
1972 1973 1970
1972 1970 1974
1975 1976 1977
1975 1977 1978
1979 1980 1981
1979 1981 1982
1983 1984 1985
1983 1985 1986
1987 1988 1989
1987 1989 1990
1991 1992 1993
1991 1993 1994
1995 1996 1997
1995 1997 1998
1999 2000 2001
2002 2003 2004
2004 2003 2005
2004 2005 2006
2007 2008 2009
2010 2009 2008
2010 2008 2011
2011 2008 2012
2012 2008 2013
2012 2013 2014
2014 2013 2015
2014 2015 2016
2014 2016 2017
2017 2016 2018
2019 2020 2021
2019 2021 2022
2019 2022 2023
2024 2025 2026
2026 2025 2027
2027 2025 2028
2027 2028 2029
2029 2028 2030
2029 2030 2031
2032 2031 2030
2032 2033 2031
2034 2031 2033
2034 2035 2031
2036 2031 2035
2036 2035 2037
2038 2036 2037
2038 2037 2039
2040 2038 2039
2041 2040 2039
2042 2043 2044
2045 2046 2047
2045 2047 2048
2048 2047 2049
2048 2049 2050
2051 2046 2045
2051 2052 2046
2053 2052 2051
2054 2055 2056
2054 2056 2057
2058 2055 2054
2058 2059 2055
2055 2059 2060
2061 2059 2058
2062 2059 2061
2062 2063 2059
2060 2059 2063
2056 2064 2057
2056 2065 2064
2056 2066 2065
2064 2065 2067
2065 2066 2068
2054 2057 2069
2055 2060 2070
2055 2070 2056
2070 2066 2056
2070 2060 2071
2072 2073 2074
2073 2075 2074
2075 2076 2074
2076 2077 2074
2077 2078 2074
2077 2079 2078
2079 2080 2078
2079 2081 2080
2079 2082 2081
2082 2083 2081
2084 2085 2086
2084 2087 2085
2084 2088 2087
2089 2090 2091
2092 2093 2094
2092 2094 2095
2093 2096 2094
2093 2097 2096
2098 2092 2095
2098 2095 2099
2100 2098 2099
2101 2102 2103
2101 2103 2104
2105 2101 2104
2105 2104 2106
2104 2107 2106
2108 2105 2106
2109 2108 2106
2109 2106 2110
2107 2110 2106
2103 2102 2111
2103 2111 2112
2103 2112 2113
2111 2114 2112
2112 2115 2113
2101 2116 2102
2104 2103 2117
2104 2117 2107
2117 2103 2113
2117 2118 2107
2119 2120 2121
2119 2121 2122
2121 2120 2123
2121 2123 2124
2125 2119 2122
2126 2127 2128
2127 2129 2128
2129 2130 2128
2130 2131 2128
2131 2132 2128
2131 2133 2132
2133 2134 2132
2133 2135 2134
2133 2136 2135
2136 2137 2135
2138 2139 2140
2138 2140 2141
2142 2139 2138
2142 2143 2139
2144 2145 2146
2144 2146 2147
2148 2145 2144
2148 2149 2145
2150 2149 2148
2150 2151 2149
2152 2153 2154
2155 2156 2157
2155 2158 2156
2155 2159 2158
2160 2161 2162
2161 2163 2162
2163 2164 2162
2163 2165 2164
2165 2166 2164
2165 2167 2166
2168 2166 2167
2168 2167 2169
2170 2169 2167
2170 2167 2171
2172 2171 2167
2172 2173 2171
2174 2173 2172
2174 2175 2173
2176 2175 2174
2177 2175 2176
2178 2179 2180
2181 2182 2183
2181 2183 2184
2182 2185 2183
2182 2186 2185
2187 2181 2184
2187 2184 2188
2189 2187 2188
2190 2191 2192
2190 2192 2193
2194 2190 2193
2194 2193 2195
2193 2196 2195
2197 2194 2195
2198 2197 2195
2198 2195 2199
2196 2199 2195
2192 2191 2200
2192 2200 2201
2192 2201 2202
2200 2203 2201
2201 2204 2202
2190 2205 2191
2193 2192 2206
2193 2206 2196
2206 2192 2202
2206 2207 2196
2208 2209 2210
2211 2210 2209
2211 2209 2212
2212 2209 2213
2213 2209 2214
2213 2214 2215
2215 2214 2216
2215 2216 2217
2215 2217 2218
2218 2217 2219
2220 2221 2222
2220 2222 2223
2221 2224 2222
2221 2225 2224
2226 2227 2228
2226 2228 2229
2227 2230 2228
2227 2231 2230
2231 2232 2230
2231 2233 2232
2234 2235 2236
2237 2238 2239
2237 2239 2240
2237 2240 2241
2242 2243 2244
2245 2246 2247
2245 2247 2248
2248 2247 2249
2248 2249 2250
2251 2246 2245
2251 2252 2246
2253 2252 2251
2254 2255 2256
2254 2256 2257
2258 2255 2254
2258 2259 2255
2255 2259 2260
2261 2259 2258
2262 2259 2261
2262 2263 2259
2260 2259 2263
2256 2264 2257
2256 2265 2264
2256 2266 2265
2264 2265 2267
2265 2266 2268
2254 2257 2269
2255 2260 2270
2255 2270 2256
2270 2266 2256
2270 2260 2271
2272 2273 2274
2272 2274 2275
2276 2275 2274
2276 2274 2277
2278 2273 2272
2279 2280 2281
2282 2283 2284
2285 2286 2287
2285 2287 2288
2286 2289 2290
2286 2290 2291
2292 2293 2290
2292 2294 2293
2295 2296 2297
2295 2297 2298
2298 2297 2299
2298 2299 2300
2298 2300 2301
2296 2295 2302
2303 2301 2300
2303 2300 2304
2303 2304 2305
2306 2303 2305
2306 2305 2307
2307 2308 2306
2309 2310 2311
2312 2310 2313
2314 2315 2316
2314 2316 2317
2318 2317 2316
2318 2316 2319
2320 2315 2321
2320 2322 2315
2323 2324 2319
2323 2319 2325
2326 2327 2328
2326 2328 2329
2330 2328 2327
2330 2327 2331
2331 2327 2332
2331 2332 2333
2334 2333 2332
2334 2335 2333
2326 2336 2327
2336 2332 2327
2336 2337 2332
2337 2338 2332
2337 2339 2338
2340 2329 2328
2340 2328 2341
2341 2328 2342
2341 2342 2343
2344 2341 2343
2344 2343 2345
2346 2344 2345
2346 2345 2347
2340 2341 2348
2348 2341 2344
2348 2344 2349
2349 2344 2350
2349 2350 2351
2352 2343 2342
2352 2342 2353
2345 2343 2354
2345 2354 2355
2347 2345 2355
2347 2355 2356
2347 2356 2357
2347 2357 2358
2359 2358 2357
2359 2360 2358
2361 2360 2359
2361 2362 2360
2363 2360 2362
2363 2364 2360
2365 2364 2363
2365 2363 2366
2367 2364 2365
2367 2368 2364
2368 2358 2360
2368 2360 2364
2369 2368 2367
2370 2366 2363
2370 2363 2371
2372 2371 2363
2372 2363 2362
2373 2370 2371
2373 2371 2374
2375 2373 2374
2376 2372 2362
2376 2362 2361
2376 2377 2372
2371 2372 2377
2371 2377 2374
2376 2378 2377
2378 2379 2377
2378 2380 2379
2377 2379 2381
2377 2381 2374
2382 2379 2380
2382 2383 2379
2384 2379 2383
2384 2383 2385
2386 2385 2383
2386 2387 2385
2388 2387 2386
2388 2389 2387
2390 2387 2389
2390 2389 2391
2392 2391 2389
2392 2389 2393
2393 2389 2394
2393 2394 2395
2396 2393 2395
2396 2395 2397
2398 2396 2397
2398 2397 2399
2392 2393 2400
2400 2393 2396
2400 2396 2401
2401 2396 2402
2401 2402 2403
2404 2395 2394
2404 2394 2405
2397 2395 2406
2397 2406 2407
2399 2397 2407
2399 2407 2408
2399 2409 2410
2399 2410 2411
2412 2411 2410
2412 2413 2411
2414 2413 2412
2414 2415 2413
2416 2413 2415
2416 2417 2413
2418 2417 2416
2418 2416 2419
2420 2419 2416
2420 2416 2421
2422 2421 2416
2422 2416 2423
2424 2420 2421
2424 2421 2425
2426 2424 2425
2427 2417 2418
2427 2428 2417
2428 2413 2417
2429 2428 2427
2430 2422 2423
2430 2431 2422
2421 2422 2431
2421 2431 2425
2430 2432 2431
2432 2335 2431
2432 2433 2335
2430 2423 2414
2431 2335 2434
2431 2434 2425
2435 2333 2335
2436 2333 2435
2436 2331 2333
2435 2335 2437
2353 2330 2331
2353 2331 2438
2439 2440 2441
2439 2441 2442
2442 2443 2444
2442 2444 2445
2446 2444 2447
2446 2447 2448
2449 2450 2447
2449 2447 2451
2452 2453 2451
2452 2451 2454
2455 2452 2456
2455 2456 2457
2458 2459 2460
2458 2460 2461
2461 2460 2462
2461 2462 2463
2462 2464 2463
2464 2462 2465
2465 2466 2467
2468 2466 2465
2468 2465 2469
2470 2468 2469
2470 2469 2471
2472 2473 2474
2475 2476 2473
2477 2478 2479
2477 2479 2480
2481 2479 2478
2481 2482 2479
2483 2480 2484
2483 2485 2486
2487 2484 2488
2484 2489 2488
2490 2491 2482
2490 2492 2493
2494 2495 2491
2491 2495 2496
2497 2498 2499
2498 2497 2500
2497 2501 2500
2502 2503 2504
2502 2504 2505
2506 2507 2508
2506 2508 2509
2510 2511 2512
2510 2512 2513
2513 2512 2514
2515 2516 2517
2515 2517 2518
2518 2519 2520
2518 2520 2521
2522 2520 2523
2522 2523 2524
2525 2526 2527
2528 2529 2527
2530 2531 2532
2530 2532 2533
2531 2534 2535
2531 2535 2536
2537 2538 2535
2537 2539 2538
2540 2541 2538
2540 2538 2542
2543 2544 2541
2543 2541 2545
2546 2547 2543
2546 2548 2547
2549 2550 2551
2549 2552 2550
2552 2553 2550
2552 2554 2553
2553 2554 2555
2556 2557 2558
2559 2560 2558
2559 2558 2561
2560 2562 2558
2563 2558 2562
2564 2565 2566
2564 2566 2567
2568 2567 2566
2568 2566 2569
2570 2571 2565
2570 2572 2573
2574 2575 2571
2571 2575 2576
2577 2569 2578
2577 2579 2580
2581 2578 2582
2578 2583 2582
2584 2585 2586
2586 2587 2584
2584 2587 2588
2589 2590 2591
2589 2591 2592
2593 2594 2595
2593 2595 2596
2597 2598 2599
2597 2599 2600
2600 2601 2602
2600 2602 2603
2604 2602 2605
2604 2605 2606
2607 2608 2609
2607 2609 2610
2608 2611 2609
2608 2612 2611
2608 2613 2612
2610 2614 2607
2615 2612 2613
2615 2616 2612
2615 2617 2616
2618 2617 2615
2618 2619 2617
2619 2618 2620
2621 2622 2623
2624 2625 2623
2626 2627 2628
2626 2628 2629
2630 2628 2627
2630 2390 2628
2631 2632 2629
2631 2629 2633
2634 2390 2635
2634 2636 2390
2390 2636 2387
2636 2385 2387
2636 2637 2385
2637 2638 2385
2637 2639 2638
2640 2636 2641
2636 2640 2642
2640 2643 2642
2644 2645 2646
2647 2646 2648
2649 2650 2651
2651 2652 2649
2649 2652 2653
2654 2655 2656
2654 2656 2657
2658 2659 2660
2658 2660 2661
2662 2663 2664
2662 2664 2665
2663 2666 2664
2667 2668 2669
2667 2669 2670
2668 2671 2672
2668 2672 2673
2674 2675 2672
2674 2676 2675
2677 2678 2679
2680 2678 2681
2682 2683 2684
2682 2684 2685
2685 2684 2686
2685 2686 2687
2686 2688 2687
2689 2690 2688
2691 2692 2693
2694 2693 2692
2695 2693 2694
2695 2696 2693
2697 2693 2698
2699 2700 2701
2699 2701 2702
2703 2704 2705
2703 2705 2706
2707 2708 2709
2707 2709 2710
2709 2708 2711
2711 2712 2709
2711 2713 2712
2714 2713 2711
2707 2715 2708
2707 2716 2715
2717 2716 2707
2717 2707 2718
2719 2713 2714
2720 2713 2719
2720 2719 2721
2717 2718 2722
2722 2718 2723
2724 2723 2718
2724 2718 2725
2720 2721 2726
2720 2726 2727
2720 2727 2728
2720 2728 2729
2730 2731 2732
2730 2732 2733
2734 2735 2736
2734 2736 2737
2736 2735 2738
2738 2735 2739
2739 2735 2740
2739 2740 2741
2741 2742 2739
2743 2742 2741
2743 2741 2744
2743 2745 2742
2743 2746 2745
2747 2746 2743
2747 2743 2748
2734 2737 2749
2734 2749 2750
2747 2748 2751
2751 2748 2752
2753 2752 2748
2753 2748 2754
2734 2750 2755
2734 2755 2756
2757 2758 2759
2757 2759 2760
2761 2760 2759
2761 2762 2760
2763 2764 2765
2763 2765 2766
2765 2767 2766
2765 2768 2767
2768 2769 2767
2768 2770 2769
2771 2769 2770
2771 2770 2772
2773 2771 2772
2773 2772 2774
2775 2773 2774
2775 2774 2776
2777 2778 2779
2777 2779 2780
2781 2782 2783
2781 2783 2784
2785 2781 2784
2785 2784 2786
2787 2785 2786
2787 2786 2788
2789 2787 2788
2789 2788 2790
2791 2783 2782
2791 2782 2792
2793 2791 2792
2793 2792 2794
2795 2796 2797
2795 2797 2798
2799 2800 2801
2799 2801 2802
2803 2804 2805
2803 2805 2806
2807 2803 2806
2807 2806 2808
2808 2809 2807
2808 2810 2809
2811 2805 2804
2811 2804 2812
2813 2811 2812
2813 2812 2814
2815 2816 2817
2815 2817 2818
2819 2816 2815
2819 2820 2816
2820 2819 2821
2820 2821 2822
2818 2817 2823
2818 2823 2824
2823 2825 2824
2823 2826 2825
2827 2828 2829
2827 2829 2830
2831 2830 2829
2831 2832 2830
2833 2832 2831
2833 2834 2832
2834 2833 2835
2834 2835 2836
2836 2835 2837
2836 2837 2838
2839 2840 2841
2839 2841 2842
2841 2840 2843
2841 2843 2844
2844 2843 2845
2844 2845 2846
2842 2847 2839
2842 2848 2847
2848 2849 2847
2848 2850 2849
2851 2852 2853
2851 2853 2854
2855 2347 2358
2855 2358 2368
2428 2411 2413
2856 2411 2428
2856 2399 2411
2405 2388 2386
2405 2386 2857
2858 2386 2383
2858 2383 2382
2859 2860 2861
2862 2863 2864
2865 2866 2867
2868 2869 2870
2871 2872 2873
2874 2875 2876
2877 2878 2879
2880 2881 2882
2883 2884 2885
2886 2887 2888
2889 2890 2891
2892 2893 2894
2895 2896 2897
2898 2899 2900
2901 2902 2903
2904 2905 2906
2907 2908 2909
2907 2909 2910
2911 2908 2907
2911 2912 2908
2913 2912 2911
2913 2914 2912
2910 2909 2915
2910 2915 2916
2916 2915 2917
2916 2917 2918
2918 2917 2919
2918 2919 2920
2920 2919 2921
2920 2921 2922
2922 2921 2923
2922 2923 2924
2923 2925 2924
2926 2925 2923
2924 2925 2927
2928 2924 2927
2928 2929 2924
2930 2924 2929
2930 2929 2931
2932 2930 2931
2932 2933 2930
2934 2933 2932
2934 2935 2933
2936 2935 2934
2936 2937 2935
2938 2937 2936
2938 2939 2937
2940 2939 2938
2940 2941 2939
2942 2941 2940
2942 2943 2941
2944 2943 2942
2944 2945 2943
2946 2947 2948
2946 2948 2949
2950 2947 2946
2950 2946 2951
2952 2948 2947
2950 2952 2947
2952 2953 2948
2950 2954 2952
2955 2956 2957
2955 2957 2958
2959 2956 2955
2959 2955 2960
2961 2962 2963
2961 2963 2964
2965 2962 2961
2965 2966 2962
2967 2966 2965
2967 2968 2966
2964 2963 2969
2964 2969 2970
2970 2969 2971
2970 2971 2972
2972 2971 2973
2972 2973 2974
2974 2973 2975
2974 2975 2976
2975 2977 2976
2975 2929 2977
2978 2977 2929
2978 2929 2979
2978 2980 2977
2979 2929 2928
2981 2982 2980
2981 2980 2983
2984 2981 2983
2984 2985 2981
2986 2985 2984
2986 2987 2985
2988 2987 2986
2988 2989 2987
2990 2989 2988
2990 2991 2989
2992 2991 2990
2992 2993 2991
2994 2993 2992
2994 2995 2993
2996 2995 2994
2996 2997 2995
2998 2999 3000
2998 3000 3001
3002 2999 2998
3002 2998 3003
3004 3005 3006
3004 3006 3007
3008 3005 3004
3008 3009 3005
3004 3007 3010
3004 3010 3011
3008 3004 3011
3008 3011 3012
3013 3014 3015
3013 3015 3016
3017 3013 3016
3017 3018 3013
3015 3019 3016
3019 3017 3016
3019 3020 3017
3019 3021 3020
3014 3013 3022
3014 3022 3023
3013 3018 3024
3013 3024 3025
3026 3027 3028
3026 3028 3029
3027 3030 3028
3027 3031 3030
3027 3026 3032
3027 3032 3033
3031 3027 3034
3031 3034 3035
3036 3037 3030
3038 3037 3036
3038 3039 3037
3036 3030 3040
3036 3041 3038
3036 3042 3041
3040 3043 3036
3040 3044 3043
3045 3046 3047
3045 3047 3048
3046 3049 3047
3046 3050 3049
3050 3051 3049
3045 3048 3052
3053 3045 3052
3054 3047 3049
3055 3047 3054
3053 3052 3055
3055 3056 3047
3055 3052 3056
3054 3049 3057
3057 3049 3051
3058 3059 3060
3058 3060 3061
3059 3062 3060
3059 3063 3062
3062 3063 3064
3062 3064 3065
3065 3064 3066
3065 3066 3067
3067 3066 3068
3067 3068 3069
3069 3068 3070
3069 3070 3071
3072 3071 3070
3072 3070 3073
3074 3072 3073
3074 3073 3075
3076 3074 3075
3076 3075 3077
3078 3076 3077
3078 3077 3079
3080 3078 3079
3080 3081 3078
3082 3081 3080
3082 3083 3081
3084 3085 3086
3085 3084 3087
3088 3087 3084
3085 3087 3089
3084 3086 3090
3084 3090 3088
3086 3085 3091
3085 3092 3091
3092 3085 3093
3093 3085 3089
3091 3092 3094
3089 3095 3093
3089 3096 3095
3089 3097 3096
3089 3098 3097
3095 3096 3099
3095 3099 3100
3096 3097 3101
3096 3101 3099
3101 3097 3102
3102 3097 3098
3093 3103 3092
3104 3103 3093
3095 3104 3093
3105 3104 3095
3100 3105 3095
3103 3106 3092
3092 3106 3094
3100 3107 3105
3108 3105 3107
3100 3109 3107
3109 3108 3107
3110 3109 3100
3100 3111 3110
3112 3108 3109
3113 3112 3109
3113 3109 3114
3114 3109 3115
3114 3115 3116
3115 3117 3116
3113 3114 3118
3118 3114 3119
3118 3119 3120
3120 3119 3121
3113 3118 3122
3118 3123 3122
3118 3124 3123
3124 3125 3123
3113 3122 3126
3113 3126 3127
3122 3128 3126
3122 3129 3128
3128 3129 3130
3127 3126 3131
3126 3132 3131
3131 3132 3133
3134 3133 3132
3134 3132 3126
3135 3134 3126
3134 3135 3136
3134 3137 3133
3137 3134 3138
3137 3138 3139
3140 3137 3139
3140 3139 3141
3140 3141 3142
3139 3138 3143
3139 3143 3141
3143 3144 3141
3144 3142 3141
3140 3145 3137
3145 3140 3146
3147 3145 3146
3146 3091 3147
3146 3140 3148
3146 3148 3149
3149 3150 3146
3150 3091 3146
3151 3149 3148
3149 3152 3150
3149 3151 3152
3091 3094 3147
3145 3147 3153
3154 3145 3153
3153 3147 3106
3147 3094 3106
3137 3145 3154
3133 3137 3154
3155 3156 3157
3158 3157 3156
3159 3157 3158
3159 3158 3160
3159 3160 3161
3159 3161 3162
3155 3163 3156
3164 3156 3163
3165 3164 3163
3165 3166 3164
3165 3167 3166
3165 3168 3167
3169 3170 3171
3171 3170 3172
3172 3170 3173
3172 3173 3174
3174 3173 3175
3174 3175 3176
3175 3177 3176
3178 3176 3177
3170 3169 3179
3180 3179 3169
3181 3182 3183
3182 3181 3184
3185 3186 3187
3185 3187 3188
3187 3189 3188
3190 3191 3192
3190 3192 3193
3194 3190 3193
3194 3193 3195
3196 3194 3195
3196 3195 3197
3191 3198 3192
3191 3199 3198
3199 3200 3198
3199 3201 3200
3201 3202 3200
3201 3203 3202
3203 3204 3202
3203 3205 3204
3205 3206 3204
3205 3207 3206
3206 3207 3208
3209 3206 3208
3207 3210 3208
3211 3210 3207
3211 3207 3212
3213 3212 3207
3213 3214 3212
3215 3214 3213
3215 3213 3216
3217 3215 3216
3217 3216 3218
3219 3217 3218
3219 3218 3220
3221 3219 3220
3221 3220 3222
3223 3221 3222
3223 3222 3224
3225 3223 3224
3225 3224 3226
3227 3225 3226
3227 3226 3228
3229 3230 3231
3229 3231 3232
3233 3229 3232
3233 3234 3229
3235 3236 3237
3235 3237 3238
3239 3235 3238
3239 3238 3240
3241 3239 3240
3241 3240 3242
3236 3243 3237
3236 3244 3243
3244 3245 3243
3244 3246 3245
3246 3247 3245
3246 3248 3247
3248 3249 3247
3248 3250 3249
3249 3250 3251
3249 3251 3212
3252 3212 3251
3252 3253 3212
3252 3251 3254
3253 3211 3212
3255 3256 3254
3257 3256 3255
3257 3255 3258
3259 3257 3258
3259 3258 3260
3261 3259 3260
3261 3260 3262
3263 3261 3262
3263 3262 3264
3265 3263 3264
3265 3264 3266
3267 3265 3266
3267 3266 3268
3269 3267 3268
3269 3268 3270
3255 3254 3271
3272 3273 3274
3272 3274 3275
3276 3272 3275
3276 3277 3272
3278 3279 3280
3278 3280 3281
3282 3279 3278
3282 3278 3283
3280 3279 3284
3284 3279 3282
3284 3282 3285
3284 3285 3286
3281 3287 3278
3281 3288 3287
3278 3289 3283
3278 3290 3289
3291 3292 3293
3292 3294 3293
3294 3295 3293
3294 3296 3295
3296 3297 3295
3296 3298 3297
3297 3298 3299
3300 3299 3298
3293 3301 3291
3302 3291 3301
3303 3304 3305
3305 3306 3303
3307 3308 3309
3307 3309 3310
3309 3308 3311
3312 3313 3314
3313 3315 3314
3313 3316 3315
3316 3317 3315
3315 3318 3314
3318 3319 3314
3319 3320 3314
3320 3321 3314
3321 3322 3314
3314 3322 3312
3319 3318 3323
3319 3323 3324
3324 3323 3325
3324 3325 3326
3326 3327 3324
3324 3327 3328
3329 3319 3324
3329 3324 3328
3319 3329 3320
3326 3330 3327
3331 3330 3326
3332 3331 3326
3332 3326 3325
3333 3331 3332
3332 3325 3334
3334 3335 3332
3335 3336 3332
3336 3333 3332
3337 3333 3336
3337 3331 3333
3337 3336 3338
3339 3336 3335
3337 3340 3331
3340 3341 3331
3340 3342 3341
3343 3341 3342
3344 3343 3342
3340 3344 3342
3340 3345 3344
3340 3337 3346
3340 3346 3345
3347 3346 3337
3347 3337 3338
3348 3347 3338
3348 3349 3347
3348 3350 3349
3338 3336 3351
3339 3351 3336
3348 3338 3351
3351 3352 3348
3351 3339 3352
3353 3350 3352
3352 3350 3354
3339 3355 3352
3355 3356 3352
3356 3357 3352
3352 3357 3353
3357 3358 3353
3358 3359 3353
3353 3359 3350
3360 3358 3357
3360 3361 3358
3361 3360 3362
3361 3362 3363
3362 3364 3363
3364 3365 3363
3363 3365 3366
3363 3366 3361
3367 3358 3361
3367 3361 3366
3368 3359 3358
3368 3358 3367
3359 3368 3350
3369 3350 3368
3369 3368 3367
3369 3370 3350
3369 3371 3370
3371 3369 3367
3372 3373 3317
3372 3374 3373
3374 3375 3373
3375 3376 3373
3316 3372 3317
3377 3317 3373
3377 3373 3378
3378 3373 3379
3379 3373 3376
3380 3317 3377
3380 3315 3317
3381 3315 3380
3381 3382 3315
3383 3382 3381
3315 3382 3318
3318 3382 3384
3384 3382 3385
3385 3382 3386
3386 3382 3387
3382 3383 3387
3384 3323 3318
3384 3388 3323
3388 3325 3323
3388 3389 3325
3389 3388 3390
3388 3391 3390
3392 3391 3388
3392 3388 3384
3384 3385 3392
3389 3390 3393
3394 3389 3393
3395 3389 3394
3395 3325 3389
3396 3395 3394
3395 3334 3325
3334 3395 3335
3335 3395 3397
3397 3395 3396
3398 3397 3396
3398 3396 3394
3398 3399 3397
3339 3335 3397
3398 3394 3400
3400 3394 3401
3400 3401 3402
3403 3402 3401
3404 3402 3403
3400 3402 3404
3400 3404 3405
3400 3405 3406
3400 3406 3398
3407 3399 3398
3407 3398 3406
3408 3399 3407
3408 3407 3409
3408 3409 3410
3399 3411 3397
3339 3397 3411
3408 3411 3399
3411 3408 3412
3411 3412 3339
3413 3412 3410
3412 3414 3410
3339 3412 3415
3415 3412 3416
3416 3412 3417
3412 3413 3417
3417 3413 3418
3418 3413 3419
3413 3410 3419
3420 3417 3418
3420 3418 3421
3421 3422 3420
3421 3423 3422
3422 3423 3424
3424 3423 3425
3423 3421 3426
3423 3426 3425
3427 3426 3421
3427 3421 3418
3428 3427 3418
3428 3418 3419
3419 3410 3428
3429 3428 3410
3429 3427 3428
3429 3410 3430
3429 3430 3431
3431 3427 3429
3432 3433 3312
3433 3313 3312
3322 3432 3312
3434 3355 3435
3339 3435 3355
3434 3435 3415
3339 3415 3435
3436 3383 3437
3437 3383 3381
3387 3383 3436
3438 3439 3440
3438 3440 3441
3442 3443 3444
3442 3444 3445
3446 3447 3442
3446 3448 3447
3449 3450 3448
3449 3448 3451
3452 3453 3450
3452 3450 3454
3455 3456 3453
3455 3453 3457
3445 3458 3459
3445 3459 3460
3461 3462 3463
3461 3463 3464
3465 3466 3461
3465 3467 3466
3468 3469 3470
3468 3470 3471
3472 3470 3473
3472 3473 3474
3475 3476 3477
3475 3477 3478
3479 3480 3476
3479 3476 3481
3482 3483 3484
3482 3484 3485
3485 3484 3486
3485 3486 3487
3487 3486 3488
3487 3488 3489
3490 3486 3484
3491 3490 3484
3491 3484 3492
3491 3493 3490
3491 3494 3493
3494 3491 3495
3491 3492 3496
3497 3486 3490
3497 3490 3493
3498 3497 3493
3493 3494 3498
3498 3499 3497
3498 3500 3499
3499 3500 3501
3501 3497 3499
3500 3502 3501
3501 3502 3503
3502 3504 3503
3502 3505 3504
3506 3505 3502
3506 3502 3500
3506 3507 3505
3508 3505 3507
3505 3509 3504
3505 3508 3510
3505 3510 3509
3508 3507 3511
3511 3512 3508
3508 3512 3513
3508 3513 3510
3513 3512 3514
3514 3512 3515
3506 3500 3516
3517 3512 3511
3518 3512 3517
3519 3512 3518
3518 3517 3520
3520 3517 3521
3520 3521 3522
3522 3521 3523
3522 3523 3524
3524 3523 3525
3512 3526 3515
3527 3519 3518
3515 3526 3528
3528 3526 3529
3525 3523 3530
3531 3530 3523
3521 3531 3523
3521 3532 3531
3517 3532 3521
3517 3533 3532
3511 3534 3533
3511 3533 3517
3507 3534 3511
3507 3535 3534
3506 3535 3507
3506 3536 3535
3516 3536 3506
3516 3537 3536
3516 3538 3537
3539 3538 3516
3539 3516 3500
3539 3500 3498
3540 3539 3498
3540 3498 3494
3540 3494 3495
3491 3541 3495
3542 3541 3491
3543 3541 3542
3544 3541 3543
3544 3543 3545
3545 3543 3496
3545 3546 3544
3545 3547 3546
3548 3546 3547
3548 3547 3549
3548 3549 3550
3550 3549 3551
3552 3551 3549
3552 3549 3547
3547 3545 3553
3547 3553 3552
3545 3496 3553
3553 3542 3554
3553 3554 3555
3556 3541 3544
3557 3558 3559
3557 3559 3560
3561 3562 3563
3561 3563 3564
3564 3565 3566
3564 3566 3567
3568 3569 3570
3568 3570 3571
3571 3570 3572
3571 3572 3573
3573 3574 3575
3573 3575 3576
3577 3578 3579
3577 3579 3580
3581 3582 3583
3581 3583 3584
3585 3583 3586
3585 3586 3587
3588 3586 3589
3588 3589 3590
3591 3592 3593
3591 3593 3594
3594 3595 3596
3594 3596 3597
3598 3599 3591
3598 3600 3599
3601 3602 3603
3601 3603 3604
3605 3606 3602
3605 3602 3607
3608 3609 3606
3608 3606 3610
3611 3612 3613
3611 3613 3614
3614 3613 3615
3614 3615 3616
3617 3618 3611
3617 3619 3618
3620 3621 3622
3620 3622 3623
3624 3621 3620
3624 3625 3621
3626 3627 3628
3626 3628 3629
3628 3627 3630
3631 3628 3630
3631 3630 3632
3631 3632 3633
3634 3632 3630
3634 3630 3627
3632 3634 3635
3632 3635 3636
3636 3633 3632
3636 3637 3633
3637 3636 3638
3636 3639 3638
3638 3639 3640
3637 3638 3640
3635 3641 3639
3635 3642 3641
3636 3635 3643
3644 3637 3640
3639 3645 3640
3645 3639 3646
3645 3646 3647
3645 3647 3648
3648 3647 3649
3650 3649 3647
3650 3647 3651
3645 3648 3652
3645 3652 3653
3653 3654 3645
3645 3654 3640
3655 3652 3648
3655 3648 3649
3656 3652 3655
3652 3656 3653
3656 3655 3657
3656 3657 3658
3657 3659 3658
3659 3657 3655
3658 3659 3660
3659 3661 3660
3660 3661 3662
3660 3662 3663
3664 3660 3663
3664 3658 3660
3664 3663 3665
3666 3665 3663
3663 3662 3667
3663 3667 3668
3663 3668 3666
3666 3669 3665
3669 3666 3670
3666 3671 3670
3666 3668 3671
3671 3672 3670
3672 3673 3670
3664 3674 3658
3675 3669 3670
3676 3675 3670
3677 3676 3670
3676 3678 3675
3678 3679 3675
3678 3680 3679
3680 3681 3679
3680 3682 3681
3682 3683 3681
3670 3673 3684
3685 3676 3677
3673 3686 3684
3686 3687 3684
3683 3688 3681
3689 3681 3688
3679 3681 3689
3679 3689 3690
3675 3679 3690
3675 3690 3691
3669 3675 3691
3669 3691 3692
3665 3669 3692
3665 3692 3693
3664 3665 3693
3664 3693 3694
3674 3664 3694
3674 3694 3695
3674 3695 3696
3697 3674 3696
3697 3658 3674
3697 3656 3658
3698 3656 3697
3698 3653 3656
3698 3654 3653
3699 3634 3700
3699 3700 3626
3701 3702 3699
3701 3703 3702
3704 3705 3706
3704 3706 3707
3708 3709 3710
3708 3710 3711
3711 3710 3712
3711 3712 3713
3714 3647 3715
3714 3715 3716
3716 3646 3717
3716 3717 3718
3719 3720 3649
3719 3649 3721
3649 3722 3723
3724 3723 3722
3724 3725 3723
3726 3723 3725
3726 3659 3723
3724 3727 3725
3728 3726 3725
3659 3655 3723
3649 3723 3655
3729 3730 3731
3729 3731 3732
3733 3734 3729
3733 3735 3734
3736 3735 3733
3736 3737 3735
3738 3737 3736
3738 3739 3737
3740 3739 3738
3740 3741 3739
3742 3743 3744
3742 3744 3745
3745 3744 3746
3745 3746 3747
3747 3748 3749
3747 3749 3750
3750 3751 3752
3750 3752 3753
3754 3752 3755
3754 3755 3756
3757 3755 3758
3757 3758 3759
3760 3758 3761
3760 3761 3762
3763 3764 3765
3763 3765 3766
3766 3767 3768
3766 3768 3769
3770 3771 3772
3770 3772 3773
3774 3775 3771
3774 3771 3776
3777 3778 3779
3777 3779 3780
3781 3782 3783
3781 3783 3784
3784 3783 3785
3784 3785 3786
3786 3787 3788
3786 3788 3789
3790 3788 3791
3790 3791 3792
3793 3791 3794
3793 3794 3795
3796 3797 3798
3796 3798 3799
3800 3801 3802
3800 3802 3501
3803 3801 3800
3501 3802 3497
3804 3802 3801
3804 3801 3805
3804 3806 3802
3486 3497 3802
3486 3802 3806
