byte offset: 0
first index: 0
index count: 3552
topology: trianglelist
format: DXGI_FORMAT_R16_UINT

0 1 2
1 3 2
4 2 3
1 5 3
6 5 1
7 8 9
8 10 9
10 11 9
8 12 10
8 13 12
14 15 16
17 16 15
17 15 18
18 19 17
15 20 18
21 22 23
24 23 22
24 25 23
24 26 25
27 24 22
28 29 30
29 28 31
29 31 32
31 28 33
31 33 34
31 34 35
34 36 35
34 37 36
35 36 38
36 39 38
36 40 39
36 41 40
36 42 41
35 38 43
29 35 43
40 41 44
40 44 45
39 40 45
45 44 46
45 46 47
47 46 48
47 48 49
49 48 50
49 50 51
39 45 52
52 45 53
52 53 54
54 53 55
54 55 56
56 55 57
56 57 58
56 58 59
56 59 60
54 56 60
54 60 61
52 54 61
52 61 62
39 52 62
39 62 63
64 39 63
64 63 65
64 65 66
64 38 39
67 38 64
68 67 64
68 64 69
67 43 38
70 67 68
71 43 67
71 72 70
70 68 73
70 73 74
71 70 74
74 75 71
63 76 65
63 62 76
62 77 76
62 78 77
78 79 77
78 80 79
80 81 79
80 82 81
83 84 69
83 85 84
86 84 85
86 87 84
86 88 87
86 89 88
90 88 89
90 37 88
87 88 91
88 92 91
88 42 92
87 91 93
91 92 94
93 91 95
96 94 95
92 97 94
97 98 94
94 98 95
99 95 98
100 90 89
100 89 101
102 100 101
102 101 103
104 102 103
104 103 105
106 104 105
106 105 107
108 101 109
108 109 110
111 108 110
111 110 112
113 111 112
113 112 114
101 86 109
101 89 86
115 114 112
115 112 116
116 112 110
116 110 117
117 110 109
117 109 118
118 109 86
118 86 85
119 118 85
120 118 119
120 121 118
122 121 120
122 123 121
124 123 122
124 125 123
119 85 83
126 127 128
129 126 128
130 126 129
131 129 128
132 129 131
133 129 132
84 133 132
84 132 66
87 133 84
87 93 133
93 126 133
134 135 136
137 134 136
138 137 136
139 140 137
139 137 141
142 143 137
137 143 144
144 143 145
146 147 142
146 148 147
146 149 148
150 138 147
150 147 151
150 151 152
147 153 154
147 154 155
156 157 158
156 158 159
160 161 162
160 162 163
164 165 166
164 166 167
168 169 170
168 170 171
168 171 172
168 172 173
174 175 176
174 176 177
174 177 178
174 178 179
180 181 182
180 182 183
180 183 184
180 184 185
186 187 188
186 188 189
190 191 192
190 192 193
194 195 196
194 196 197
198 199 200
198 200 201
202 201 200
202 200 203
204 205 206
204 206 207
208 207 206
208 206 209
210 211 212
210 212 213
214 213 212
214 212 215
216 217 218
216 218 219
220 221 222
220 222 223
224 225 226
224 226 227
228 229 230
228 230 231
232 233 234
232 234 235
236 237 238
236 238 239
240 241 242
240 242 243
244 243 242
244 245 243
246 245 244
246 244 247
248 246 247
248 247 249
250 248 249
248 250 251
252 253 249
254 253 252
255 256 257
255 257 258
255 258 259
255 259 260
260 259 261
262 260 261
261 263 262
262 263 264
264 263 265
264 265 266
267 257 256
267 268 257
259 269 270
271 270 269
271 269 272
271 272 273
273 272 274
275 276 277
275 277 278
279 276 275
275 280 279
275 281 280
281 282 280
281 283 282
283 284 282
283 285 284
279 286 276
287 284 285
287 285 288
276 286 289
276 289 290
290 289 291
290 291 292
292 291 293
292 293 294
295 294 293
295 296 294
295 297 296
295 298 297
287 288 299
287 299 300
301 297 298
301 302 297
301 303 302
301 304 303
305 303 304
305 304 306
307 305 306
307 306 308
309 307 308
309 308 310
311 309 310
311 312 309
312 313 309
312 314 313
312 311 315
312 315 316
316 315 317
316 317 318
318 317 319
318 319 320
321 320 319
321 322 320
321 299 322
321 300 299
323 324 325
323 325 326
325 327 326
325 328 327
328 329 327
328 330 329
331 324 323
331 332 324
333 331 323
333 323 334
335 333 334
335 334 336
337 324 332
337 338 324
339 338 337
339 340 338
341 340 339
341 342 340
335 336 343
335 343 344
341 345 342
341 346 345
346 347 345
346 348 347
348 349 347
348 350 349
351 349 350
351 352 349
352 353 349
352 354 353
353 354 355
353 355 356
356 355 357
356 357 358
359 352 351
359 360 352
361 360 359
361 362 360
361 343 362
361 344 343
363 364 365
363 365 366
364 363 367
364 367 368
368 367 369
368 369 370
370 369 371
370 371 372
372 371 373
365 374 366
365 375 374
376 377 378
379 377 376
380 379 376
376 381 380
376 382 381
382 383 381
382 384 383
385 383 384
386 387 388
386 388 389
390 391 392
390 392 393
394 395 396
394 396 397
398 399 400
401 402 400
401 403 402
403 401 404
403 404 405
405 404 406
402 407 400
408 407 402
409 410 411
409 411 412
410 413 411
410 414 413
415 413 414
415 416 413
417 416 415
417 418 416
417 419 418
419 417 420
421 422 418
421 423 422
424 425 426
424 426 427
427 428 424
427 429 428
429 430 428
429 431 430
431 432 430
431 433 432
432 433 434
435 426 425
435 436 426
437 438 439
437 440 438
440 441 438
438 441 442
438 442 443
443 442 444
443 444 445
444 446 445
447 448 449
448 450 449
447 449 451
451 452 447
453 452 451
453 454 452
452 454 455
447 452 455
447 455 456
457 447 456
457 448 447
457 456 458
451 449 459
459 453 451
460 461 462
462 461 463
460 464 461
464 460 465
466 464 465
466 465 467
465 468 467
460 468 465
460 469 468
470 469 460
470 460 462
470 471 469
464 472 461
472 464 466
473 474 475
473 475 476
477 475 474
477 474 478
479 477 478
479 480 477
481 480 479
481 482 480
483 482 481
481 484 483
485 482 486
487 485 486
488 489 490
488 490 491
488 492 489
488 493 492
493 494 492
495 494 493
494 495 496
495 497 496
497 498 496
497 499 498
500 491 490
500 490 501
492 502 503
504 503 502
504 505 503
504 506 505
506 507 505
508 509 510
508 510 511
511 512 508
511 513 512
513 514 512
513 515 514
515 516 514
515 517 516
517 518 516
510 509 519
510 519 520
521 522 523
524 521 523
525 521 524
521 525 526
521 526 527
527 526 528
527 528 529
530 529 528
531 532 533
531 533 534
535 536 537
535 537 538
539 540 541
539 541 542
543 544 545
546 544 547
546 547 548
548 549 546
548 550 549
550 551 549
547 544 552
553 547 552
554 555 556
554 556 557
557 556 558
557 558 559
560 559 558
560 558 561
562 560 561
562 561 563
562 563 564
564 565 562
566 563 567
566 567 568
569 570 571
569 571 572
570 569 573
570 573 574
574 573 575
574 575 576
576 575 577
576 577 578
577 579 578
580 572 571
580 571 581
582 583 584
582 584 585
585 584 586
584 587 586
584 588 587
588 589 587
588 590 589
589 590 591
592 593 594
594 593 595
592 596 593
596 592 597
598 596 597
598 597 599
597 600 599
592 600 597
592 601 600
602 601 592
602 592 594
602 603 601
596 604 593
604 596 598
605 606 607
606 608 607
605 607 609
609 610 605
611 610 609
611 612 610
610 612 613
605 610 613
605 613 614
615 605 614
615 606 605
615 614 616
609 607 617
617 611 609
618 619 620
618 620 621
622 618 621
622 621 623
624 622 623
624 623 625
624 625 626
624 626 627
626 625 628
628 629 626
628 630 629
631 629 630
631 630 632
624 627 633
634 633 627
634 635 633
636 635 634
636 637 635
636 638 637
636 639 638
639 640 638
639 641 640
631 632 642
631 642 643
644 643 642
644 645 643
646 641 645
646 640 641
646 645 647
645 644 647
646 647 648
646 648 649
649 648 650
649 650 651
651 650 652
651 652 653
654 655 656
654 656 657
656 655 658
659 654 657
659 657 660
658 661 656
662 661 658
663 661 662
663 664 661
664 663 665
664 665 666
666 665 667
666 667 668
669 668 667
669 667 670
671 669 670
671 670 672
672 673 671
672 674 673
674 675 673
675 676 673
676 675 677
678 676 677
678 679 676
680 679 678
680 681 679
677 682 683
683 682 684
685 683 684
685 686 683
686 685 687
686 687 688
688 687 689
688 689 690
691 690 689
691 689 692
693 691 692
693 692 694
694 695 693
694 696 695
695 696 697
655 695 697
698 699 700
698 700 701
702 703 704
702 704 705
702 706 703
702 707 706
708 706 707
708 709 706
708 710 709
708 711 710
712 710 711
712 713 710
714 705 704
714 704 715
712 716 713
712 717 716
718 716 717
718 719 716
718 720 719
718 721 720
722 720 721
722 723 720
722 724 723
722 725 724
726 724 725
726 727 724
728 729 730
728 730 731
732 731 730
732 730 733
734 732 733
734 735 732
736 735 734
736 734 737
728 738 729
728 739 738
740 738 739
740 741 738
736 737 742
736 742 743
742 744 743
742 745 744
744 745 746
744 746 747
748 747 746
748 746 749
748 749 750
748 750 751
752 751 750
752 750 753
754 755 756
754 756 757
758 759 760
758 760 761
762 763 764
762 764 765
765 766 762
765 767 766
768 766 767
768 767 769
769 770 768
769 771 770
772 770 771
772 773 770
774 764 763
774 763 775
772 776 773
772 777 776
778 776 777
778 779 776
779 778 780
779 780 781
782 781 780
782 783 781
783 782 784
783 784 785
786 785 784
786 787 785
788 789 790
788 790 791
792 791 790
792 790 793
793 794 792
793 795 794
796 794 795
796 795 797
796 797 798
796 798 799
800 799 798
800 798 801
800 801 802
800 802 803
804 803 802
804 802 805
804 805 806
804 806 807
808 807 806
808 809 807
809 808 810
809 810 811
812 811 810
812 810 813
814 815 816
814 816 817
817 816 818
817 818 819
819 818 820
819 820 821
821 820 822
821 822 823
824 815 814
824 825 815
826 825 824
826 827 825
828 823 822
828 822 829
830 828 829
830 829 831
832 830 831
832 831 833
834 832 833
834 833 835
836 834 835
836 835 837
838 836 837
838 837 839
840 841 842
840 842 843
840 844 841
840 845 844
846 844 845
846 847 844
843 842 848
843 848 849
849 848 850
849 850 851
852 851 850
852 850 853
846 854 847
846 855 854
856 854 855
856 857 854
856 858 857
856 859 858
859 860 858
859 861 860
861 862 860
861 863 862
864 862 863
864 865 862
866 867 868
866 868 869
870 867 866
870 871 867
872 871 870
872 873 871
874 873 872
874 875 873
875 874 876
875 876 877
877 876 878
877 878 879
880 869 868
880 868 881
882 880 881
882 881 883
884 882 883
884 883 885
886 884 885
886 885 887
887 888 886
887 889 888
889 890 888
889 891 890
892 893 894
892 894 895
895 896 892
895 897 896
897 898 896
897 899 898
900 898 899
900 899 901
902 900 901
902 901 903
904 902 903
904 903 905
906 894 893
906 907 894
907 906 908
907 908 909
909 908 910
909 910 911
912 911 910
912 913 911
914 913 912
914 915 913
916 915 914
916 917 915
918 919 920
918 920 921
921 922 918
921 923 922
923 924 922
923 925 924
925 926 924
925 927 926
927 928 926
927 929 928
930 928 929
930 929 931
932 920 919
932 933 920
933 932 934
933 934 935
935 934 936
935 936 937
937 936 938
937 938 939
939 938 940
939 940 941
942 941 940
942 943 941
944 945 946
944 946 947
948 945 944
948 949 945
950 949 948
950 951 949
952 951 950
952 953 951
954 953 952
954 955 953
956 955 954
956 957 955
958 947 946
958 946 959
960 958 959
960 959 961
962 960 961
962 961 963
964 962 963
964 963 965
966 964 965
966 965 967
968 966 967
968 967 969
970 971 972
970 972 973
974 975 976
974 976 977
978 979 980
978 980 981
982 983 984
982 984 985
986 987 988
986 988 989
990 991 992
990 992 993
994 995 996
994 996 997
998 999 1000
1000 999 1001
1001 999 1002
999 1003 1002
999 1004 1003
1005 1004 999
1005 1006 1004
1007 1001 1008
1007 1008 1009
1009 1008 1010
1009 1010 1011
1012 1009 1011
1012 1007 1009
1013 1007 1012
1012 1011 1014
1011 1010 1015
1011 1015 1016
1014 1011 1016
1014 1016 1017
1015 1018 1016
1016 1018 1017
1015 1019 1018
1018 1020 1017
1018 1021 1020
1022 1021 1018
1023 1024 1022
1023 1025 1024
1026 1025 1023
1026 1023 1027
1028 1026 1027
1028 1027 1029
1030 1028 1029
1030 1029 1031
1032 1026 1028
1032 1028 1030
1033 1032 1030
1032 1034 1026
1034 1025 1026
1034 1035 1025
1025 1035 1024
1035 1036 1024
1024 1036 1037
1019 1024 1037
1038 1031 1039
1039 1031 1040
1041 1039 1040
1041 1042 1039
1043 1039 1042
1043 1042 1044
1038 1039 1045
1046 1047 1048
1046 1048 1049
1049 1048 1050
1049 1050 1051
1052 1049 1051
1053 1049 1052
1054 1049 1053
1051 1055 1052
1051 1056 1055
1050 1057 1051
1057 1056 1051
1056 1058 1055
1056 1059 1058
1057 1059 1056
1057 1060 1059
1059 1061 1058
1059 1062 1061
1060 1062 1059
1060 1063 1062
1061 1062 1064
1062 1063 1064
1061 1064 1065
1063 1066 1064
1064 1066 1067
1068 1064 1067
1069 1055 1058
1070 1055 1069
1070 1052 1055
1069 1058 1071
1071 1058 1061
1072 1069 1071
1072 1070 1069
1073 1070 1072
1072 1071 1074
1071 1061 1075
1074 1071 1075
1074 1075 1076
1075 1077 1076
1068 1067 1077
1061 1065 1077
1061 1077 1075
1077 1067 1078
1077 1078 1076
1079 1080 1081
1081 1080 1082
1083 1081 1082
1083 1084 1081
1085 1081 1084
1085 1084 1086
1079 1081 1087
1088 1089 1090
1088 1091 1089
1088 1092 1091
1089 1091 1093
1089 1093 1094
1095 1094 1093
1095 1096 1094
1096 1095 1097
1096 1097 1098
1090 1096 1098
1099 1089 1094
1099 1094 1096
1099 1100 1101
1102 1101 1100
1102 1103 1101
1104 1102 1100
1104 1100 1105
1105 1100 1090
1105 1106 1104
1105 1107 1106
1108 1106 1107
1108 1107 1109
1109 1107 1099
1107 1105 1090
1110 1111 1112
1110 1112 1113
1113 1112 1114
1113 1114 1115
1116 1117 1118
1116 1118 1119
1120 1117 1116
1120 1121 1117
1122 1123 1124
1122 1124 1125
1122 1125 1126
1124 1127 1125
1124 1128 1127
1129 1127 1128
1129 1128 1130
1130 1131 1129
1130 1132 1131
1123 1132 1130
1133 1128 1124
1133 1130 1128
1134 1133 1135
1136 1134 1135
1136 1135 1137
1138 1134 1136
1138 1139 1134
1139 1138 1140
1139 1140 1141
1142 1141 1140
1142 1143 1141
1141 1143 1133
1134 1139 1123
1139 1141 1123
1144 1145 1146
1144 1146 1147
1145 1148 1146
1145 1149 1148
1150 1151 1152
1150 1152 1153
1154 1150 1153
1154 1153 1155
1156 1157 1158
1158 1157 1159
1160 1161 1162
1163 1161 1160
1164 1165 1166
1164 1166 1167
1168 1164 1167
1168 1167 1169
1170 1171 1172
1170 1172 1173
1171 1174 1172
1171 1175 1174
1176 1177 1178
1176 1178 1179
1180 1177 1176
1180 1181 1177
1182 1183 1184
1182 1184 1185
1185 1184 1186
1185 1186 1187
1188 1189 1190
1188 1191 1189
1192 1191 1188
1192 1193 1191
1194 1192 1188
1194 1188 1195
1195 1188 1196
1188 1190 1196
1195 1196 1197
1196 1190 1198
1192 1199 1193
1194 1200 1192
1192 1200 1199
1194 1201 1200
1201 1202 1200
1201 1203 1202
1200 1204 1199
1200 1205 1204
1200 1202 1205
1202 1206 1205
1207 1197 1196
1207 1196 1208
1209 1207 1208
1209 1208 1210
1210 1208 1211
1210 1211 1212
1208 1213 1211
1208 1214 1213
1208 1196 1214
1196 1198 1214
1215 1202 1203
1215 1216 1202
1209 1210 1216
1209 1216 1215
1210 1212 1217
1210 1217 1216
1216 1217 1218
1216 1218 1219
1216 1219 1202
1202 1219 1206
1220 1221 1222
1220 1222 1223
1220 1224 1221
1220 1225 1224
1226 1227 1228
1226 1228 1229
1230 1229 1228
1230 1228 1231
1232 1233 1234
1232 1234 1235
1232 1235 1236
1232 1236 1237
1238 1239 1240
1238 1240 1241
1242 1240 1239
1242 1243 1240
1244 1245 1246
1244 1246 1247
1248 1249 1250
1248 1250 1251
1252 1251 1250
1252 1250 1253
1254 1252 1253
1254 1253 1255
1255 1253 1256
1255 1256 1257
1258 1257 1256
1258 1256 1259
1260 1261 1262
1260 1262 1263
1260 1263 1264
1260 1264 1265
1264 1266 1265
1267 1265 1266
1268 1265 1267
1268 1267 1269
1268 1269 1270
1268 1270 1271
1272 1273 1274
1272 1274 1275
1276 1277 1278
1276 1278 1279
1280 1281 1282
1280 1282 1283
1280 1284 1281
1285 1286 1287
1285 1287 1288
1286 1289 1287
1286 1290 1289
1291 1292 1293
1291 1293 1294
1291 1294 1295
1296 1297 1298
1296 1298 1299
1299 1298 1300
1299 1300 1301
1302 1303 1304
1302 1304 1305
1306 1307 1308
1306 1308 1309
1306 1309 1310
1311 1312 1313
1311 1313 1314
1314 1313 1315
1314 1315 1316
1317 1318 1319
1317 1319 1320
1317 1321 1318
1322 1323 1324
1322 1324 1325
1323 1326 1324
1323 1327 1326
1328 1329 1330
1328 1330 1331
1332 1333 1334
1332 1334 1335
1336 1337 1338
1336 1338 1339
1340 1341 1342
1340 1342 1343
1344 1345 1346
1344 1346 1347
1348 1349 1350
1348 1350 1351
