byte offset: 0
first index: 0
index count: 11016
topology: trianglelist
format: DXGI_FORMAT_R16_UINT

0 1 2
1 0 3
3 0 4
0 2 5
0 5 6
7 0 6
8 4 0
9 8 0
0 10 9
0 11 10
7 12 0
0 12 11
13 14 15
15 14 16
16 17 15
16 18 17
17 18 19
19 20 17
17 20 21
21 15 17
15 22 13
22 15 21
23 13 22
13 23 24
13 24 25
25 26 13
26 14 13
26 27 14
16 14 27
16 27 28
16 28 18
27 29 28
29 27 30
30 27 26
30 31 29
31 30 32
30 26 33
26 25 33
33 34 30
32 30 34
32 34 35
36 35 34
36 37 35
37 36 38
32 39 31
39 32 35
35 40 39
40 35 37
41 39 40
41 31 39
42 28 29
28 42 43
44 28 43
28 44 18
45 18 44
18 45 19
46 37 38
37 46 47
47 40 37
48 47 46
49 47 48
49 48 50
50 51 49
51 50 52
53 52 50
52 53 54
55 54 53
50 56 53
57 50 48
50 57 56
56 58 53
55 53 58
59 55 58
60 59 58
56 60 58
61 60 56
56 57 61
55 59 62
55 62 63
55 63 54
62 19 63
19 62 20
62 21 20
21 62 59
60 61 64
23 60 64
60 23 22
59 60 22
22 21 59
65 63 19
63 65 66
66 54 63
54 66 67
68 54 67
54 68 52
69 52 68
52 69 51
70 51 69
51 70 71
71 49 51
49 71 47
40 47 71
40 71 70
70 72 40
40 72 41
31 41 73
73 29 31
29 73 42
74 24 23
75 74 23
25 24 74
76 25 74
25 76 77
33 25 77
34 33 77
78 34 77
34 78 79
75 23 80
80 23 64
61 80 64
81 80 61
61 82 81
57 82 61
48 82 57
83 82 48
48 84 83
84 48 46
46 85 84
38 85 46
85 38 86
87 86 38
36 87 38
36 79 87
79 36 34
83 88 82
88 83 89
84 89 83
82 90 81
90 82 88
91 90 88
89 91 88
91 89 92
93 92 89
89 84 93
94 91 92
94 92 95
96 95 92
92 93 96
95 97 94
95 98 97
95 96 98
97 98 99
98 100 99
100 98 101
96 101 98
102 99 100
99 102 103
104 103 102
103 104 105
105 104 106
99 107 97
105 107 103
99 103 107
108 97 107
97 108 109
101 96 110
110 111 101
111 110 112
113 102 100
114 113 100
114 101 111
114 100 101
111 115 114
116 104 102
113 116 102
107 117 108
117 107 118
119 117 118
117 119 120
119 121 120
121 119 122
123 122 119
122 123 124
124 125 122
125 124 126
124 127 126
119 128 123
128 119 118
128 118 129
128 129 130
129 131 130
131 129 105
107 105 129
129 118 107
128 130 132
128 133 123
128 132 133
127 134 126
134 127 135
135 136 134
136 135 137
136 137 138
139 136 138
139 140 136
141 140 139
136 140 142
136 142 134
138 137 143
138 143 144
138 144 145
139 138 145
141 139 145
141 145 146
144 146 145
146 147 141
147 146 148
149 147 148
147 149 150
151 150 149
150 151 152
153 152 151
152 153 154
155 154 153
154 155 156
157 147 150
156 158 154
158 156 159
156 160 159
160 156 161
156 155 161
162 154 158
154 162 152
163 152 162
152 163 150
150 163 157
162 164 163
159 165 158
158 165 166
162 166 164
158 166 162
167 164 166
166 165 167
165 168 167
167 168 169
168 170 169
171 169 170
170 172 171
172 173 171
173 172 174
174 175 173
175 174 176
177 175 176
178 173 175
175 179 178
179 175 180
177 180 175
179 181 178
179 182 181
173 178 183
183 171 173
171 183 184
169 171 184
185 184 183
178 185 183
181 185 178
184 185 186
187 186 185
186 187 188
187 189 188
189 190 188
189 134 190
186 169 184
169 186 191
186 192 191
186 188 192
192 188 193
193 188 190
190 142 193
142 190 134
194 187 185
195 187 194
195 189 187
195 126 189
126 134 189
194 196 195
196 197 195
195 197 125
126 195 125
198 125 197
125 198 122
122 198 199
198 197 200
201 198 200
202 198 201
202 199 198
201 203 202
204 202 203
203 205 204
206 204 205
200 197 207
207 197 196
200 207 208
201 200 209
200 208 209
209 210 201
209 211 210
211 209 212
212 209 208
212 213 211
213 212 214
212 215 214
215 212 216
212 208 216
213 80 211
80 213 75
211 90 210
80 90 211
80 81 90
210 90 91
217 210 91
91 94 217
210 217 201
203 201 217
215 216 218
218 216 219
216 220 219
219 177 218
177 219 180
220 180 219
180 220 179
220 182 179
182 220 207
207 220 208
220 216 208
207 196 182
182 196 194
181 182 194
194 185 181
177 221 218
221 177 222
177 223 222
177 176 223
223 224 222
224 223 225
224 225 226
224 226 227
174 223 176
223 174 228
228 225 223
225 228 229
172 228 174
228 172 230
230 229 228
229 230 231
231 232 229
225 229 232
226 225 232
232 231 233
233 234 232
234 233 235
234 235 236
236 235 237
236 237 238
172 239 230
239 172 240
172 170 240
241 240 170
240 241 242
243 242 241
242 243 244
245 244 243
244 245 246
170 168 241
243 241 168
168 247 243
247 245 243
168 165 247
248 246 245
246 248 249
245 247 250
247 251 250
247 165 251
165 159 251
159 250 251
250 159 160
160 245 250
245 160 248
248 160 161
161 252 248
252 249 248
161 253 252
253 161 254
161 255 254
155 255 161
256 255 155
153 256 155
153 257 256
151 257 153
257 151 258
149 258 151
258 149 259
148 259 149
259 148 260
148 261 260
261 148 146
146 144 261
262 252 253
262 263 252
263 262 264
264 262 265
265 266 264
265 267 266
267 265 268
269 268 265
265 262 269
268 269 270
270 271 268
271 270 272
272 273 271
273 272 274
274 275 273
275 274 276
277 275 276
275 277 278
278 277 279
280 273 275
268 281 267
281 268 271
282 281 271
271 273 282
273 280 282
281 282 283
284 272 270
272 284 285
285 274 272
274 285 286
286 276 274
276 286 287
288 276 287
276 288 277
289 277 288
277 289 279
290 279 289
280 275 291
291 292 280
293 280 292
293 282 280
283 282 293
290 289 294
290 294 295
296 290 295
296 295 297
298 290 296
297 238 296
299 238 297
238 299 300
301 300 299
302 300 301
301 303 302
304 303 301
303 304 305
305 306 303
306 305 307
305 308 307
308 305 309
310 308 309
308 310 311
312 311 310
311 312 313
314 312 310
312 314 315
316 315 314
315 316 317
314 318 316
318 314 319
314 310 319
319 320 318
320 319 321
310 321 319
322 320 321
323 312 315
323 324 312
324 323 325
326 325 323
317 326 315
323 315 326
326 317 327
111 327 317
327 111 112
328 316 318
329 316 328
329 111 317
329 317 316
111 329 115
330 318 320
328 318 330
112 331 327
331 112 332
112 333 332
333 112 110
110 93 333
93 110 96
84 333 93
333 84 85
86 332 333
333 85 86
331 332 86
334 327 331
327 334 326
325 326 334
334 335 325
335 336 325
336 324 325
324 336 337
337 336 338
336 335 339
336 339 340
338 336 340
78 339 335
339 78 77
77 340 339
340 77 76
341 338 340
341 342 338
342 341 343
213 343 341
343 213 214
215 343 214
343 215 344
343 344 345
343 345 342
74 213 341
74 340 76
74 341 340
213 74 75
342 346 338
338 346 337
346 342 347
347 342 345
346 347 348
349 346 348
346 349 350
350 337 346
337 350 351
347 345 352
347 352 353
348 347 353
348 353 302
354 302 353
302 303 348
355 354 353
352 355 353
356 354 355
354 356 234
356 232 234
354 234 236
354 236 300
300 302 354
349 348 357
357 348 303
303 306 357
300 236 238
352 227 355
227 356 355
227 352 358
358 224 227
358 222 224
222 358 221
344 221 358
218 221 344
215 218 344
358 345 344
352 345 358
306 307 359
359 307 308
308 360 359
308 311 360
311 361 360
359 360 361
361 362 359
361 363 362
363 361 364
359 362 365
366 365 362
363 366 362
367 365 366
366 363 350
368 350 363
311 313 361
313 364 361
306 365 367
306 359 365
366 349 367
350 349 366
368 351 350
312 369 313
369 312 324
313 369 370
369 371 368
369 324 371
351 324 337
372 373 374
373 375 374
373 376 375
376 377 375
377 378 375
378 377 379
372 374 380
380 381 372
379 382 378
383 378 382
378 383 384
384 375 378
375 384 374
385 383 382
383 385 386
386 387 383
387 384 383
388 384 387
374 384 388
380 374 388
387 386 389
390 389 386
390 386 385
389 390 391
392 389 391
389 392 393
391 394 392
388 387 395
395 387 396
396 387 389
396 389 393
394 391 397
397 391 390
397 398 394
398 397 399
399 397 400
399 400 401
397 402 400
397 390 402
403 400 402
403 402 390
398 404 394
394 404 405
392 394 405
393 392 405
406 401 400
406 400 403
401 406 407
408 401 407
409 401 408
409 410 401
399 401 410
410 409 411
412 411 409
413 412 409
409 408 413
408 414 413
413 414 415
415 416 413
413 416 412
416 415 417
408 418 414
407 418 408
414 418 419
415 420 417
420 415 421
421 415 414
422 421 414
423 421 422
421 423 424
421 424 420
424 423 425
423 426 425
426 423 427
423 422 427
422 414 428
414 419 428
422 429 427
429 422 428
427 429 430
430 431 427
432 427 431
432 426 427
432 431 433
434 432 433
433 435 434
433 431 436
437 436 431
430 437 431
435 433 438
438 439 435
439 438 440
441 440 438
433 441 438
433 436 441
437 441 436
440 441 442
442 443 440
443 442 444
445 444 442
441 445 442
444 445 446
447 444 446
444 447 448
443 444 448
449 443 448
440 450 439
449 451 443
451 452 443
452 440 443
452 450 440
453 451 449
445 441 454
445 454 455
445 455 456
456 446 445
385 456 455
385 455 457
455 458 457
385 457 390
456 385 382
382 379 456
458 455 459
403 457 458
390 457 403
455 454 460
460 459 455
379 446 456
446 379 447
377 447 379
447 377 461
376 461 377
462 461 376
462 463 461
464 463 462
464 465 463
465 464 466
465 466 467
461 448 447
448 461 463
463 449 448
465 449 463
453 449 465
465 468 453
468 465 467
467 469 468
470 471 472
472 380 470
473 470 380
380 388 473
380 472 381
388 395 473
435 474 475
434 435 475
439 474 435
450 474 439
437 460 454
441 437 454
476 203 477
203 217 477
217 94 477
476 205 203
97 478 94
478 97 109
478 476 479
94 478 479
109 480 478
108 481 109
108 482 481
205 481 206
481 483 206
483 481 482
117 483 482
117 482 108
481 205 484
109 481 484
483 117 120
483 120 121
485 483 121
485 206 483
485 121 486
204 206 485
486 204 485
204 486 202
199 121 122
487 133 488
127 487 488
488 135 127
135 488 489
489 137 135
124 487 127
487 124 123
123 133 487
191 490 167
490 491 167
191 492 490
493 491 490
491 493 157
494 157 493
157 494 147
490 495 493
490 492 495
493 495 140
140 494 493
193 140 495
492 193 495
140 193 142
491 157 163
191 192 492
193 492 192
167 491 164
164 491 163
140 141 494
147 494 141
167 169 191
496 104 116
104 496 497
497 106 104
106 131 105
498 499 309
498 500 499
501 499 500
499 501 321
321 310 499
499 310 309
498 502 500
305 498 309
498 305 304
498 304 503
498 503 502
304 504 503
504 505 503
299 505 504
505 299 297
297 506 505
506 297 295
504 301 299
301 504 304
321 501 322
320 322 507
507 508 320
508 330 320
335 79 78
79 335 334
331 79 334
79 331 87
86 87 331
233 509 510
233 511 509
511 233 231
230 511 231
511 230 239
239 512 511
513 511 512
513 509 511
509 513 514
512 239 515
240 515 239
515 240 242
242 516 515
516 512 515
516 242 244
244 517 516
517 244 246
512 516 518
518 516 517
519 512 518
512 519 513
246 263 517
263 246 249
514 513 293
517 520 518
518 520 521
518 521 519
266 519 521
520 266 521
519 266 267
267 522 519
266 520 264
517 264 520
264 517 263
522 513 519
513 522 283
513 283 293
252 263 249
281 283 522
267 281 522
292 514 293
514 292 523
292 524 523
524 525 523
525 524 526
237 525 526
296 526 524
298 296 524
278 298 524
296 238 526
526 238 237
278 279 298
298 279 290
524 292 291
524 291 278
525 527 523
514 523 527
509 514 527
509 527 510
527 525 510
510 525 235
525 237 235
233 510 235
275 278 291
262 528 529
253 528 262
269 262 529
530 269 529
270 269 530
270 530 284
226 356 227
356 226 232
531 532 533
532 531 534
535 534 531
534 535 536
537 536 535
536 537 538
537 539 538
539 537 540
532 541 533
541 532 542
542 543 541
543 542 544
544 545 543
545 544 546
546 547 545
547 546 548
548 549 547
549 548 550
551 549 550
549 551 552
553 552 551
552 553 554
555 556 557
556 555 558
555 559 558
559 555 560
560 561 559
561 560 562
562 563 561
563 562 564
565 557 556
557 565 566
567 566 565
566 567 568
567 569 568
569 567 570
570 571 569
571 570 572
572 573 571
573 572 574
574 575 573
575 574 576
576 577 575
577 576 578
579 580 581
580 579 582
583 581 580
581 583 584
585 584 583
584 585 586
587 588 589
588 587 590
591 590 587
590 591 592
593 592 591
592 593 594
595 594 593
594 595 596
597 598 599
598 597 600
601 600 597
600 601 602
603 602 601
602 603 604
605 604 603
604 605 606
607 606 605
606 607 608
609 608 607
609 610 608
611 610 609
610 611 612
611 613 612
613 611 614
609 615 611
615 609 616
609 607 616
617 611 615
611 617 614
617 618 614
619 614 618
614 619 620
613 614 620
621 619 618
618 617 622
622 623 618
624 623 622
623 624 625
625 624 626
626 624 627
618 628 621
618 629 628
618 623 630
618 630 629
631 632 633
632 631 634
634 635 632
635 634 636
636 637 635
637 636 638
638 639 637
639 638 640
640 641 639
641 640 642
643 641 642
643 644 641
643 645 644
645 643 646
646 647 645
647 646 648
649 647 648
647 649 650
650 649 651
651 652 650
652 651 653
652 653 654
652 654 655
656 646 643
643 642 656
646 656 657
646 658 648
658 646 657
659 648 658
648 659 649
659 660 649
660 661 649
661 662 649
649 662 663
649 663 664
649 664 651
665 666 667
666 665 668
667 669 665
669 667 670
670 671 669
671 670 672
672 673 671
673 672 674
668 675 666
675 668 676
677 675 676
677 676 678
678 679 677
679 678 680
681 679 680
679 681 682
683 677 679
677 683 684
677 684 675
679 685 683
685 679 682
686 685 682
687 686 682
682 688 687
681 688 682
689 686 687
685 686 690
690 686 691
692 690 691
691 693 692
693 694 692
694 695 692
686 689 696
686 696 697
686 698 691
686 697 698
699 700 701
700 699 702
701 703 699
703 701 704
704 705 703
705 704 706
707 705 706
705 707 708
709 700 702
700 709 710
711 710 709
710 711 712
713 712 711
712 713 714
715 714 713
714 715 716
717 716 715
716 717 718
717 719 718
719 717 720
720 721 719
721 720 722
723 724 725
724 723 726
727 723 725
723 727 728
729 728 727
728 729 730
731 730 729
730 731 732
726 733 724
733 726 734
734 735 733
735 734 736
737 735 736
735 737 738
739 738 737
738 739 740
741 740 739
740 741 742
743 742 741
742 743 744
745 744 743
744 745 746
747 748 749
748 747 750
749 751 747
751 749 752
752 753 751
753 752 754
755 756 757
756 755 758
758 759 756
759 758 760
760 761 759
761 760 762
762 763 761
763 762 764
765 766 767
766 765 768
769 768 765
768 769 770
771 770 769
770 771 772
773 772 771
772 773 774
775 774 773
774 775 776
777 776 775
777 775 778
779 777 778
777 779 780
781 780 779
780 781 782
781 783 782
783 781 784
784 785 783
785 784 786
786 787 785
786 788 787
786 789 788
780 790 777
777 790 776
790 780 791
780 792 791
792 780 782
782 793 792
793 782 783
793 783 794
794 783 795
795 783 796
783 797 796
783 798 797
783 785 798
799 800 801
800 799 802
803 801 800
801 803 804
805 802 799
802 805 806
807 806 805
806 807 808
809 807 805
807 809 810
811 810 809
810 811 812
813 812 811
812 813 814
814 815 812
816 814 813
814 816 817
816 818 817
817 818 819
818 820 819
818 816 821
821 820 818
820 821 822
812 823 810
823 812 815
814 824 815
825 824 814
817 825 814
817 819 825
820 826 819
820 827 826
820 828 827
822 828 820
813 829 816
829 821 816
821 829 830
830 822 821
829 831 830
831 829 832
833 832 829
832 833 834
835 834 833
834 835 836
837 836 835
836 837 838
831 839 830
839 831 840
836 841 834
841 836 842
838 842 836
842 838 843
844 831 832
844 834 841
834 844 832
831 844 845
845 840 831
840 845 846
847 840 846
840 847 848
840 848 839
839 848 849
822 839 849
835 809 837
822 830 839
850 849 848
848 851 850
847 851 848
852 849 850
853 852 850
852 853 854
828 849 852
849 828 822
852 855 828
828 855 827
856 854 853
854 856 857
858 857 856
857 858 859
858 860 859
860 858 861
809 835 811
833 811 835
811 833 813
829 813 833
862 863 864
865 864 863
864 865 866
867 864 866
864 868 862
867 868 864
868 867 869
863 870 865
870 863 808
863 862 806
806 808 863
871 806 862
862 868 871
871 868 872
872 868 869
873 871 872
872 869 874
872 874 875
875 873 872
873 875 876
806 871 802
873 802 871
802 873 800
876 800 873
800 876 803
870 808 807
807 877 870
823 877 807
807 810 823
878 879 880
879 878 881
882 880 879
883 880 882
884 883 882
883 884 885
886 885 884
885 886 887
884 888 886
888 884 889
882 889 884
886 890 887
890 886 891
888 891 886
891 892 890
892 891 893
894 893 891
891 888 894
893 894 895
896 893 895
893 896 897
896 898 897
893 899 892
899 893 897
900 899 897
898 900 897
889 882 901
882 879 901
902 903 904
904 903 905
906 904 905
906 907 904
907 902 904
908 906 905
909 908 905
903 910 905
905 911 909
910 911 905
909 911 912
913 909 912
914 912 911
911 910 914
912 914 915
912 916 913
916 912 917
915 917 912
917 915 918
918 919 917
919 918 920
921 919 920
919 921 922
921 923 922
922 924 919
924 925 919
917 925 916
925 917 919
922 926 924
926 922 923
805 837 809
837 805 799
799 838 837
838 799 801
801 843 838
843 801 804
927 928 929
928 927 930
929 931 927
931 929 932
930 933 928
933 930 934
934 935 933
935 934 936
935 936 937
935 938 933
938 935 939
939 940 938
940 939 941
941 942 940
942 941 943
943 941 944
943 945 942
945 943 946
947 945 946
946 948 947
947 948 949
945 947 950
949 950 947
950 949 951
941 952 944
952 941 939
943 944 953
954 943 953
946 943 954
946 954 948
949 948 955
949 955 956
949 956 957
951 949 957
958 942 945
950 958 945
942 958 959
960 959 958
959 960 961
961 962 959
962 961 963
963 964 962
964 963 965
958 966 960
966 958 967
968 966 967
966 968 969
970 963 961
963 970 971
971 965 963
965 971 972
966 973 960
973 961 960
961 973 970
973 966 974
969 974 966
974 969 975
969 976 975
976 969 977
969 968 977
968 978 977
951 978 968
967 951 968
951 967 950
958 950 967
979 977 978
977 979 980
976 977 980
981 979 978
981 982 979
982 981 983
981 978 957
978 951 957
957 984 981
957 956 984
983 985 982
985 983 986
986 987 985
987 986 988
989 987 988
987 989 990
991 992 993
992 994 993
994 992 995
996 995 992
992 991 997
997 996 992
996 997 998
937 993 994
993 937 936
993 936 934
934 991 993
934 999 991
991 999 997
999 1000 997
1000 998 997
1001 1000 999
1000 1002 998
1000 1003 1002
1001 1003 1000
1003 1001 1004
999 934 930
930 1001 999
1001 930 927
927 1004 1001
1004 927 931
937 1005 935
935 1005 952
952 939 935
1006 1007 1008
1008 1009 1006
1010 1008 1007
1011 1010 1007
1011 1012 1010
1012 1011 1013
1013 1014 1012
1014 1013 1015
1016 1012 1014
1012 1016 1017
1017 1010 1012
1018 1014 1015
1014 1018 1019
1019 1016 1014
1020 1019 1018
1019 1020 1021
1021 1022 1019
1016 1019 1022
1022 1021 1023
1021 1024 1023
1024 1021 1025
1024 1025 1026
1027 1021 1020
1021 1027 1025
1028 1025 1027
1026 1025 1028
1010 1017 1029
1010 1029 1008
1030 1031 1032
1031 1033 1032
1034 1033 1031
1034 1031 1035
1035 1031 1030
1036 1033 1034
1037 1033 1036
1032 1033 1038
1033 1037 1039
1039 1038 1033
1037 1040 1039
1041 1040 1037
1040 1042 1039
1038 1039 1042
1042 1040 1043
1044 1040 1041
1040 1044 1045
1045 1043 1040
1043 1045 1046
1047 1046 1045
1046 1047 1048
1049 1048 1047
1047 1050 1049
1049 1050 1051
1050 1047 1052
1052 1047 1053
1053 1045 1044
1045 1053 1047
1050 1052 1054
1054 1051 1050
938 962 964
962 938 940
940 959 962
959 940 942
964 933 938
933 964 928
965 928 964
928 965 929
972 929 965
929 972 932
1055 1056 1057
1056 1055 1058
1057 1059 1055
1059 1057 1060
1060 1061 1059
1061 1060 1062
1062 1063 1061
1063 1062 1064
1064 1065 1063
1065 1064 1066
1066 1067 1065
1067 1066 1068
1068 1069 1067
1069 1068 1070
1070 1071 1069
1071 1070 1072
1072 1073 1071
1073 1072 1074
1074 1075 1073
1075 1074 1076
1076 1077 1075
1077 1076 1078
1078 1079 1077
1079 1078 1080
1080 1081 1079
1081 1080 1082
1082 1083 1081
1083 1082 1084
1084 1085 1083
1085 1084 1086
1086 1058 1085
1058 1086 1056
1087 1076 1074
1074 1088 1087
1076 1087 1089
1089 1078 1076
1078 1089 1090
1090 1080 1078
1080 1090 1091
1091 1082 1080
1082 1091 1092
1092 1084 1082
1084 1092 1093
1093 1086 1084
1086 1093 1094
1094 1056 1086
1056 1094 1095
1095 1057 1056
1057 1095 1096
1096 1060 1057
1060 1096 1097
1097 1062 1060
1062 1097 1098
1098 1064 1062
1064 1098 1099
1099 1066 1064
1066 1099 1100
1100 1068 1066
1068 1100 1101
1101 1070 1068
1070 1101 1102
1102 1072 1070
1072 1102 1088
1088 1074 1072
1103 1097 1096
1096 1104 1103
1104 1096 1095
1105 1099 1098
1098 1106 1105
1097 1103 1106
1106 1098 1097
1107 1101 1100
1100 1108 1107
1099 1105 1108
1108 1100 1099
1109 1088 1102
1102 1110 1109
1101 1107 1110
1110 1102 1101
1095 1111 1104
1111 1095 1094
1094 1112 1111
1112 1094 1093
1093 1113 1112
1113 1093 1092
1092 1114 1113
1114 1092 1091
1091 1115 1114
1115 1091 1090
1090 1116 1115
1116 1090 1089
1089 1117 1116
1117 1089 1087
1087 1118 1117
1118 1087 1088
1088 1109 1118
1119 1120 1121
1120 1119 1122
1121 1123 1119
1123 1121 1124
1124 1125 1123
1125 1124 1126
1126 1127 1125
1127 1126 1128
1128 1129 1127
1129 1128 1130
1130 1131 1129
1131 1130 1132
1132 1133 1131
1133 1132 1134
1134 1135 1133
1135 1134 1136
1136 1137 1135
1137 1136 1138
1138 1139 1137
1139 1138 1140
1140 1141 1139
1141 1140 1142
1142 1143 1141
1143 1142 1144
1144 1145 1143
1145 1144 1146
1146 1147 1145
1147 1146 1148
1148 1149 1147
1149 1148 1150
1150 1122 1149
1122 1150 1120
1151 1140 1138
1138 1152 1151
1140 1151 1153
1153 1142 1140
1142 1153 1154
1154 1144 1142
1144 1154 1155
1155 1146 1144
1146 1155 1156
1156 1148 1146
1148 1156 1157
1157 1150 1148
1150 1157 1158
1158 1120 1150
1120 1158 1159
1159 1121 1120
1121 1159 1160
1160 1124 1121
1124 1160 1161
1161 1126 1124
1126 1161 1162
1162 1128 1126
1128 1162 1163
1163 1130 1128
1130 1163 1164
1164 1132 1130
1132 1164 1165
1165 1134 1132
1134 1165 1166
1166 1136 1134
1136 1166 1152
1152 1138 1136
1167 1161 1160
1160 1168 1167
1168 1160 1159
1169 1163 1162
1162 1170 1169
1161 1167 1170
1170 1162 1161
1171 1165 1164
1164 1172 1171
1163 1169 1172
1172 1164 1163
1173 1152 1166
1166 1174 1173
1165 1171 1174
1174 1166 1165
1159 1175 1168
1175 1159 1158
1158 1176 1175
1176 1158 1157
1157 1177 1176
1177 1157 1156
1156 1178 1177
1178 1156 1155
1155 1179 1178
1179 1155 1154
1154 1180 1179
1180 1154 1153
1153 1181 1180
1181 1153 1151
1151 1182 1181
1182 1151 1152
1152 1173 1182
1173 1183 1182
1182 1183 1181
1181 1183 1180
1180 1183 1179
1179 1183 1178
1178 1183 1177
1177 1183 1176
1174 1183 1173
1171 1183 1174
1172 1183 1171
1169 1183 1172
1170 1183 1169
1167 1183 1170
1168 1183 1167
1175 1183 1168
1176 1183 1175
1055 1184 1058
1059 1184 1055
1061 1184 1059
1063 1184 1061
1065 1184 1063
1067 1184 1065
1069 1184 1067
1071 1184 1069
1073 1184 1071
1075 1184 1073
1077 1184 1075
1079 1184 1077
1081 1184 1079
1083 1184 1081
1085 1184 1083
1058 1184 1085
1185 1186 1187
1188 1185 1187
1185 1188 1189
1190 1189 1188
1189 1190 1191
1190 1192 1191
1192 1190 1193
1193 1194 1192
1194 1193 1195
1195 1196 1194
1197 1196 1195
1195 1198 1197
1198 1195 1199
1190 1199 1193
1195 1193 1199
1197 1200 1196
1200 1197 1201
1202 1200 1201
1200 1202 1203
1204 1203 1202
1203 1204 1205
1202 1206 1204
1206 1202 1207
1201 1207 1202
1207 1201 1208
1197 1208 1201
1208 1197 1198
1208 1209 1207
1209 1208 1210
1198 1210 1208
1210 1211 1209
1212 1209 1211
1209 1212 1213
1213 1207 1209
1207 1213 1206
1211 1210 1214
1215 1214 1210
1216 1214 1215
1214 1216 1217
1216 1215 1218
1210 1198 1215
1199 1215 1198
1218 1215 1199
1211 1219 1212
1219 1211 1220
1214 1220 1211
1220 1221 1219
1221 1220 1222
1222 1217 1186
1186 1223 1222
1223 1186 1224
1225 1224 1186
1224 1225 1226
1226 1223 1224
1223 1226 1227
1227 1228 1223
1228 1222 1223
1228 1227 1229
1230 1228 1229
1228 1230 1231
1231 1222 1228
1230 1232 1231
1232 1222 1231
1232 1221 1222
1232 1230 1233
1234 1232 1233
1232 1234 1235
1235 1221 1232
1186 1185 1225
1234 1236 1235
1236 1234 1237
1238 1236 1237
1236 1238 1239
1238 1240 1239
1240 1238 1241
1242 1240 1241
1240 1242 1243
1244 1243 1242
1243 1244 1245
1246 1245 1244
1245 1246 1247
1243 1245 1247
1247 1248 1243
1236 1239 1248
1239 1240 1248
1240 1243 1248
1235 1236 1221
1236 1248 1221
1249 1221 1248
1221 1249 1219
1248 1247 1250
1250 1251 1248
1249 1248 1251
1252 1219 1249
1219 1252 1212
1253 1212 1252
1212 1253 1213
1252 1254 1253
1254 1252 1255
1249 1255 1252
1255 1249 1251
1250 1255 1251
1255 1250 1256
1256 1257 1255
1257 1254 1255
1256 1258 1257
1259 1253 1254
1253 1259 1260
1260 1213 1253
1261 1260 1259
1260 1261 1262
1263 1262 1261
1262 1263 1264
1264 1204 1262
1204 1264 1205
1206 1262 1204
1262 1206 1260
1213 1260 1206
1265 1254 1257
1254 1265 1259
1263 1261 1266
1259 1266 1261
1266 1259 1265
1265 1267 1266
1267 1265 1268
1268 1265 1257
1258 1268 1257
1266 1269 1263
1266 1267 1269
1267 1270 1269
1271 1270 1267
1267 1268 1271
1270 1271 1272
1273 1272 1271
1268 1273 1271
1272 1273 1274
1273 1275 1274
1275 1273 1276
1276 1277 1275
1277 1276 1278
1277 1278 1247
1247 1246 1277
1256 1278 1276
1278 1256 1250
1278 1250 1247
1276 1258 1256
1258 1276 1273
1273 1268 1258
1279 1280 1281
1281 1280 1282
1282 1280 1283
1283 1280 1284
1285 1284 1280
1284 1285 1286
1286 1285 1287
1280 1288 1285
1280 1289 1288
1280 1279 1289
1289 1290 1288
1288 1290 1291
1279 1292 1289
1293 1289 1292
1294 1289 1293
1294 1295 1289
1296 1289 1295
1290 1289 1296
1297 1288 1291
1288 1297 1298
1299 1287 1285
1285 1300 1299
1300 1285 1301
1302 1300 1301
1303 1302 1301
1304 1303 1301
1305 1304 1301
1301 1306 1305
1301 1288 1306
1301 1285 1288
1306 1288 1307
1288 1308 1307
1305 1306 1309
1310 1309 1306
1311 1310 1306
1311 1306 1312
1313 1312 1306
1307 1313 1306
1288 1314 1308
1314 1288 1298
1217 1222 1315
1220 1315 1222
1220 1214 1315
1217 1315 1214
1216 1187 1217
1187 1216 1188
1218 1188 1216
1188 1218 1190
1199 1190 1218
1187 1186 1217
1316 1317 1318
1317 1319 1318
1319 1317 1320
1317 1321 1320
1322 1320 1321
1320 1322 1323
1320 1323 1319
1324 1323 1322
1323 1324 1325
1326 1325 1324
1325 1326 1327
1328 1327 1326
1327 1328 1329
1321 1330 1322
1330 1321 1331
1331 1332 1330
1332 1331 1333
1326 1324 1334
1324 1335 1334
1335 1322 1330
1322 1335 1324
1332 1335 1330
1335 1332 1336
1337 1336 1332
1337 1332 1338
1339 1338 1332
1332 1340 1339
1333 1340 1332
1340 1341 1339
1341 1340 1342
1342 1343 1341
1343 1342 1344
1345 1344 1342
1344 1345 1346
1347 1346 1345
1348 1347 1345
1342 1348 1345
1348 1342 1340
1346 1347 1349
1347 1348 1350
1340 1351 1348
1350 1348 1351
1351 1352 1350
1351 1340 1333
1333 1352 1351
1352 1333 1331
1331 1353 1352
1353 1354 1352
1352 1354 1350
1317 1354 1353
1353 1331 1321
1321 1317 1353
1355 1344 1346
1355 1346 1356
1346 1349 1356
1356 1349 1357
1358 1356 1357
1356 1359 1355
1358 1359 1356
1359 1360 1355
1355 1360 1361
1361 1360 1362
1361 1344 1355
1363 1344 1361
1363 1343 1344
1363 1364 1343
1363 1365 1364
1363 1366 1365
1363 1367 1366
1361 1362 1367
1363 1361 1367
1364 1341 1343
1341 1364 1368
1368 1339 1341
1339 1368 1369
1368 1370 1369
1369 1338 1339
1370 1338 1369
1371 1366 1367
1366 1371 1372
1372 1365 1366
1365 1372 1373
1364 1365 1374
1373 1374 1365
1374 1373 1375
1375 1376 1374
1377 1374 1376
1377 1376 1378
1379 1377 1378
1377 1379 1380
1380 1370 1377
1379 1381 1380
1370 1381 1338
1380 1381 1370
1382 1338 1381
1338 1382 1337
1383 1381 1379
1381 1383 1382
1376 1375 1384
1384 1378 1376
1378 1384 1385
1378 1385 1386
1386 1379 1378
1383 1379 1386
1377 1387 1374
1377 1370 1387
1387 1370 1368
1368 1364 1387
1374 1387 1364
1388 1389 1390
1391 1390 1389
1390 1391 1392
1393 1392 1391
1392 1393 1394
1395 1394 1393
1394 1395 1396
1395 1397 1396
1397 1395 1398
1399 1397 1398
1328 1399 1398
1328 1400 1399
1400 1328 1401
1401 1402 1400
1402 1401 1334
1326 1401 1328
1326 1334 1401
1334 1403 1402
1403 1334 1335
1328 1398 1329
1395 1393 1329
1398 1395 1329
1335 1336 1403
1403 1336 1404
1405 1403 1404
1403 1405 1402
1406 1402 1405
1402 1406 1400
1407 1400 1406
1400 1407 1399
1397 1399 1407
1397 1407 1408
1396 1397 1408
1329 1393 1327
1393 1391 1327
1391 1389 1327
1327 1389 1325
1389 1323 1325
1323 1389 1388
1323 1388 1319
1409 1410 1411
1410 1409 1412
1412 1413 1410
1413 1412 1414
1414 1415 1413
1415 1414 1416
1416 1417 1415
1417 1416 1418
1417 1418 1419
1419 1418 1420
1420 1418 1421
1420 1421 1422
1421 1423 1422
1423 1421 1424
1424 1418 1416
1418 1424 1421
1425 1420 1422
1426 1425 1422
1425 1426 1427
1428 1425 1427
1428 1427 1429
1429 1430 1428
1426 1431 1427
1431 1426 1432
1422 1432 1426
1432 1422 1423
1432 1433 1431
1433 1432 1434
1423 1434 1432
1435 1431 1433
1431 1435 1436
1427 1436 1429
1436 1427 1431
1437 1436 1435
1436 1437 1438
1429 1438 1430
1438 1429 1436
1435 1439 1437
1439 1435 1440
1433 1440 1435
1440 1433 1441
1441 1433 1442
1433 1434 1442
1442 1434 1443
1441 1444 1440
1439 1440 1444
1444 1441 1445
1445 1441 1442
1446 1445 1442
1447 1444 1445
1446 1447 1445
1446 1448 1447
1444 1447 1449
1448 1449 1447
1449 1448 1450
1449 1450 1451
1451 1444 1449
1450 1448 1452
1439 1444 1453
1444 1451 1453
1439 1453 1454
1455 1439 1454
1454 1456 1455
1455 1456 1457
1457 1458 1455
1458 1457 1459
1458 1459 1460
1458 1460 1461
1462 1458 1461
1461 1463 1462
1464 1462 1463
1463 1465 1464
1430 1462 1464
1438 1458 1462
1438 1455 1458
1430 1438 1462
1455 1438 1437
1439 1455 1437
1428 1430 1464
1464 1466 1428
1465 1466 1464
1409 1467 1468
1469 1409 1468
1409 1469 1470
1470 1469 1471
1469 1472 1471
1469 1473 1472
1469 1474 1473
1474 1469 1468
1475 1474 1468
1475 1468 1467
1470 1412 1409
1412 1470 1476
1477 1476 1470
1470 1471 1477
1476 1477 1478
1477 1479 1478
1478 1479 1443
1443 1480 1478
1480 1443 1434
1479 1477 1481
1471 1481 1477
1481 1471 1472
1434 1423 1480
1424 1480 1423
1480 1424 1482
1478 1482 1476
1482 1478 1480
1416 1482 1424
1482 1416 1414
1476 1414 1412
1414 1476 1482
1357 1349 1483
1358 1357 1483
1358 1483 1484
1485 1484 1486
1485 1486 1487
1485 1487 1488
1488 1487 1489
1487 1486 1489
1485 1488 1490
1488 1491 1490
1490 1491 1492
1491 1493 1492
1493 1494 1492
1491 1488 1495
1495 1488 1489
1496 1495 1489
1495 1496 1497
1498 1497 1496
1496 1499 1498
1493 1491 1500
1497 1500 1495
1491 1495 1500
1500 1497 1501
1498 1501 1497
1501 1502 1500
1502 1501 1503
1504 1503 1501
1501 1498 1504
1503 1504 1505
1506 1505 1504
1505 1506 1507
1508 1507 1506
1508 1506 1509
1510 1509 1506
1511 1504 1498
1499 1511 1498
1511 1499 1512
1504 1511 1513
1512 1513 1511
1513 1506 1504
1514 1506 1513
1513 1512 1514
1506 1514 1515
1506 1515 1510
1516 1515 1514
1515 1516 1517
1517 1510 1515
1518 1517 1516
1517 1518 1519
1519 1520 1517
1510 1517 1520
1520 1519 1521
1521 1522 1520
1522 1521 1523
1523 1524 1522
1524 1523 1525
1520 1526 1510
1522 1526 1520
1522 1524 1527
1522 1527 1526
1527 1528 1526
1528 1527 1529
1524 1529 1527
1516 1530 1518
1530 1516 1531
1530 1531 1532
1531 1512 1532
1531 1514 1512
1514 1531 1516
1533 1526 1528
1526 1533 1510
1529 1524 1534
1524 1525 1535
1524 1535 1534
1510 1533 1509
1536 1530 1532
1536 1537 1530
1538 1530 1537
1530 1538 1518
1512 1499 1532
1533 1539 1509
1533 1540 1539
1540 1533 1528
1528 1541 1540
1541 1528 1529
1529 1542 1541
1542 1529 1534
1534 1535 1543
1543 1542 1534
1543 1544 1542
1543 1535 1545
1545 1546 1543
1546 1544 1543
1545 1547 1546
1547 1545 1548
1548 1549 1547
1549 1548 1550
1550 1551 1549
1551 1550 1552
1553 1551 1552
1552 1519 1553
1519 1552 1521
1523 1521 1552
1550 1523 1552
1548 1523 1550
1525 1523 1548
1545 1525 1548
1535 1525 1545
1538 1553 1519
1518 1538 1519
1554 1555 1556
1555 1554 1557
1558 1556 1555
1556 1558 1559
1557 1554 1560
1559 1561 1556
1561 1559 1562
1563 1556 1561
1556 1563 1554
1564 1554 1563
1560 1554 1564
1565 1560 1564
1560 1565 1566
1566 1567 1560
1567 1557 1560
1567 1566 1568
1568 1569 1567
1569 1570 1567
1567 1570 1557
1570 1555 1557
1569 1568 1571
1566 1572 1568
1572 1566 1573
1568 1574 1571
1574 1568 1572
1566 1575 1573
1575 1566 1565
1576 1573 1575
1577 1573 1576
1572 1573 1577
1578 1572 1577
1578 1574 1572
1577 1579 1578
1579 1577 1580
1580 1581 1579
1581 1582 1579
1581 1580 1583
1584 1583 1580
1584 1577 1576
1577 1584 1580
1583 1584 1585
1586 1578 1579
1579 1582 1586
1587 1586 1582
1586 1587 1588
1588 1589 1586
1578 1586 1589
1589 1590 1578
1589 1588 1591
1591 1592 1589
1592 1590 1589
1582 1581 1593
1587 1582 1593
1581 1594 1593
1594 1581 1583
1583 1585 1594
1594 1585 1595
1595 1593 1594
1593 1595 1596
1587 1593 1596
1591 1597 1592
1592 1598 1590
1598 1592 1599
1597 1599 1592
1599 1597 1600
1601 1599 1600
1599 1601 1602
1599 1602 1603
1599 1603 1598
1598 1603 1571
1602 1601 1604
1604 1603 1602
1604 1601 1605
1605 1606 1604
1604 1606 1607
1606 1608 1607
1608 1609 1607
1609 1608 1610
1611 1610 1608
1610 1611 1612
1607 1609 1613
1604 1607 1613
1603 1604 1613
1610 1614 1609
1614 1610 1615
1569 1609 1614
1613 1609 1569
1569 1603 1613
1571 1603 1569
1608 1616 1611
1616 1608 1617
1606 1617 1608
1617 1606 1618
1605 1618 1606
1617 1619 1616
1619 1617 1620
1618 1620 1617
1621 1616 1619
1616 1621 1622
1622 1611 1616
1623 1612 1611
1611 1622 1623
1612 1623 1624
1623 1625 1624
1626 1624 1625
1627 1626 1625
1626 1627 1628
1629 1626 1628
1629 1630 1626
1631 1629 1628
1632 1629 1631
1627 1625 1633
1625 1623 1633
1627 1633 1634
1634 1633 1635
1624 1626 1636
1630 1636 1626
1624 1636 1637
1638 1637 1636
1638 1636 1630
1639 1637 1638
1637 1639 1640
1641 1638 1630
1633 1642 1635
1632 1643 1629
1643 1641 1630
1643 1630 1629
1644 1641 1643
1644 1643 1632
1641 1644 1645
1641 1645 1646
1638 1641 1646
1646 1639 1638
1646 1558 1639
1646 1559 1558
1559 1646 1647
1645 1647 1646
1647 1562 1559
1562 1647 1648
1645 1648 1647
1645 1649 1648
1644 1649 1645
1650 1649 1644
1639 1558 1651
1651 1558 1555
1570 1651 1555
1570 1614 1651
1569 1614 1570
1651 1614 1615
1651 1615 1639
1639 1615 1640
1610 1640 1615
1612 1640 1610
1612 1637 1640
1624 1637 1612
1652 1562 1648
1562 1652 1653
1653 1561 1562
1561 1653 1654
1655 1654 1653
1654 1655 1656
1656 1657 1654
1657 1656 1658
1658 1659 1657
1654 1563 1561
1563 1654 1657
1564 1563 1657
1659 1564 1657
1659 1565 1564
1565 1659 1660
1661 1660 1659
1661 1659 1658
1660 1661 1662
1663 1662 1661
1663 1661 1664
1661 1658 1664
1664 1658 1656
1662 1663 1665
1666 1660 1662
1660 1666 1667
1668 1662 1665
1662 1668 1666
1664 1656 1669
1664 1669 1670
1663 1664 1670
1575 1660 1667
1660 1575 1565
1576 1575 1667
1671 1576 1667
1666 1671 1667
1672 1671 1666
1672 1666 1668
1673 1671 1672
1671 1673 1674
1675 1674 1673
1675 1673 1676
1674 1675 1677
1677 1584 1674
1671 1584 1576
1584 1671 1674
1584 1677 1585
1672 1678 1673
1673 1678 1676
1678 1587 1676
1587 1678 1588
1679 1588 1678
1678 1672 1679
1679 1672 1680
1588 1679 1591
1591 1679 1681
1681 1679 1680
1676 1682 1675
1587 1682 1676
1675 1682 1683
1683 1677 1675
1677 1683 1585
1683 1595 1585
1682 1595 1683
1595 1682 1596
1587 1596 1682
1591 1681 1597
1684 1681 1680
1681 1684 1685
1685 1597 1681
1597 1685 1600
1685 1601 1600
1601 1685 1686
1685 1687 1686
1685 1684 1687
1684 1665 1687
1686 1688 1601
1687 1688 1686
1688 1605 1601
1605 1688 1689
1688 1690 1689
1688 1691 1690
1688 1687 1691
1690 1691 1692
1692 1693 1690
1689 1690 1693
1693 1692 1694
1694 1695 1693
1695 1694 1696
1670 1694 1692
1694 1670 1697
1663 1670 1692
1691 1663 1692
1663 1691 1687
1665 1663 1687
1698 1693 1695
1693 1698 1699
1689 1693 1699
1618 1689 1699
1605 1689 1618
1619 1699 1698
1699 1619 1620
1699 1620 1618
1698 1621 1619
1621 1698 1700
1695 1700 1698
1696 1701 1695
1700 1695 1701
1701 1696 1702
1703 1701 1702
1702 1704 1703
1705 1703 1704
1704 1706 1705
1707 1706 1704
1707 1704 1708
1709 1706 1707
1710 1709 1707
1705 1711 1703
1701 1703 1711
1705 1712 1711
1712 1713 1711
1704 1702 1714
1708 1704 1714
1702 1715 1714
1716 1714 1715
1716 1708 1714
1715 1717 1716
1717 1715 1718
1719 1708 1716
1711 1713 1720
1710 1707 1721
1721 1708 1719
1721 1707 1708
1719 1722 1721
1722 1710 1721
1722 1719 1723
1716 1724 1719
1724 1716 1717
1719 1724 1723
1724 1717 1655
1653 1724 1655
1724 1653 1652
1724 1652 1723
1725 1720 1713
1720 1725 1726
1700 1720 1726
1726 1621 1700
1727 1621 1726
1727 1728 1621
1728 1622 1621
1622 1728 1642
1729 1642 1728
1642 1729 1635
1730 1635 1729
1729 1731 1730
1635 1730 1634
1732 1731 1729
1731 1732 1733
1733 1734 1727
1732 1734 1733
1728 1727 1734
1622 1642 1623
1623 1642 1633
1733 1727 1735
1731 1733 1736
1736 1733 1735
1736 1725 1731
1725 1737 1731
1737 1725 1713
1713 1712 1737
1726 1735 1727
1578 1590 1574
1590 1598 1574
1574 1598 1571
1738 1739 1740
1740 1632 1738
1650 1632 1740
1738 1741 1739
1738 1632 1631
1650 1644 1632
1740 1739 1742
1742 1739 1741
1650 1740 1710
1742 1710 1740
1742 1709 1710
1650 1710 1722
1650 1722 1649
1722 1723 1649
1723 1648 1649
1723 1652 1648
1743 1744 1745
1744 1743 1746
1743 1745 1747
1743 1747 1748
1749 1748 1747
1748 1749 1750
1749 1751 1750
1751 1752 1750
1752 1751 1753
1753 1754 1752
1753 1755 1754
1755 1753 1756
1755 1756 1757
1758 1755 1757
1755 1758 1759
1760 1755 1759
1755 1760 1761
1762 1763 1764
1765 1762 1764
1764 1766 1765
1765 1766 1767
1767 1766 1768
1768 1769 1767
1765 1770 1762
1771 1762 1770
1762 1771 1772
1772 1763 1762
1770 1765 1773
1767 1773 1765
1773 1767 1774
1769 1774 1767
1774 1769 1775
1776 1768 1766
1768 1776 1777
1778 1766 1764
1766 1778 1776
1779 1764 1763
1764 1779 1778
1771 1780 1772
1780 1763 1772
1763 1780 1781
1781 1779 1763
1779 1781 1782
1775 1769 1783
1784 1780 1771
1783 1785 1786
1785 1787 1786
1787 1785 1788
1789 1788 1785
1788 1789 1790
1789 1785 1769
1783 1769 1785
1769 1791 1789
1792 1788 1790
1788 1792 1787
1793 1789 1791
1789 1793 1794
1794 1795 1789
1789 1795 1796
1790 1789 1796
1795 1797 1796
1790 1797 1792
1797 1790 1796
1797 1795 1798
1795 1794 1798
1791 1777 1793
1777 1791 1768
1769 1768 1791
1316 1354 1317
1799 1800 1801
1802 1799 1801
1799 1802 1803
1804 1803 1802
1803 1804 1805
1799 1803 1806
1803 1805 1806
1799 1806 1807
1807 1808 1799
1808 1800 1799
1809 1805 1804
1809 1804 1810
1810 1804 1811
1804 1802 1811
1812 1809 1810
1809 1812 1813
1813 1812 1814
1814 1815 1813
1805 1809 1816
1805 1816 1817
1805 1817 1818
1819 1817 1816
1816 1820 1819
1816 1821 1820
1821 1816 1809
1821 1813 1815
1809 1813 1821
1820 1821 1822
1821 1823 1822
1821 1815 1824
1823 1821 1824
1825 1815 1814
1814 1826 1825
1826 1827 1825
1827 1826 1828
1827 1828 1829
1828 1830 1829
1827 1829 1831
1832 1831 1829
1829 1833 1832
1829 1830 1833
1833 1834 1832
1834 1833 1835
1834 1835 1800
1834 1836 1832
1832 1836 1831
1834 1837 1836
1837 1834 1838
1838 1834 1800
1839 1825 1827
1831 1840 1827
1827 1840 1839
1840 1841 1839
1841 1842 1839
1839 1842 1843
1840 1844 1841
1844 1840 1845
1831 1845 1840
1831 1846 1845
1800 1847 1838
1800 1808 1847
1847 1808 1848
1847 1848 1838
1848 1808 1849
1848 1849 1850
1849 1808 1807
1807 1851 1849
1807 1852 1851
1807 1853 1852
1807 1806 1853
1853 1806 1854
1806 1805 1854
1854 1805 1818
1848 1850 1855
1848 1855 1838
1855 1837 1838
1837 1855 1856
1837 1856 1857
1837 1857 1858
1837 1858 1836
1858 1859 1836
1836 1859 1831
1859 1846 1831
1860 1861 1862
1861 1860 1863
1864 1860 1862
1860 1864 1865
1866 1865 1864
1865 1866 1867
1868 1867 1866
1867 1868 1869
1870 1869 1868
1869 1870 1871
1870 1872 1871
1872 1870 1873
1874 1872 1873
1872 1874 1875
1876 1875 1874
1875 1876 1877
1878 1877 1876
1877 1878 1879
1880 1879 1878
1879 1880 1881
1882 1881 1880
1881 1882 1883
1882 1884 1883
1884 1882 1885
1885 1886 1884
1886 1885 1887
1887 1888 1886
1888 1887 1889
1889 1890 1888
1890 1889 1891
1891 1892 1890
1892 1891 1893
1894 1892 1893
1892 1894 1895
1894 1896 1895
1896 1894 1897
1897 1898 1896
1898 1897 1899
1899 1900 1898
1900 1899 1901
1901 1902 1900
1902 1901 1903
1904 1902 1903
1902 1904 1905
1906 1905 1904
1905 1906 1907
1906 1863 1907
1863 1906 1861
1908 1909 1910
1909 1908 1911
1912 1910 1909
1910 1912 1913
1912 1914 1913
1914 1912 1915
1915 1916 1914
1916 1915 1917
1917 1918 1916
1918 1917 1919
1919 1920 1918
1920 1919 1921
1922 1921 1919
1919 1917 1922
1921 1922 1923
1924 1917 1915
1917 1924 1925
1922 1917 1925
1926 1915 1912
1915 1926 1924
1912 1927 1926
1927 1912 1909
1909 1928 1927
1928 1909 1911
1922 1929 1923
1929 1922 1930
1930 1922 1925
1931 1920 1921
1920 1931 1932
1933 1932 1931
1932 1933 1934
1935 1934 1933
1934 1935 1936
1937 1936 1935
1936 1937 1938
1937 1939 1938
1939 1937 1940
1940 1928 1911
1908 1940 1911
1940 1908 1939
1933 1941 1935
1941 1933 1942
1943 1935 1941
1935 1943 1937
1944 1937 1943
1937 1944 1940
1928 1940 1944
1931 1945 1933
1945 1942 1933
1946 1942 1945
1945 1929 1946
1929 1945 1923
1945 1921 1923
1921 1945 1931
1947 1948 1949
1948 1950 1949
1950 1951 1949
1951 1950 1952
1952 1953 1951
1954 1948 1947
1952 1955 1953
1955 1956 1953
1955 1957 1956
1957 1958 1956
1954 1947 1959
1947 1960 1959
1959 1960 1961
1961 1960 1962
1962 1963 1961
1963 1962 1964
1963 1964 1965
1965 1964 1966
1965 1966 1967
1967 1966 1958
1967 1958 1968
1957 1968 1958
1969 1970 1971
1970 1972 1971
1972 1973 1971
1973 1974 1971
1974 1975 1971
1969 1971 1976
1976 1971 1977
1977 1971 1978
1979 1971 1975
1978 1971 1979
1980 1981 1982
1982 1983 1980
1984 1980 1983
1983 1985 1984
1984 1985 1986
1987 1984 1986
1984 1987 1988
1987 1989 1988
1989 1990 1988
1990 1989 1991
1991 1992 1990
1992 1993 1990
1993 1994 1990
1994 1995 1990
1996 1982 1981
1982 1996 1997
1998 1997 1996
1997 1998 1999
1998 2000 1999
2001 2000 1998
1998 2002 2001
2001 2002 2003
2003 2002 2004
2004 2005 2003
2005 2004 2006
2006 2004 2007
2007 2004 2008
2008 2004 2009
2010 2011 2012
2010 2013 2011
2013 2014 2011
2014 2015 2011
2015 2014 2016
2016 2017 2015
2017 2018 2015
2018 2017 2019
2019 2020 2018
2018 2020 2021
2020 2022 2021
2023 2021 2022
2021 2023 2024
2025 2024 2023
2024 2025 2026
2025 2027 2026
2026 2027 2028
2026 2028 2029
2029 2028 2030
2029 2030 2031
2032 2029 2031
2032 2031 2033
2034 2032 2033
2034 2035 2032
2035 2034 2036
2036 2037 2035
2037 2036 2038
2039 2037 2038
2040 2037 2039
2041 2040 2039
2042 2040 2041
2040 2042 2043
2044 2043 2042
2045 2043 2044
2043 2045 2046
2047 2046 2045
2010 2046 2047
2010 2012 2046
2048 1360 1359
2049 1360 2048
1362 1360 2049
2050 1362 2049
2050 1367 1362
2050 1371 1367
2051 2052 2053
2051 2054 2052
2051 2055 2054
2051 1502 2055
1503 2055 1502
2055 1503 2056
1505 2056 1503
2056 1505 2057
2056 2057 2058
2051 1500 1502
2051 1493 1500
2051 2053 1493
2057 1505 1507
2058 2057 1507
2052 2059 2053
2059 2052 2060
2054 2060 2052
2060 2054 2061
2055 2062 2054
2062 2061 2054
2061 2062 2063
2064 2063 2062
2065 2064 2062
2065 2066 2064
2065 2067 2066
2067 2065 2068
2068 2065 2058
2067 2068 2069
2058 1507 2069
2068 2058 2069
1507 2070 2069
2070 1507 1508
2069 2071 2067
2071 2069 2070
2063 2064 2072
2066 2072 2064
2072 2066 2073
2066 2074 2073
2074 2066 2067
2071 2074 2067
2065 2062 2075
2065 2075 2058
2075 2056 2058
2056 2075 2055
2062 2055 2075
2076 2077 2078
2079 2076 2078
2077 2080 2078
2081 2078 2080
2078 2081 2082
2082 2079 2078
2083 2082 2081
2082 2083 2084
2085 2084 2083
2084 2085 2086
2087 2086 2085
2086 2087 2088
2089 2088 2087
2088 2089 2090
2091 2080 2077
2091 2077 2092
2093 2091 2092
2094 2093 2092
2095 2094 2092
2095 2096 2094
2097 2094 2096
2094 2097 2098
2098 2093 2094
2093 2098 2099
2099 2091 2093
2100 2099 2098
2099 2100 2101
2098 2102 2100
2102 2098 2097
2103 2101 2100
2103 2104 2101
2104 2105 2101
2105 2104 2106
2106 2104 2107
2107 2108 2106
2108 2107 2109
2109 2110 2108
2110 2109 2111
2112 2100 2102
2100 2112 2113
2113 2103 2100
2103 2113 2114
2115 2103 2114
2115 2114 2116
2115 2116 2117
2118 2117 2116
2117 2118 2119
2119 2120 2117
2121 2119 2118
2122 2121 2118
2122 2113 2112
2113 2122 2114
2122 2116 2114
2116 2122 2118
2123 2122 2112
2121 2122 2124
2123 2124 2122
2123 2125 2124
2125 2123 2126
2123 2127 2126
2128 2126 2127
2126 2128 2129
2126 2129 2130
2129 2131 2130
2129 2132 2131
2129 2133 2132
2134 2133 2129
2134 2129 2128
2133 2134 2135
2136 2134 2128
2135 2134 2137
2137 2134 2136
2130 2138 2126
2126 2138 2125
2137 2136 2095
2095 2139 2137
2140 2137 2139
2137 2140 2135
2096 2095 2136
2128 2096 2136
2096 2128 2097
2127 2097 2128
2097 2127 2102
2123 2102 2127
2102 2123 2112
2089 2141 2142
2089 2111 2141
2111 2089 2110
2087 2110 2089
2087 2108 2110
2085 2108 2087
2108 2085 2106
2083 2106 2085
2106 2083 2105
2081 2105 2083
2105 2081 2143
2080 2143 2081
2143 2080 2091
2091 2099 2143
2101 2143 2099
2143 2101 2105
2090 2089 2142
2144 2090 2142
2144 2145 2090
2088 2090 2145
2088 2145 2146
2147 2088 2146
2088 2147 2086
2148 2086 2147
2086 2148 2084
2149 2084 2148
2084 2149 2082
2079 2082 2149
1672 1668 1680
1680 1668 1684
1668 1665 1684
2150 2151 2152
2151 2150 2153
2150 2154 2153
2150 2155 2154
2156 2154 2155
2155 2157 2156
2156 2157 2158
2158 2157 2159
2159 2160 2158
2160 2159 2161
2160 2161 2162
2162 2163 2160
2162 2164 2163
2165 2164 2162
2162 2166 2165
2167 2166 2162
2162 2168 2167
2169 2170 2171
2172 2170 2169
2170 2172 2173
2172 2174 2173
2174 2175 2173
2175 2174 2176
2176 2177 2175
2178 2172 2169
2169 2179 2178
2179 2169 2180
2180 2169 2171
2172 2178 2181
2181 2174 2172
2174 2181 2182
2182 2176 2174
2176 2182 2183
2177 2184 2175
2184 2177 2185
2175 2186 2173
2186 2175 2184
2187 2173 2186
2173 2187 2170
2188 2170 2187
2170 2188 2171
2179 2180 2189
2171 2189 2180
2189 2171 2190
2188 2190 2171
2190 2188 2191
2192 2179 2189
2183 2193 2176
2193 2194 2176
2195 2176 2194
2195 2194 2196
2196 2197 2195
2193 2198 2194
2194 2199 2196
2199 2194 2198
2196 2200 2197
2200 2196 2199
2201 2197 2200
2197 2201 2202
2197 2202 2195
2195 2202 2203
2201 2203 2202
2203 2201 2204
2203 2205 2195
2205 2203 2204
2185 2195 2205
2195 2185 2177
2176 2195 2177
1669 1656 1655
1717 1669 1655
1669 1717 1697
1669 1697 1670
1717 1718 1697
1694 1697 1718
1696 1694 1718
1696 1718 1715
1702 1696 1715
1701 1711 1720
1700 1701 1720
1824 1815 1839
1843 1824 1839
1815 1825 1839
2206 1490 1492
2207 2206 1492
1494 2207 1492
2208 2207 1494
2208 1494 2053
1493 2053 1494
2208 2053 2059
1409 1411 1467
2209 2210 2211
2212 2209 2211
2212 2211 2213
2214 2212 2213
2213 2215 2214
2214 2215 2216
2216 2217 2214
2216 2218 2217
2217 2218 2219
2209 2212 2220
2214 2220 2212
2214 2221 2220
2221 2214 2217
2222 2221 2217
2217 2219 2222
2223 2222 2219
2224 2223 2219
2225 2222 2223
2226 2222 2225
2226 2221 2222
2226 2225 2227
2228 2220 2221
2226 2228 2221
2228 2229 2220
2220 2229 2209
2229 2230 2209
2230 2210 2209
2210 2230 2231
2232 2224 2219
2224 2232 2233
2226 2234 2228
2234 2226 2227
2228 2235 2229
2235 2228 2234
2229 2236 2230
2236 2229 2235
2230 2237 2231
2237 2230 2236
2232 2218 2233
2238 2233 2218
2218 2239 2238
2218 2232 2219
2218 2216 2239
2240 2241 2242
2243 2240 2242
2243 2244 2240
2240 2244 2245
2245 2246 2240
2247 2242 2241
2248 2242 2247
2248 2243 2242
2247 2249 2248
2250 2249 2247
2251 2250 2247
2241 2251 2247
2250 2251 2252
2246 2253 2240
2253 2241 2240
2253 2246 2254
2241 2253 2254
2254 2255 2241
2255 2251 2241
2251 2255 2252
2255 2256 2252
2256 2255 2257
2254 2257 2255
2258 2256 2257
2256 2258 2259
2260 2258 2257
2257 2254 2260
2259 2258 2261
2260 2254 2262
2259 2261 2263
2264 2252 2256
2259 2264 2256
2259 2265 2264
2263 2265 2259
2265 2266 2264
2267 2264 2266
2264 2267 2268
2269 2268 2267
2268 2269 2250
2266 2265 2270
2263 2270 2265
2252 2264 2268
2252 2268 2250
2270 2263 2271
2249 2250 2269
2272 2273 2262
2272 2274 2273
2272 2275 2274
2274 2276 2273
2275 2272 2277
2275 2277 2278
2278 2277 2279
2279 2280 2278
2279 2281 2280
2279 2282 2281
2277 2282 2279
2281 2283 2280
2284 2283 2281
2282 2284 2281
2283 2284 2285
2286 2285 2284
2282 2286 2284
2285 2286 2287
2288 2287 2286
2287 2288 2289
2289 2288 2290
2291 2289 2290
2290 2292 2291
2292 2290 2293
2293 2294 2292
2294 2293 2295
2296 2294 2295
2294 2296 2297
2295 2298 2296
2298 2254 2296
2254 2298 2299
2299 2298 2295
2262 2254 2299
2300 2288 2286
2300 2290 2288
2300 2293 2290
2286 2282 2300
2301 2300 2282
2300 2301 2302
2302 2295 2293
2302 2293 2300
2302 2299 2295
2303 2302 2301
2302 2303 2299
2303 2262 2299
2272 2262 2303
2301 2272 2303
2272 2301 2277
2282 2277 2301
2304 2305 2306
2307 2306 2305
2306 2307 2308
2309 2304 2306
2309 2310 2304
2310 2309 2311
2304 2310 2312
2312 2305 2304
2305 2312 2307
2311 2313 2310
2313 2311 2314
2314 2315 2313
2310 2313 2316
2313 2317 2316
2318 2317 2313
2315 2318 2313
2215 2317 2318
2317 2215 2319
2319 2215 2213
2320 2319 2213
2319 2320 2321
2321 2320 2322
2322 2320 2323
2322 2323 2324
2324 2325 2322
2322 2325 2326
2321 2322 2326
2326 2325 2327
2327 2328 2326
2327 2329 2328
2328 2329 2330
2330 2331 2328
2331 2330 2332
2330 2333 2332
2333 2334 2332
2334 2333 2335
2332 2336 2331
2336 2332 2334
2336 2328 2331
2336 2334 2307
2335 2307 2334
2328 2336 2337
2326 2328 2337
2312 2337 2336
2312 2336 2307
2337 2312 2338
2338 2339 2337
2337 2339 2326
2339 2338 2340
2340 2321 2339
2321 2340 2319
2339 2321 2326
2316 2340 2338
2317 2340 2316
2317 2319 2340
2310 2316 2338
2310 2338 2312
2307 2335 2308
2314 2341 2315
2342 2343 2344
2345 2343 2342
2345 2346 2343
2347 2346 2345
2346 2347 2348
2346 2348 2349
2350 2349 2348
2348 2351 2350
2351 2352 2350
2347 2353 2348
2353 2347 2354
2353 2354 2355
2354 2356 2355
2355 2357 2353
2352 2351 2358
2347 2345 2359
2342 2359 2345
2360 2347 2359
2347 2360 2354
2361 2354 2360
2354 2361 2356
2362 2356 2361
2363 2356 2362
2364 2362 2361
2359 2342 2365
2366 2364 2361
2366 2361 2360
2367 2360 2359
2367 2359 2365
2366 2360 2367
2368 2366 2367
2366 2368 2369
2366 2369 2364
2370 2367 2365
2367 2370 2368
2365 2371 2370
2371 2365 2372
2365 2342 2372
2372 2342 2344
2344 2373 2372
2374 2372 2373
2372 2374 2371
2363 2375 2376
2375 2355 2376
2377 2355 2375
2355 2356 2376
2356 2363 2376
2355 2377 2357
2378 2379 2380
2381 2379 2378
2381 2378 2382
2378 2383 2382
2383 2378 2384
2380 2379 2385
2386 2385 2379
2386 2379 2381
2385 2386 2387
2388 2385 2387
2389 2388 2387
2390 2385 2388
2385 2390 2380
2390 2391 2380
2391 2390 2392
2392 2390 2388
2393 2391 2392
2391 2393 2394
2395 2380 2391
2394 2395 2391
2388 2396 2392
2389 2396 2388
2397 2392 2396
2392 2397 2393
2395 2394 2398
2398 2399 2395
2398 2394 2400
2393 2400 2394
2400 2393 2401
2401 2393 2397
2401 2397 2402
2401 2402 2403
2403 2404 2401
2404 2400 2401
2396 2389 2405
2405 2397 2396
2397 2405 2406
2406 2402 2397
2402 2406 2407
2407 2403 2402
2403 2407 2408
2409 2395 2399
2395 2409 2410
2410 2411 2395
2412 2411 2410
2409 2412 2410
2411 2412 2413
2414 2413 2412
2413 2414 2415
2416 2415 2414
2415 2416 2417
2413 2418 2411
2417 2416 2419
2419 2416 2420
2420 2421 2419
2421 2420 2422
2422 2423 2421
2423 2422 2424
2424 2425 2423
2425 2424 2426
2426 2427 2425
2428 2427 2426
2428 2426 2429
2422 2429 2424
2429 2426 2424
2428 2430 2427
2430 2428 2431
2429 2431 2428
2432 2430 2431
2432 2431 2433
2433 2434 2432
2433 2435 2434
2434 2435 2436
2433 2399 2435
2433 2437 2399
2409 2399 2437
2437 2438 2409
2438 2437 2439
2433 2439 2437
2439 2433 2431
2431 2429 2439
2440 2439 2429
2439 2440 2438
2429 2422 2440
2440 2422 2420
2440 2420 2416
2440 2416 2414
2440 2414 2438
2438 2414 2412
2438 2412 2409
2441 2442 2443
2444 2442 2441
2445 2444 2441
2444 2445 2446
2441 2447 2445
2447 2441 2443
2352 2446 2445
2446 2352 2448
2445 2449 2352
2352 2449 2350
2350 2449 2450
2445 2451 2449
2449 2451 2450
2445 2447 2451
2451 2452 2450
2453 2450 2452
2450 2453 2349
2350 2450 2349
2454 2349 2453
2349 2454 2346
2453 2455 2454
2455 2456 2454
2455 2457 2456
2457 2455 2458
2455 2459 2458
2453 2459 2455
2452 2459 2453
2459 2460 2458
2460 2459 2461
2460 2461 2462
2461 2463 2462
2463 2461 2464
2464 2465 2463
2463 2465 2466
2467 2466 2465
2466 2467 2468
2469 2468 2467
2468 2469 2470
2465 2464 2471
2471 2467 2465
2461 2471 2464
2469 2467 2471
2469 2471 2447
2472 2447 2471
2471 2461 2472
2459 2472 2461
2447 2472 2451
2452 2451 2472
2472 2459 2452
2443 2469 2447
2469 2442 2470
2442 2469 2443
2378 2380 2473
2380 2395 2473
2384 2378 2473
2395 2384 2473
2448 2358 2474
2448 2352 2358
