byte offset: 0
first index: 70632
index count: 7044
topology: trianglelist
format: DXGI_FORMAT_R16_UINT

19452 19453 19454
19453 19452 19455
19456 19455 19452
19455 19456 19457
19455 19458 19453
19458 19455 19459
19457 19459 19455
19459 19457 19460
19459 19461 19458
19461 19459 19460
19454 19462 19452
19452 19462 19463
19456 19452 19463
19464 19456 19463
19465 19463 19462
19463 19465 19466
19466 19464 19463
19467 19466 19465
19467 19465 19468
19462 19468 19465
19464 19466 19469
19468 19462 19470
19466 19467 19471
19464 19472 19456
19472 19457 19456
19457 19472 19473
19473 19460 19457
19474 19473 19472
19473 19474 19475
19476 19475 19474
19475 19476 19477
19478 19474 19472
19475 19479 19473
19479 19475 19480
19477 19480 19475
19480 19481 19479
19480 19482 19481
19474 19483 19476
19483 19474 19484
19474 19478 19484
19460 19473 19479
19479 19485 19460
19485 19479 19486
19479 19481 19486
19482 19480 19487
19480 19477 19487
19482 19487 19488
19476 19489 19477
19489 19476 19490
19483 19490 19476
19490 19491 19489
19491 19490 19492
19493 19489 19491
19489 19493 19494
19494 19493 19495
19494 19495 19496
19496 19488 19487
19496 19487 19494
19490 19483 19497
19490 19497 19498
19498 19492 19490
19498 19499 19492
19500 19492 19499
19492 19501 19491
19501 19492 19502
19500 19502 19492
19502 19503 19501
19503 19502 19504
19504 19453 19503
19453 19504 19454
19505 19504 19502
19500 19505 19502
19504 19505 19506
19454 19504 19506
19458 19503 19453
19503 19458 19507
19507 19501 19503
19501 19507 19508
19507 19458 19509
19508 19507 19509
19509 19510 19508
19505 19511 19506
19511 19505 19512
19512 19505 19500
19467 19511 19512
19467 19468 19511
19468 19506 19511
19506 19468 19470
19454 19506 19470
19512 19513 19467
19510 19493 19508
19491 19508 19493
19508 19491 19501
19493 19510 19514
19493 19514 19495
19458 19515 19509
19500 19516 19512
19461 19515 19458
19460 19485 19461
19454 19470 19462
19517 19518 19519
19518 19517 19520
19521 19519 19518
19519 19521 19522
19519 19523 19517
19523 19519 19524
19522 19524 19519
19524 19525 19523
19526 19525 19524
19524 19522 19526
19525 19526 19527
19528 19522 19521
19522 19528 19529
19529 19526 19522
19526 19529 19530
19530 19527 19526
19527 19530 19531
19517 19532 19520
19532 19517 19533
19533 19534 19532
19534 19533 19535
19523 19533 19517
19533 19523 19536
19536 19535 19533
19536 19523 19537
19537 19538 19536
19535 19536 19538
19538 19537 19539
19535 19540 19534
19540 19535 19541
19538 19541 19535
19541 19542 19540
19542 19541 19543
19544 19543 19541
19541 19538 19544
19539 19544 19538
19543 19544 19545
19544 19546 19545
19546 19544 19547
19544 19539 19547
19545 19548 19543
19549 19543 19548
19549 19542 19543
19550 19549 19548
19551 19550 19548
19548 19545 19551
19550 19551 19552
19553 19550 19552
19552 19554 19553
19554 19552 19555
19555 19556 19554
19557 19554 19556
19558 19554 19557
19554 19558 19559
19553 19554 19559
19559 19560 19553
19550 19553 19560
19560 19559 19561
19556 19562 19557
19556 19555 19563
19563 19562 19556
19563 19564 19562
19565 19550 19560
19565 19560 19561
19565 19561 19566
19567 19552 19551
19552 19567 19555
19563 19568 19564
19569 19555 19567
19555 19569 19563
19563 19569 19568
19570 19569 19567
19569 19570 19568
19551 19545 19567
19529 19566 19561
19566 19529 19528
19561 19530 19529
19546 19567 19545
19567 19546 19570
19550 19565 19571
19549 19550 19571
19530 19561 19559
19558 19530 19559
19530 19558 19531
19572 19573 19574
19573 19572 19575
19574 19573 19576
19576 19573 19577
19574 19578 19572
19578 19574 19579
19578 19579 19580
19581 19580 19579
19580 19581 19582
19583 19582 19581
19582 19583 19584
19585 19584 19583
19584 19585 19586
19587 19586 19585
19586 19587 19588
19589 19573 19575
19573 19589 19590
19587 19591 19588
19591 19587 19592
19590 19593 19573
19592 19594 19591
19594 19592 19595
19595 19596 19594
19596 19595 19597
19597 19598 19596
19598 19597 19599
19593 19577 19573
19600 19598 19599
19600 19590 19589
19590 19600 19599
19601 19602 19603
19602 19601 19604
19605 19603 19602
19603 19605 19606
19607 19606 19605
19606 19607 19608
19609 19608 19607
19608 19609 19610
19611 19610 19609
19609 19612 19611
19613 19612 19609
19612 19613 19614
19614 19615 19612
19612 19615 19611
19615 19616 19611
19616 19617 19611
19617 19616 19618
19616 19619 19618
19619 19616 19620
19620 19621 19619
19622 19619 19621
19621 19623 19622
19623 19621 19624
19624 19625 19623
19625 19624 19626
19627 19626 19624
19628 19623 19625
19625 19629 19628
19629 19625 19630
19630 19625 19626
19630 19631 19629
19630 19632 19631
19626 19632 19630
19631 19632 19633
19632 19626 19634
19626 19635 19634
19635 19626 19636
19626 19627 19636
19637 19635 19636
19623 19628 19638
19624 19639 19627
19640 19627 19639
19627 19640 19641
19641 19642 19627
19642 19636 19627
19637 19636 19642
19642 19641 19643
19644 19642 19643
19644 19637 19642
19645 19641 19640
19641 19645 19646
19641 19646 19647
19647 19643 19641
19648 19646 19645
19646 19648 19649
19650 19646 19649
19650 19647 19646
19639 19651 19640
19651 19639 19620
19652 19640 19651
19640 19652 19645
19653 19645 19652
19645 19653 19648
19621 19620 19639
19639 19624 19621
19654 19653 19652
19652 19655 19654
19653 19654 19656
19655 19652 19657
19652 19651 19657
19616 19651 19620
19651 19616 19615
19615 19658 19651
19615 19659 19658
19659 19615 19614
19660 19654 19655
19661 19659 19614
19659 19661 19662
19661 19663 19662
19663 19661 19664
19665 19656 19654
19654 19660 19665
19660 19666 19665
19656 19665 19667
19668 19667 19665
19668 19665 19666
19667 19668 19669
19666 19670 19668
19671 19668 19670
19668 19671 19669
19672 19667 19669
19671 19672 19669
19667 19672 19673
19673 19656 19667
19656 19673 19674
19674 19653 19656
19653 19674 19675
19676 19653 19675
19675 19677 19676
19678 19676 19677
19676 19678 19679
19680 19679 19678
19650 19679 19680
19679 19648 19676
19653 19676 19648
19648 19679 19649
19650 19649 19679
19677 19681 19678
19682 19678 19681
19678 19682 19683
19680 19678 19683
19684 19683 19682
19681 19677 19685
19686 19685 19677
19677 19675 19686
19685 19686 19687
19685 19688 19681
19681 19688 19689
19688 19690 19689
19690 19688 19691
19691 19628 19690
19629 19690 19628
19690 19629 19692
19692 19689 19690
19692 19629 19631
19692 19631 19693
19689 19692 19693
19631 19694 19693
19693 19695 19689
19689 19695 19696
19696 19697 19689
19698 19697 19696
19628 19691 19638
19699 19691 19688
19691 19699 19700
19701 19700 19699
19700 19701 19702
19703 19638 19691
19702 19703 19700
19691 19700 19703
19623 19638 19703
19703 19702 19704
19705 19703 19704
19703 19705 19622
19703 19622 19623
19619 19622 19705
19704 19706 19705
19706 19704 19707
19705 19708 19619
19708 19705 19706
19706 19707 19709
19619 19708 19618
19710 19618 19708
19710 19708 19711
19711 19708 19706
19706 19709 19711
19711 19712 19710
19618 19710 19713
19618 19713 19617
19617 19713 19714
19715 19714 19713
19714 19715 19716
19717 19716 19715
19716 19717 19718
19717 19719 19718
19719 19717 19720
19720 19721 19719
19721 19720 19722
19723 19721 19722
19724 19723 19722
19723 19724 19725
19725 19726 19723
19727 19726 19725
19701 19725 19724
19725 19701 19687
19699 19687 19701
19687 19699 19685
19688 19685 19699
19686 19725 19687
19725 19686 19727
19727 19686 19728
19729 19727 19728
19727 19729 19730
19731 19727 19730
19731 19726 19727
19730 19732 19731
19733 19731 19732
19733 19726 19731
19726 19733 19734
19733 19735 19734
19735 19733 19736
19736 19737 19735
19737 19736 19738
19729 19739 19730
19739 19729 19740
19741 19739 19740
19739 19741 19742
19732 19743 19733
19738 19744 19737
19744 19738 19745
19745 19601 19744
19601 19745 19604
19746 19747 19748
19749 19747 19746
19747 19749 19750
19751 19746 19748
19746 19751 19752
19753 19752 19751
19754 19750 19749
19750 19754 19755
19754 19756 19755
19756 19754 19757
19757 19758 19756
19758 19757 19759
19759 19760 19758
19759 19761 19760
19761 19759 19762
19763 19761 19762
19764 19765 19766
19765 19764 19767
19768 19766 19765
19766 19768 19769
19769 19770 19766
19770 19769 19771
19772 19766 19770
19766 19772 19764
19773 19764 19772
19764 19773 19774
19774 19767 19764
19769 19775 19771
19771 19776 19770
19776 19771 19777
19775 19777 19771
19778 19773 19772
19778 19770 19776
19770 19778 19772
19773 19778 19779
19777 19775 19780
19781 19780 19775
19780 19781 19782
19777 19783 19776
19783 19778 19776
19778 19783 19779
19783 19777 19784
19784 19780 19782
19780 19784 19777
19773 19785 19774
19785 19773 19786
19786 19787 19785
19788 19785 19787
19785 19788 19789
19789 19774 19785
19787 19790 19788
19790 19787 19791
19792 19791 19787
19787 19786 19792
19791 19792 19793
19791 19793 19794
19795 19793 19792
19793 19795 19796
19796 19794 19793
19796 19783 19784
19783 19796 19795
19792 19797 19795
19797 19792 19786
19797 19783 19795
19773 19797 19786
19797 19773 19779
19794 19796 19798
19798 19781 19794
19781 19798 19782
19783 19797 19779
19798 19784 19782
19784 19798 19796
19791 19799 19790
19800 19790 19799
19799 19801 19800
19800 19801 19802
19800 19802 19803
19804 19803 19802
19804 19802 19805
19806 19804 19805
19804 19806 19768
19769 19768 19806
19807 19808 19809
19808 19807 19810
19811 19808 19810
19808 19811 19812
19813 19812 19811
19812 19813 19814
19815 19814 19813
19814 19815 19816
19817 19816 19815
19816 19817 19818
19809 19819 19807
19819 19809 19820
19820 19821 19819
19821 19820 19822
19822 19823 19821
19823 19822 19824
19825 19821 19823
19823 19826 19825
19826 19823 19827
19821 19825 19828
19819 19821 19828
19827 19823 19829
19823 19830 19829
19830 19823 19824
19820 19831 19822
19831 19820 19832
19822 19833 19824
19833 19822 19831
19830 19824 19833
19833 19834 19830
19831 19835 19833
19836 19833 19835
19833 19836 19837
19837 19834 19833
19835 19831 19838
19832 19838 19831
19839 19832 19820
19832 19839 19840
19841 19840 19839
19840 19841 19842
19843 19842 19841
19842 19843 19844
19843 19845 19844
19845 19843 19846
19846 19847 19845
19847 19846 19848
19848 19849 19847
19849 19848 19850
19851 19852 19853
19854 19853 19852
19853 19854 19855
19856 19855 19854
19855 19856 19857
19856 19858 19857
19858 19856 19859
19851 19860 19852
19860 19854 19852
19861 19856 19854
19854 19860 19861
19856 19861 19862
19856 19863 19859
19863 19856 19862
19864 19859 19863
19859 19864 19865
19866 19865 19864
19865 19866 19867
19868 19867 19866
19867 19868 19869
19859 19870 19858
19870 19859 19871
19871 19872 19870
19872 19871 19873
19873 19874 19872
19874 19873 19875
19876 19869 19868
19869 19876 19877
19878 19877 19876
19877 19878 19879
19880 19879 19878
19879 19880 19881
19875 19882 19874
19882 19875 19883
19883 19884 19882
19884 19883 19885
19886 19884 19885
19884 19886 19887
19888 19889 19890
19888 19890 19891
19892 19889 19888
19892 19893 19889
19894 19893 19892
19893 19894 19895
19896 19895 19894
19895 19896 19897
19896 19898 19897
19898 19896 19899
19899 19900 19898
19900 19899 19901
19901 19902 19900
19902 19901 19903
19903 19904 19902
19904 19903 19905
19905 19906 19904
19906 19905 19907
19907 19908 19906
19908 19907 19909
19910 19911 19912
19911 19910 19913
19912 19914 19910
19914 19912 19915
19915 19916 19914
19916 19915 19917
19917 19918 19916
19918 19917 19919
19919 19920 19918
19920 19919 19921
19913 19922 19911
19922 19913 19923
19923 19924 19922
19922 19924 19925
19926 19925 19924
19924 19927 19926
19927 19928 19926
19928 19927 19929
19924 19923 19930
19930 19927 19924
19927 19930 19931
19931 19932 19927
19931 19930 19933
19933 19932 19931
19933 19934 19932
19935 19934 19933
19927 19936 19929
19932 19936 19927
19937 19938 19939
19940 19937 19939
19937 19940 19941
19942 19937 19941
19942 19941 19943
19940 19943 19941
19943 19940 19944
19943 19944 19945
19940 19939 19647
19939 19643 19647
19939 19644 19643
19940 19647 19650
19939 19946 19644
19940 19650 19680
19940 19680 19944
19944 19680 19683
19944 19683 19684
19944 19684 19947
19684 19682 19698
19698 19682 19697
19682 19681 19697
19689 19697 19681
19696 19948 19698
19633 19949 19950
19949 19633 19951
19632 19951 19633
19951 19632 19634
19631 19633 19950
19694 19950 19949
19631 19950 19694
19949 19952 19694
19693 19694 19952
19952 19695 19693
19635 19637 19953
19954 19955 19956
19955 19954 19957
19956 19958 19954
19959 19955 19957
19959 19960 19955
19960 19959 19961
19962 19960 19961
19963 19960 19962
19963 19962 19964
19956 19965 19958
19966 19967 19968
19969 19966 19968
19970 19966 19969
19971 19970 19969
19972 19973 19974
19972 19975 19973
19975 19972 19976
19975 19976 19977
19977 19976 19978
19979 19978 19976
19978 19979 19980
19981 19979 19976
19972 19981 19976
19982 19981 19972
19982 19972 19974
19974 19983 19982
19980 19984 19978
19977 19978 19984
19984 19980 19985
19979 19986 19980
19986 19979 19987
19987 19979 19981
19988 19986 19987
19989 19988 19987
19989 19987 19990
19990 19987 19981
19991 19990 19981
19992 19990 19991
19990 19992 19993
19990 19993 19989
19994 19980 19986
19980 19994 19985
19988 19994 19986
19991 19995 19992
19991 19981 19996
19982 19996 19981
19997 19998 19999
19998 19997 20000
19997 19999 20001
19999 20002 20001
20003 19998 20000
19998 20003 20004
20003 20005 20004
20004 20005 20006
20007 20008 20009
19609 20010 19613
20011 20012 20013
20012 20011 20014
20013 20015 20011
20015 20013 20016
20017 20015 20016
20015 20017 20018
20019 20012 20014
20020 20018 20017
20018 20020 20021
20022 20021 20020
20021 20022 20023
20022 20024 20023
20011 20025 20014
20019 20014 20025
20025 20011 20026
20015 20026 20011
20027 20015 20018
20015 20027 20028
20026 20015 20028
20029 20023 20024
20029 20021 20023
20021 20029 20030
20030 20018 20021
20018 20030 20027
20031 20032 20033
20031 20034 20032
20031 20035 20034
20033 20036 20031
20036 20037 20031
20038 20036 20033
20038 20033 20039
20039 20040 20038
20040 20039 20041
20042 20040 20041
20040 20042 20043
20042 20044 20043
20044 20045 20043
20046 20031 20037
20031 20047 20035
20031 20048 20047
20031 20049 20048
20049 20031 20046
20050 20049 20046
20050 20051 20049
20052 20051 20050
20051 20052 20053
20052 20054 20053
20054 20052 20055
20054 20055 20056
20056 20055 20057
20058 20059 20060
20061 20059 20058
20059 20061 20062
20061 20063 20062
20063 20064 20062
20065 20064 20063
20063 20066 20065
20066 20067 20065
20067 20066 20068
20069 20067 20068
20060 20070 20058
20071 20070 20060
20070 20071 20072
20073 20072 20071
20074 20075 20076
20075 20074 20077
20076 20078 20074
20078 20076 20079
20079 20080 20078
20080 20079 20081
20081 20082 20080
20083 20075 20077
20075 20083 20084
20085 20084 20083
20086 20084 20085
20087 20086 20085
20084 20086 20088
20081 20089 20082
20090 20089 20081
20089 20090 20091
20092 20091 20090
20091 20092 20093
20094 20093 20092
20093 20094 20095
20094 20096 20095
20096 20094 20097
20098 20096 20097
20097 20099 20098
20100 20098 20099
20099 20097 20101
20102 20103 20104
20103 20102 20105
20104 20103 20106
20102 20107 20105
20107 20102 20108
20106 20109 20104
20109 20106 20110
20111 20109 20110
20109 20111 20112
20113 20112 20111
20112 20113 20114
20113 20115 20114
20115 20113 20116
20116 20117 20115
20117 20116 20118
20119 20117 20118
20117 20119 20120
20120 20119 20121
20121 20122 20120
20122 20121 20123
20124 20122 20123
20122 20124 20125
20126 20127 20128
20127 20126 20129
20128 20130 20126
20130 20128 20131
20132 20127 20129
20127 20132 20133
20132 20134 20133
20134 20132 20135
20135 20136 20134
20136 20135 20137
20138 20136 20137
20136 20138 20139
20140 20139 20138
20140 20141 20139
20141 20142 20139
20142 20141 20143
20144 20142 20143
20142 20144 20145
20146 20145 20144
20145 20146 20147
20146 20148 20147
20148 20146 20149
20150 20148 20149
20148 20150 20151
20152 20151 20150
20151 20152 20153
20154 20155 20156
20155 20154 20157
20158 20157 20154
20157 20158 20159
20160 20159 20158
20159 20160 20161
20160 20162 20161
20155 20163 20156
20163 20155 20164
20164 20165 20163
20165 20164 20166
20166 20167 20165
20167 20166 20168
20168 20169 20167
20170 20171 20172
20171 20170 20173
20174 20171 20173
20171 20174 20175
20174 20176 20175
20176 20174 20177
20172 20178 20170
20178 20172 20179
20179 20180 20178
20180 20179 20181
20181 20182 20180
20182 20181 20183
20184 20185 20186
20185 20184 20187
20188 20186 20185
20186 20188 20189
20184 20190 20187
20190 20184 20191
20190 20191 20192
20193 20189 20188
20189 20193 20194
20195 20194 20193
20194 20195 20196
20197 20196 20195
20196 20197 20198
20199 20200 20201
20200 20199 20202
20200 20202 20203
20204 20205 20206
20207 20208 20209
20208 20207 20210
20211 20210 20207
20212 20209 20208
20213 20212 20208
20210 20213 20208
20212 20213 20214
20209 20212 20215
20215 20216 20209
20207 20209 20216
20216 20215 20217
20216 20217 20218
20213 20210 20219
20211 20219 20210
20213 20220 20214
20220 20213 20221
20222 20220 20221
20221 20223 20222
20223 20221 20224
20211 20223 20224
20213 20224 20221
20224 20213 20219
20211 20224 20219
20220 20222 20225
20226 20225 20222
20223 20226 20222
20225 20226 20227
20226 20228 20227
20229 20230 20231
20230 20229 20232
20230 20233 20231
20233 20230 20234
20235 20233 20234
20233 20235 20236
20237 20238 20239
20238 20237 20240
20241 20238 20240
20238 20241 20242
20243 20242 20241
20242 20243 20244
20245 20246 20247
20246 20245 20248
20249 20248 20245
20248 20249 20250
20246 20251 20247
20251 20246 20252
20253 20251 20252
20251 20253 20254
20255 20254 20253
20254 20255 20256
20249 20257 20250
20257 20249 20258
20258 20259 20257
20259 20258 20260
20255 20261 20256
20261 20255 20262
20262 20263 20261
20263 20262 20264
20265 20263 20264
20263 20265 20266
20265 20267 20266
20267 20265 20268
20268 20269 20267
20269 20268 20270
20271 20269 20270
20269 20271 20272
20273 20272 20271
20272 20273 20274
20275 20276 20277
20278 20276 20275
20276 20278 20279
20280 20281 20282
20281 20283 20282
20284 20285 20286
20285 20284 20287
20287 20288 20285
20289 20284 20286
20290 20289 20286
20289 20290 20291
20287 20292 20288
20293 20288 20292
20294 20293 20292
20295 20294 20292
20294 20295 20296
20292 20297 20295
20298 20295 20297
20298 20299 20295
20300 20298 20297
20298 20300 20301
20302 20301 20300
20302 20300 20303
20302 20303 20304
20304 20305 20302
20306 20304 20303
20307 20306 20303
20303 20308 20307
20307 20308 20309
20310 20307 20309
20309 20311 20310
20312 20313 20314
20312 20315 20313
20315 20312 20316
20316 20317 20315
20317 20316 20318
20318 20319 20317
20319 20318 20320
20321 20319 20320
20319 20321 20322
20323 20322 20321
20323 20324 20322
20324 20325 20322
20325 20324 20326
20327 20325 20326
20325 20327 20328
20329 20328 20327
20328 20329 20330
20331 20330 20329
20330 20331 20332
20331 20333 20332
20334 20335 20336
20335 20334 20337
20338 20334 20336
20339 20338 20336
20338 20339 20340
20341 20340 20339
20340 20341 20342
20341 20343 20342
20343 20341 20344
20343 20344 20345
20343 20345 20346
20337 20347 20335
20348 20349 20350
20350 20351 20348
20352 20348 20351
20351 20353 20352
20353 20354 20352
20353 20355 20354
20355 20356 20354
20357 20350 20349
20350 20357 20358
20359 20358 20357
20358 20359 20360
20360 20359 20361
20360 20361 20362
20362 20361 20363
20364 20365 20366
20367 20364 20366
20366 20368 20367
20364 20367 20369
20369 20370 20364
20371 20370 20369
20372 20368 20366
20365 20372 20366
20368 20372 20373
20372 20365 20374
20375 20374 20365
20365 20376 20375
20376 20377 20375
20377 20376 20378
20379 20377 20378
20378 20380 20379
20379 20380 20381
20380 20382 20381
20382 20380 20383
20381 20384 20379
20384 20385 20379
20383 20386 20382
20387 20370 20371
20388 20389 20390
20388 20391 20389
20391 20388 20392
20392 20393 20391
20393 20392 20394
20395 20393 20394
20393 20395 20396
20395 20397 20396
20397 20395 20398
20397 20398 20399
20399 20400 20397
20401 20402 20403
20402 20401 20404
20405 20404 20401
20404 20405 20406
20407 20406 20405
20406 20407 20408
20409 20408 20407
20408 20409 20410
20411 20410 20409
20410 20411 20412
20413 20412 20411
20412 20413 20414
20413 20415 20414
20415 20413 20416
20417 20418 20419
20419 20420 20417
20420 20419 20421
20421 20422 20420
20422 20421 20423
20423 20424 20422
20424 20423 20425
20425 20426 20424
20426 20425 20427
20428 20426 20427
20426 20428 20429
20430 20429 20428
20429 20430 20431
20429 20431 20432
20429 20432 20433
20434 20431 20430
20431 20434 20435
20436 20435 20434
20417 20437 20438
20417 20439 20437
20440 20439 20417
20440 20417 20441
20441 20417 20442
20442 20417 20443
20444 20443 20417
20443 20444 20445
20418 20417 20438
20446 20447 20448
20446 20449 20447
20449 20446 20450
20450 20451 20449
20451 20450 20452
20452 20453 20451
20453 20452 20454
20454 20455 20453
20455 20454 20456
20456 20457 20455
20457 20456 20458
20458 20459 20457
20459 20458 20460
20460 20461 20459
20461 20460 20462
20462 20463 20461
20462 20464 20463
20462 20465 20464
20462 20466 20465
20467 20466 20462
20467 20462 20468
20468 20462 20469
20469 20462 20470
20462 20471 20470
20471 20462 20472
20473 20474 20475
20474 20473 20476
20477 20476 20473
20475 20478 20473
20479 20478 20475
20478 20479 20480
20480 20479 20481
20482 20480 20481
20483 20480 20482
20484 20480 20483
20484 20478 20480
20478 20484 20485
20473 20485 20477
20473 20478 20485
20477 20485 20486
20485 20484 20486
20484 20487 20486
20488 20487 20484
20487 20488 20489
20490 20489 20488
20489 20490 20491
20491 20492 20489
20492 20487 20489
20487 20492 20493
20492 20491 20494
20495 20494 20491
20490 20495 20491
20494 20495 20496
20497 20496 20495
20496 20497 20498
20499 20497 20495
20495 20490 20499
20497 20499 20500
20487 20501 20486
20487 20493 20501
20501 20493 20502
20502 20503 20501
20486 20501 20503
20486 20503 20477
20477 20503 20504
20504 20503 20502
20505 20477 20504
20476 20477 20505
20500 20506 20497
20506 20498 20497
20506 20500 20507
20507 20508 20506
20508 20509 20506
20498 20506 20509
20509 20508 20510
20511 20510 20508
20510 20511 20512
20508 20507 20513
20513 20511 20508
20511 20513 20514
20515 20511 20514
20512 20511 20515
20516 20517 20518
20517 20516 20519
20520 20519 20516
20518 20521 20516
20522 20521 20518
20521 20522 20523
20523 20522 20524
20525 20523 20524
20526 20523 20525
20527 20523 20526
20527 20521 20523
20521 20527 20528
20516 20528 20520
20516 20521 20528
20520 20528 20529
20528 20527 20529
20527 20530 20529
20531 20530 20527
20530 20531 20532
20533 20532 20531
20532 20533 20534
20534 20535 20532
20535 20534 20536
20537 20536 20534
20533 20537 20534
20536 20537 20538
20539 20538 20537
20538 20539 20540
20539 20541 20540
20541 20539 20542
20542 20543 20541
20543 20542 20544
20545 20539 20537
20537 20533 20545
20539 20545 20546
20546 20542 20539
20542 20546 20547
20544 20542 20547
20548 20543 20544
20543 20548 20549
20549 20548 20550
20550 20548 20551
20548 20552 20551
20552 20548 20553
20548 20544 20553
20544 20547 20554
20544 20554 20553
20553 20554 20555
20552 20553 20555
20555 20554 20556
20556 20554 20547
20530 20557 20558
20558 20557 20559
20530 20558 20529
20557 20530 20532
20529 20558 20560
20559 20560 20558
20529 20560 20520
20520 20560 20561
20561 20560 20559
20562 20520 20561
20519 20520 20562
20557 20532 20535
20563 20564 20565
20564 20563 20566
20567 20566 20563
20565 20568 20563
20569 20568 20565
20568 20569 20570
20570 20569 20571
20572 20570 20571
20573 20570 20572
20574 20570 20573
20574 20568 20570
20568 20574 20575
20563 20575 20567
20563 20568 20575
20567 20575 20576
20575 20574 20576
20574 20577 20576
20574 20578 20577
20578 20574 20579
20579 20580 20578
20580 20581 20578
20581 20577 20578
20577 20581 20582
20581 20580 20583
20580 20579 20584
20585 20583 20580
20584 20585 20580
20583 20585 20586
20587 20586 20585
20586 20587 20588
20589 20588 20587
20588 20589 20590
20591 20590 20589
20590 20591 20592
20593 20587 20585
20585 20584 20593
20587 20593 20594
20594 20589 20587
20589 20594 20595
20595 20591 20589
20591 20595 20596
20597 20591 20596
20591 20597 20598
20599 20598 20597
20600 20598 20599
20600 20591 20598
20591 20600 20592
20601 20582 20602
20577 20582 20601
20577 20601 20576
20576 20601 20603
20602 20603 20601
20576 20603 20567
20567 20603 20604
20604 20603 20602
20605 20567 20604
20566 20567 20605
20606 20607 20608
20609 20607 20606
20607 20609 20610
20609 20611 20610
20611 20609 20612
20613 20611 20612
20611 20613 20614
20615 20614 20613
20614 20615 20616
20617 20616 20615
20616 20617 20618
20619 20618 20617
20618 20619 20620
20619 20621 20620
20621 20619 20622
20622 20623 20621
20622 20624 20623
20622 20625 20624
20622 20626 20625
20627 20626 20622
20627 20622 20628
20628 20622 20629
20629 20622 20630
20622 20631 20630
20631 20622 20632
19767 19774 20633
19774 19789 20633
20634 20635 20636
20634 20637 20635
20638 20634 20636
20638 20636 20639
20639 20640 20638
20640 20639 20641
20641 20642 20640
20642 20641 20643
20644 20642 20643
20642 20644 20645
20646 20645 20644
20645 20646 20647
20648 20647 20646
20647 20648 20649
20650 20649 20648
20649 20650 20651
20652 20651 20650
20651 20652 20653
20654 20653 20652
20653 20654 20655
20656 20657 20658
20657 20656 20659
20660 20658 20657
20658 20660 20661
20662 20661 20660
20661 20662 20663
20664 20663 20662
20663 20664 20665
20666 20665 20664
20665 20666 20667
20668 20659 20656
20659 20668 20669
20670 20669 20668
20668 20671 20670
20670 20671 20672
20672 20673 20670
20673 20672 20674
20674 20675 20673
20669 20670 20676
20676 20670 20673
20673 20677 20676
20677 20673 20678
20677 20679 20676
20679 20677 20678
20679 20678 20680
20681 20679 20680
20673 20675 20682
20678 20673 20682
19675 19674 20683
20683 20684 19675
20685 20683 19674
19675 20684 19686
19674 19673 20685
20685 19673 20686
19672 20686 19673
20686 19672 20687
19672 19671 20687
19704 20688 19707
20688 19704 19702
19702 20689 20688
20689 19702 19701
19701 19724 20689
20690 20689 19724
20691 20689 20690
20691 20688 20689
20688 20691 19709
20688 19709 19707
20690 20692 20691
19724 19722 20690
20693 20694 20695
20694 20693 20696
20696 20693 20697
20698 20695 20694
20699 20698 20694
20698 20699 20700
20701 20700 20699
20702 20701 20699
20702 20703 20701
20696 20697 20704
20705 20706 20707
20708 20706 20705
20709 20708 20705
20710 20708 20709
19494 19477 19489
19477 19494 19487
20711 20712 20713
20714 20715 20716
20716 20717 20714
20717 20716 20718
20717 20718 20719
20719 20718 20720
20721 20719 20720
20719 20721 20722
20722 20721 20723
20723 20724 20722
20725 20724 20723
20715 20714 20726
20726 20727 20715
20727 20726 20728
20729 20727 20728
20730 20731 20732
20731 20730 20733
20733 20734 20731
20734 20733 20735
20735 20736 20734
20736 20735 20737
20736 20737 20738
20739 20730 20732
20730 20739 20740
20741 20740 20739
20740 20741 20742
20743 20742 20741
20742 20743 20744
20744 20743 20745
20746 20747 20748
20747 20746 20749
20746 20750 20749
20750 20746 20751
20752 20750 20751
20750 20752 20753
20754 20748 20747
20748 20754 20755
20756 20755 20754
20755 20756 20757
20758 20757 20756
20757 20758 20759
20760 20761 20762
20761 20760 20763
20763 20764 20761
20764 20763 20765
20766 20760 20762
20760 20766 20767
20766 20768 20767
20765 20769 20764
20769 20765 20770
20770 20771 20769
20771 20770 20772
20772 20773 20771
20773 20772 20774
20775 20776 20777
20777 20778 20775
20777 20779 20778
20780 20781 20782
20783 20784 20785
20784 20783 20786
20787 20784 20786
20784 20787 20788
20787 20789 20788
20789 20787 20790
20791 20792 20793
20792 20791 20794
20791 20795 20794
20795 20791 20796
20796 20797 20795
20797 20796 20798
20799 20800 20801
20801 20802 20799
20802 20801 20803
20804 20805 20806
20806 20805 20807
20808 20809 20810
20810 20811 20808
20811 20810 20812
20813 20809 20808
20813 20290 20809
20290 20813 20291
20811 20812 20814
20815 20814 20812
20816 20814 20815
20816 20817 20814
20817 20816 20818
20814 20817 20819
20820 20819 20817
20820 20817 20821
20820 20822 20819
20822 20820 20823
20824 20822 20823
20824 20825 20822
20824 20826 20825
20826 20824 20827
20828 20825 20826
20829 20825 20828
20825 20829 20830
20829 20831 20830
20832 20831 20829
20831 20832 20833
20834 20835 20836
20835 20834 20837
20838 20836 20835
20838 20839 20836
20839 20838 20840
20840 20841 20839
20841 20840 20842
20843 20841 20842
20841 20843 20844
20843 20845 20844
20843 20846 20845
20837 20834 20847
20848 20849 20850
20851 20849 20848
20849 20851 20852
20848 20853 20851
20853 20848 20854
20855 20853 20854
20852 20856 20849
20856 20850 20849
20856 20852 20857
20850 20856 20858
20859 20850 20858
20850 20859 20860
20861 20860 20859
20860 20861 20862
20863 20862 20861
20862 20863 20864
20863 20865 20864
20866 20864 20865
20864 20866 20867
20865 20863 20868
20868 20863 20869
20867 20866 20870
20871 20855 20854
20872 20873 20874
20875 20872 20874
20872 20875 20876
20877 20876 20875
20876 20877 20878
20877 20879 20878
20879 20877 20880
20881 20879 20880
20879 20881 20882
20883 20882 20881
20881 20884 20883
20885 20886 20887
20886 20885 20888
20887 20889 20885
20889 20887 20890
20890 20891 20889
20891 20890 20892
20892 20893 20891
20893 20892 20894
20894 20895 20893
20895 20894 20896
20896 20897 20895
20897 20896 20898
20899 20897 20898
20897 20899 20900
20901 20902 20903
20904 20902 20901
20902 20904 20905
20906 20905 20904
20905 20906 20907
20908 20907 20906
20907 20908 20909
20910 20909 20908
20909 20910 20911
20910 20912 20911
20912 20910 20913
20913 20914 20912
20914 20913 20915
20913 20916 20915
20913 20917 20916
20915 20918 20914
20918 20915 20919
20920 20918 20919
20901 20921 20922
20901 20922 20923
20924 20901 20923
20924 20925 20901
20925 20926 20901
20926 20927 20901
20927 20928 20901
20928 20927 20929
20903 20921 20901
20930 20931 20932
20933 20930 20932
20930 20933 20934
20935 20934 20933
20934 20935 20936
20937 20936 20935
20936 20937 20938
20939 20938 20937
20938 20939 20940
20941 20940 20939
20940 20941 20942
20943 20942 20941
20942 20943 20944
20945 20944 20943
20944 20945 20946
20946 20945 20947
20946 20947 20948
20946 20948 20949
20946 20949 20950
20951 20946 20950
20951 20952 20946
20952 20953 20946
20953 20954 20946
20955 20946 20954
20946 20955 20956
20957 20958 20959
20959 20960 20957
20961 20957 20960
20958 20957 20962
20963 20958 20962
20962 20964 20963
20964 20965 20963
20966 20965 20964
20967 20966 20964
20968 20967 20964
20968 20964 20962
20962 20969 20968
20957 20961 20969
20957 20969 20962
20961 20970 20969
20969 20970 20968
20968 20970 20971
20971 20972 20968
20972 20971 20973
20973 20974 20972
20974 20973 20975
20976 20975 20973
20976 20973 20971
20971 20977 20976
20975 20976 20978
20978 20979 20975
20979 20974 20975
20979 20978 20980
20980 20981 20979
20981 20980 20982
20981 20983 20979
20974 20979 20983
20983 20981 20984
20971 20970 20985
20971 20985 20977
20985 20986 20977
20986 20985 20987
20970 20987 20985
20970 20961 20987
20961 20988 20987
20988 20986 20987
20989 20988 20961
20960 20989 20961
20990 20984 20981
20982 20990 20981
20984 20990 20991
20992 20991 20990
20993 20992 20990
20990 20982 20993
20992 20993 20994
20994 20995 20992
20995 20994 20996
20991 20992 20997
20995 20997 20992
20997 20995 20998
20999 20998 20995
20996 20999 20995
21000 21001 21002
21002 21003 21000
21004 21000 21003
21001 21000 21005
21006 21001 21005
21005 21007 21006
21007 21008 21006
21009 21008 21007
21010 21009 21007
21011 21010 21007
21011 21007 21005
21005 21012 21011
21000 21004 21012
21000 21012 21005
21004 21013 21012
21012 21013 21011
21011 21013 21014
21014 21015 21011
21015 21014 21016
21016 21017 21015
21017 21016 21018
21019 21018 21016
21018 21019 21020
21020 21021 21018
21021 21017 21018
21021 21020 21022
21022 21023 21021
21023 21022 21024
21025 21023 21024
21023 21025 21026
21027 21026 21025
21026 21027 21028
21023 21029 21021
21017 21021 21029
21029 21023 21030
21026 21030 21023
21030 21026 21031
21028 21031 21026
21027 21032 21028
21032 21027 21033
21033 21034 21032
21034 21035 21032
21036 21032 21035
21032 21036 21037
21032 21037 21028
21028 21038 21031
21028 21037 21038
21037 21039 21038
21036 21039 21037
21039 21040 21038
21040 21031 21038
21014 21041 21042
21041 21043 21042
21014 21013 21041
21042 21016 21014
21013 21044 21041
21043 21041 21044
21013 21004 21044
21004 21045 21044
21045 21043 21044
21046 21045 21004
21003 21046 21004
21042 21019 21016
21047 21048 21049
21049 21050 21047
21051 21047 21050
21048 21047 21052
21053 21048 21052
21052 21054 21053
21054 21055 21053
21056 21055 21054
21057 21056 21054
21058 21057 21054
21058 21054 21052
21052 21059 21058
21047 21051 21059
21047 21059 21052
21051 21060 21059
21059 21060 21058
21058 21060 21061
21062 21058 21061
21058 21062 21063
21064 21063 21062
21065 21064 21062
21065 21062 21061
21061 21066 21065
21064 21065 21067
21063 21064 21068
21067 21069 21064
21069 21068 21064
21069 21067 21070
21070 21071 21069
21071 21070 21072
21072 21073 21071
21073 21072 21074
21074 21075 21073
21075 21074 21076
21071 21077 21069
21068 21069 21077
21077 21071 21078
21073 21078 21071
21078 21073 21079
21075 21079 21073
21079 21075 21080
21075 21081 21080
21081 21075 21082
21083 21081 21082
21084 21083 21082
21075 21084 21082
21084 21075 21076
21085 21086 21066
21061 21085 21066
21061 21060 21085
21060 21087 21085
21086 21085 21087
21060 21051 21087
21051 21088 21087
21088 21086 21087
21089 21088 21051
21050 21089 21051
21090 21091 21092
21092 21093 21090
21093 21092 21094
21095 21093 21094
21093 21095 21096
21095 21097 21096
21097 21095 21098
21098 21099 21097
21099 21098 21100
21100 21101 21099
21101 21100 21102
21102 21103 21101
21103 21102 21104
21105 21103 21104
21103 21105 21106
21106 21105 21107
21106 21107 21108
21106 21108 21109
21106 21109 21110
21111 21106 21110
21111 21112 21106
21112 21113 21106
21113 21114 21106
21115 21106 21114
21106 21115 21116
19523 21117 19537
19525 21117 19523
19464 21118 19472
19478 19472 21118
21119 21120 21121
21120 21119 21122
21123 21122 21119
21122 21123 21124
21125 21124 21123
21124 21125 21126
21127 21126 21125
21126 21127 21128
21129 21128 21127
21128 21129 21130
21131 21130 21129
21130 21131 21132
21133 21132 21131
21132 21133 21134
21135 21134 21133
21134 21135 21136
21137 21136 21135
21136 21137 21138
21139 21138 21137
21138 21139 21140
21141 21140 21139
21140 21141 21142
21121 21142 21141
21142 21121 21120
21143 21142 21120
21120 21144 21143
21144 21145 21143
21145 21144 21146
21147 21146 21144
21146 21147 21148
21149 21148 21147
21148 21149 21150
21151 21150 21149
21150 21151 21152
21153 21152 21151
21152 21153 21154
21155 21154 21153
21154 21155 21156
21157 21156 21155
21156 21157 21158
21159 21158 21157
21158 21159 21160
21161 21160 21159
21160 21161 21162
21163 21162 21161
21162 21163 21164
21165 21164 21163
21164 21165 21166
21143 21166 21165
21166 21143 21145
21142 21143 21165
21165 21140 21142
21140 21165 21163
21163 21138 21140
21138 21163 21161
21161 21136 21138
21136 21161 21159
21159 21134 21136
21134 21159 21157
21157 21132 21134
21132 21157 21155
21155 21130 21132
21130 21155 21153
21153 21128 21130
21128 21153 21151
21151 21126 21128
21126 21151 21149
21149 21124 21126
21124 21149 21147
21147 21122 21124
21122 21147 21144
21144 21120 21122
21167 21168 21169
21168 21167 21170
21171 21170 21167
21170 21171 21172
21173 21172 21171
21172 21173 21174
21175 21174 21173
21174 21175 21176
21177 21176 21175
21176 21177 21178
21179 21178 21177
21178 21179 21180
21181 21180 21179
21180 21181 21182
21183 21182 21181
21182 21183 21184
21185 21184 21183
21184 21185 21186
21187 21186 21185
21186 21187 21188
21189 21188 21187
21188 21189 21190
21169 21190 21189
21190 21169 21168
21191 21179 21177
21177 21192 21191
21192 21177 21175
21175 21193 21192
21193 21175 21173
21173 21194 21193
21194 21173 21171
21171 21195 21194
21195 21171 21167
21196 21167 21169
21167 21196 21195
21197 21169 21189
21169 21197 21196
21189 21198 21197
21179 21191 21199
21199 21181 21179
21181 21199 21200
21200 21183 21181
21183 21200 21201
21201 21185 21183
21185 21201 21202
21202 21187 21185
21187 21202 21198
21198 21189 21187
21203 21204 21205
21204 21203 21206
21207 21206 21203
21206 21207 21208
21209 21210 21211
21212 21213 21214
21213 21212 21215
21216 21217 21218
21217 21216 21219
21218 21220 21216
21220 21218 21221
21222 21223 21224
21225 21226 21227
21226 21225 21228
21229 21230 21231
21230 21229 21232
21233 21234 21235
21234 21233 21236
21237 21238 21239
21240 21241 21242
21241 21240 21243
21244 21243 21240
21243 21244 21245
21246 21247 21248
21247 21246 21249
21250 21251 21252
21251 21250 21253
21252 21254 21250
21254 21252 21255
21256 21257 21258
21257 21256 21259
21260 21261 21262
21261 21260 21263
21264 21265 21266
21265 21264 21267
21268 21269 21270
21271 21272 21273
21272 21271 21274
21275 21274 21271
21274 21275 21276
21277 21278 21279
21280 21281 21282
21281 21280 21283
21284 21285 21286
21285 21284 21287
21286 21288 21284
21288 21286 21289
21290 21291 21292
21293 21294 21295
21294 21293 21296
21297 21298 21299
21298 21297 21300
21301 21302 21303
21302 21301 21304
21305 21306 21307
21308 21309 21310
21311 21312 21313
21314 21315 21316
21315 21314 21317
21318 21317 21314
21317 21318 21319
21320 21319 21318
21319 21320 21321
21322 21321 21320
21321 21322 21323
21324 21323 21322
21323 21324 21325
21326 21325 21324
21325 21326 21327
21328 21327 21326
21327 21328 21329
21330 21329 21328
21329 21330 21331
21332 21331 21330
21331 21332 21333
21334 21333 21332
21333 21334 21335
21336 21335 21334
21335 21336 21337
21316 21337 21336
21337 21316 21315
21338 21339 21340
21339 21338 21341
21340 21342 21338
21342 21340 21343
21343 21344 21342
21344 21343 21345
21345 21346 21344
21346 21345 21347
21347 21348 21346
21348 21347 21349
21349 21350 21348
21350 21349 21351
21351 21352 21350
21352 21351 21353
21353 21354 21352
21354 21353 21355
21355 21356 21354
21356 21355 21357
21357 21358 21356
21358 21357 21359
21359 21360 21358
21360 21359 21361
21361 21341 21360
21341 21361 21339
21361 21362 21339
21363 21362 21361
21357 21363 21359
21363 21361 21359
21364 21363 21357
21364 21357 21355
21353 21364 21355
21365 21364 21353
21362 21340 21339
21362 21366 21340
21340 21366 21343
21366 21345 21343
21366 21367 21345
21367 21365 21349
21345 21367 21347
21367 21349 21347
21349 21365 21351
21365 21353 21351
21368 21369 21370
21371 21372 21370
21373 21374 21370
21375 21376 21377
21376 21375 21378
21378 21379 21376
21379 21378 21380
21380 21381 21379
21381 21380 21382
21382 21383 21381
21383 21382 21384
21384 21385 21383
21385 21384 21386
21386 21387 21385
21387 21386 21388
21388 21389 21387
21389 21388 21390
21390 21391 21389
21391 21390 21392
21392 21393 21391
21393 21392 21394
21394 21395 21393
21395 21394 21396
21396 21397 21395
21397 21396 21398
21398 21377 21397
21377 21398 21375
21398 21399 21375
21400 21375 21399
21145 21400 21399
21400 21145 21146
21146 21401 21400
21401 21146 21148
21148 21402 21401
21402 21148 21150
21150 21403 21402
21403 21150 21152
21152 21404 21403
21404 21152 21154
21154 21405 21404
21405 21154 21156
21156 21406 21405
21406 21156 21158
21158 21407 21406
21407 21158 21160
21160 21408 21407
21408 21160 21162
21162 21409 21408
21409 21162 21164
21164 21410 21409
21410 21164 21166
21166 21399 21410
21399 21166 21145
21399 21398 21410
21396 21410 21398
21410 21396 21409
21394 21409 21396
21409 21394 21408
21392 21408 21394
21408 21392 21407
21390 21407 21392
21407 21390 21406
21388 21406 21390
21406 21388 21405
21386 21405 21388
21405 21386 21404
21384 21404 21386
21404 21384 21403
21382 21403 21384
21403 21382 21402
21380 21402 21382
21402 21380 21401
21378 21401 21380
21401 21378 21400
21375 21400 21378
21411 21412 21413
21412 21411 21414
21414 21415 21412
21415 21414 21416
21416 21417 21415
21417 21416 21418
21418 21419 21417
21419 21418 21420
21420 21421 21419
21421 21420 21422
21422 21423 21421
21423 21422 21424
21424 21425 21423
21425 21424 21426
21426 21427 21425
21427 21426 21428
21428 21429 21427
21429 21428 21430
21430 21431 21429
21431 21430 21432
21432 21433 21431
21433 21432 21434
21434 21413 21433
21413 21434 21411
21423 21435 21421
21436 21421 21435
21421 21436 21419
21437 21419 21436
21419 21437 21417
21438 21417 21437
21417 21438 21415
21439 21415 21438
21415 21439 21412
21412 21440 21413
21440 21412 21439
21413 21441 21433
21441 21413 21440
21442 21433 21441
21433 21442 21431
21443 21431 21442
21431 21443 21429
21444 21429 21443
21429 21444 21427
21445 21427 21444
21427 21445 21425
21446 21425 21445
21425 21446 21423
21435 21423 21446
21447 21448 21449
21448 21447 21450
21449 21451 21447
21451 21449 21452
21453 21454 21455
21456 21457 21458
21457 21456 21459
21460 21461 21462
21461 21460 21463
21464 21463 21460
21463 21464 21465
21466 21467 21468
21469 21470 21471
21470 21469 21472
21473 21474 21475
21474 21473 21476
21477 21478 21479
21478 21477 21480
21481 21482 21483
21484 21485 21486
21485 21484 21487
21486 21488 21484
21488 21486 21489
21490 21491 21492
21491 21490 21493
21494 21495 21496
21495 21494 21497
21498 21497 21494
21497 21498 21499
21500 21501 21502
21501 21500 21503
21504 21505 21506
21505 21504 21507
21508 21509 21510
21509 21508 21511
21512 21513 21514
21515 21516 21517
21516 21515 21518
21517 21519 21515
21519 21517 21520
21521 21522 21523
21524 21525 21526
21525 21524 21527
21528 21529 21530
21529 21528 21531
21532 21531 21528
21531 21532 21533
21534 21535 21536
21537 21538 21539
21538 21537 21540
21541 21542 21543
21542 21541 21544
21545 21546 21547
21546 21545 21548
21549 21550 21551
21552 21553 21554
21555 21556 21557
21558 21559 21560
21559 21558 21561
21561 21562 21559
21562 21561 21563
21563 21564 21562
21564 21563 21565
21565 21566 21564
21566 21565 21567
21567 21568 21566
21568 21567 21569
21569 21570 21568
21570 21569 21571
21571 21572 21570
21572 21571 21573
21573 21574 21572
21574 21573 21575
21575 21576 21574
21576 21575 21577
21577 21578 21576
21578 21577 21579
21579 21580 21578
21580 21579 21581
21581 21560 21580
21560 21581 21558
21582 21583 21584
21583 21582 21585
21586 21584 21583
21584 21586 21587
21588 21587 21586
21587 21588 21589
21590 21589 21588
21589 21590 21591
21592 21591 21590
21591 21592 21593
21594 21593 21592
21593 21594 21595
21596 21595 21594
21595 21596 21597
21598 21597 21596
21597 21598 21599
21600 21599 21598
21599 21600 21601
21602 21601 21600
21601 21602 21603
21604 21603 21602
21603 21604 21605
21585 21605 21604
21605 21585 21582
21605 21582 21606
21607 21605 21606
21601 21603 21607
21607 21603 21605
21608 21601 21607
21608 21599 21601
21597 21599 21608
21609 21597 21608
21606 21582 21584
21606 21584 21610
21584 21587 21610
21610 21587 21589
21610 21589 21611
21611 21593 21609
21589 21591 21611
21611 21591 21593
21593 21595 21609
21609 21595 21597
21612 21613 21614
21615 21613 21616
21617 21613 21618
