byte offset: 0
first index: 0
index count: 9990
topology: trianglelist
format: DXGI_FORMAT_R16_UINT

0 1 2
1 0 3
2 1 4
1 5 4
2 4 6
7 6 4
8 7 4
4 5 8
5 9 8
10 2 6
2 10 11
8 9 12
7 8 12
13 7 12
14 13 12
11 15 2
0 2 15
0 15 16
11 17 15
17 18 15
18 16 15
16 18 19
20 14 12
20 12 21
12 9 22
21 12 22
23 21 22
23 24 21
21 24 25
21 25 20
22 26 23
23 26 27
27 26 28
27 28 29
30 29 28
28 31 30
30 31 32
32 31 33
34 32 33
34 33 35
35 33 36
33 37 36
31 37 33
36 37 38
39 36 38
35 36 39
32 40 30
40 32 41
41 32 34
42 30 40
29 30 42
31 28 43
44 43 45
5 1 44
9 5 44
9 44 26
22 9 26
44 28 26
16 46 3
0 16 3
46 47 3
19 46 16
19 48 46
19 49 48
50 51 52
53 54 55
55 56 53
54 57 55
55 57 58
54 59 57
60 57 59
61 57 60
57 61 58
58 61 62
63 59 54
54 64 63
61 65 62
60 65 61
66 65 60
67 65 66
64 54 68
53 68 54
53 69 68
64 68 70
58 71 55
62 71 58
70 68 72
72 68 69
69 73 72
74 65 67
74 75 65
62 76 71
77 76 62
65 77 62
75 77 65
78 77 75
77 78 76
78 75 79
75 80 79
75 74 80
78 81 76
81 82 76
71 76 82
81 83 82
83 84 82
82 84 85
84 86 85
86 87 85
88 87 86
88 89 87
89 90 87
87 90 91
85 87 91
90 92 91
93 92 90
89 93 90
86 84 94
94 95 86
95 88 86
96 94 84
84 83 96
85 97 82
71 98 97
69 56 99
53 56 69
99 56 100
73 69 99
73 99 101
73 101 102
103 104 105
106 107 108
106 108 109
107 110 108
107 111 110
112 111 107
113 112 107
113 114 112
112 114 115
113 107 116
117 114 113
110 111 118
118 111 119
119 112 115
112 119 111
110 118 120
120 118 121
118 122 121
122 118 123
123 118 119
123 119 124
123 124 125
126 123 125
122 123 126
125 127 126
125 128 127
125 129 128
129 125 124
129 130 128
131 128 130
128 131 132
133 132 131
131 134 133
131 135 134
130 136 131
130 137 136
137 130 129
128 132 138
128 139 127
139 128 138
138 132 140
140 141 133
142 143 144
145 146 147
148 149 119
148 119 115
150 149 148
150 151 149
152 151 150
153 154 155
153 155 156
156 155 157
156 157 158
159 156 158
160 156 159
160 159 161
159 162 161
160 163 156
164 160 161
157 165 158
165 166 158
166 162 159
159 158 166
157 167 165
167 168 165
169 162 166
169 166 170
171 169 170
171 170 172
173 171 172
174 166 165
166 174 175
165 176 174
176 165 168
174 177 175
178 177 174
174 176 178
177 178 179
177 179 180
181 177 180
177 181 175
181 180 182
183 182 180
180 184 183
185 183 184
183 185 186
183 186 187
182 183 188
182 188 189
189 181 182
180 190 184
180 191 190
191 180 179
190 192 184
192 185 193
194 195 196
197 198 199
200 201 202
200 202 203
203 202 204
203 204 205
206 203 205
207 203 206
207 206 208
206 209 208
207 210 203
211 207 208
204 212 205
212 213 205
213 209 206
206 205 213
204 214 212
214 215 212
212 215 216
216 217 212
217 213 212
217 218 213
217 219 218
220 219 217
216 220 217
219 220 221
219 221 222
219 222 223
223 218 219
223 222 224
225 224 222
222 226 225
227 225 226
225 227 228
225 228 229
224 225 230
224 230 231
231 223 224
222 232 226
222 221 233
233 232 222
232 234 226
234 227 235
236 237 238
239 240 241
242 209 213
242 213 243
244 242 243
244 243 245
246 244 245
247 248 249
247 249 250
248 251 249
248 252 251
253 252 248
254 253 248
254 255 253
253 255 256
254 248 257
258 255 254
251 252 259
259 252 260
260 253 256
253 260 252
251 259 261
261 259 262
263 260 256
263 264 260
265 264 263
265 266 264
267 266 265
268 259 260
260 269 268
259 268 270
270 262 259
268 269 271
272 268 271
268 272 270
271 273 272
271 274 273
275 274 271
271 269 275
275 276 274
277 274 276
274 277 278
279 278 277
277 280 279
277 281 280
276 282 277
276 283 282
283 276 275
274 278 284
274 284 285
285 273 274
284 278 286
286 287 279
288 289 290
291 292 293
294 295 296
294 296 297
297 296 298
297 298 299
299 298 300
299 300 301
302 295 294
302 303 295
299 301 304
297 299 305
305 299 304
305 304 306
307 305 306
307 297 305
308 307 306
309 307 308
309 294 297
310 307 309
309 308 311
308 312 311
311 313 309
308 306 314
315 308 314
315 314 316
315 316 317
315 317 318
318 317 319
320 313 311
294 309 313
321 322 311
323 324 294
322 325 323
326 325 320
323 325 327
327 325 328
328 325 329
327 328 330
327 330 331
328 332 330
330 332 333
328 334 332
321 335 325
330 333 336
336 333 337
336 337 338
336 338 339
340 336 339
336 340 327
340 339 341
337 342 338
337 343 342
344 340 341
344 341 345
333 346 337
346 333 332
304 343 337
347 304 332
348 349 334
348 334 328
348 350 349
348 351 350
350 351 352
304 353 306
326 311 354
340 355 313
323 327 340
356 357 358
356 358 359
357 360 358
357 361 360
361 362 360
361 363 362
364 356 359
364 359 365
361 366 363
357 367 361
367 366 361
367 368 366
369 368 367
369 367 357
370 368 369
371 370 369
371 357 356
372 371 369
371 373 370
370 373 374
373 371 375
370 376 368
377 376 370
377 378 376
377 379 378
377 380 379
380 381 379
382 373 375
356 375 371
383 373 384
385 356 386
384 385 387
388 382 387
385 389 387
389 390 387
390 391 387
389 392 390
389 393 392
390 392 394
392 395 394
390 394 396
383 387 397
392 398 395
398 399 395
398 400 399
398 401 400
402 401 398
398 389 402
402 403 401
399 400 404
399 404 405
406 403 402
406 407 403
395 399 408
408 394 395
366 399 405
409 394 366
410 396 411
410 390 396
410 411 412
410 412 413
412 414 413
366 368 415
388 416 373
402 375 417
385 402 389
418 419 420
420 421 418
419 422 420
420 422 423
419 424 422
425 422 424
426 422 425
422 426 423
423 426 427
428 424 419
419 429 428
426 430 427
425 430 426
431 430 425
432 430 431
429 419 433
418 433 419
418 434 433
429 433 435
423 436 420
427 436 423
435 433 437
437 433 434
434 438 437
439 430 432
439 440 430
427 441 436
442 441 427
430 442 427
440 442 430
443 442 440
442 443 441
443 440 444
440 445 444
440 439 445
443 446 441
446 447 441
436 441 447
446 448 447
449 447 448
447 449 450
449 451 450
451 452 450
453 452 451
453 454 452
454 455 452
452 455 456
450 452 456
455 457 456
458 457 455
454 458 455
451 449 459
459 460 451
460 453 451
461 459 449
448 461 449
450 462 447
436 463 462
434 421 464
418 421 434
464 421 465
438 434 464
438 464 466
438 466 467
468 469 470
471 472 473
472 471 474
473 472 475
472 476 475
473 475 477
478 477 475
479 478 475
475 476 479
476 480 479
481 473 477
473 481 482
479 480 483
478 479 483
484 478 483
485 484 483
482 486 473
471 473 486
471 486 487
482 488 486
488 489 486
489 487 486
487 489 490
491 485 483
491 483 492
483 480 493
492 483 493
494 492 493
494 495 492
492 495 496
492 496 491
493 497 494
494 497 498
498 497 499
498 499 500
500 499 501
499 502 501
501 502 503
503 502 504
505 503 504
505 504 506
506 504 507
504 508 507
502 508 504
507 508 509
510 507 509
506 507 510
503 511 501
511 503 512
512 503 505
513 501 511
501 513 500
502 499 514
515 514 516
476 472 515
480 476 515
480 515 497
493 480 497
515 499 497
487 517 474
471 487 474
517 518 474
490 517 487
490 519 517
490 520 519
521 522 523
524 525 526
527 524 526
527 528 524
527 529 528
526 525 530
525 531 530
532 530 531
531 533 532
534 532 533
535 534 533
536 535 537
535 538 537
539 536 537
540 541 542
543 542 541
543 541 544
545 540 542
545 542 546
547 543 548
547 548 549
550 551 547
550 547 552
553 554 555
555 554 556
557 558 553
557 559 558
560 561 557
562 561 560
555 563 564
565 564 556
566 565 556
566 567 565
566 568 567
569 567 568
569 568 570
570 571 569
572 571 570
573 572 570
574 575 576
574 576 577
578 579 580
581 580 579
581 579 582
583 581 582
584 578 580
584 580 585
585 586 584
587 588 583
589 588 587
590 591 592
590 592 593
594 592 595
594 595 596
596 595 597
596 597 598
598 597 599
600 601 602
600 602 603
604 605 600
606 607 608
609 610 611
612 610 609
612 609 613
612 613 614
610 615 611
611 615 616
617 616 615
616 617 618
619 618 617
620 618 619
621 622 620
620 622 623
624 622 621
625 626 627
628 627 626
628 629 627
630 626 625
630 631 626
632 633 628
632 634 633
635 636 632
635 632 637
638 639 640
639 641 640
642 638 643
642 643 644
645 642 646
647 645 646
639 648 649
650 641 648
651 641 650
651 650 652
651 652 653
654 653 652
654 655 653
655 654 656
657 655 656
658 655 657
659 660 661
659 662 660
663 664 665
666 665 664
666 667 665
668 667 666
669 664 663
669 670 664
670 669 671
672 668 673
674 672 673
675 676 677
675 677 678
679 680 677
679 681 680
681 682 680
681 683 682
683 684 682
685 686 687
685 687 688
689 685 690
691 692 693
694 695 696
696 695 697
696 697 698
697 699 698
698 699 700
701 698 700
701 700 702
701 702 703
701 703 704
704 703 705
700 699 706
695 694 707
694 708 707
709 710 707
711 709 707
709 711 712
712 711 713
712 713 714
713 715 714
714 715 716
717 714 716
717 716 718
717 718 719
717 719 720
720 719 721
716 715 722
723 724 725
724 723 726
727 725 724
728 725 727
729 728 727
729 727 730
731 729 730
731 730 732
732 733 731
734 733 732
733 734 735
735 734 736
736 737 735
736 738 737
738 736 739
740 741 739
742 743 744
743 742 745
746 744 743
747 744 746
748 747 746
748 746 749
750 748 749
750 749 751
751 752 750
753 752 751
752 753 754
754 753 755
755 756 754
755 757 756
757 755 758
759 760 758
761 762 763
763 762 764
763 764 765
764 766 765
765 766 767
768 765 767
768 767 769
768 769 770
768 770 771
771 770 772
767 766 773
762 761 774
761 775 774
776 777 778
777 776 779
780 778 777
781 778 780
782 781 780
782 780 783
784 782 783
784 783 785
785 786 784
787 786 785
786 787 788
788 787 789
789 790 788
789 791 790
791 789 792
793 794 792
795 796 797
796 798 797
796 799 798
798 799 800
799 801 800
802 801 799
802 803 801
802 804 803
802 805 804
805 806 804
801 807 800
797 808 795
795 808 809
810 808 811
812 808 810
810 813 812
813 814 812
813 815 814
814 815 816
815 817 816
818 817 815
818 819 817
818 820 819
818 821 820
821 822 820
817 823 816
824 825 826
826 827 824
828 826 825
829 828 825
830 828 829
830 831 828
832 831 830
833 831 832
832 834 833
835 833 834
834 836 835
837 835 836
836 838 837
837 838 839
839 840 837
841 840 842
843 844 845
845 846 843
847 845 844
848 847 844
849 847 848
849 850 847
851 850 849
852 850 851
851 853 852
854 852 853
853 855 854
856 854 855
855 857 856
856 857 858
858 859 856
860 859 861
862 863 864
863 865 864
863 866 865
865 866 867
866 868 867
869 868 866
869 870 868
869 871 870
869 872 871
872 873 871
868 874 867
864 875 862
862 875 876
877 878 879
879 880 877
881 879 878
882 881 878
883 881 882
883 884 881
885 884 883
886 884 885
885 887 886
888 886 887
887 889 888
890 888 889
889 891 890
890 891 892
892 893 890
894 893 895
896 897 898
896 898 899
898 900 899
896 901 897
902 901 896
902 903 901
903 902 904
905 903 904
906 905 904
905 906 907
908 907 906
908 909 907
905 907 910
910 911 905
910 912 911
911 912 913
908 914 909
908 915 914
916 914 915
914 916 917
916 918 917
917 919 914
919 920 914
919 921 920
919 922 921
923 920 921
922 924 921
925 923 921
925 926 923
926 925 927
927 928 926
926 928 929
925 930 927
928 931 929
927 930 932
930 933 932
930 934 933
934 935 933
934 936 935
937 938 939
937 939 940
941 942 943
944 945 946
947 948 949
947 949 950
949 948 951
947 950 952
953 947 952
953 952 954
954 955 953
956 955 954
957 955 956
956 958 957
959 957 958
959 958 960
956 961 958
961 956 962
961 962 963
962 964 963
959 960 965
959 965 966
967 966 965
965 968 967
967 968 969
968 965 970
970 965 971
970 971 972
970 972 973
974 972 971
973 972 975
976 972 974
976 974 977
977 978 976
978 977 979
977 980 979
976 978 981
979 980 982
978 983 981
981 983 984
981 984 985
985 984 986
985 986 987
988 989 990
988 990 991
992 993 994
992 994 995
996 993 992
996 997 993
995 994 998
995 998 999
1000 997 996
1000 1001 997
1002 1001 1000
1002 1003 1001
1004 998 1005
1004 1005 1006
1007 1008 1009
1007 1009 1010
1010 1009 1011
1010 1011 1012
1012 1011 1013
1012 1013 1014
1014 1013 1015
1016 1017 1018
1016 1018 1019
1020 1017 1016
1020 1021 1017
1022 1021 1020
1022 1023 1021
1024 1023 1022
1024 1025 1023
1026 1025 1024
1027 1028 1029
1027 1029 1030
1031 1028 1027
1031 1032 1028
1033 1032 1031
1033 1034 1032
1035 1034 1033
1035 1036 1034
1037 1036 1035
1037 1038 1036
1039 1038 1037
1040 1041 1042
1040 1042 1043
1043 1042 1044
1043 1044 1045
1046 1041 1040
1046 1047 1041
1045 1044 1048
1045 1048 1049
1050 1051 1052
1050 1052 1053
1053 1052 1054
1050 1055 1051
1050 1056 1055
1057 1055 1056
1057 1058 1055
1059 1058 1057
1059 1060 1058
1061 1060 1059
1061 1062 1060
1063 1064 1065
1063 1065 1066
1067 1068 1069
1070 1068 1067
1071 1068 1070
1071 1070 1072
1073 1071 1074
1075 1076 1077
1075 1078 1076
1078 1079 1076
1078 1080 1079
1081 1075 1077
1082 1081 1077
1083 1081 1082
1084 1079 1080
1084 1085 1079
1084 1086 1085
1086 1084 1087
1088 1089 1090
1091 1088 1090
1092 1091 1090
1092 1093 1091
1094 1095 1092
1096 1097 1098
1096 1098 1099
1100 1101 1102
1103 1100 1102
1103 1102 1104
1105 1103 1104
1105 1104 1106
1107 1105 1106
1107 1106 1108
1109 1110 1111
1109 1111 1112
1112 1111 1113
1112 1113 1114
1115 1110 1109
1116 1110 1115
1117 1116 1115
1118 1114 1113
1118 1113 1119
1118 1119 1120
1120 1121 1118
1122 1123 1124
1125 1123 1122
1125 1126 1123
1126 1125 1127
1125 1128 1127
1127 1128 1129
1124 1123 1130
1124 1130 1131
1131 1130 1132
1132 1133 1131
1133 1132 1134
1133 1134 1135
1133 1135 1136
1137 1138 1139
1137 1139 1140
1140 1139 1141
1142 1143 1144
1142 1145 1143
1142 1144 1146
1147 1148 1149
1150 1147 1149
1150 1149 1151
1151 1152 1150
1150 1152 1153
1152 1154 1153
1148 1155 1149
1148 1156 1155
1156 1157 1155
1157 1156 1158
1158 1159 1157
1158 1160 1159
1158 1161 1160
1162 1163 1164
1162 1165 1163
1165 1166 1163
1167 1168 1169
1167 1170 1168
1167 1171 1170
1172 1173 1174
1175 1174 1173
1176 1174 1175
1177 1176 1175
1178 1174 1176
1176 1177 1179
1179 1180 1176
1181 1180 1179
1181 1179 1182
1180 1181 1183
1180 1183 1184
1180 1184 1185
1185 1184 1186
1182 1179 1187
1188 1187 1179
1182 1189 1190
1182 1190 1191
1191 1192 1193
1191 1194 1192
1191 1195 1194
1196 1195 1191
1196 1197 1195
1198 1199 1194
1198 1200 1199
1198 1201 1200
1198 1202 1201
1201 1203 1200
1203 1204 1200
1203 1205 1204
1203 1206 1207
1203 1207 1208
1172 1209 1173
1210 1211 1212
1213 1212 1211
1214 1213 1211
1215 1213 1214
1216 1214 1211
1214 1217 1215
1217 1214 1218
1219 1217 1218
1219 1220 1217
1218 1221 1219
1218 1222 1221
1218 1223 1222
1223 1224 1222
1220 1225 1217
1226 1217 1225
1220 1227 1228
1220 1228 1229
1227 1230 1231
1227 1231 1232
1227 1232 1233
1234 1227 1233
1234 1233 1235
1236 1232 1237
1236 1237 1238
1236 1238 1239
1236 1239 1240
1239 1238 1241
1241 1238 1242
1241 1242 1243
1241 1244 1245
1241 1246 1244
1210 1212 1247
1248 1249 1250
1248 1250 1251
1252 1249 1248
1252 1248 1253
1254 1255 1256
1254 1256 1257
1258 1254 1257
1258 1259 1254
1260 1261 1262
1260 1262 1263
1264 1265 1266
1264 1267 1265
1264 1268 1267
1264 1266 1269
1268 1270 1267
1268 1271 1270
1272 1273 1274
1272 1274 1275
1276 1277 1278
1276 1278 1279
1280 1281 1282
1280 1282 1283
1284 1285 1286
1284 1286 1287
1287 1286 1288
1287 1288 1289
1290 1291 1292
1291 1290 1293
1291 1293 1294
1295 1296 1297
1296 1298 1297
1296 1299 1298
1300 1301 1302
1300 1302 1303
1304 1301 1300
1304 1305 1301
1306 1303 1302
1307 1306 1302
1307 1308 1306
1309 1310 1311
1312 1313 1314
1312 1314 1315
1316 1317 1318
1316 1318 1319
1320 1321 1322
1323 1320 1322
1323 1322 1324
1321 1325 1322
1326 1321 1327
1328 1329 1330
1328 1330 1331
1332 1331 1330
1332 1330 1333
1334 1332 1333
1334 1335 1332
1336 1337 1338
1339 1336 1338
1339 1338 1340
1341 1339 1340
1341 1340 1342
1343 1344 1345
1346 1343 1345
1347 1348 1349
1347 1349 1350
1351 1352 1353
1351 1353 1354
1355 1356 1357
1355 1357 1358
1359 1356 1355
1359 1360 1356
1361 1362 1363
1361 1363 1364
1365 1366 1367
1365 1367 1368
1369 1370 1371
1369 1371 1372
1373 1370 1369
1373 1374 1370
1375 1376 1377
1375 1377 1378
1379 1380 1381
1379 1381 1382
1383 1384 1385
1386 1383 1385
1387 1386 1385
1387 1388 1386
1388 1387 1389
1389 1387 1390
1391 1392 1393
1391 1393 1394
1394 1395 1396
1394 1396 1397
1398 1399 1400
1398 1400 1401
1402 1403 1404
1402 1404 1405
1406 1403 1402
1406 1402 1407
1408 1409 1410
1408 1410 1411
1412 1408 1411
1412 1413 1408
1414 1410 1409
1414 1409 1415
1416 1417 1418
1416 1418 1419
1420 1421 1422
1423 1422 1421
1423 1421 1424
1425 1423 1424
1426 1427 1428
1426 1428 1429
1430 1426 1429
1430 1431 1426
1432 1428 1427
1432 1427 1433
1434 1435 1436
1434 1436 1437
1438 1439 1440
1438 1440 1441
1442 1443 1444
1442 1444 1445
1445 1446 1442
1445 1447 1446
1446 1447 1448
1446 1448 1449
1450 1451 1452
1450 1452 1453
1454 1455 1456
1454 1456 1457
1455 1458 1456
1455 1459 1458
1460 1461 1462
1460 1462 1463
1464 1465 1466
1464 1466 1467
1468 1469 1470
1468 1470 1471
1469 1472 1470
1469 1473 1472
1474 1475 1476
1476 1477 1474
1476 1478 1477
1479 1480 1481
1481 1480 1482
1481 1482 1483
1484 1485 1486
1484 1486 1487
1488 1484 1487
1488 1487 1489
1486 1485 1490
1486 1490 1491
1490 1492 1491
1493 1494 1495
1496 1493 1495
1497 1494 1493
1497 1498 1494
1495 1494 1499
1500 1501 1502
1500 1502 1503
1504 1502 1501
1504 1505 1502
1506 1505 1504
1506 1504 1507
1508 1509 1510
1511 1509 1508
1511 1512 1509
1513 1512 1511
1513 1514 1512
1515 1516 1517
1518 1519 1520
1518 1520 1521
1522 1523 1524
1522 1524 1525
1526 1527 1528
1529 1530 1531
1532 1531 1530
1532 1533 1531
1534 1530 1529
1534 1535 1530
1532 1530 1535
1536 1532 1535
1535 1537 1536
1538 1534 1529
1538 1529 1539
1539 1540 1538
1539 1541 1540
1542 1541 1539
1543 1541 1542
1543 1544 1541
1544 1545 1541
1545 1540 1541
1544 1546 1545
1546 1547 1545
1548 1545 1547
1540 1545 1548
1549 1548 1547
1550 1551 1552
1553 1552 1551
1553 1551 1554
1555 1550 1552
1555 1552 1556
1556 1552 1553
1557 1556 1553
1556 1557 1558
1559 1550 1555
1559 1560 1550
1560 1559 1561
1560 1561 1562
1563 1560 1562
1564 1563 1562
1564 1562 1565
1565 1562 1566
1566 1562 1561
1565 1566 1567
1567 1566 1568
1569 1568 1566
1561 1569 1566
1570 1568 1569
1571 1572 1573
1571 1573 1574
1574 1573 1575
1574 1575 1576
1576 1575 1577
1578 1572 1571
1578 1579 1572
1580 1579 1578
1580 1581 1579
1582 1581 1580
1582 1583 1581
1584 1583 1582
1584 1585 1583
1586 1585 1584
1587 1588 1589
1587 1589 1590
1590 1589 1591
1590 1591 1592
1593 1588 1587
1593 1594 1588
1595 1594 1593
1595 1596 1594
1597 1596 1595
1597 1598 1596
1592 1591 1599
1592 1599 1600
1600 1599 1601
1602 1598 1597
1602 1603 1598
1604 1605 1606
1604 1606 1607
1608 1605 1604
1608 1609 1605
1610 1609 1608
1607 1606 1611
1607 1611 1612
1613 1614 1615
1616 1614 1613
1616 1613 1617
1618 1619 1620
1620 1619 1621
1620 1621 1622
1623 1624 1625
1623 1625 1626
1627 1624 1623
1627 1628 1624
1629 1628 1627
1630 1631 1632
1630 1632 1633
1630 1633 1634
1634 1635 1630
1634 1636 1635
1632 1631 1637
1636 1638 1635
1635 1638 1639
1638 1636 1640
1638 1640 1641
1641 1640 1642
1641 1642 1643
1637 1644 1632
1632 1644 1645
1632 1646 1647
1646 1648 1647
1646 1649 1648
1650 1643 1651
1650 1651 1652
1650 1652 1653
1654 1650 1653
1653 1652 1655
1652 1656 1655
1656 1657 1655
1658 1659 1660
1637 1659 1658
1659 1661 1662
1661 1663 1662
1661 1664 1663
1661 1665 1664
1665 1666 1664
1667 1668 1669
1667 1669 1670
1671 1672 1673
1671 1673 1674
1675 1676 1677
1675 1677 1678
1675 1679 1676
1679 1675 1680
1679 1680 1681
1677 1682 1678
1681 1680 1683
1680 1684 1683
1683 1685 1681
1683 1686 1685
1686 1687 1685
1686 1688 1687
1682 1677 1689
1677 1690 1689
1677 1691 1692
1692 1691 1693
1692 1693 1694
1695 1696 1688
1695 1697 1696
1695 1698 1697
1699 1698 1695
1698 1700 1697
1697 1700 1701
1701 1700 1702
1703 1704 1705
1682 1703 1705
1705 1706 1707
1707 1706 1708
1707 1708 1709
1707 1709 1710
1710 1709 1711
1712 1713 1714
1712 1714 1715
1712 1716 1713
1717 1713 1718
1717 1718 1719
1719 1718 1720
1719 1720 1721
1721 1720 1722
1723 1724 1725
1723 1725 1726
1727 1724 1723
1727 1728 1724
1729 1728 1727
1729 1730 1728
1731 1730 1729
1725 1732 1726
1725 1733 1732
1734 1735 1736
1734 1736 1737
1737 1736 1738
1739 1735 1734
1739 1740 1735
1741 1740 1739
1741 1742 1740
1743 1742 1741
1743 1744 1742
1745 1744 1743
1746 1747 1748
1748 1749 1746
1746 1749 1750
1746 1751 1752
1751 1753 1752
1751 1754 1753
1754 1755 1753
1754 1756 1755
1756 1757 1755
1756 1758 1757
1746 1752 1759
1746 1759 1760
1760 1759 1761
1759 1762 1761
1759 1763 1762
1764 1765 1766
1765 1764 1767
1764 1768 1767
1764 1769 1770
1770 1769 1771
1770 1771 1772
1772 1771 1773
1772 1773 1774
1774 1773 1775
1774 1775 1776
1764 1777 1769
1764 1778 1777
1778 1779 1777
1777 1779 1780
1777 1780 1781
1782 1783 1784
1783 1785 1784
1786 1785 1783
1787 1785 1786
1788 1787 1786
1788 1786 1789
1787 1788 1790
1782 1791 1783
1792 1789 1786
1783 1791 1792
1783 1792 1786
1792 1793 1789
1793 1794 1789
1789 1794 1795
1796 1789 1795
1788 1789 1796
1796 1795 1797
1795 1794 1798
1798 1799 1795
1795 1799 1800
1800 1799 1801
1800 1801 1802
1802 1803 1800
1804 1800 1803
1804 1803 1805
1802 1806 1803
1806 1807 1803
1808 1803 1807
1806 1809 1807
1809 1810 1807
1808 1807 1810
1808 1810 1811
1810 1812 1811
1809 1813 1810
1813 1814 1810
1812 1810 1814
1815 1803 1808
1802 1816 1806
1802 1817 1816
1818 1816 1817
1818 1819 1816
1806 1816 1820
1821 1820 1816
1809 1820 1822
1821 1822 1820
1821 1823 1822
1822 1823 1824
1809 1822 1825
1813 1822 1826
1824 1827 1822
1828 1821 1816
1829 1814 1830
1831 1832 1827
1806 1820 1833
1834 1795 1835
1835 1795 1800
1836 1837 1838
1838 1837 1839
1840 1838 1839
1841 1840 1839
1842 1840 1841
1842 1843 1840
1841 1844 1842
1836 1838 1845
1846 1840 1843
1838 1840 1846
1838 1846 1845
1846 1843 1847
1847 1843 1848
1843 1849 1848
1850 1849 1843
1842 1850 1843
1850 1851 1849
1849 1852 1848
1852 1849 1853
1849 1817 1853
1817 1854 1853
1817 1802 1854
1855 1817 1849
1856 1855 1849
1794 1793 1848
1857 1858 1859
1857 1859 1860
1861 1862 1863
1861 1863 1864
1865 1861 1864
1865 1866 1861
1867 1865 1864
1862 1868 1863
1868 1869 1863
1862 1870 1868
1870 1871 1868
1872 1864 1863
1872 1873 1864
1873 1867 1864
1874 1867 1873
1874 1873 1875
1875 1876 1874
1876 1875 1877
1878 1863 1869
1876 1877 1879
1876 1879 1880
1870 1881 1871
1882 1883 1884
1882 1884 1885
1886 1887 1888
1886 1888 1889
1890 1887 1886
1890 1886 1891
1892 1887 1890
1889 1888 1893
1893 1888 1894
1889 1893 1895
1895 1893 1896
1897 1888 1887
1897 1887 1898
1898 1887 1892
1899 1898 1892
1899 1900 1898
1900 1899 1901
1901 1902 1900
1903 1894 1888
1901 1904 1902
1901 1905 1904
1895 1896 1906
1907 1908 1909
1910 1911 1912
1913 1914 1911
1913 1911 1915
1916 1913 1915
1916 1917 1913
1917 1916 1918
1911 1914 1919
1914 1920 1919
1920 1921 1919
1920 1922 1921
1922 1923 1921
1923 1922 1924
1923 1924 1925
1925 1924 1926
1924 1927 1926
1928 1926 1927
1928 1927 1929
1930 1917 1918
1930 1918 1931
1932 1930 1931
1932 1933 1930
1934 1933 1932
1934 1932 1935
1936 1934 1935
1936 1937 1934
1937 1936 1938
1938 1939 1937
1939 1938 1940
1939 1940 1941
1942 1939 1941
1942 1943 1939
1944 1943 1942
1944 1945 1943
1946 1940 1938
1946 1941 1940
1938 1947 1946
1948 1941 1946
1948 1946 1949
1950 1948 1949
1950 1949 1951
1952 1953 1947
1952 1954 1953
1953 1954 1955
1953 1955 1956
1955 1957 1956
1955 1958 1957
1957 1958 1959
1957 1959 1960
1960 1959 1961
1961 1962 1960
1961 1963 1962
1962 1963 1964
1962 1964 1965
1964 1966 1965
1965 1966 1967
1967 1966 1968
1967 1968 1969
1969 1968 1970
1970 1971 1969
1970 1972 1971
1972 1973 1971
1971 1973 1974
1975 1974 1973
1975 1976 1974
1975 1977 1976
1977 1978 1976
1977 1979 1978
1979 1980 1978
1979 1981 1980
1982 1983 1984
1984 1985 1982
1986 1987 1988
1988 1987 1989
1988 1989 1990
1990 1989 1991
1990 1991 1992
1986 1988 1993
1993 1988 1994
1993 1994 1995
1995 1994 1996
1995 1996 1997
1997 1996 1998
1996 1992 1999
1996 1999 1998
1992 1991 1999
2000 2001 2002
2000 2003 2001
2003 2004 2001
2001 2005 2002
2004 2006 2001
2006 2004 2007
2004 2008 2007
2008 2009 2007
2009 2008 2010
2009 2010 2011
2011 2010 2012
2011 2012 2013
2013 2012 2014
2013 2014 2015
2015 2014 2016
2002 2005 2017
2002 2017 2018
2017 2019 2018
2018 2019 2020
2018 2020 2021
2021 2020 2022
2021 2022 2023
2023 2022 2024
2023 2024 2025
2025 2024 2026
2027 2028 2029
2029 2030 2027
2028 2027 2031
2032 2033 2034
2035 2036 2037
2035 2037 2038
2036 2039 2037
2036 2040 2039
2041 2035 2038
2041 2038 2042
2040 2043 2039
2040 2044 2043
2044 2045 2043
2044 2046 2045
2046 2047 2045
2046 2048 2047
2048 2049 2047
2048 2050 2049
2050 2051 2049
2050 2052 2051
2052 2053 2051
2052 2054 2053
2054 2055 2053
2054 2056 2055
2056 2057 2055
2056 2058 2057
2058 2059 2057
2058 2060 2059
2060 2061 2059
2060 2062 2061
2062 2063 2061
2062 2064 2063
2064 2065 2063
2064 2066 2065
2066 2067 2065
2066 2068 2067
2068 2069 2067
2068 2070 2069
2070 2071 2069
2070 2072 2071
2073 2074 2075
2073 2075 2076
2077 2078 2079
2077 2079 2080
2081 2082 2083
2081 2083 2084
2084 2083 2085
2084 2085 2086
2086 2085 2087
2088 2089 2090
2088 2090 2091
2092 2093 2094
2092 2094 2095
2096 2097 2098
2096 2098 2099
2100 2101 2102
2100 2102 2103
2104 2105 2106
2104 2106 2107
2108 2109 2110
2108 2110 2111
2112 2113 2114
2112 2114 2115
2116 2113 2112
2116 2112 2117
2118 2116 2117
2118 2119 2116
2120 2119 2118
2120 2118 2121
2122 2120 2121
2122 2123 2120
2124 2123 2122
2124 2122 2125
2114 2126 2115
2114 2127 2126
2126 2127 2128
2127 2129 2128
2129 2130 2128
2129 2131 2130
2129 2132 2131
2126 2128 2133
2134 2126 2135
1929 2136 2137
2137 2136 2138
2136 2139 2138
2138 2139 2140
1928 1929 2137
2141 2142 2143
2141 2143 2144
2145 2146 2147
2147 2146 2148
2146 2149 2148
2149 2150 2148
2149 2151 2150
2149 2152 2151
2151 2152 2153
2152 2154 2153
2155 2153 2154
2155 2156 2153
2156 2155 2157
2156 2157 2158
2157 2159 2158
2160 2161 2162
2160 2162 2163
2160 2163 2164
2163 2165 2164
2161 2166 2162
2166 2167 2162
2168 2169 2170
2169 2168 2171
2172 2173 2174
2172 2174 2175
2176 2172 2175
2176 2177 2172
2178 2177 2176
2178 2176 2179
2180 2178 2179
2180 2181 2178
2182 2181 2180
2182 2180 2183
2184 2182 2183
2184 2185 2182
1947 2186 1952
2187 2188 2189
2187 2189 2190
2191 2192 2193
2191 2193 2194
2191 2195 2192
2196 2195 2191
2197 2195 2196
2197 2198 2195
2199 2197 2196
2199 2200 2197
2201 2202 2203
2202 2204 2203
2203 2204 2205
2205 2204 2206
2205 2206 2207
2205 2207 2208
2207 2209 2208
2208 2209 2210
2211 2210 2209
2211 2209 2212
2212 2213 2211
2212 2214 2213
2213 2214 2215
2216 2217 2218
2219 2216 2218
2219 2220 2216
2221 2220 2219
2220 2221 2222
2223 2217 2216
2223 2224 2217
2223 2225 2224
2220 2222 2226
2227 2225 2223
2228 2225 2227
2228 2229 2225
2228 2230 2229
2231 2230 2228
2232 2230 2231
2232 2233 2230
2232 2234 2233
2235 2234 2232
2236 2234 2235
2237 2236 2235
2237 2235 2238
2237 2238 2239
2239 2238 2240
2241 2240 2238
2241 2242 2240
2242 2241 2243
2244 2242 2243
2245 2244 2243
2245 2246 2244
2247 2246 2245
2247 2245 2248
2247 2248 2249
2249 2250 2247
2251 2250 2249
2252 2251 2249
2249 2253 2252
2251 2252 2254
2254 2252 2255
2222 2256 2257
2258 2257 2256
2259 2257 2258
2258 2256 2260
2261 2258 2260
2261 2262 2258
2260 2256 2263
2263 2264 2260
2263 2265 2264
2260 2264 2266
2226 2222 2257
2264 2265 2267
2258 2268 2259
2259 2268 2269
2270 2268 2258
2268 2270 2271
2272 2267 2265
2272 2273 2267
2273 2272 2274
2275 2276 2277
2237 2278 2236
2279 2280 2281
2282 2280 2279
2282 2279 2283
2284 2282 2283
2283 2285 2284
2286 2279 2281
2286 2281 2287
2286 2287 2288
2283 2289 2285
2290 2286 2288
2291 2290 2288
2291 2288 2292
2291 2292 2293
2294 2291 2293
2295 2294 2293
2295 2293 2296
2295 2296 2297
2298 2295 2297
2299 2298 2297
2300 2298 2299
2300 2301 2298
2300 2302 2301
2302 2303 2301
2304 2301 2303
2304 2303 2305
2305 2306 2304
2307 2306 2305
2308 2306 2307
2308 2307 2309
2310 2308 2309
2310 2311 2308
2310 2312 2311
2312 2310 2313
2314 2312 2313
2312 2314 2315
2315 2316 2312
2314 2317 2315
2317 2318 2315
2285 2319 2320
2321 2320 2319
2322 2321 2319
2321 2323 2320
2324 2323 2321
2324 2321 2325
2323 2326 2320
2326 2323 2327
2326 2327 2328
2323 2329 2327
2289 2319 2285
2327 2330 2328
2321 2322 2331
2322 2332 2331
2333 2321 2331
2331 2334 2333
2335 2328 2330
2335 2330 2336
2336 2337 2335
2338 2339 2340
2300 2299 2341
2342 2343 2344
2342 2345 2343
2346 2342 2344
2346 2347 2342
2347 2348 2342
2345 2342 2348
2347 2349 2348
2349 2350 2348
2345 2348 2350
2349 2351 2350
2351 2352 2350
2343 2353 2344
2353 2343 2354
2355 2353 2354
2354 2356 2355
2354 2357 2356
2358 2357 2354
2354 2343 2358
2345 2358 2343
2353 2355 2359
2360 2353 2359
2361 2345 2350
2362 2358 2345
2345 2361 2362
2363 2361 2350
2350 2352 2363
2352 2364 2363
2356 2357 2365
2360 2359 2366
2367 2358 2362
2367 2362 2368
2358 2367 2369
2370 2358 2369
2370 2369 2371
2372 2370 2371
2368 2362 2373
2373 2374 2368
2373 2375 2374
2374 2375 2376
2376 2375 2377
2376 2377 2378
2378 2377 2379
2378 2379 2380
2381 2378 2380
2382 2381 2380
2383 2380 2379
2384 2382 2380
2384 2385 2382
2382 2385 2386
2385 2384 2387
2388 2389 2390
2389 2391 2390
2389 2392 2391
2392 2393 2391
2392 2394 2393
2395 2393 2396
2390 2395 2397
2395 2396 2397
2398 2393 2395
2399 2398 2395
2388 2399 2400
2388 2400 2401
2402 2388 2401
2402 2401 2403
2403 2401 2404
2403 2404 2405
2401 2400 2406
2401 2406 2404
2400 2407 2406
2400 2408 2407
2399 2397 2408
2399 2408 2400
2360 2409 2410
2353 2409 2344
2411 2412 2413
2414 2415 2416
2414 2416 2417
2418 2415 2414
2418 2414 2419
2419 2414 2420
2417 2420 2414
2419 2420 2421
2421 2420 2422
2417 2422 2420
2421 2422 2423
2423 2422 2424
2416 2415 2425
2425 2426 2416
2427 2426 2425
2426 2427 2428
2426 2428 2429
2430 2426 2429
2426 2430 2416
2417 2416 2430
2425 2431 2427
2432 2431 2425
2433 2422 2417
2434 2417 2430
2417 2434 2433
2435 2422 2433
2422 2435 2424
2424 2435 2436
2428 2437 2429
2432 2438 2431
2439 2434 2430
2439 2440 2434
2430 2441 2439
2442 2441 2430
2442 2443 2441
2444 2443 2442
2440 2445 2434
2445 2440 2446
2445 2446 2447
2448 2449 2447
2449 2450 2447
2449 2451 2450
2451 2452 2450
2451 2453 2452
2454 2453 2451
2455 2453 2454
2456 2452 2453
2457 2453 2455
2457 2455 2458
2455 2459 2458
2458 2460 2457
2461 2462 2463
2463 2462 2464
2463 2464 2465
2465 2464 2466
2465 2466 2467
2468 2469 2466
2470 2468 2466
2471 2468 2470
2461 2472 2471
2461 2473 2472
2471 2472 2474
2475 2473 2461
2475 2476 2473
2476 2477 2473
2476 2478 2477
2473 2477 2479
2473 2479 2472
2472 2479 2480
2472 2480 2474
2468 2481 2469
2471 2474 2481
2462 2481 2468
2432 2482 2483
2425 2415 2483
2484 2485 2486
2487 2488 2489
2487 2489 2490
2491 2492 2493
2491 2493 2494
2495 2496 2497
2498 2497 2496
2498 2499 2497
2498 2500 2499
2498 2501 2500
2498 2496 2502
2495 2503 2496
2495 2504 2503
2505 2504 2495
2505 2495 2506
2507 2505 2506
2508 2509 2510
2508 2511 2509
2512 2513 2514
2512 2514 2515
2516 2512 2515
2516 2515 2517
2518 2516 2517
2518 2517 2519
2520 2521 2522
2520 2522 2523
2524 2525 2520
2526 2525 2524
2526 2527 2525
2526 2528 2527
2529 2528 2526
2530 2528 2529
2530 2531 2528
2530 2532 2531
2533 2532 2530
2534 2535 2530
2536 2537 2538
2539 2538 2537
2539 2537 2540
2539 2540 2541
2539 2541 2542
2539 2543 2538
2536 2538 2544
2536 2544 2545
2546 2536 2545
2546 2547 2536
2548 2547 2546
2549 2550 2551
2549 2551 2552
2552 2551 2553
2552 2553 2554
2554 2553 2555
2554 2555 2556
2556 2555 2557
2558 2559 2560
2558 2560 2561
2562 2560 2559
2562 2563 2560
2564 2558 2561
2564 2561 2565
2564 2566 2558
2567 2566 2564
2567 2568 2566
2569 2568 2567
2569 2570 2568
2571 2570 2569
2571 2572 2570
2562 2573 2563
2562 2574 2573
2575 2576 2577
2575 2577 2578
2579 2580 2581
2579 2581 2582
2583 2579 2584
2585 2583 2584
2585 2582 2586
2585 2586 2587
2588 2585 2587
2589 2588 2587
2589 2587 2590
2589 2590 2591
2589 2591 2592
2593 2589 2594
2595 2596 2597
2598 2597 2596
2596 2599 2598
2600 2598 2599
2599 2601 2600
2601 2602 2600
2600 2603 2598
2603 2600 2604
2603 2604 2605
2604 2600 2606
2604 2606 2607
2604 2607 2608
2607 2606 2609
2609 2606 2610
2610 2606 2611
2612 2610 2611
2613 2612 2611
2611 2614 2613
2614 2615 2613
2616 2615 2614
2616 2614 2617
2616 2617 2618
2618 2617 2619
2617 2620 2619
2617 2621 2620
2617 2614 2622
2622 2614 2623
2615 2616 2624
2615 2624 2625
2625 2624 2626
2618 2619 2627
2619 2628 2627
2628 2619 2629
2630 2615 2631
2632 2631 2633
2632 2633 2634
2632 2634 2635
2632 2635 2636
2632 2636 2637
2613 2632 2637
2615 2632 2613
2638 2639 2640
2638 2640 2641
2642 2643 2644
2642 2645 2643
2646 2647 2648
2646 2648 2649
2647 2650 2648
2647 2651 2650
2651 2652 2650
2651 2653 2652
2653 2654 2652
2653 2655 2654
2656 2657 2658
2659 2660 2661
2662 2663 2664
2662 2664 2665
2666 2663 2662
2667 2668 2669
2670 2668 2667
2670 2667 2671
2604 2672 2673
2672 2604 2674
2675 2676 2677
2675 2677 2678
2679 2680 2681
2681 2680 2682
2683 2682 2680
2683 2684 2682
2685 2684 2683
2686 2687 2688
2686 2689 2687
2689 2690 2691
2689 2692 2690
2693 2694 2695
2693 2696 2694
2693 2697 2696
2693 2698 2697
2699 2700 2701
2699 2701 2702
2703 2704 2705
2706 2703 2705
2706 2705 2707
2708 2706 2707
2708 2707 2709
2705 2704 2710
2711 2712 2713
2711 2713 2714
2715 2716 2717
2715 2717 2718
2719 2720 2721
2719 2721 2722
2719 2723 2720
2719 2724 2723
2725 2723 2724
2726 2727 2728
2727 2729 2728
2726 2730 2727
2727 2731 2729
2727 2732 2731
2727 2733 2732
2727 2734 2733
2735 2734 2727
2736 2726 2728
2737 2736 2728
2737 2738 2736
2737 2739 2738
2739 2740 2738
2738 2740 2741
2738 2741 2742
2738 2743 2736
2743 2744 2736
2739 2745 2740
2740 2745 2746
2746 2747 2740
2728 2748 2737
2728 2749 2748
2749 2750 2748
2726 2736 2751
2751 2752 2726
2751 2753 2752
2751 2754 2753
2755 2753 2754
2756 2755 2754
2757 2756 2754
2757 2754 2758
2759 2757 2758
2759 2760 2757
2761 2759 2758
2762 2761 2758
2761 2762 2763
2763 2764 2761
2765 2764 2763
2762 2758 2766
2766 2758 2767
2768 2756 2757
2769 2770 2757
2757 2771 2769
2772 2773 2774
2772 2774 2775
2776 2777 2778
2776 2778 2779
2780 2781 2782
2780 2782 2783
2783 2782 2784
2783 2784 2785
2785 2784 2786
2785 2786 2787
2787 2786 2788
2787 2788 2789
2790 2791 2792
2793 2794 2795
2796 2797 2798
2796 2798 2799
2800 2796 2799
2801 2802 2803
2804 2801 2803
2804 2805 2801
2806 2807 2808
2806 2808 2809
2810 2811 2812
2811 2813 2812
2814 2812 2813
2814 2813 2815
2816 2814 2815
2817 2818 2819
2817 2819 2820
2820 2821 2822
2820 2822 2823
2824 2825 2826
2824 2826 2827
2824 2827 2828
2824 2828 2829
2830 2831 2832
2833 2834 2835
2836 2834 2833
2836 2837 2834
2838 2837 2836
2838 2839 2837
2834 2840 2835
2841 2842 2843
2841 2843 2844
2845 2846 2847
2845 2847 2848
2849 2850 2851
2849 2851 2852
2849 2852 2853
2849 2853 2854
2855 2854 2853
2856 2857 2858
2859 2860 2861
2862 2861 2860
2863 2862 2860
2862 2863 2864
2865 2862 2864
2865 2866 2862
2865 2867 2866
2865 2868 2867
2863 2860 2869
2870 2871 2872
2870 2872 2873
2871 2874 2872
2871 2875 2874
2874 2875 2876
2874 2876 2877
2878 2879 2880
2881 2880 2879
2882 2880 2881
2881 2883 2882
2884 2883 2881
2884 2881 2885
2884 2885 2886
2884 2886 2887
2882 2888 2880
2889 2890 2891
2889 2891 2892
2892 2891 2893
2892 2893 2894
2893 2895 2894
2893 2896 2895
2897 2898 2899
2899 2898 2900
2897 2901 2898
2902 2901 2897
2903 2898 2904
2905 2903 2904
2905 2904 2906
2907 2908 2909
2908 2907 2910
2911 2907 2909
2911 2912 2907
2911 2913 2912
2914 2913 2911
2914 2911 2915
2914 2915 2916
2916 2915 2917
2916 2917 2918
2918 2917 2919
2913 2914 2920
2908 2921 2922
2923 2910 2924
2924 2910 2925
2924 2925 2926
2926 2925 2927
2928 2929 2930
2929 2928 2931
2931 2928 2932
2931 2932 2933
2934 2930 2929
2935 2936 2937
2935 2937 2938
2939 2935 2938
2939 2938 2940
2936 2941 2942
2936 2942 2943
2944 2945 2946
2947 2945 2944
2947 2948 2945
2949 2948 2947
2949 2950 2948
2951 2950 2949
2952 2953 2954
2952 2954 2955
2953 2956 2954
2953 2957 2956
2958 2952 2955
2958 2959 2952
2960 2959 2958
2961 2962 2963
2961 2963 2964
2961 2965 2966
2961 2966 2967
2967 2968 2969
2967 2969 2970
2970 2971 2972
2973 2974 2975
2975 2974 2976
2975 2976 2977
2978 2977 2976
2978 2976 2979
2980 2981 2982
2980 2982 2983
2984 2982 2981
2984 2981 2985
2986 2987 2988
2989 2990 2991
2990 2992 2991
2989 2991 2993
2994 2989 2993
2995 2996 2991
2997 2996 2995
2997 2998 2996
2999 3000 3001
3002 2999 3001
3002 3001 3003
3004 3002 3003
3004 3003 3005
3006 3004 3005
3006 3005 3007
3008 3006 3007
3008 3007 3009
3010 3008 3009
3010 3009 3011
3012 3013 3014
3014 3015 3012
3016 3013 3012
3016 3012 3017
3016 3017 3018
3019 3016 3018
3019 3020 3016
3019 3021 3020
3021 3022 3020
3021 3023 3022
3023 3024 3022
3018 3025 3019
3014 3026 3027
3028 3029 3015
3029 3030 3015
3029 3031 3030
3031 3032 3030
3033 3034 3035
3035 3036 3033
3036 3037 3033
3036 3038 3037
3039 3035 3034
3040 3041 3042
3040 3042 3043
3044 3041 3040
3044 3045 3041
3043 3046 3047
3043 3047 3048
3049 3050 3051
3052 3049 3051
3052 3051 3053
3054 3052 3053
3054 3053 3055
3056 3054 3055
3057 3058 3059
3057 3059 3060
3060 3059 3061
3060 3061 3062
3063 3058 3057
3063 3057 3064
3065 3063 3064
3066 3067 3068
3066 3068 3069
3066 3070 3071
3066 3071 3072
3070 3073 3074
3070 3074 3075
3073 3076 3077
3078 3079 3080
3079 3081 3080
3079 3082 3081
3083 3081 3082
3083 3084 3081
3085 3086 3087
3085 3087 3088
3089 3088 3087
3089 3090 3088
3091 3092 3093
3094 3095 3096
3097 3098 3099
3097 3099 3100
3100 3099 3101
3100 3101 3102
3102 3101 3103
3102 3103 3104
3102 3104 3105
3105 3104 3106
3105 3106 3107
3107 3106 3108
3107 3108 3109
3109 3108 3110
3109 3110 3111
3111 3110 3112
3111 3112 3113
3113 3112 3114
3115 3113 3114
3115 3114 3116
3115 3116 3117
3117 3116 3118
3119 3120 3121
3119 3121 3122
3121 3123 3122
3122 3123 3124
3123 3125 3124
3124 3125 3126
3125 3127 3126
3126 3127 3128
3127 3129 3128
3128 3129 3130
3129 3131 3130
3130 3131 3132
3131 3133 3132
3132 3133 3134
3133 3135 3134
3134 3135 3136
3135 3137 3136
3136 3137 3138
3137 3139 3138
3138 3139 3140
3141 3142 3143
3143 3144 3141
3141 3144 3145
3146 3147 3142
3119 3148 3120
3149 3150 3151
3152 3149 3151
3151 3150 3153
3098 3097 3154
3155 3156 3157
3158 3155 3157
3159 3158 3157
3159 3157 3160
3159 3160 3161
3161 3160 3162
3163 3161 3162
3163 3162 3164
3165 3163 3164
3165 3164 3166
3167 3165 3166
3167 3166 3168
3169 3167 3168
3169 3168 3170
3171 3169 3170
3171 3170 3172
3171 3172 3173
3174 3171 3173
3174 3173 3175
3176 3174 3175
3176 3175 3177
3177 3178 3176
3177 3179 3178
3177 3180 3179
3180 3181 3179
3179 3181 3178
3177 3182 3183
3177 3183 3184
3185 3186 3182
3186 3185 3187
3185 3188 3187
3189 3182 3190
3191 3192 3193
3194 3195 3196
3194 3196 3197
3198 3199 3200
3198 3201 3199
3199 3201 3202
3201 3203 3202
3202 3203 3204
3203 3205 3204
3204 3205 3206
3205 3207 3206
3206 3207 3208
3207 3209 3208
3208 3209 3210
3209 3211 3210
3210 3211 3212
3211 3213 3212
3212 3213 3214
3213 3215 3214
3214 3215 3216
3215 3217 3216
3216 3217 3218
3217 3219 3218
3220 3221 3222
3220 3222 3223
3224 3222 3221
3224 3225 3222
3226 3225 3224
3227 3226 3224
3227 3228 3226
3226 3229 3225
3226 3230 3229
3228 3227 3231
3232 3229 3230
3233 3220 3223
3234 3220 3233
3235 3234 3233
3236 3234 3235
3198 3200 3237
3238 3239 3240
3240 3239 3241
3240 3241 3242
3242 3241 3243
3244 3239 3238
3244 3238 3245
3242 3243 3246
3246 3243 3247
3246 3247 3248
3248 3247 3249
3248 3249 3250
3248 3250 3251
3252 3251 3250
3252 3253 3251
3244 3245 3254
3255 3244 3254
3255 3254 3256
3253 3257 3258
3259 3260 3261
3260 3262 3261
3260 3263 3262
3263 3264 3262
3265 3259 3261
3265 3266 3259
3263 3267 3264
3267 3268 3264
3267 3269 3268
3269 3270 3268
3269 3271 3270
3269 3272 3271
3273 3271 3272
3273 3272 3274
3265 3275 3266
3276 3275 3265
3276 3277 3275
3274 3278 3279
3280 3281 3282
3281 3283 3282
3281 3284 3283
3285 3286 3287
3285 3287 3288
3285 3289 3286
3286 3289 3290
3286 3290 3291
3291 3290 3292
3291 3292 3293
3293 3292 3294
3293 3294 3295
3295 3294 3296
3295 3296 3297
3297 3296 3298
3297 3298 3299
3299 3298 3300
3299 3300 3301
3301 3300 3302
3301 3302 3303
3303 3302 3304
3303 3304 3305
3306 3305 3304
3306 3304 3307
3308 3306 3307
3308 3307 3309
3309 3310 3308
3309 3311 3310
3312 3313 3314
3312 3314 3315
3316 3317 3318
3316 3318 3319
3320 3316 3319
3320 3319 3321
3322 3320 3321
3322 3321 3323
3324 3322 3323
3324 3323 3325
3326 3324 3325
3326 3325 3327
3328 3326 3327
3328 3327 3329
3317 3330 3318
3317 3331 3330
3332 3333 3334
3332 3334 3335
3336 3337 3338
3336 3338 3339
3340 3341 3342
3340 3342 3343
3344 3342 3341
3344 3345 3342
3346 3347 3348
3346 3348 3349
3346 3350 3347
3351 3352 3353
3351 3353 3354
3355 3356 3357
3355 3357 3358
3359 3360 3361
3359 3361 3362
3363 3364 3365
3363 3365 3366
3367 3368 3369
3367 3369 3370
3371 3372 3373
3372 3374 3373
3374 3375 3373
3376 3377 3378
3376 3378 3379
3380 3381 3382
3380 3382 3383
3384 3381 3380
3384 3385 3381
3383 3382 3386
3383 3386 3387
3388 3385 3384
3388 3389 3385
3390 3389 3388
3390 3391 3389
3392 3391 3390
3392 3393 3391
3387 3386 3394
3387 3394 3395
3396 3397 3398
3396 3398 3399
3400 3401 3402
3403 3404 3405
3403 3405 3406
3407 3408 3409
3408 3410 3409
3408 3411 3410
3410 3411 3412
3407 3413 3408
3408 3413 3414
3408 3414 3411
3414 3415 3411
3414 3416 3415
3415 3416 3417
3417 3416 3418
3416 3419 3418
3410 3412 3420
3412 3421 3420
3421 3422 3420
3420 3422 3423
3423 3422 3424
3425 3418 3419
3426 3425 3419
3425 3426 3427
3427 3426 3428
3427 3428 3429
3423 3424 3430
3424 3431 3430
3431 3432 3430
3431 3433 3432
3434 3435 3436
3434 3436 3437
3438 3437 3436
3438 3436 3439
3440 3438 3439
3440 3439 3441
3442 3440 3441
3442 3441 3443
3444 3442 3443
3444 3443 3445
3446 3444 3445
3446 3445 3447
3448 3446 3447
3448 3447 3449
3450 3448 3449
3450 3449 3451
3452 3450 3451
3452 3451 3453
3454 3452 3453
3455 3456 3435
3455 3435 3434
3457 3458 3459
3457 3459 3460
3461 3462 3463
3461 3463 3464
3465 3466 3467
3465 3467 3468
3469 3470 3471
3472 3473 3474
3474 3473 3475
3476 3477 3478
3476 3478 3479
3480 3481 3482
3480 3482 3483
3480 3484 3481
3480 3485 3484
3486 3487 3488
3486 3488 3489
3487 3490 3488
3487 3491 3490
3492 3493 3494
3492 3494 3495
3496 3492 3495
3496 3495 3497
3498 3499 3500
3500 3499 3501
3499 3502 3501
3501 3502 3503
3502 3499 3504
3505 3502 3504
3506 3505 3504
3506 3504 3507
3504 3508 3507
3504 3509 3508
3509 3510 3508
3511 3498 3500
3512 3511 3500
3513 3511 3512
3512 3500 3514
3500 3515 3514
3514 3515 3516
3516 3515 3503
3513 3512 3517
3512 3514 3518
3518 3503 3519
3517 3518 3519
3520 3512 3518
3521 3508 3510
3521 3522 3508
3522 3507 3508
3523 3517 3522
3523 3522 3521
3522 3517 3524
3522 3524 3507
3517 3525 3524
3525 3505 3524
3526 3527 3528
3528 3527 3529
3528 3529 3530
3527 3531 3529
3530 3529 3532
3532 3529 3533
3529 3531 3533
3532 3533 3534
3535 3528 3530
3535 3530 3532
3535 3536 3528
3536 3526 3528
3537 3536 3535
3537 3535 3538
3538 3535 3532
3539 3532 3534
3540 3531 3541
3542 3540 3541
3543 3540 3542
3539 3543 3542
3542 3541 3544
3531 3545 3541
3541 3546 3544
3541 3545 3546
3545 3547 3546
3548 3542 3544
3548 3539 3542
3548 3544 3546
3549 3539 3548
3549 3548 3550
3550 3546 3547
3550 3548 3546
3551 3552 3553
3554 3552 3551
3554 3551 3555
3554 3555 3556
3552 3557 3553
3553 3557 3558
3559 3558 3557
3558 3559 3560
3561 3560 3559
3562 3560 3561
3562 3563 3560
3564 3563 3562
3565 3563 3564
3566 3567 3568
3569 3568 3567
3569 3570 3568
3571 3570 3569
3571 3572 3570
3573 3572 3571
3573 3571 3574
3575 3567 3566
3575 3576 3567
3577 3578 3579
3580 3577 3579
3580 3579 3581
3582 3580 3581
3583 3582 3581
3578 3584 3579
3578 3585 3586
3587 3584 3585
3588 3586 3587
3589 3590 3591
3591 3590 3592
3590 3593 3592
3593 3590 3594
3593 3594 3595
3596 3595 3594
3596 3597 3595
3598 3599 3600
3598 3601 3599
3602 3603 3604
3605 3604 3603
3605 3606 3604
3607 3606 3605
3608 3603 3602
3608 3609 3603
3609 3608 3610
3611 3607 3612
3613 3611 3612
3614 3615 3616
3614 3616 3617
3615 3618 3616
3615 3619 3618
3619 3620 3618
3619 3621 3620
3621 3622 3620
3623 3624 3625
3623 3625 3626
3627 3623 3626
3628 3629 3630
3631 3632 3633
3634 3631 3633
3634 3635 3631
3634 3636 3635
3633 3632 3637
3632 3638 3637
3639 3637 3638
3638 3640 3639
3641 3639 3640
3642 3641 3640
3642 3640 3643
3644 3642 3643
3645 3644 3643
3646 3647 3648
3649 3648 3647
3649 3647 3650
3651 3649 3650
3651 3650 3652
3653 3651 3652
3653 3654 3651
3655 3646 3648
3655 3648 3656
3657 3658 3659
3660 3658 3657
3660 3661 3658
3662 3661 3660
3663 3661 3662
3659 3658 3664
3659 3665 3666
3667 3666 3664
3668 3667 3665
3669 3670 3671
3670 3672 3671
3671 3672 3673
3673 3674 3671
3673 3675 3674
3676 3674 3675
3676 3675 3677
3678 3679 3680
3678 3680 3681
3682 3683 3684
3685 3684 3683
3685 3683 3686
3687 3685 3686
3688 3682 3684
3688 3684 3689
3689 3690 3688
3691 3692 3687
3693 3692 3691
3694 3695 3696
3694 3696 3697
3697 3696 3698
3697 3698 3699
3699 3698 3700
3699 3700 3701
3701 3700 3702
3703 3704 3705
3703 3705 3706
3707 3704 3703
3708 3709 3710
3711 3712 3713
3714 3715 3716
3714 3716 3717
3718 3719 3720
3719 3721 3720
3721 3722 3720
3720 3722 3723
3720 3723 3724
3725 3726 3727
3725 3727 3728
3728 3727 3729
3728 3729 3730
3731 3732 3733
3731 3733 3734
3735 3733 3736
3735 3736 3737
3737 3736 3738
3737 3738 3739
3740 3741 3742
3740 3742 3743
3743 3742 3744
3743 3744 3745
3746 3747 3748
3746 3748 3749
3746 3749 3750
3746 3751 3747
3752 3753 3754
3752 3754 3755
3754 3756 3755
3756 3757 3755
3756 3758 3757
3759 3760 3761
3759 3761 3762
3762 3761 3763
3762 3763 3764
3764 3763 3765
3764 3765 3766
3767 3760 3759
3767 3768 3760
3769 3766 3765
3769 3765 3770
3771 3769 3770
3771 3770 3772
3773 3774 3775
3776 3774 3773
3776 3777 3774
3774 3778 3775
3779 3780 3781
3781 3780 3782
3782 3780 3783
3780 3784 3783
3780 3785 3784
3786 3787 3788
3786 3788 3789
3787 3790 3788
3787 3791 3790
3792 3793 3794
3792 3794 3795
3793 3796 3794
3793 3797 3796
3798 3799 3795
3798 3800 3799
3801 3802 3803
3801 3803 3804
3805 3801 3804
3805 3806 3801
3807 3808 3809
3807 3810 3808
3807 3811 3810
3807 3812 3811
3813 3814 3815
3813 3816 3814
3814 3816 3817
3817 3816 3818
3817 3818 3819
3820 3821 3822
3820 3822 3823
3821 3824 3822
3821 3825 3824
3825 3826 3824
3825 3827 3826
3828 3820 3823
3828 3823 3829
3830 3826 3827
3830 3831 3826
3832 3831 3830
3832 3833 3831
3834 3835 3836
3837 3834 3836
3837 3836 3838
3836 3835 3839
3840 3841 3842
3840 3842 3843
3844 3845 3846
3844 3846 3847
3848 3849 3850
3850 3849 3851
3851 3849 3852
3849 3853 3852
3849 3854 3853
3855 3856 3857
3855 3857 3858
3856 3859 3857
3856 3860 3859
3861 3862 3863
3861 3863 3864
3865 3866 3863
3865 3867 3866
3867 3868 3866
3867 3869 3868
3870 3871 3872
3870 3872 3873
3871 3874 3872
3871 3875 3874
3876 3877 3878
3876 3879 3877
3876 3880 3879
3876 3878 3881
3882 3883 3884
3882 3885 3883
3883 3885 3886
3886 3885 3887
3886 3887 3888
3889 3890 3891
3889 3891 3892
3890 3893 3891
3890 3894 3893
3894 3895 3893
3894 3896 3895
3897 3889 3892
3897 3892 3898
3899 3895 3896
3899 3900 3895
3901 3900 3899
3901 3902 3900
3903 3904 3905
3906 3903 3905
3906 3905 3907
3905 3904 3908
3909 3910 3911
3910 3912 3911
3912 3913 3911
3911 3913 3914
3911 3914 3915
3916 3917 3918
3916 3918 3919
3919 3918 3920
3919 3920 3921
3922 3923 3924
3922 3924 3925
3925 3924 3926
3925 3926 3927
3928 3923 3929
3928 3929 3930
3931 3932 3933
3931 3933 3934
3935 3932 3931
3935 3931 3936
3937 3938 3939
3937 3939 3940
3937 3940 3941
3937 3941 3942
3943 3944 3945
3943 3945 3946
3945 3947 3946
3947 3948 3946
3947 3949 3948
3950 3951 3952
3950 3952 3953
3953 3952 3954
3953 3954 3955
3955 3954 3956
3955 3956 3957
3958 3951 3950
3958 3959 3951
3960 3957 3956
3960 3956 3961
3962 3960 3961
3962 3961 3963
3964 3965 3966
3967 3965 3964
3967 3968 3965
3965 3969 3966
