byte offset: 0
first index: 0
index count: 3114
topology: trianglelist
format: DXGI_FORMAT_R16_UINT

0 1 2
1 3 2
0 2 4
5 0 4
6 5 4
1 7 3
7 8 3
7 9 8
9 10 8
9 11 10
11 12 10
11 13 12
13 14 12
13 15 14
15 16 14
15 17 16
17 18 16
17 19 18
19 20 18
19 21 20
5 6 22
6 23 22
24 22 23
25 6 26
6 4 26
27 25 26
28 27 26
29 27 28
30 29 28
31 29 30
32 33 34
33 35 34
34 36 32
36 37 32
35 33 38
39 35 38
39 38 40
41 42 43
42 44 43
45 42 41
46 45 41
47 45 46
43 44 48
44 49 48
48 49 50
49 51 50
50 51 52
51 53 52
52 53 54
53 55 54
54 55 56
55 57 56
56 57 58
57 59 58
58 59 60
59 61 60
60 61 62
46 63 47
63 64 47
65 64 63
66 67 47
67 45 47
66 68 67
68 69 67
68 70 69
70 71 69
72 71 70
73 74 75
74 76 75
77 74 73
78 77 73
75 76 79
76 80 79
80 81 79
82 83 84
83 85 84
82 84 86
87 82 86
87 86 88
89 87 88
90 89 88
91 90 88
92 90 91
93 92 91
94 92 93
95 94 93
85 83 96
97 85 96
96 98 97
98 99 97
99 98 100
98 101 100
101 102 100
102 103 100
103 102 104
105 106 107
108 109 110
109 111 110
112 108 110
113 112 110
114 112 113
115 114 113
116 114 115
117 116 115
118 116 117
119 118 117
120 118 119
111 109 121
122 111 121
121 123 122
123 124 122
124 123 125
126 124 125
126 125 127
128 126 127
127 129 128
130 131 132
133 134 135
134 136 135
137 135 136
138 137 136
139 137 138
140 139 138
140 141 139
141 142 139
141 143 142
143 144 142
145 144 143
146 144 145
134 133 147
133 148 147
149 147 148
150 149 148
150 151 149
151 152 149
152 151 153
151 154 153
154 155 153
156 157 158
159 160 161
160 162 161
159 163 160
163 164 160
163 165 164
165 166 164
165 167 166
167 168 166
167 169 168
169 170 168
171 170 169
172 161 162
173 172 162
172 173 174
173 175 174
176 174 175
177 176 175
176 177 178
177 179 178
178 179 180
181 182 183
184 185 186
185 187 186
184 186 188
189 184 188
190 189 188
191 190 188
191 192 190
193 192 191
186 187 194
187 195 194
188 186 196
186 194 196
191 188 197
188 196 197
191 197 193
197 198 193
193 198 199
199 200 193
200 201 193
193 201 192
200 199 202
199 203 202
198 204 199
199 204 203
204 205 203
203 205 206
205 207 206
206 207 208
209 206 208
206 209 210
210 209 211
211 209 212
213 206 210
214 206 213
202 203 214
203 206 214
207 215 208
205 215 207
204 215 205
198 215 204
208 215 216
216 215 217
218 216 217
209 208 218
208 216 218
219 218 217
217 215 220
217 220 219
220 215 221
221 215 195
195 215 194
194 215 196
196 215 197
197 215 198
220 222 219
222 220 221
223 219 222
224 219 223
225 219 224
226 225 224
227 223 222
227 222 228
222 229 228
229 222 221
230 228 229
229 221 187
221 195 187
229 187 231
229 231 230
187 185 231
226 212 225
212 209 225
232 233 234
233 235 234
234 236 232
236 237 232
237 236 238
236 239 238
240 238 239
241 240 239
240 242 238
242 243 238
244 235 233
245 244 233
240 241 246
241 247 246
246 247 248
249 246 248
242 240 250
240 246 250
250 246 249
243 251 238
251 237 238
252 251 243
253 252 243
243 242 253
252 253 254
253 255 254
252 254 256
256 254 257
257 258 256
258 259 256
254 260 257
260 254 255
258 261 259
261 262 259
259 262 263
262 264 263
256 259 265
259 263 265
265 252 256
251 252 265
266 251 265
266 265 263
267 266 263
263 264 267
258 257 268
257 269 268
257 260 269
268 270 258
270 261 258
270 271 261
271 272 261
261 272 262
271 273 272
273 274 272
273 275 274
275 276 274
276 275 277
278 276 277
279 276 278
280 279 278
274 276 281
276 279 281
282 281 279
283 282 279
283 284 282
284 285 282
284 286 285
286 287 285
288 286 284
289 288 284
289 284 283
283 279 290
279 280 290
290 289 283
285 287 291
291 287 292
287 293 292
292 293 294
293 295 294
294 295 296
295 297 296
297 298 296
298 299 296
298 300 299
300 301 299
300 302 301
302 303 301
304 301 303
299 301 304
305 304 303
292 294 306
307 292 306
306 294 308
294 296 308
308 296 309
296 299 309
309 299 304
308 309 310
309 311 310
311 309 312
309 304 312
304 305 312
300 313 302
313 300 298
313 314 302
302 314 315
316 302 315
302 316 303
317 316 315
318 317 315
318 319 317
319 320 317
317 320 321
320 322 321
322 320 323
324 322 323
325 322 324
326 325 324
327 325 326
328 327 326
328 326 255
250 327 328
327 250 329
330 327 329
325 327 330
242 250 328
242 328 253
328 255 253
324 323 331
326 324 332
324 331 332
326 332 255
332 260 255
332 331 333
332 333 334
332 334 260
260 334 269
334 335 269
335 336 269
269 336 337
268 269 337
337 338 268
338 270 268
270 338 339
271 270 339
271 339 340
273 271 340
273 340 341
275 273 341
275 341 342
277 275 342
343 335 334
333 343 334
338 337 344
345 338 344
340 339 346
339 347 346
339 338 347
338 345 347
348 342 341
349 348 341
346 349 340
349 341 340
333 350 343
351 343 350
343 351 335
351 352 335
335 352 336
352 353 336
344 337 353
337 336 353
354 351 350
350 333 355
355 331 356
356 331 323
357 356 323
323 320 357
320 319 357
331 355 333
358 359 360
359 361 360
361 359 362
362 359 363
359 364 363
364 359 358
365 361 362
365 362 366
367 365 366
366 368 367
368 369 367
369 368 370
368 371 370
368 372 371
372 368 366
372 373 371
370 371 374
371 375 374
375 371 373
367 376 365
376 377 365
376 367 378
367 369 378
378 369 379
369 370 379
379 370 380
370 374 380
380 374 381
374 382 381
382 374 375
381 382 248
383 381 248
248 247 383
247 384 383
385 384 247
241 385 247
385 241 386
241 239 386
386 239 387
239 236 387
387 236 388
236 234 388
388 234 389
234 235 389
389 235 390
235 244 390
390 244 391
244 392 391
391 392 393
392 394 393
394 392 395
396 394 395
394 396 397
398 394 397
394 398 393
398 397 399
400 398 399
396 395 401
402 396 401
397 396 402
399 358 400
358 360 400
403 358 399
404 403 399
403 404 405
406 403 405
403 406 407
364 403 407
403 364 358
405 404 408
408 409 405
409 410 405
405 410 406
409 408 411
408 412 411
411 413 409
413 411 272
411 414 272
414 411 412
413 415 409
415 410 409
415 416 410
410 416 417
410 417 406
416 291 417
307 417 291
417 307 406
307 407 406
292 307 291
408 418 412
418 402 412
419 414 412
412 402 419
416 285 291
415 282 416
282 285 416
413 281 415
281 282 415
281 413 274
413 272 274
418 397 402
402 401 419
399 397 418
404 399 418
404 418 408
264 419 401
420 264 401
264 420 267
233 267 420
267 233 232
266 267 232
266 232 237
251 266 237
245 233 420
401 395 420
395 245 420
395 392 245
392 244 245
262 414 264
414 419 264
272 414 262
360 421 400
421 422 400
398 400 422
423 398 422
398 423 393
424 421 360
361 424 360
377 424 361
365 377 361
425 426 286
426 287 286
425 286 427
286 288 427
287 426 293
426 428 293
295 293 428
429 295 428
295 429 297
429 430 297
298 297 430
431 298 430
431 313 298
288 432 427
433 432 288
433 434 432
434 435 432
289 433 288
436 434 433
437 436 433
437 433 289
436 437 438
439 436 438
438 440 439
440 438 278
438 280 278
440 278 277
441 440 277
440 441 442
440 442 439
441 443 442
442 443 444
443 445 444
437 290 438
290 280 438
290 437 289
444 445 446
445 447 446
446 447 448
448 449 446
450 449 448
451 450 448
450 451 452
451 453 452
449 454 446
444 446 454
449 455 454
455 456 454
450 457 449
457 455 449
457 450 458
450 452 458
459 458 452
460 459 452
452 453 460
458 459 461
462 458 461
457 458 462
463 457 462
455 457 463
464 455 463
455 464 456
464 465 456
462 461 466
466 461 467
467 461 459
468 466 467
469 466 468
466 469 470
471 466 470
471 462 466
463 462 471
471 470 472
472 463 471
463 472 464
470 473 472
472 473 474
472 474 464
464 474 465
473 475 474
476 469 468
474 475 477
478 474 477
474 478 465
468 479 476
479 480 476
480 479 481
479 482 481
467 483 468
483 479 468
479 483 482
484 475 473
485 484 473
473 470 485
470 486 485
481 487 480
487 488 480
484 489 475
489 477 475
490 487 481
491 490 481
481 482 491
489 492 477
492 493 477
492 494 493
494 495 493
493 495 496
495 497 496
498 497 495
499 498 495
495 494 499
500 498 499
501 500 499
496 497 502
497 503 502
497 498 503
504 500 501
505 504 501
506 504 505
507 506 505
506 507 508
506 508 509
510 506 509
504 506 510
507 511 508
508 511 512
511 513 512
512 513 514
513 515 514
514 515 516
517 514 516
518 514 517
512 514 518
519 518 517
517 516 520
521 517 520
517 521 519
513 511 522
511 523 522
522 524 513
524 515 513
524 525 515
525 516 515
525 526 516
526 520 516
520 526 490
491 520 490
521 520 491
527 521 491
521 528 519
528 521 527
529 528 527
530 528 529
531 530 529
530 531 532
533 530 532
530 534 528
534 530 533
534 519 528
519 534 535
536 535 534
537 535 536
538 537 536
539 536 534
539 534 533
539 533 540
541 539 540
541 540 542
543 541 542
541 543 544
536 539 544
539 541 544
543 545 544
544 545 546
538 536 546
536 544 546
545 547 546
547 548 546
548 549 546
546 549 538
548 550 549
550 551 549
550 435 551
435 552 551
549 551 553
551 554 553
554 551 552
549 553 538
555 554 552
552 556 555
556 557 555
558 557 556
435 434 552
434 556 552
434 436 556
436 558 556
436 439 558
439 559 558
558 559 560
558 560 557
557 560 561
560 562 561
562 560 563
559 563 560
564 562 563
563 559 444
565 563 444
564 563 565
566 562 564
503 566 564
567 564 565
503 564 567
566 568 562
568 561 562
568 569 561
569 570 561
570 569 571
569 510 571
444 559 442
568 500 569
500 568 566
500 504 569
569 504 510
498 566 503
498 500 566
502 503 567
567 456 502
456 567 565
456 465 502
502 465 496
465 478 496
496 478 493
478 477 493
571 510 572
510 509 572
537 572 509
573 537 509
573 509 508
512 573 508
573 512 518
518 535 573
535 537 573
518 519 535
572 537 538
553 572 538
571 572 553
554 571 553
570 571 554
555 570 554
555 557 570
557 561 570
329 250 249
329 249 574
574 249 382
574 382 375
574 375 575
575 375 373
576 574 575
576 329 574
575 577 576
577 578 576
579 578 577
305 579 577
373 312 575
312 577 575
305 577 312
312 373 311
373 372 311
372 580 311
580 372 366
366 362 580
362 363 580
580 363 310
580 310 311
363 581 310
581 363 364
407 581 364
310 581 308
581 306 308
306 581 407
307 306 407
579 305 582
305 303 582
316 582 303
316 317 582
317 321 582
582 321 579
321 583 579
321 322 583
322 325 583
583 325 330
579 583 578
583 330 578
578 330 576
330 329 576
249 248 382
584 585 586
585 587 586
586 587 588
587 589 588
589 590 588
590 591 588
591 590 592
593 591 592
584 586 594
595 584 594
594 586 596
586 588 596
596 588 597
588 591 597
591 593 597
593 598 597
593 599 598
599 593 600
593 601 600
593 592 601
599 600 602
603 599 602
599 604 598
604 599 603
605 604 603
603 606 605
606 607 605
607 606 608
606 609 608
610 609 606
610 611 609
611 612 609
613 610 606
614 613 606
602 614 603
614 606 603
607 608 615
605 607 615
604 605 615
598 604 615
608 616 615
616 617 615
617 616 618
609 618 608
618 616 608
619 617 618
617 620 615
617 619 620
620 621 615
621 595 615
595 594 615
594 596 615
596 597 615
597 598 615
619 622 620
621 620 622
619 623 622
624 623 619
624 619 625
626 624 625
623 627 622
627 628 622
622 628 629
629 621 622
630 629 628
629 584 621
584 595 621
629 631 584
629 630 631
631 585 584
612 626 625
609 612 625
632 633 634
633 635 634
633 636 635
636 637 635
637 460 635
632 634 638
639 632 638
640 632 639
641 640 639
637 636 483
642 483 636
643 642 636
636 633 643
467 637 483
637 467 459
637 459 460
634 644 638
635 645 634
634 645 644
635 460 645
453 645 460
645 646 644
645 647 646
645 453 647
647 453 648
453 451 648
649 648 451
448 649 451
447 649 448
447 650 649
650 651 649
649 651 648
650 447 652
447 445 652
652 445 653
445 443 653
653 443 654
443 441 654
651 655 648
654 441 342
441 277 342
648 655 656
651 650 657
650 658 657
653 659 652
659 660 652
658 650 660
650 652 660
657 661 651
661 655 651
661 662 655
662 656 655
654 342 348
663 654 348
654 663 653
663 659 653
662 664 656
664 665 656
665 647 656
647 648 656
646 647 665
646 665 666
665 664 666
664 667 666
666 668 646
644 646 668
668 669 644
638 644 669
670 638 669
638 670 639
670 671 639
641 639 671
672 641 671
672 673 641
673 674 641
674 673 542
673 675 542
675 676 542
676 543 542
543 676 545
676 677 545
545 677 678
547 545 678
678 679 547
679 548 547
548 679 680
550 548 680
680 681 550
681 435 550
432 435 681
682 432 681
432 682 427
559 439 442
683 684 501
684 505 501
501 499 683
499 685 683
494 685 499
505 684 686
507 505 686
686 523 507
523 511 507
470 469 486
469 687 486
469 476 687
476 688 687
476 480 688
480 488 688
483 642 482
527 482 642
482 527 491
529 527 642
529 642 643
531 529 643
643 689 531
633 689 643
633 632 689
632 640 689
689 532 531
532 689 640
690 532 640
533 532 690
540 533 690
540 690 674
542 540 674
674 690 641
690 640 641
454 456 565
565 444 454
