byte offset: 0
first index: 0
index count: 20718
topology: trianglelist
format: DXGI_FORMAT_R16_UINT

0 1 2
1 0 3
3 4 1
4 3 5
6 2 1
2 6 7
8 2 7
9 2 8
7 10 8
7 11 10
7 12 11
12 7 6
13 11 12
11 13 14
14 10 11
15 14 13
14 15 16
17 16 15
16 17 18
6 19 12
19 6 20
1 20 6
20 1 4
21 12 19
12 21 13
13 22 15
22 13 21
15 23 17
23 15 22
23 24 17
24 18 17
18 24 25
26 24 23
16 27 14
10 14 27
27 28 10
28 27 29
29 30 28
30 29 31
30 31 32
8 10 28
33 8 28
28 34 33
35 33 34
35 34 36
34 28 36
35 36 37
33 35 38
38 9 33
9 8 33
9 38 39
36 40 37
40 30 32
40 28 30
28 40 36
37 40 41
41 42 37
42 41 43
43 44 42
44 43 45
46 45 43
43 41 47
46 43 47
47 48 46
41 49 47
49 41 50
50 41 40
51 49 50
51 52 49
53 49 52
48 47 53
49 53 47
46 48 54
46 54 45
45 54 55
55 44 45
54 56 55
50 32 51
51 32 57
32 50 40
44 55 58
55 59 58
55 56 59
60 59 56
59 61 58
61 59 62
62 59 60
62 63 61
63 62 64
64 65 63
65 64 66
66 67 65
67 66 68
69 62 60
64 62 69
70 68 66
64 70 66
70 64 69
68 70 71
71 70 72
72 70 73
70 74 73
69 74 70
75 74 69
60 75 69
74 75 76
75 77 76
77 75 78
78 79 77
80 78 75
78 80 81
60 80 75
78 81 82
82 79 78
82 83 79
83 82 84
84 82 85
81 86 82
85 82 86
86 81 87
80 87 81
87 80 88
80 56 88
60 56 80
85 86 89
89 86 90
91 85 89
89 92 91
92 89 90
93 91 92
91 93 94
94 95 91
95 85 91
84 85 95
84 95 96
97 84 96
84 97 98
96 99 97
100 99 96
100 101 99
96 102 100
95 102 96
94 102 95
103 102 94
104 103 94
104 94 93
105 103 104
100 106 101
106 100 107
106 107 108
109 108 107
107 110 109
100 111 107
111 110 107
102 111 100
103 111 102
112 111 103
112 110 111
105 112 103
113 110 112
112 114 113
105 114 112
110 115 109
113 116 110
110 116 115
117 113 114
113 117 118
118 117 119
120 119 117
121 120 117
122 113 118
113 122 116
122 118 123
119 123 118
116 122 124
124 115 116
122 125 124
125 122 123
123 119 126
119 127 126
119 128 127
128 119 129
129 120 121
129 119 120
130 129 121
129 130 131
131 128 129
132 131 130
131 133 128
134 133 131
131 135 134
131 132 135
136 135 132
135 136 57
57 137 135
134 135 137
137 138 134
138 133 134
138 139 133
133 139 128
137 57 140
128 139 141
141 142 128
140 143 137
144 137 143
145 143 140
32 145 140
140 57 32
32 31 145
31 146 145
146 147 145
143 145 147
146 31 29
139 148 141
148 149 141
139 150 148
149 151 141
151 142 141
151 149 152
147 146 153
154 147 153
153 155 154
155 153 156
146 156 153
156 146 157
29 157 146
147 154 158
154 159 158
159 154 160
160 161 159
161 162 159
161 160 163
144 159 162
159 144 158
162 164 144
143 158 144
162 161 165
166 165 161
162 165 167
164 162 167
167 138 164
168 167 165
169 168 165
166 169 165
167 168 170
138 167 170
168 139 170
170 139 138
171 169 166
169 171 172
172 173 169
173 172 174
175 171 166
166 176 175
175 177 171
178 177 175
177 178 179
180 177 179
177 180 181
171 181 172
171 177 181
181 182 172
182 174 172
182 181 183
184 181 180
181 184 183
184 185 183
185 182 183
185 186 182
186 185 187
186 187 188
189 188 187
188 189 190
187 191 189
185 191 187
191 192 189
189 193 190
192 194 189
189 194 195
189 195 196
196 193 189
197 193 196
197 196 198
199 197 198
194 200 195
200 194 201
194 202 201
202 194 203
203 194 192
203 192 204
201 205 200
205 201 206
202 206 201
195 207 196
207 195 200
196 207 198
200 208 207
208 200 205
209 207 208
207 209 198
208 210 209
211 208 205
206 211 205
212 211 206
211 212 213
214 213 212
208 215 210
215 216 210
217 216 215
218 216 217
219 218 217
219 220 218
124 220 219
124 125 220
115 124 219
221 198 209
221 199 198
222 199 221
152 199 222
152 222 151
151 222 223
151 223 224
142 151 224
127 128 142
225 226 191
226 192 191
192 226 204
191 227 225
227 191 185
225 228 226
229 226 228
228 230 229
231 230 228
232 230 231
233 232 231
230 232 234
230 234 235
229 230 236
230 237 236
230 238 237
238 230 235
239 238 235
239 240 238
241 240 239
242 236 237
236 242 243
244 236 243
236 244 245
246 243 242
243 246 247
244 243 247
248 237 238
237 248 242
238 240 248
249 242 248
242 249 246
248 250 249
250 248 240
245 229 236
245 251 229
226 229 251
249 250 252
253 246 249
247 246 253
253 254 247
254 253 255
256 254 255
249 252 257
257 252 258
259 257 258
260 259 258
261 259 260
261 260 262
263 261 262
263 262 264
264 265 263
266 263 265
265 267 266
267 268 266
267 269 268
269 267 270
271 269 270
269 272 268
269 273 272
271 273 269
271 274 273
274 275 273
273 275 276
273 276 272
272 277 268
277 278 268
278 277 279
280 279 277
281 277 272
281 280 277
276 281 272
282 281 276
280 281 283
281 284 283
281 282 284
282 285 284
286 285 282
285 286 287
286 282 288
288 282 276
275 288 276
275 289 288
290 289 275
289 290 291
291 292 289
289 292 293
288 289 293
286 288 293
286 293 294
295 286 294
295 287 286
294 296 295
292 291 297
292 297 298
293 292 298
293 298 294
298 299 294
300 294 299
294 300 296
300 301 296
302 301 300
301 302 303
302 304 303
304 302 305
300 306 302
306 300 299
307 302 306
307 305 302
305 307 308
299 298 309
309 306 299
306 309 310
306 310 311
307 306 311
307 311 312
308 307 312
313 310 309
314 303 304
304 315 314
315 304 316
317 316 304
305 317 304
72 316 317
316 318 315
318 316 72
73 318 72
318 73 319
74 319 73
319 74 320
76 320 74
320 76 321
76 322 321
322 323 321
323 320 321
322 76 77
324 322 77
319 325 318
325 315 318
325 319 326
326 319 320
323 326 320
323 327 326
77 79 324
328 322 324
328 329 322
322 329 323
326 327 330
326 330 325
331 323 329
323 331 327
332 329 328
329 332 331
328 333 332
333 328 324
79 333 324
315 325 334
334 314 315
335 314 334
335 334 336
335 337 314
338 337 335
303 314 337
338 303 337
303 338 301
339 301 338
301 339 296
340 339 338
340 338 341
338 335 341
334 342 336
335 343 341
343 335 336
344 341 343
341 344 340
340 345 339
345 340 344
296 339 345
334 325 342
346 347 348
347 346 349
350 348 347
348 350 351
352 351 350
351 352 353
354 353 352
353 354 355
356 355 354
355 356 357
346 358 349
358 346 359
359 360 358
360 359 361
357 362 355
362 357 363
357 364 363
357 356 364
363 365 362
365 363 366
363 364 366
367 362 365
362 367 368
368 355 362
355 368 353
369 368 367
368 369 370
371 370 369
370 371 372
373 372 371
372 373 374
375 374 373
374 375 376
377 376 375
376 377 378
370 353 368
353 370 351
372 351 370
351 372 348
374 348 372
348 374 346
374 359 346
359 374 376
376 361 359
361 376 378
378 379 361
377 379 378
371 380 373
380 371 381
373 382 375
382 373 380
375 383 377
383 375 382
383 379 377
361 379 360
381 384 380
384 381 385
385 386 384
386 385 387
385 388 387
388 385 389
381 389 385
389 390 388
390 389 391
391 392 390
392 391 393
393 394 392
394 393 395
396 384 386
384 396 397
398 397 396
397 398 399
398 379 399
364 394 395
400 364 395
366 364 400
401 366 400
395 401 400
401 395 393
366 401 365
402 365 401
393 402 401
402 393 391
365 402 367
403 367 402
367 403 369
381 369 403
369 381 371
391 403 402
403 391 389
389 381 403
379 383 399
382 399 383
399 382 397
380 397 382
397 380 384
51 136 404
136 51 57
52 51 404
83 84 98
48 87 88
54 48 88
88 56 54
87 48 405
406 87 405
87 406 86
406 90 86
406 407 90
408 90 407
90 408 92
408 93 92
93 408 409
409 104 93
410 104 409
104 410 105
411 105 410
105 411 114
412 114 411
114 412 117
121 117 412
413 414 415
413 416 414
417 416 413
418 416 417
419 416 418
420 418 417
421 418 420
419 418 421
422 420 417
423 420 422
421 420 423
424 422 417
423 422 424
423 424 425
426 425 424
426 424 417
427 426 417
417 428 427
427 428 429
417 430 428
428 430 431
417 432 430
430 432 431
431 432 433
425 426 434
426 435 434
435 426 427
427 429 435
428 431 436
428 436 429
432 437 433
433 437 438
417 437 432
417 439 437
437 439 438
438 439 440
439 417 413
413 441 439
440 439 441
415 441 413
58 442 44
443 44 442
42 44 443
443 37 42
37 443 444
444 35 37
35 444 445
445 38 35
38 445 446
446 39 38
39 446 447
447 0 39
2 39 0
39 2 9
0 447 448
449 0 448
0 449 3
450 3 449
3 450 5
450 451 5
451 4 5
4 451 452
453 452 451
452 453 454
454 455 452
455 454 456
457 456 454
458 457 454
456 457 459
456 459 460
461 456 460
456 461 455
460 462 461
462 460 463
459 463 460
463 464 462
464 463 465
465 466 464
466 465 467
20 452 455
452 20 4
455 19 20
19 455 461
21 461 462
461 21 19
462 22 21
22 462 464
464 23 22
23 464 466
23 466 468
467 468 466
468 467 469
26 23 468
470 465 463
463 459 470
471 470 459
470 471 472
473 472 471
472 473 474
473 475 474
457 471 459
476 471 457
471 476 477
476 478 477
478 479 477
477 479 471
478 480 479
478 476 481
458 481 476
458 476 457
481 458 482
479 480 483
483 475 473
471 483 473
483 471 479
480 484 483
485 484 480
484 485 486
487 486 485
486 487 488
489 486 488
486 490 484
489 490 486
490 489 313
484 490 491
491 492 484
492 483 484
493 492 491
493 491 494
495 494 491
313 495 490
491 490 495
489 496 313
489 488 496
488 497 496
497 488 487
496 497 311
475 492 493
493 498 475
492 475 483
487 499 497
497 499 312
497 312 311
312 499 500
500 308 312
501 308 500
308 501 502
503 502 501
502 503 504
67 504 503
504 67 68
68 317 504
317 502 504
317 68 71
502 317 305
502 305 308
71 72 317
505 500 499
501 506 503
506 501 507
507 500 505
500 507 501
508 503 506
503 508 67
508 65 67
65 508 509
509 63 65
63 509 510
510 61 63
61 510 511
511 58 61
168 512 150
168 169 512
169 173 512
139 168 150
138 137 164
137 144 164
414 416 513
419 513 416
158 143 147
154 514 160
514 154 155
514 163 160
155 515 514
515 516 514
514 516 163
163 516 517
155 518 515
518 155 25
155 18 25
18 155 156
157 18 156
18 157 16
27 16 157
157 29 27
25 24 518
163 517 519
163 519 176
520 176 519
176 520 175
520 178 175
178 520 521
522 178 521
178 522 523
524 178 523
178 524 179
523 525 524
523 526 525
526 523 527
522 527 523
525 526 528
528 529 525
530 529 528
529 530 531
526 532 528
526 533 532
527 533 526
528 532 534
534 532 535
535 536 534
534 536 537
538 535 532
538 532 533
533 539 538
533 540 539
540 533 541
533 527 541
539 540 542
542 543 539
544 543 542
542 545 544
546 545 542
545 546 547
547 548 545
544 545 548
548 547 549
548 550 544
548 474 550
474 548 472
549 472 548
475 550 474
475 551 550
550 551 552
552 544 550
543 544 552
551 553 552
554 552 553
552 554 543
553 551 498
551 475 498
498 555 553
555 498 556
556 557 555
556 498 493
493 558 556
494 558 493
559 553 555
553 559 560
561 559 555
561 555 557
559 561 562
560 559 562
560 562 537
557 563 561
564 561 563
561 565 562
562 565 537
561 564 565
565 566 537
566 565 567
563 568 564
565 564 569
537 566 570
570 566 571
537 570 572
573 571 566
573 566 567
571 573 574
536 560 537
560 536 535
535 575 560
560 575 553
553 575 554
538 554 575
575 535 538
554 538 539
539 543 554
574 573 576
574 576 241
573 577 576
573 578 577
567 578 573
576 579 241
579 240 241
579 250 240
580 567 565
569 580 565
569 581 580
569 582 581
582 569 583
265 582 583
583 569 584
585 584 569
568 584 585
584 267 583
267 265 583
267 584 270
265 264 582
564 568 585
564 585 569
568 586 584
586 270 584
270 586 587
587 271 270
271 587 588
588 274 271
274 588 589
589 290 274
274 290 275
590 290 589
290 590 291
590 297 291
297 590 591
592 297 591
592 298 297
592 309 298
309 592 593
309 593 313
496 310 313
310 496 311
186 594 182
182 594 174
176 161 163
161 176 166
595 596 597
598 595 597
599 600 601
600 602 601
603 599 601
601 602 604
604 602 605
602 606 605
607 606 602
606 607 608
609 605 606
605 610 604
599 603 611
612 599 611
612 613 599
613 612 614
612 611 615
611 616 615
617 601 604
603 601 617
610 617 604
617 610 618
619 618 610
609 606 620
609 620 621
621 622 609
623 622 621
621 624 623
624 625 623
625 626 623
625 627 626
624 621 628
621 620 628
629 623 626
629 622 623
629 630 622
619 630 631
630 629 631
605 622 630
622 605 609
632 628 620
632 633 628
606 632 620
634 632 606
628 635 624
624 636 625
636 627 625
605 630 610
619 610 630
637 638 628
638 639 624
639 640 627
618 619 641
641 642 618
642 641 643
643 644 642
642 644 645
646 645 644
603 642 645
617 642 603
617 618 642
616 645 646
647 616 646
611 645 616
603 645 611
647 648 616
647 649 648
648 649 650
616 648 650
649 651 650
652 651 649
653 651 652
650 651 654
654 615 650
616 650 615
615 654 612
655 612 654
651 656 654
649 647 657
658 649 657
658 652 649
659 652 658
654 660 661
661 614 612
662 660 651
663 662 652
664 658 665
658 666 665
665 666 667
668 665 667
666 669 667
658 670 666
671 669 666
672 671 666
666 670 672
673 669 671
672 673 671
672 646 673
669 674 667
675 674 669
673 675 669
676 675 673
677 675 676
674 675 677
678 674 677
677 676 679
680 677 679
677 680 681
679 676 682
682 683 679
679 683 684
684 683 685
683 686 685
686 687 685
685 687 688
688 689 685
689 688 690
691 688 687
687 686 692
693 686 683
682 693 683
692 686 693
693 694 692
695 692 694
693 682 696
693 696 694
696 697 694
694 697 695
697 696 698
691 699 688
691 700 699
700 691 701
701 691 687
687 702 701
695 702 692
687 692 702
695 703 702
704 701 702
702 703 704
705 700 701
704 705 701
700 705 706
706 705 707
707 705 708
704 708 705
707 708 709
706 710 700
700 710 699
698 696 711
712 699 710
712 710 713
688 699 712
714 688 712
710 706 715
706 707 716
716 707 709
717 706 718
719 710 717
718 709 640
646 711 720
673 646 720
676 673 720
696 720 711
682 720 696
682 676 720
613 721 599
721 607 602
722 723 724
722 725 723
725 726 723
724 723 726
726 725 529
725 722 180
180 524 725
524 180 179
724 726 233
233 231 724
525 529 725
525 725 524
726 529 531
724 231 228
727 724 228
228 225 727
233 726 728
726 531 728
729 730 731
730 729 732
731 733 729
733 731 734
734 735 733
735 734 736
736 737 735
737 736 738
738 739 737
739 738 740
741 730 732
730 741 742
743 742 741
742 743 744
745 740 738
740 745 746
740 746 747
740 747 739
748 746 745
746 748 749
746 749 747
745 750 748
750 745 751
738 751 745
751 738 736
751 752 750
752 751 753
753 754 752
754 753 755
755 756 754
756 755 757
757 758 756
758 757 759
759 760 758
760 759 761
736 753 751
753 736 734
734 755 753
755 734 731
731 757 755
757 731 730
742 757 730
757 742 759
744 759 742
759 744 761
761 744 762
760 761 762
763 754 756
754 763 764
756 765 763
765 756 758
758 766 765
766 758 760
766 760 762
767 766 762
767 765 766
744 743 762
768 764 763
764 768 769
770 764 769
764 770 771
752 764 771
771 750 752
750 771 772
772 748 750
748 772 773
773 749 748
749 773 774
764 752 754
749 774 747
773 775 774
774 775 747
775 773 776
772 776 773
776 772 777
777 771 770
771 777 772
775 778 747
776 778 775
778 776 779
777 779 776
779 777 780
770 780 777
780 770 781
769 781 770
781 769 782
769 783 782
783 769 768
768 784 783
784 768 785
763 785 768
785 763 765
765 767 785
785 786 784
786 785 767
786 767 762
787 788 789
787 789 790
791 787 790
792 791 790
793 792 790
794 791 792
795 794 792
793 795 792
796 791 794
797 796 794
795 797 794
798 791 796
797 798 796
797 799 798
800 798 799
800 791 798
801 791 800
791 801 802
801 803 802
791 802 804
802 805 804
791 804 806
804 805 806
805 807 806
799 808 800
800 808 809
809 801 800
801 809 803
802 810 805
802 803 810
806 807 811
807 812 811
791 806 811
791 811 813
811 812 813
812 814 813
813 787 791
787 813 815
814 815 813
788 787 815
499 487 816
817 816 487
485 817 487
480 817 485
817 480 818
478 818 480
818 478 819
481 819 478
819 481 820
482 820 481
820 482 821
453 821 482
482 454 453
454 482 458
821 453 822
453 823 822
823 453 451
451 450 823
268 278 824
268 824 266
824 263 266
263 824 261
534 572 825
534 825 528
528 825 530
537 572 534
789 826 790
793 790 826
827 542 540
542 827 546
827 540 541
546 827 828
828 827 829
827 541 829
541 830 829
831 546 828
546 831 469
467 546 469
546 467 547
467 549 547
549 467 465
465 470 549
472 549 470
469 831 468
541 832 830
541 527 832
527 522 832
833 834 835
836 834 833
667 674 837
674 838 839
840 667 839
838 677 681
841 665 840
680 679 842
842 685 689
843 844 845
845 846 843
846 845 847
847 848 846
848 847 849
850 849 847
847 851 850
847 845 851
849 850 852
849 853 848
853 849 854
852 854 849
854 852 855
854 856 853
856 854 857
855 857 854
857 855 858
857 859 856
859 857 860
858 860 857
860 858 861
860 862 859
862 860 863
861 863 860
863 861 864
863 865 862
865 863 866
864 866 863
866 864 867
866 868 865
868 866 869
867 869 866
869 867 870
869 871 868
871 869 872
870 872 869
872 870 873
872 874 871
874 872 875
873 875 872
875 873 876
875 877 874
877 875 878
876 878 875
879 877 878
877 879 880
878 881 879
881 878 882
878 876 882
880 879 883
884 883 879
879 881 884
885 886 887
885 887 888
889 885 888
888 890 889
890 888 891
892 890 891
890 892 893
894 893 892
893 894 895
894 896 895
896 894 897
897 898 896
898 897 899
899 900 898
900 899 901
901 902 900
902 901 903
903 904 902
904 903 905
905 906 904
906 905 907
907 908 906
908 907 909
909 910 908
910 909 911
912 910 911
910 912 913
912 914 913
914 912 915
914 915 916
909 917 918
917 909 919
919 920 917
920 919 921
921 922 920
922 921 923
923 924 922
924 923 925
925 926 924
926 925 927
927 928 926
928 927 929
929 930 928
930 929 931
931 932 930
932 931 933
933 934 932
934 933 935
935 936 934
936 935 937
937 938 936
938 937 939
940 938 939
938 940 941
941 942 938
942 941 943
944 938 942
938 944 936
945 936 944
936 945 934
945 932 934
932 945 946
946 930 932
930 946 947
947 928 930
928 947 948
948 926 928
926 948 949
949 924 926
924 949 950
950 922 924
922 950 951
951 920 922
920 951 952
952 917 920
917 952 953
953 918 917
918 953 954
955 918 954
918 955 956
957 918 956
918 957 909
958 957 956
957 958 959
958 960 959
960 958 961
958 962 961
962 958 963
963 956 955
956 963 958
960 961 964
961 965 964
961 962 965
966 967 968
967 966 969
970 969 966
969 970 971
972 970 966
968 972 966
970 972 973
970 974 971
974 970 975
970 973 975
975 976 974
976 975 977
973 977 975
977 973 978
977 979 976
979 977 980
978 980 977
980 978 981
980 982 979
982 980 983
981 983 980
983 981 984
983 985 982
985 983 986
984 986 983
986 984 987
986 988 985
988 986 989
987 989 986
989 987 990
989 991 988
991 989 992
990 992 989
992 990 993
992 994 991
994 992 995
993 995 992
995 993 996
995 997 994
997 995 998
999 995 996
995 999 998
1000 997 998
997 1000 1001
1002 998 999
998 1002 1000
1000 1003 1001
1003 1000 1004
1005 1003 1004
1003 1005 1006
1004 1007 1005
1007 1004 1008
1008 1000 1002
1000 1008 1004
1006 1005 1009
1005 1010 1009
1005 1007 1010
1011 1012 1013
1011 1013 1014
1014 1015 1011
1015 1014 1016
1016 1017 1015
1017 1016 1018
1018 1019 1017
1019 1018 1020
1020 1021 1019
1021 1020 1022
1022 1023 1021
1023 1022 1024
1024 1025 1023
1025 1024 1026
1026 1027 1025
1027 1026 1028
1028 1029 1027
1029 1028 1030
1030 1031 1029
1031 1030 1032
1032 1033 1031
1033 1032 1034
1034 1035 1033
1035 1034 1036
1035 1036 1037
1037 1036 1038
972 968 1039
968 1040 1039
968 1041 1040
1041 968 967
1041 1042 1040
1043 1042 1041
943 1044 1045
941 1044 943
1046 1044 941
941 1047 1046
940 1047 941
843 1048 844
1049 1050 1051
1050 1049 1052
1053 1054 1055
1054 1053 1056
1055 1057 1053
1057 1055 1058
1059 1057 1058
1060 1054 1056
1054 1060 1061
1060 1062 1061
1062 1060 1063
1063 1064 1062
1064 1063 1065
1066 1064 1065
1064 1066 1067
1066 1068 1067
1068 1066 1069
1069 1070 1068
1070 1069 1071
1072 1070 1071
1070 1072 1073
1072 1074 1073
1074 1072 1075
1075 1076 1074
1076 1075 1077
1077 1078 1076
1078 1077 1079
1079 1080 1078
1080 1079 1081
1081 1082 1080
1082 1081 1083
1082 1083 1084
1082 1084 1085
1085 1084 1086
1087 1085 1086
1085 1087 1088
1089 1088 1087
1088 1089 1090
1091 1090 1089
1090 1091 1092
1093 1092 1091
1092 1093 1094
1095 1094 1093
1094 1095 1096
1095 1097 1096
1097 1095 1098
1099 1097 1098
1097 1099 1100
1099 1101 1100
1101 1099 1102
1103 1101 1102
1101 1103 1104
1103 1105 1104
1105 1103 1106
1106 1107 1105
1107 1106 1108
1108 1109 1107
1109 1108 1110
1110 1111 1109
1111 1110 1112
1112 1113 1111
1113 1112 1114
1113 1114 1115
1116 1113 1115
1116 1115 1117
1118 1116 1117
1116 1118 1119
1120 1119 1118
1119 1120 1121
1122 1121 1120
1121 1122 1123
1124 1123 1122
1123 1124 1125
1126 1125 1124
1125 1126 1127
1126 1128 1127
1128 1126 1129
1130 1128 1129
1128 1130 1131
1132 1131 1130
1131 1132 1133
1132 1134 1133
1134 1132 1135
1136 1134 1135
1134 1136 1137
1138 1137 1136
1137 1138 1139
1138 1140 1139
1140 1138 1141
1142 1140 1141
1140 1142 1143
1144 1143 1142
1143 1144 1145
1146 1145 1144
1147 1148 1149
1148 1147 1150
1147 1151 1150
1151 1147 1152
1153 1151 1152
1153 1154 1151
1153 1155 1154
1155 1153 1156
1155 1156 1157
1155 1157 1158
1158 1154 1155
1157 1156 1159
1160 1148 1150
1151 1160 1150
1148 1160 1161
1151 1154 1162
1154 1158 1162
1151 1162 1160
1163 1149 1148
1149 1163 1164
1165 1164 1163
1163 1166 1165
1166 1163 1167
1164 1165 1168
1148 1167 1163
1167 1148 1161
1169 1168 1165
1168 1169 1170
1170 1169 1171
1165 1172 1169
1172 1165 1166
1172 1173 1169
1169 1173 1171
1172 1174 1173
1171 1173 1175
1173 1174 1175
1175 1174 1176
1171 1175 1177
1178 1177 1175
1176 1178 1175
1176 1179 1178
1180 1178 1179
1177 1178 1180
1181 1180 1179
1176 1182 1179
1182 1183 1179
1183 1184 1179
1179 1184 1185
1179 1185 1181
1186 1184 1183
1184 1186 1187
1188 1187 1186
1189 1188 1186
1183 1190 1186
1190 1183 1191
1191 1183 1182
1190 1192 1186
1186 1192 1189
1188 1189 1193
1194 1195 1196
1195 1159 1196
1159 1195 1157
1194 1196 1197
1159 1197 1196
1197 1159 1198
1198 1159 1156
1199 1198 1156
1153 1199 1156
1199 1153 1200
1153 1201 1200
1153 1152 1201
1147 1201 1152
1201 1147 1202
1147 1203 1202
1203 1147 1149
1199 1204 1198
1200 1204 1199
1203 1205 1202
1201 1202 1205
1205 1203 1206
1201 1207 1200
1204 1200 1207
1201 1205 1207
1149 1208 1203
1208 1149 1164
1164 1209 1208
1210 1208 1209
1208 1210 1211
1203 1211 1206
1211 1203 1208
1209 1164 1168
1168 1212 1209
1212 1168 1170
1170 1213 1212
1209 1214 1210
1214 1209 1212
1214 1212 1215
1212 1213 1215
1214 1215 1216
1213 1217 1215
1215 1217 1216
1217 1218 1216
1213 1219 1217
1219 1220 1217
1218 1217 1220
1218 1220 1221
1222 1221 1220
1220 1219 1222
1223 1221 1222
1218 1221 1224
1224 1221 1225
1225 1221 1226
1221 1227 1226
1221 1223 1227
1226 1228 1225
1228 1226 1229
1230 1228 1229
1231 1228 1230
1232 1225 1228
1225 1232 1233
1233 1224 1225
1232 1228 1234
1228 1231 1234
1230 1235 1231
1236 1237 1238
1237 1239 1238
1240 1237 1236
1236 1241 1240
1242 1241 1236
1239 1243 1238
1243 1239 1244
1236 1245 1242
1236 1238 1245
1242 1245 1246
1245 1247 1246
1247 1245 1248
1238 1248 1245
1249 1247 1248
1248 1250 1249
1250 1238 1243
1238 1250 1248
1240 1251 1237
1237 1252 1239
1252 1237 1251
1239 1252 1253
1253 1244 1239
1253 1254 1244
1255 1256 1257
1256 1255 1258
1257 1259 1255
1259 1257 1260
1260 1261 1259
1261 1260 1262
1262 1263 1261
1263 1262 1264
1265 1263 1264
1263 1265 1266
1267 1266 1265
1266 1267 1268
1267 1269 1268
1270 1255 1259
1255 1270 1271
1272 1259 1261
1259 1272 1270
1273 1261 1263
1261 1273 1272
1274 1263 1266
1263 1274 1273
1268 1274 1266
1274 1268 1275
1268 1276 1275
1268 1269 1276
1269 1277 1276
1274 1275 1278
1278 1273 1274
1273 1278 1279
1279 1272 1273
1272 1279 1280
1280 1270 1272
1270 1280 1281
1281 1271 1270
1271 1281 1282
1271 1282 1283
1284 1271 1283
1284 1255 1271
1258 1255 1284
1284 1285 1258
1258 1285 1256
1286 1287 1288
1287 1286 1289
1290 1289 1286
1289 1290 1291
1292 1291 1290
1291 1292 1293
1294 1293 1292
1294 1295 1293
1293 1296 1291
1296 1293 1295
1291 1297 1289
1297 1291 1296
1297 1298 1289
1289 1298 1287
1299 1287 1298
1287 1299 1300
1300 1288 1287
1301 1300 1299
1300 1301 1302
1303 1302 1301
1302 1303 1304
1305 1304 1303
1306 1304 1305
1306 1305 1307
1304 1308 1302
1308 1304 1306
1302 1309 1300
1309 1302 1308
1288 1300 1309
1310 1311 1312
1313 1310 1312
1313 1312 1314
1313 1314 1315
1316 1313 1315
1317 1316 1315
1316 1317 1318
1319 1315 1314
1315 1319 1317
1320 1318 1317
1318 1320 1321
1322 1317 1319
1317 1322 1320
1323 1320 1322
1320 1323 1324
1325 1324 1323
1324 1325 1326
1326 1327 1324
1327 1320 1324
1320 1327 1321
1327 1326 1328
1329 1328 1326
1328 1329 1330
1331 1326 1325
1326 1331 1329
1332 1330 1329
1330 1332 1333
1334 1329 1331
1329 1334 1332
1332 1335 1333
1335 1332 1336
1337 1332 1334
1332 1337 1336
1336 1338 1335
1338 1336 1339
1340 1336 1337
1336 1340 1339
1339 1341 1338
1341 1339 1342
1340 1342 1339
1342 1340 1343
1343 1344 1342
1344 1343 1345
1346 1344 1345
1344 1346 1347
1348 1344 1347
1342 1348 1341
1348 1342 1344
1349 1341 1348
1347 1346 1350
1351 1350 1346
1352 1353 1354
1355 1352 1354
1355 1354 1356
1357 1355 1356
1357 1356 1358
1359 1357 1358
1360 1359 1358
1359 1360 1361
1362 1361 1360
1361 1362 1363
1363 1364 1361
1364 1363 1365
1366 1365 1363
1365 1366 1367
1368 1363 1362
1363 1368 1366
1369 1367 1366
1367 1369 1370
1371 1366 1368
1366 1371 1369
1372 1370 1369
1370 1372 1373
1374 1369 1371
1369 1374 1372
1375 1373 1372
1373 1375 1376
1377 1372 1374
1372 1377 1375
1378 1376 1375
1376 1378 1379
1380 1375 1377
1375 1380 1378
1378 1381 1379
1381 1378 1382
1380 1382 1378
1382 1380 1383
1382 1384 1381
1384 1382 1385
1383 1385 1382
1385 1386 1384
1386 1385 1387
1387 1388 1386
1385 1389 1387
1385 1383 1389
1389 1383 1390
1391 1392 1393
1392 1394 1393
1394 1392 1395
1396 1394 1395
1394 1396 1364
1397 1364 1396
1364 1397 1361
1361 1397 1398
1361 1398 1359
1398 1357 1359
1399 1400 1401
1401 1402 1399
1403 1399 1402
1402 1401 1404
1405 1404 1401
1404 1405 1406
1405 1407 1406
1407 1405 1408
1405 1409 1408
1409 1405 1410
1409 1411 1408
1411 1409 1412
1413 1408 1411
1408 1413 1407
1414 1411 1412
1411 1414 1415
1415 1413 1411
1413 1415 1416
1417 1415 1414
1415 1417 1418
1419 1415 1418
1415 1419 1416
1417 1420 1418
1420 1417 1421
1422 1418 1420
1418 1422 1419
1421 1423 1420
1423 1421 1424
1425 1420 1423
1420 1425 1422
1424 1426 1423
1426 1425 1423
1426 1424 1427
1422 1425 1428
1426 1427 1429
1430 1431 1432
1431 1430 1433
1434 1433 1430
1433 1434 1435
1435 1436 1433
1436 1435 1437
1435 1438 1437
1438 1435 1439
1440 1435 1434
1435 1440 1439
1439 1441 1438
1441 1439 1442
1440 1442 1439
1442 1440 1443
1442 1444 1441
1444 1442 1445
1443 1445 1442
1445 1443 1446
1445 1447 1444
1447 1445 1448
1446 1448 1445
1448 1446 1449
1448 1450 1447
1450 1448 1451
1451 1452 1450
1452 1451 1453
1452 1453 1454
1451 1455 1453
1456 1448 1449
1448 1456 1451
1451 1456 1455
1456 1449 1457
1458 1459 1460
1460 1459 1432
1431 1460 1432
1433 1461 1431
1461 1433 1436
1405 1462 1410
1462 1405 1401
1462 1401 1400
1463 1464 1465
1465 1464 1466
1465 1466 1467
1467 1466 1468
1467 1468 1403
1403 1468 1469
1403 1469 1399
1470 1471 1472
1471 1470 1473
1474 1472 1471
1472 1474 1475
1474 1476 1475
1476 1474 1477
1477 1478 1476
1478 1477 1479
1470 1480 1473
1481 1482 1483
1482 1481 1484
1485 1483 1482
1483 1485 1486
1487 1486 1485
1486 1487 1488
1489 1488 1487
1488 1489 1490
1491 1490 1489
1490 1491 1492
1491 1493 1492
1494 1484 1481
1495 1496 1497
1496 1495 1498
1497 1496 1499
1500 1499 1496
1499 1500 1501
1502 1499 1501
1503 1502 1501
1500 1503 1501
1502 1503 1504
1503 1500 1505
1503 1506 1504
1506 1503 1507
1505 1507 1503
1507 1505 1508
1507 1509 1506
1509 1507 1510
1508 1510 1507
1510 1508 1511
1509 1510 1512
1510 1511 1512
1513 1514 1515
1514 1513 1516
1517 1516 1513
1516 1517 1518
1519 1516 1518
1518 1520 1519
1520 1518 1521
1517 1521 1518
1521 1517 1522
1521 1523 1520
1523 1521 1524
1522 1524 1521
1524 1522 1525
1524 1526 1523
1526 1524 1527
1528 1524 1525
1524 1528 1527
1526 1527 1529
1527 1528 1529
1530 1531 1532
1531 1530 1533
1530 1532 1534
1534 1532 1535
1532 1536 1535
1535 1536 1537
1538 1535 1537
1535 1538 1534
1539 1538 1537
1537 1540 1539
1540 1537 1541
1537 1536 1541
1538 1539 1542
1543 1539 1540
1539 1543 1544
1544 1542 1539
1542 1544 1545
1544 1543 1546
1545 1544 1546
1547 1548 1549
1548 1547 1550
1551 1549 1548
1549 1551 1552
1549 1553 1547
1553 1549 1554
1552 1554 1549
1554 1552 1555
1554 1556 1553
1556 1554 1557
1555 1557 1554
1557 1555 1558
1556 1557 1559
1557 1558 1559
1560 1548 1550
1548 1560 1561
1548 1561 1562
1551 1548 1562
1560 1563 1561
1563 1560 1564
1565 1566 1567
1566 1565 1568
1569 1565 1567
1565 1569 1570
1569 1571 1570
1571 1569 1572
1573 1571 1572
1571 1573 1574
1568 1575 1566
1575 1568 1576
1576 1577 1575
1577 1576 1578
1579 1574 1573
1574 1579 1580
1581 1580 1579
1580 1581 1582
1581 1583 1582
1583 1581 1584
1584 1585 1583
1585 1584 1586
1587 1585 1586
1585 1587 1588
1587 1589 1588
1589 1587 1590
1591 1589 1590
1589 1591 1592
1593 1592 1591
1592 1593 1594
1595 1596 1597
1597 1596 1598
1598 1596 1599
1599 1596 1600
1601 1597 1598
1601 1598 1599
1597 1601 1602
1602 1603 1597
1603 1595 1597
1603 1602 1604
1605 1603 1604
1602 1606 1604
1606 1602 1607
1601 1607 1602
1604 1608 1605
1608 1604 1606
1609 1605 1608
1605 1609 1610
1611 1610 1609
1609 1612 1611
1612 1609 1613
1608 1613 1609
1613 1608 1606
1614 1611 1612
1611 1614 1615
1616 1615 1614
1615 1616 1617
1610 1611 1618
1615 1618 1611
1618 1615 1619
1617 1619 1615
1619 1617 1620
1620 1621 1619
1621 1620 1622
1613 1623 1612
1623 1614 1612
1623 1613 1624
1624 1625 1623
1625 1624 1626
1626 1627 1625
1627 1626 1628
1629 1627 1628
1627 1629 1630
1631 1630 1629
1630 1631 1632
1625 1633 1623
1633 1625 1634
1627 1634 1625
1634 1635 1633
1635 1634 1636
1630 1637 1627
1634 1627 1637
1637 1636 1634
1637 1630 1638
1632 1638 1630
1638 1632 1639
1616 1633 1635
1633 1616 1614
1614 1623 1633
1632 1640 1639
1640 1632 1641
1642 1640 1641
1641 1643 1642
1643 1641 1644
1632 1644 1641
1640 1642 1645
1643 1646 1642
1646 1643 1647
1643 1648 1647
1648 1643 1649
1644 1649 1643
1648 1649 1650
1651 1650 1649
1649 1644 1651
1650 1651 1652
1640 1645 1653
1631 1651 1644
1644 1632 1631
1651 1631 1654
1654 1652 1651
1631 1655 1654
1656 1654 1655
1655 1657 1656
1657 1655 1658
1658 1659 1657
1659 1658 1660
1660 1661 1659
1661 1660 1662
1654 1656 1663
1652 1654 1663
1663 1664 1652
1664 1663 1665
1656 1665 1663
1655 1631 1629
1629 1658 1655
1658 1629 1628
1628 1660 1658
1660 1628 1626
1626 1662 1660
1662 1626 1624
1624 1606 1662
1606 1624 1613
1665 1656 1666
1667 1657 1659
1657 1667 1668
1669 1668 1667
1668 1669 1670
1670 1666 1668
1666 1670 1671
1672 1670 1669
1670 1672 1673
1673 1671 1670
1671 1673 1674
1667 1600 1669
1672 1669 1600
1600 1667 1675
1668 1656 1657
1656 1668 1666
1659 1675 1667
1675 1659 1661
1675 1661 1601
1601 1599 1675
1600 1675 1599
1661 1607 1601
1662 1607 1661
1607 1662 1606
1676 1671 1674
1671 1676 1677
1678 1677 1676
1677 1678 1679
1679 1678 1680
1679 1665 1677
1666 1677 1665
1677 1666 1671
1665 1679 1664
1681 1664 1679
1664 1681 1682
1650 1664 1682
1664 1650 1652
1683 1650 1682
1682 1681 1683
1683 1681 1684
1684 1679 1680
1679 1684 1681
1650 1683 1685
1685 1648 1650
1686 1648 1685
1687 1648 1686
1687 1647 1648
1688 1647 1687
1646 1647 1688
1646 1688 1689
1690 1646 1689
1691 1646 1690
1691 1642 1646
1642 1691 1645
1691 1653 1645
1653 1691 1692
1693 1653 1692
1653 1693 1694
1695 1653 1694
1653 1695 1696
1696 1640 1653
1640 1696 1697
1639 1640 1697
1696 1698 1697
1698 1699 1697
1699 1700 1697
1700 1639 1697
1699 1701 1700
1638 1700 1701
1700 1638 1639
1701 1699 1636
1702 1636 1699
1636 1702 1703
1637 1701 1636
1638 1701 1637
1636 1703 1635
1704 1635 1703
1704 1703 1705
1705 1706 1704
1617 1704 1706
1706 1620 1617
1620 1706 1707
1704 1617 1616
1704 1616 1635
1708 1707 1706
1706 1705 1708
1707 1708 1709
1710 1707 1709
1707 1710 1711
1707 1711 1620
1710 1712 1711
1712 1710 1713
1620 1711 1622
1714 1711 1712
1711 1714 1622
1715 1714 1712
1712 1713 1715
1714 1715 1716
1717 1622 1714
1717 1714 1716
1622 1717 1621
1718 1621 1717
1718 1619 1621
1619 1718 1618
1719 1713 1710
1713 1719 1720
1710 1721 1719
1721 1710 1709
1709 1722 1721
1722 1709 1708
1705 1722 1708
1722 1705 1723
1703 1723 1705
1723 1703 1724
1702 1724 1703
1724 1702 1725
1699 1725 1702
1725 1699 1726
1698 1726 1699
1726 1698 1727
1696 1727 1698
1727 1696 1695
1725 1728 1724
1728 1725 1729
1726 1729 1725
1729 1730 1728
1730 1729 1731
1731 1732 1730
1732 1731 1733
1734 1733 1731
1733 1734 1735
1736 1735 1734
1735 1736 1737
1738 1737 1736
1737 1738 1739
1738 1740 1739
1740 1738 1741
1742 1740 1741
1740 1742 1743
1744 1743 1742
1743 1744 1745
1744 1746 1745
1746 1744 1747
1747 1748 1746
1748 1747 1749
1750 1749 1747
1749 1750 1751
1736 1752 1738
1747 1744 1753
1747 1753 1750
1754 1738 1752
1738 1754 1741
1754 1742 1741
1742 1754 1755
1755 1744 1742
1744 1755 1753
1756 1751 1750
1751 1756 1757
1758 1757 1756
1757 1758 1759
1759 1758 1760
1758 1761 1760
1761 1758 1762
1756 1762 1758
1760 1763 1759
1764 1760 1761
1765 1764 1761
1766 1763 1760
1760 1764 1766
1763 1766 1767
1762 1756 1768
1768 1692 1762
1692 1768 1693
1750 1768 1756
1768 1750 1769
1769 1693 1768
1693 1769 1770
1770 1694 1693
1694 1770 1771
1772 1694 1771
1694 1772 1695
1773 1695 1772
1695 1773 1727
1774 1727 1773
1727 1774 1726
1729 1726 1774
1774 1731 1729
1731 1774 1734
1734 1774 1775
1774 1773 1775
1772 1775 1773
1775 1772 1752
1771 1752 1772
1752 1736 1775
1736 1734 1775
1752 1771 1754
1755 1771 1770
1771 1755 1754
1770 1753 1755
1753 1770 1769
1753 1769 1750
1776 1777 1778
1777 1776 1779
1780 1779 1776
1779 1780 1781
1782 1778 1777
1778 1782 1783
1784 1783 1782
1783 1784 1785
1786 1785 1784
1785 1786 1787
1786 1788 1787
1788 1786 1789
1779 1790 1777
1790 1779 1791
1781 1791 1779
1791 1781 1792
1786 1793 1789
1793 1786 1794
1784 1794 1786
1794 1784 1795
1782 1795 1784
1795 1782 1796
1777 1796 1782
1796 1777 1790
1797 1783 1785
1783 1797 1798
1799 1798 1797
1798 1799 1800
1801 1798 1800
1798 1801 1802
1797 1803 1799
1803 1797 1804
1804 1805 1803
1805 1804 1806
1807 1802 1801
1802 1807 1808
1809 1808 1807
1808 1809 1810
1811 1809 1807
1809 1811 1812
1813 1812 1811
1811 1814 1813
1815 1813 1814
1813 1815 1816
1814 1817 1815
1817 1814 1818
1816 1819 1813
1812 1813 1819
1819 1816 1820
1818 1821 1817
1821 1818 1822
1822 1823 1821
1823 1822 1824
1824 1825 1823
1825 1824 1826
1827 1820 1816
1820 1827 1828
1829 1817 1821
1817 1829 1830
1830 1815 1817
1815 1830 1831
1816 1831 1827
1831 1816 1815
1827 1832 1828
1832 1827 1833
1831 1833 1827
1833 1831 1834
1831 1835 1834
1835 1831 1830
1830 1836 1835
1836 1830 1829
1837 1836 1829
1838 1823 1825
1823 1838 1839
1839 1837 1829
1840 1839 1838
1839 1840 1841
1839 1841 1837
1821 1839 1829
1839 1821 1823
1842 1840 1838
1840 1842 1843
1838 1844 1842
1844 1838 1825
1825 1845 1844
1845 1825 1826
1846 1844 1845
1844 1846 1847
1847 1842 1844
1848 1847 1846
1847 1848 1849
1850 1849 1848
1849 1850 1851
1852 1851 1850
1851 1852 1853
1819 1853 1852
1853 1819 1820
1820 1854 1853
1854 1820 1828
1849 1855 1847
1855 1849 1856
1851 1856 1849
1856 1851 1857
1857 1853 1854
1853 1857 1851
1832 1854 1828
1854 1832 1858
1858 1857 1854
1857 1858 1859
1860 1857 1859
1857 1860 1856
1861 1856 1860
1856 1861 1855
1862 1855 1861
1842 1855 1862
1842 1847 1855
1842 1862 1843
1852 1812 1819
1812 1852 1863
1850 1863 1852
1863 1850 1864
1848 1864 1850
1864 1848 1865
1846 1865 1848
1865 1846 1866
1845 1866 1846
1866 1845 1867
1826 1867 1845
1867 1826 1868
1826 1869 1868
1869 1826 1824
1824 1870 1869
1870 1824 1822
1822 1871 1870
1871 1822 1818
1818 1872 1871
1872 1818 1814
1814 1811 1872
1807 1872 1811
1872 1807 1801
1801 1871 1872
1871 1801 1800
1800 1870 1871
1870 1800 1799
1799 1869 1870
1869 1799 1803
1803 1868 1869
1868 1803 1805
1873 1868 1805
1805 1874 1873
1875 1873 1874
1873 1875 1876
1877 1876 1875
1876 1877 1878
1877 1879 1878
1879 1877 1880
1874 1805 1806
1880 1881 1879
1881 1880 1882
1882 1809 1881
1809 1882 1810
1809 1863 1881
1863 1809 1812
1864 1881 1863
1881 1864 1879
1865 1879 1864
1879 1865 1878
1866 1878 1865
1878 1866 1876
1867 1876 1866
1876 1867 1873
1868 1873 1867
1883 1810 1882
1810 1883 1780
1776 1810 1780
1810 1776 1808
1778 1808 1776
1808 1778 1802
1783 1802 1778
1802 1783 1798
1884 1780 1883
1883 1885 1884
1885 1883 1886
1780 1884 1781
1886 1887 1885
1887 1886 1888
1888 1889 1887
1889 1888 1890
1890 1891 1889
1891 1890 1892
1788 1891 1892
1891 1788 1789
1893 1884 1885
1884 1893 1894
1894 1781 1884
1781 1894 1792
1793 1891 1789
1891 1793 1895
1895 1889 1891
1889 1895 1896
1896 1887 1889
1887 1896 1897
1885 1897 1893
1897 1885 1887
1888 1875 1890
1875 1888 1877
1874 1890 1875
1890 1874 1892
1806 1892 1874
1892 1806 1788
1806 1787 1788
1787 1806 1804
1804 1785 1787
1785 1804 1797
1898 1895 1793
1794 1898 1793
1898 1794 1899
1899 1900 1898
1900 1899 1901
1902 1901 1899
1901 1902 1903
1904 1903 1902
1903 1904 1905
1906 1905 1904
1905 1906 1907
1908 1907 1906
1907 1908 1909
1910 1909 1908
1909 1910 1911
1909 1912 1907
1911 1912 1909
1901 1912 1900
1903 1912 1901
1905 1912 1903
1907 1912 1905
1795 1899 1794
1899 1795 1902
1796 1902 1795
1902 1796 1904
1790 1904 1796
1904 1790 1906
1791 1906 1790
1906 1791 1908
1792 1908 1791
1908 1792 1910
1910 1913 1911
1911 1913 1912
1913 1910 1914
1792 1914 1910
1914 1915 1913
1913 1915 1912
1915 1914 1916
1916 1917 1915
1915 1917 1912
1917 1916 1918
1918 1919 1917
1917 1919 1912
1919 1918 1920
1920 1921 1919
1919 1921 1912
1921 1920 1922
1922 1900 1921
1900 1922 1898
1921 1900 1912
1895 1898 1922
1896 1922 1920
1922 1896 1895
1897 1920 1918
1920 1897 1896
1893 1918 1916
1918 1893 1897
1894 1916 1914
1916 1894 1893
1914 1792 1894
1718 1923 1610
1605 1610 1923
1718 1924 1923
1718 1925 1924
1925 1718 1717
1717 1926 1925
1926 1717 1716
1927 1925 1926
1925 1927 1928
1928 1924 1925
1929 1928 1927
1928 1929 1930
1930 1931 1928
1924 1928 1931
1931 1930 1932
1932 1933 1931
1933 1932 1934
1931 1933 1935
1933 1605 1935
1924 1931 1935
1605 1933 1603
1934 1603 1933
1603 1934 1595
1923 1924 1935
1605 1923 1935
1765 1936 1690
1690 1689 1765
1690 1936 1691
1692 1691 1936
1762 1692 1936
1762 1936 1761
1936 1765 1761
1689 1937 1765
1938 1765 1937
1765 1938 1764
1939 1764 1938
1764 1939 1766
1939 1767 1766
1767 1939 1940
1689 1941 1937
1941 1689 1942
1942 1943 1941
1943 1942 1944
1945 1941 1943
1941 1945 1946
1937 1946 1938
1946 1937 1941
1947 1946 1945
1946 1947 1948
1938 1948 1939
1948 1938 1946
1947 1949 1948
1939 1949 1940
1949 1939 1948
1949 1947 1950
1951 1944 1942
1944 1951 1952
1952 1951 1687
1942 1688 1951
1951 1688 1687
1688 1942 1689
1952 1687 1686
1953 1952 1686
1953 1686 1685
1954 1955 1956
1955 1954 1957
1957 1958 1955
1958 1959 1955
1959 1958 1960
1960 1961 1959
1961 1960 1962
1962 1963 1961
1963 1962 1964
1958 1957 1965
1730 1965 1957
1965 1730 1732
1966 1961 1963
1961 1966 1967
1967 1959 1961
1959 1967 1968
1968 1955 1959
1955 1968 1956
1957 1728 1730
1728 1957 1954
1720 1967 1966
1967 1720 1719
1719 1968 1967
1968 1719 1721
1954 1724 1728
1724 1954 1723
1956 1723 1954
1721 1956 1968
1723 1956 1722
1956 1721 1722
1969 1970 1971
1970 1969 1972
1969 1973 1972
1973 1969 1974
1974 1975 1973
1975 1974 1976
1976 1977 1975
1977 1976 1978
1978 1979 1977
1979 1978 1980
1981 1971 1970
1971 1981 1982
1983 1982 1981
1982 1983 1984
1985 1984 1983
1984 1985 1986
1987 1976 1974
1974 1988 1987
1989 1987 1988
1990 1989 1988
1989 1990 1991
1992 1991 1990
1984 1992 1982
1990 1982 1992
1991 1992 1993
1987 1989 1994
1994 1995 1987
1995 1994 1996
1996 1997 1995
1997 1996 1998
1998 1999 1997
1999 1998 2000
2001 1993 1992
1993 2001 2002
2003 2002 2001
2002 2003 2004
1978 1995 1997
1995 1978 1976
1976 1987 1995
1980 1997 1999
1997 1980 1978
2001 1986 2003
1986 2001 1984
1992 1984 2001
2005 1998 1996
1996 2006 2005
2006 2007 2005
2008 2007 2006
2009 2007 2008
2005 2007 2010
2010 2007 2011
2012 2007 2009
2013 2007 2012
2014 2007 2013
1989 2009 2008
2006 1989 2008
2009 1989 1991
1989 2006 1994
2006 1996 1994
1998 2005 2010
2000 2010 2011
2010 2000 1998
2013 2004 2014
2004 2013 2002
2012 2002 2013
2002 2012 1993
2009 1993 2012
1993 2009 1991
2015 2016 2017
2016 2018 2017
2018 2019 2017
2019 2020 2017
2021 2015 2017
2022 2021 2017
2015 2023 2016
2023 2018 2016
2023 2015 2024
2025 2023 2024
2024 2026 2025
2026 2024 2027
2015 2027 2024
2027 2015 2021
2023 2025 2028
2029 2023 2028
2023 2029 2030
2018 2023 2030
2031 2030 2029
2030 2031 2032
2018 2032 2019
2032 2018 2030
2033 2032 2031
2032 2033 2034
2019 2034 2020
2034 2019 2032
2027 2035 2026
2035 2027 2036
2021 2036 2027
2036 2021 2022
2031 2037 2033
2037 2031 2038
2029 2038 2031
2039 2029 2028
2029 2039 2040
2038 2029 2040
2035 2041 2026
2041 2035 2042
2028 2043 2039
2043 2026 2041
2026 2043 2025
2043 2028 2025
2044 2045 2046
2046 2045 2047
2047 2045 2048
2048 2045 2049
2050 2045 2044
2051 2045 2050
2052 2044 2046
2047 2052 2046
2044 2052 2053
2052 2054 2053
2055 2053 2054
2053 2055 2056
2044 2056 2050
2056 2044 2053
2054 2052 2057
2052 2058 2057
2058 2052 2059
2052 2047 2059
2059 2060 2058
2060 2059 2061
2061 2047 2048
2047 2061 2059
2061 2062 2060
2062 2061 2063
2063 2048 2049
2048 2063 2061
2064 2056 2055
2056 2064 2065
2050 2065 2051
2065 2050 2056
2057 2066 2054
2066 2055 2054
2066 2057 2067
2058 2067 2057
2067 2058 2068
2069 2058 2060
2058 2069 2068
2062 2069 2060
2069 2062 2070
2071 2064 2055
2055 2066 2071
2064 2071 2072
2073 2074 2075
2073 2075 2076
2077 2073 2076
2073 2077 2078
2079 2077 2076
2076 2080 2079
2077 2079 2081
2082 2081 2079
2081 2082 2083
2082 2084 2083
2084 2082 2085
2085 2086 2084
2086 2085 2087
2087 2085 2088
2089 2073 2078
2073 2089 2090
2083 2091 2081
2091 2083 2092
2084 2092 2083
2092 2093 2091
2093 2092 2094
2092 2095 2094
2095 2092 2096
2092 2084 2096
2093 2097 2091
2098 2091 2097
2091 2098 2099
2100 2099 2098
2099 2100 2101
2102 2101 2100
2101 2102 2103
2100 2104 2102
2104 2100 2105
2098 2105 2100
2106 2104 2105
2105 2107 2106
2107 2105 2108
2105 2098 2108
2098 2097 2108
2104 2106 2109
2110 2106 2107
2106 2110 2111
2110 2112 2111
2112 2110 2113
2114 2111 2112
2111 2114 2115
2115 2106 2111
2106 2115 2109
2103 2078 2101
2077 2101 2078
2101 2077 2099
2081 2099 2077
2099 2081 2091
2112 2116 2114
2116 2112 2117
2117 2112 2113
2118 2117 2113
2117 2118 2119
2118 2120 2119
2120 2118 2121
2121 2122 2120
2123 2122 2121
2122 2123 2124
2124 2125 2122
2125 2124 2126
2123 2127 2124
2127 2126 2124
2127 2123 2128
2128 2129 2127
2129 2128 2130
2131 2127 2129
2127 2131 2132
2126 2127 2132
2133 2129 2130
2130 2134 2133
2096 2133 2134
2133 2096 2135
2135 2136 2133
2129 2133 2136
2136 2135 2137
2137 2138 2136
2138 2129 2136
2129 2138 2131
2138 2137 2139
2140 2139 2137
2139 2140 2141
2142 2141 2140
2141 2142 2143
2086 2137 2135
2137 2086 2140
2086 2142 2140
2135 2084 2086
2084 2135 2096
2096 2134 2095
2142 2086 2087
2087 2144 2142
2087 2145 2144
2087 2088 2145
2146 2145 2088
2147 2146 2088
2147 2148 2146
2148 2147 2149
2147 2088 2150
2150 2088 2085
2082 2150 2085
2150 2082 2151
2082 2152 2151
2152 2082 2079
2079 2080 2152
2152 2080 2153
2080 2154 2153
2155 2153 2154
2153 2155 2156
2080 2157 2154
2080 2076 2157
2076 2075 2157
2158 2159 2160
2159 2161 2160
2161 2159 2162
2163 2160 2161
2160 2163 2164
2163 2165 2164
2166 2164 2165
2164 2166 2167
2167 2160 2164
2166 2168 2167
2169 2168 2166
2165 2163 2170
2171 2165 2170
2165 2171 2172
2172 2166 2165
2166 2172 2169
2173 2169 2172
2171 2173 2172
2173 2171 2174
2174 2175 2173
2175 2174 2176
2177 2161 2162
2161 2177 2178
2179 2178 2177
2178 2179 2180
2181 2180 2179
2180 2181 2182
2183 2182 2181
2182 2183 2184
2183 2185 2184
2185 2183 2186
2186 2187 2185
2187 2186 2188
2185 2189 2184
2189 2185 2190
2185 2187 2190
2190 2191 2189
2192 2189 2191
2189 2192 2193
2193 2184 2189
2184 2193 2182
2191 2190 2194
2187 2194 2190
2195 2193 2192
2193 2195 2196
2196 2182 2193
2197 2196 2195
2196 2197 2198
2199 2191 2194
2191 2199 2200
2200 2192 2191
2201 2200 2199
2200 2201 2202
2202 2203 2200
2192 2200 2203
2203 2195 2192
2203 2202 2204
2205 2204 2202
2201 2205 2202
2204 2205 2206
2205 2201 2207
2208 2207 2201
2201 2199 2208
2194 2208 2199
2207 2208 2209
2206 2210 2204
2210 2206 2211
2211 2212 2210
2212 2211 2213
2214 2210 2212
2210 2214 2215
2215 2204 2210
2204 2215 2203
2195 2203 2215
2215 2197 2195
2197 2215 2214
2214 2170 2197
2170 2198 2197
2198 2170 2163
2163 2178 2198
2180 2198 2178
2198 2180 2196
2182 2196 2180
2178 2163 2161
2170 2214 2171
2212 2171 2214
2171 2212 2174
2213 2174 2212
2174 2213 2176
2216 2217 2169
2169 2217 2218
2218 2168 2169
2168 2218 2219
2220 2168 2219
2168 2220 2167
2220 2221 2167
2216 2169 2173
2222 2216 2173
2175 2222 2173
2221 2223 2167
2223 2160 2167
2223 2158 2160
2208 2194 2224
2194 2187 2224
2224 2225 2208
2225 2224 2226
2227 2224 2187
2224 2227 2226
2187 2188 2227
2188 2228 2227
2209 2208 2225
2229 2209 2225
2078 2103 2089
2230 2231 2232
2231 2230 2233
2234 2230 2232
2230 2234 2235
2236 2235 2234
2235 2236 2237
2238 2237 2236
2237 2238 2239
2238 2240 2239
2240 2238 2241
2233 2242 2231
2242 2233 2243
2243 2244 2242
2244 2243 2245
2246 2244 2245
2244 2246 2247
2248 2234 2232
2231 2248 2232
2248 2231 2249
2242 2249 2231
2250 2238 2236
2236 2251 2250
2234 2248 2251
2251 2236 2234
2247 2252 2244
2252 2247 2253
2254 2244 2252
2244 2254 2242
2249 2242 2254
2255 2248 2249
2254 2255 2249
2248 2255 2256
2256 2251 2248
2251 2256 2257
2257 2250 2251
2250 2257 2258
2258 2259 2250
2238 2250 2259
2259 2241 2238
2241 2259 2260
2259 2258 2261
2261 2260 2259
2260 2261 2262
2253 2263 2252
2263 2253 2264
2265 2252 2263
2252 2265 2254
2255 2254 2265
2255 2266 2256
2256 2266 2257
2257 2266 2258
2258 2266 2261
2261 2266 2262
2264 2266 2263
2263 2266 2265
2265 2266 2255
2122 2267 2120
2267 2122 2125
2073 2090 2074
2142 2268 2143
2142 2144 2268
1988 1971 1990
1971 1988 1969
1988 1974 1969
1982 1990 1971
1610 1618 1718
2269 2270 2271
2270 2269 2272
2273 2272 2269
2272 2273 2274
2272 2275 2270
2275 2272 2276
2274 2276 2272
2269 2277 2273
2277 2269 2278
2271 2278 2269
2278 2279 2277
2279 2278 2280
2280 2281 2279
2281 2280 2282
2283 2282 2280
2282 2283 2284
2285 2279 2281
2279 2285 2286
2280 2287 2283
2287 2280 2278
2285 2288 2286
2288 2285 2289
2284 2290 2282
2290 2281 2282
2290 2284 2291
2292 2290 2291
2290 2292 2293
2294 2293 2292
2293 2294 2295
2295 2296 2293
2296 2295 2297
2297 2298 2296
2298 2297 2299
2299 2300 2298
2300 2299 2301
2302 2293 2296
2293 2302 2290
2303 2296 2298
2296 2303 2302
2304 2298 2300
2298 2304 2303
2303 2304 2289
2305 2301 2299
2301 2305 2306
2306 2305 2307
2305 2308 2307
2309 2307 2308
2308 2310 2309
2310 2308 2311
2312 2311 2308
2308 2305 2312
2299 2312 2305
2312 2299 2297
2311 2312 2313
2313 2314 2311
2314 2313 2315
2311 2316 2310
2316 2311 2314
2307 2309 2317
2306 2307 2318
2297 2313 2312
2313 2297 2295
2295 2315 2313
2315 2295 2294
2319 2310 2316
2310 2319 2320
2320 2309 2310
2309 2320 2321
2321 2317 2309
2317 2321 2322
2322 2323 2317
2323 2324 2317
2324 2323 2325
2323 2322 2326
2326 2327 2323
2327 2326 2328
2328 2329 2327
2329 2328 2330
2330 2331 2329
2332 2329 2331
2329 2332 2333
2334 2333 2332
2333 2334 2335
2332 2336 2334
2336 2332 2337
2338 2329 2333
2338 2327 2329
2327 2338 2339
2332 2331 2340
2332 2340 2337
2331 2341 2340
2331 2330 2341
2339 2323 2327
2323 2339 2325
2342 2335 2334
2335 2342 2343
2344 2343 2342
2343 2344 2345
2342 2346 2344
2346 2342 2347
2347 2334 2336
2334 2347 2342
2348 2343 2345
2349 2344 2346
2344 2349 2350
2350 2345 2344
2345 2350 2351
2345 2351 2352
2352 2353 2345
2353 2352 2354
2352 2351 2355
2352 2355 2356
2354 2352 2356
2357 2343 2348
2358 2343 2357
2358 2335 2343
2335 2358 2359
2335 2359 2333
2333 2359 2360
2360 2338 2333
2338 2360 2361
2361 2339 2338
2339 2361 2362
2363 2339 2362
2339 2363 2325
2364 2325 2363
2325 2364 2324
2365 2324 2364
2324 2365 2366
2366 2317 2324
2317 2366 2307
2367 2366 2365
2366 2367 2318
2307 2366 2318
2368 2318 2367
2318 2368 2369
2368 2370 2369
2370 2306 2369
2306 2318 2369
2301 2306 2370
2370 2368 2371
2370 2371 2372
2372 2371 2373
2373 2374 2372
2374 2375 2372
2375 2374 2376
2374 2373 2377
2377 2348 2374
2348 2377 2357
2345 2374 2348
2374 2345 2376
2372 2375 2378
2370 2372 2378
2301 2370 2378
2378 2375 2379
2379 2301 2378
2300 2301 2379
2300 2379 2380
2376 2345 2353
2304 2300 2380
2381 2382 2383
2383 2384 2381
2382 2381 2385
2386 2384 2383
2387 2382 2385
2387 2385 2388
2389 2387 2388
2390 2387 2389
2389 2391 2390
2391 2389 2392
2392 2393 2391
2387 2390 2394
2395 2393 2392
2396 2393 2395
2393 2396 2397
2393 2397 2398
2399 2392 2389
2389 2400 2399
2400 2389 2388
2392 2399 2401
2402 2392 2401
2395 2392 2402
2395 2403 2396
2390 2404 2394
2404 2390 2405
2391 2405 2390
2405 2406 2404
2406 2405 2407
2408 2407 2405
2408 2393 2398
2407 2408 2409
2398 2409 2408
2409 2398 2410
2398 2411 2410
2398 2397 2411
2405 2391 2408
2393 2408 2391
2406 2276 2404
2412 2404 2276
2276 2274 2412
2382 2412 2274
2387 2412 2382
2412 2387 2394
2404 2412 2394
2276 2406 2275
2413 2382 2274
2274 2273 2413
2273 2414 2413
2414 2273 2277
2386 2413 2414
2413 2386 2383
2382 2413 2383
2386 2414 2286
2279 2286 2414
2279 2414 2277
2415 2386 2286
2415 2286 2288
2384 2386 2415
2275 2416 2270
2417 2270 2416
2270 2417 2271
2416 2418 2417
2418 2416 2419
2420 2417 2418
2417 2420 2421
2421 2271 2417
2422 2421 2420
2421 2422 2423
2424 2423 2422
2423 2424 2425
2425 2283 2423
2283 2425 2284
2422 2426 2424
2426 2422 2427
2423 2287 2421
2287 2423 2283
2271 2421 2287
2278 2271 2287
2428 2426 2427
2426 2428 2429
2430 2284 2425
2424 2430 2425
2284 2430 2291
2430 2292 2291
2292 2430 2431
2431 2294 2292
2294 2431 2432
2433 2432 2431
2432 2433 2434
2435 2434 2433
2434 2435 2436
2437 2436 2435
2436 2437 2438
2431 2439 2433
2439 2431 2430
2433 2440 2435
2440 2433 2439
2435 2441 2437
2441 2435 2440
2440 2429 2441
2438 2442 2436
2442 2438 2443
2443 2444 2442
2445 2442 2444
2444 2446 2445
2447 2445 2446
2445 2447 2448
2448 2449 2445
2442 2445 2449
2449 2436 2442
2436 2449 2434
2449 2448 2450
2314 2450 2448
2450 2314 2315
2316 2448 2447
2448 2316 2314
2446 2444 2451
2443 2452 2444
2450 2434 2449
2434 2450 2432
2315 2432 2450
2432 2315 2294
2447 2319 2316
2319 2447 2453
2446 2453 2447
2453 2446 2454
2451 2454 2446
2454 2451 2455
2456 2455 2451
2457 2456 2451
2456 2457 2458
2455 2456 2459
2460 2459 2456
2459 2460 2461
2462 2461 2460
2461 2462 2463
2464 2463 2462
2462 2465 2464
2465 2462 2466
2466 2467 2465
2467 2466 2468
2336 2465 2467
2465 2336 2337
2469 2466 2462
2469 2462 2460
2460 2470 2469
2465 2471 2464
2465 2337 2471
2464 2471 2472
2463 2464 2472
2456 2470 2460
2470 2456 2458
2468 2473 2467
2473 2468 2474
2474 2475 2473
2475 2474 2476
2346 2473 2475
2473 2346 2347
2467 2347 2336
2347 2467 2473
2477 2476 2474
2475 2349 2346
2349 2475 2478
2476 2478 2475
2478 2476 2479
2476 2480 2479
2481 2480 2476
2480 2481 2482
2480 2483 2479
2480 2484 2483
2482 2484 2480
2485 2477 2474
2486 2485 2474
2468 2486 2474
2486 2468 2487
2468 2466 2487
2466 2488 2487
2469 2488 2466
2488 2469 2489
2470 2489 2469
2489 2470 2490
2470 2491 2490
2491 2470 2458
2458 2492 2491
2492 2458 2457
2457 2493 2492
2493 2457 2494
2451 2494 2457
2494 2451 2444
2494 2495 2493
2495 2494 2452
2444 2452 2494
2452 2496 2495
2496 2452 2497
2498 2496 2497
2498 2497 2443
2443 2497 2452
2438 2498 2443
2496 2498 2499
2498 2500 2499
2500 2501 2499
2502 2501 2500
2503 2502 2500
2502 2503 2504
2501 2502 2505
2477 2505 2502
2505 2477 2485
2502 2476 2477
2476 2502 2504
2500 2506 2503
2498 2506 2500
2438 2506 2498
2506 2507 2503
2507 2506 2438
2437 2507 2438
2437 2508 2507
2504 2481 2476
2441 2508 2437
2355 2403 2509
2355 2509 2510
2510 2511 2355
2355 2511 2356
2509 2512 2510
2509 2395 2512
2395 2509 2403
2395 2402 2512
2281 2290 2302
2302 2285 2281
2285 2302 2303
2285 2303 2289
2513 2341 2514
2341 2513 2340
2472 2513 2514
2513 2472 2471
2515 2516 2517
2516 2518 2517
2518 2519 2517
2519 2520 2517
2516 2521 2518
2521 2519 2518
2521 2516 2522
2523 2522 2516
2523 2516 2515
2522 2523 2524
2525 2524 2523
2526 2522 2524
2522 2526 2527
2521 2522 2527
2524 2525 2528
2528 2526 2524
2525 2529 2528
2529 2525 2530
2530 2531 2529
2532 2529 2531
2529 2532 2533
2533 2528 2529
2528 2533 2526
2531 2534 2532
2534 2531 2535
2535 2536 2534
2536 2535 2537
2531 2530 2538
2538 2535 2531
2535 2538 2539
2539 2537 2535
2537 2539 2540
2541 2540 2539
2540 2541 2542
2543 2533 2532
2534 2543 2532
2533 2543 2544
2545 2544 2543
2544 2545 2546
2547 2546 2545
2546 2547 2548
2547 2549 2548
2549 2547 2550
2550 2551 2549
2551 2550 2552
2553 2545 2543
2545 2553 2554
2554 2547 2545
2555 2554 2553
2554 2555 2556
2557 2550 2547
2547 2554 2557
2557 2554 2556
2550 2557 2558
2558 2552 2550
2552 2558 2559
2553 2536 2555
2536 2553 2534
2543 2534 2553
2560 2552 2559
2552 2560 2561
2560 2562 2561
2563 2561 2562
2561 2563 2564
2564 2552 2561
2562 2560 2565
2566 2563 2562
2563 2566 2567
2568 2563 2567
2563 2568 2569
2569 2564 2563
2568 2570 2569
2570 2571 2569
2564 2569 2571
2571 2570 2572
2560 2573 2565
2571 2551 2564
2552 2564 2551
2551 2571 2574
2572 2574 2571
2575 2551 2574
2574 2576 2575
2577 2575 2576
2575 2577 2578
2579 2578 2577
2578 2579 2580
2581 2580 2579
2580 2581 2582
2576 2574 2583
2574 2572 2583
2584 2583 2572
2583 2584 2585
2585 2576 2583
2551 2575 2549
2578 2549 2575
2549 2578 2548
2580 2548 2578
2548 2580 2546
2582 2546 2580
2546 2582 2544
2526 2544 2582
2544 2526 2533
2576 2585 2586
2577 2587 2579
2588 2579 2587
2579 2588 2581
2587 2520 2588
2520 2587 2589
2590 2589 2587
2589 2590 2591
2586 2591 2590
2591 2586 2592
2591 2593 2589
2593 2520 2589
2593 2591 2594
2592 2594 2591
2594 2592 2595
2590 2576 2586
2576 2590 2577
2587 2577 2590
2520 2519 2588
2521 2588 2519
2588 2521 2581
2581 2521 2527
2527 2582 2581
2582 2527 2526
2592 2596 2595
2596 2592 2597
2597 2598 2596
2598 2597 2599
2599 2600 2598
2585 2599 2597
2597 2586 2585
2586 2597 2592
2599 2585 2584
2584 2601 2599
2601 2584 2602
2584 2570 2602
2570 2584 2572
2570 2603 2602
2602 2603 2601
2603 2604 2601
2599 2604 2600
2604 2599 2601
2603 2570 2605
2605 2570 2568
2606 2605 2568
2607 2606 2568
2607 2568 2567
2608 2607 2567
2566 2608 2567
2566 2609 2608
2610 2609 2566
2611 2610 2566
2562 2611 2566
2611 2562 2565
2573 2611 2565
2611 2573 2612
2573 2613 2612
2613 2573 2614
2573 2615 2614
2615 2573 2616
2616 2573 2560
2560 2617 2616
2559 2617 2560
2616 2617 2618
2618 2617 2619
2619 2617 2620
2620 2617 2559
2619 2620 2621
2558 2621 2620
2620 2559 2558
2621 2556 2619
2622 2619 2556
2556 2623 2622
2557 2556 2621
2558 2557 2621
2556 2555 2623
2624 2623 2555
2624 2625 2623
2626 2625 2624
2624 2537 2626
2540 2626 2537
2626 2540 2627
2537 2624 2536
2624 2555 2536
2627 2628 2626
2625 2626 2628
2628 2627 2629
2630 2629 2627
2627 2631 2630
2627 2540 2631
2630 2631 2632
2632 2633 2630
2540 2542 2631
2631 2634 2632
2634 2631 2542
2634 2635 2632
2632 2635 2633
2635 2634 2636
2542 2637 2634
2637 2636 2634
2637 2542 2541
2638 2637 2541
2539 2638 2541
2638 2539 2538
2633 2639 2630
2639 2633 2640
2641 2630 2639
2630 2641 2629
2642 2629 2641
2629 2642 2628
2642 2625 2628
2625 2642 2643
2643 2623 2625
2623 2643 2644
2644 2622 2623
2622 2644 2645
2645 2619 2622
2619 2645 2646
2646 2618 2619
2618 2646 2647
2647 2616 2618
2616 2647 2615
2648 2645 2644
2645 2648 2649
2649 2646 2645
2650 2649 2648
2649 2650 2651
2652 2651 2650
2651 2652 2653
2653 2654 2651
2654 2653 2655
2655 2656 2654
2656 2655 2657
2657 2658 2656
2658 2657 2659
2660 2658 2659
2658 2660 2661
2660 2662 2661
2662 2660 2663
2663 2664 2662
2664 2663 2665
2666 2664 2665
2664 2666 2667
2668 2667 2666
2667 2668 2669
2669 2670 2667
2670 2669 2671
2672 2656 2658
2656 2672 2673
2667 2674 2664
2667 2670 2674
2662 2675 2661
2658 2675 2672
2675 2658 2661
2676 2664 2674
2675 2662 2676
2664 2676 2662
2671 2677 2670
2677 2671 2678
2678 2679 2677
2679 2678 2680
2680 2681 2679
2682 2679 2681
2679 2682 2683
2683 2677 2679
2681 2680 2684
2685 2682 2681
2686 2682 2685
2684 2687 2681
2681 2687 2685
2687 2684 2688
2677 2683 2689
2612 2689 2683
2689 2612 2613
2689 2670 2677
2670 2689 2690
2613 2690 2689
2690 2613 2691
2614 2691 2613
2691 2614 2692
2614 2693 2692
2693 2614 2615
2615 2694 2693
2694 2615 2647
2647 2695 2694
2695 2647 2646
2646 2649 2695
2651 2695 2649
2695 2651 2654
2654 2673 2695
2695 2673 2694
2673 2693 2694
2693 2673 2672
2672 2692 2693
2692 2672 2675
2692 2676 2691
2676 2692 2675
2674 2691 2676
2691 2674 2690
2674 2670 2690
2656 2673 2654
1882 1886 1883
1886 1882 1880
1880 1888 1886
1888 1880 1877
2638 2530 2696
2525 2696 2530
2638 2696 2697
2698 2638 2697
2638 2698 2637
2699 2637 2698
2637 2699 2636
2698 2700 2699
2700 2698 2701
2697 2701 2698
2701 2702 2700
2702 2701 2703
2704 2703 2701
2701 2697 2704
2703 2704 2705
2706 2705 2704
2705 2706 2707
2704 2708 2706
2525 2706 2708
2697 2708 2704
2525 2708 2696
2696 2708 2697
2706 2525 2523
2523 2707 2706
2707 2523 2515
2686 2610 2709
2610 2686 2609
2610 2611 2709
2612 2709 2611
2683 2709 2612
2683 2682 2709
2709 2682 2686
2609 2686 2710
2686 2711 2710
2711 2686 2685
2685 2712 2711
2712 2685 2687
2688 2712 2687
2712 2688 2713
2714 2609 2710
2609 2714 2715
2716 2715 2714
2715 2716 2717
2714 2718 2716
2718 2714 2719
2710 2719 2714
2719 2710 2711
2719 2720 2718
2720 2719 2721
2711 2721 2719
2721 2711 2712
2722 2720 2721
2712 2722 2721
2722 2712 2713
2720 2722 2723
2717 2724 2715
2724 2717 2725
2725 2607 2724
2608 2715 2724
2724 2607 2608
2715 2608 2609
2725 2606 2607
2726 2606 2725
2726 2605 2606
2727 2728 2729
2728 2727 2730
2731 2730 2727
2732 2731 2727
2731 2732 2733
2734 2733 2732
2733 2734 2735
2736 2735 2734
2735 2736 2737
2730 2731 2738
2738 2650 2730
2650 2738 2652
2734 2739 2736
2739 2734 2740
2732 2740 2734
2740 2732 2741
2730 2648 2728
2648 2730 2650
2727 2741 2732
2741 2727 2729
2643 2729 2728
2729 2643 2642
2740 2640 2739
2640 2740 2639
2741 2639 2740
2639 2741 2641
2641 2729 2642
2729 2641 2741
2644 2728 2648
2728 2644 2643
2742 2743 2744
2743 2742 2745
2746 2742 2744
2742 2746 2747
2748 2747 2746
2747 2748 2749
2750 2749 2748
2749 2750 2751
2752 2751 2750
2751 2752 2753
2745 2754 2743
2754 2745 2755
2755 2756 2754
2756 2755 2757
2757 2758 2756
2758 2757 2759
2749 2760 2747
2761 2747 2760
2760 2762 2761
2762 2763 2761
2763 2762 2764
2764 2765 2763
2765 2757 2755
2755 2763 2765
2765 2764 2766
2762 2760 2767
2768 2767 2760
2767 2768 2769
2770 2769 2768
2769 2770 2771
2772 2771 2770
2771 2772 2773
2766 2774 2765
2774 2766 2775
2775 2776 2774
2776 2775 2777
2768 2751 2770
2751 2768 2749
2760 2749 2768
2770 2753 2772
2753 2770 2751
2759 2774 2776
2774 2759 2757
2757 2765 2774
2771 2778 2769
2779 2769 2778
2779 2778 2780
2781 2779 2780
2782 2781 2780
2778 2783 2780
2783 2784 2780
2785 2782 2780
2786 2785 2780
2787 2786 2780
2782 2762 2781
2762 2779 2781
2762 2782 2764
2779 2762 2767
2769 2779 2767
2778 2771 2783
2783 2773 2784
2773 2783 2771
2777 2786 2787
2786 2777 2775
2775 2785 2786
2785 2775 2766
2782 2766 2764
2766 2782 2785
2788 2789 2790
2790 2789 2791
2791 2789 2792
2792 2789 2793
2794 2789 2788
2795 2789 2794
2796 2788 2790
2791 2796 2790
2788 2796 2797
2796 2798 2797
2799 2797 2798
2797 2799 2800
2788 2800 2794
2800 2788 2797
2798 2796 2801
2796 2802 2801
2802 2796 2803
2796 2791 2803
2803 2804 2802
2804 2803 2805
2805 2791 2792
2791 2805 2803
2805 2806 2804
2806 2805 2807
2807 2792 2793
2792 2807 2805
2808 2800 2799
2800 2808 2809
2794 2809 2795
2809 2794 2800
2810 2804 2806
2804 2810 2811
2811 2802 2804
2802 2812 2801
2812 2802 2813
2802 2811 2813
2814 2808 2799
2808 2814 2815
2816 2801 2812
2799 2816 2814
2816 2799 2798
2801 2816 2798
2817 2818 2819
2818 2820 2819
2820 2821 2819
2821 2822 2819
2823 2817 2819
2824 2823 2819
2817 2825 2818
2825 2820 2818
2825 2817 2826
2827 2825 2826
2826 2828 2827
2828 2826 2829
2817 2829 2826
2829 2817 2823
2825 2827 2830
2831 2825 2830
2825 2831 2832
2820 2825 2832
2833 2832 2831
2832 2833 2834
2820 2834 2821
2834 2820 2832
2835 2834 2833
2834 2835 2836
2821 2836 2822
2836 2821 2834
2829 2837 2828
2837 2829 2838
2823 2838 2829
2838 2823 2824
2839 2830 2827
2828 2839 2827
2830 2839 2840
2840 2831 2830
2831 2840 2841
2831 2842 2833
2842 2831 2841
2842 2835 2833
2835 2842 2843
2837 2844 2828
2839 2828 2844
2844 2837 2845
2846 2847 2848
2846 2849 2847
2846 2850 2849
2850 2846 2851
2850 2852 2849
2849 2852 2853
2852 2850 2854
2854 2855 2852
2855 2854 2856
2857 2855 2856
2855 2857 2858
2859 2858 2857
2858 2859 2860
2860 2861 2858
2846 2862 2851
2863 2856 2854
2856 2863 2864
2864 2857 2856
2865 2864 2863
2864 2865 2866
2867 2864 2866
2864 2867 2868
2857 2864 2868
2865 2863 2869
2863 2870 2869
2870 2863 2871
2871 2872 2870
2872 2871 2873
2873 2874 2872
2874 2873 2875
2876 2872 2874
2872 2876 2877
2877 2870 2872
2876 2878 2877
2879 2877 2878
2877 2879 2880
2870 2877 2880
2870 2880 2869
2878 2876 2881
2878 2882 2879
2882 2878 2883
2884 2882 2883
2882 2884 2885
2883 2886 2884
2886 2883 2887
2878 2887 2883
2887 2878 2881
2851 2875 2873
2873 2850 2851
2875 2851 2862
2888 2884 2886
2884 2888 2889
2889 2885 2884
2889 2890 2885
2890 2889 2891
2892 2890 2891
2890 2892 2893
2893 2892 2894
2894 2895 2893
2895 2894 2896
2897 2896 2894
2896 2897 2898
2899 2895 2896
2898 2899 2896
2895 2899 2900
2901 2900 2899
2900 2901 2902
2899 2903 2901
2903 2899 2904
2899 2898 2904
2901 2905 2902
2902 2905 2906
2905 2868 2906
2868 2905 2907
2908 2907 2905
2905 2901 2908
2907 2908 2909
2910 2909 2908
2901 2910 2908
2910 2901 2903
2909 2910 2911
2911 2912 2909
2912 2911 2913
2913 2914 2912
2914 2913 2915
2909 2859 2907
2859 2909 2912
2914 2859 2912
2857 2907 2859
2907 2857 2868
2868 2867 2906
2859 2914 2860
2860 2914 2916
2860 2916 2917
2860 2917 2861
2918 2861 2917
2919 2861 2918
2920 2919 2918
2919 2920 2921
2919 2922 2861
2922 2858 2861
2922 2855 2858
2855 2922 2923
2924 2855 2923
2855 2924 2852
2852 2924 2853
2924 2925 2853
2853 2925 2926
2925 2927 2926
2927 2925 2928
2853 2926 2929
2853 2929 2849
2849 2929 2847
2930 2931 2932
2933 2932 2931
2932 2933 2934
2931 2935 2933
2935 2931 2936
2937 2935 2936
2936 2938 2937
2938 2936 2939
2939 2936 2931
2938 2939 2940
2941 2938 2940
2935 2937 2942
2937 2943 2942
2943 2937 2944
2938 2944 2937
2944 2938 2941
2945 2944 2941
2945 2943 2944
2943 2945 2946
2947 2946 2945
2946 2947 2948
2933 2949 2934
2942 2950 2935
2951 2935 2950
2951 2952 2949
2952 2951 2953
2950 2953 2951
2953 2954 2952
2954 2953 2955
2955 2956 2954
2956 2955 2957
2958 2956 2957
2956 2958 2959
2960 2959 2958
2959 2960 2961
2962 2958 2957
2958 2962 2963
2958 2963 2960
2964 2963 2962
2962 2965 2964
2965 2962 2966
2966 2957 2955
2957 2966 2962
2963 2964 2967
2967 2960 2963
2966 2968 2965
2968 2966 2969
2955 2969 2966
2969 2970 2968
2970 2969 2950
2964 2971 2967
2971 2964 2972
2965 2972 2964
2972 2973 2971
2973 2972 2974
2975 2974 2972
2972 2965 2975
2968 2975 2965
2974 2975 2976
2976 2977 2974
2977 2973 2974
2977 2976 2978
2973 2977 2979
2979 2980 2973
2973 2980 2971
2980 2967 2971
2980 2979 2981
2982 2978 2976
2978 2982 2983
2984 2983 2982
2983 2984 2985
2982 2986 2984
2986 2982 2987
2987 2976 2975
2976 2987 2982
2975 2968 2987
2987 2970 2986
2970 2987 2968
2942 2986 2970
2950 2942 2970
2986 2942 2943
2943 2984 2986
2984 2943 2946
2946 2985 2984
2985 2946 2948
2981 2988 2980
2989 2988 2981
2953 2950 2969
2969 2955 2953
2990 2988 2991
2988 2990 2980
2967 2980 2990
2960 2967 2990
2992 2990 2991
2990 2992 2960
2960 2992 2961
2961 2992 2993
2994 2941 2995
2941 2996 2995
2940 2996 2941
2996 2940 2997
2940 2998 2997
2998 2940 2939
2998 2939 2999
2994 2945 2941
3000 2945 2994
2947 2945 3000
2999 2939 3001
3001 2939 2931
3001 2931 2930
2862 2846 3002
2846 2848 3002
2871 2854 2850
2854 2871 2863
2850 2873 2871
2949 2933 2951
2935 2951 2933
3003 3004 3005
3004 3003 3006
3004 3007 3005
3007 3004 3008
3008 3009 3007
3009 3008 3010
3010 3011 3009
3011 3010 3012
3013 3011 3012
3011 3013 3014
3015 3006 3003
3006 3015 3016
3017 3016 3015
3016 3017 3018
3017 3019 3018
3019 3017 3020
3007 3021 3005
3021 3003 3005
3003 3021 3022
3022 3015 3003
3011 3023 3009
3024 3009 3023
3021 3007 3024
3009 3024 3007
3025 3020 3017
3020 3025 3026
3027 3017 3015
3017 3027 3025
3015 3022 3027
3021 3028 3022
3028 3027 3022
3028 3021 3029
3024 3029 3021
3029 3024 3030
3023 3030 3024
3030 3023 3031
3032 3031 3023
3023 3011 3032
3014 3032 3011
3032 3014 3033
3031 3032 3034
3033 3034 3032
3034 3033 3035
3036 3026 3025
3026 3036 3037
3038 3025 3027
3025 3038 3036
3027 3028 3038
3028 3029 3039
3029 3030 3039
3030 3031 3039
3031 3034 3039
3034 3035 3039
3037 3036 3039
3036 3038 3039
3038 3028 3039
3040 2894 2892
2894 3040 2897
2914 2915 3041
2914 3041 2916
2761 2745 2742
2745 2761 2763
2747 2761 2742
2763 2755 2745
2530 2638 2538
3042 3043 3044
3043 3042 3045
3044 3046 3042
3047 3043 3045
3048 3046 3044
3048 3049 3046
3050 3049 3048
3048 3051 3050
3052 3050 3051
3050 3052 3053
3053 3052 3054
3051 3048 3055
3056 3053 3054
3054 3057 3056
3057 3054 3058
3054 3059 3058
3053 3060 3050
3050 3060 3061
3061 3049 3050
3060 3053 3062
3063 3062 3053
3056 3063 3053
3056 3057 3064
3065 3051 3055
3051 3065 3066
3066 3052 3051
2406 3066 3065
3066 2406 2407
2407 3067 3066
3054 3067 3059
3067 2407 2409
2409 3059 3067
3059 2409 2410
3059 2410 2411
3059 2411 3058
3052 3066 3067
3067 3054 3052
3068 2406 3065
3065 3069 3068
2419 3068 3069
3044 2419 3069
3068 2419 2416
2416 2275 3068
2406 3068 2275
3069 3048 3044
3048 3069 3055
3069 3065 3055
3070 2419 3044
2419 3070 2418
3071 2418 3070
2418 3071 2420
3070 3047 3071
3047 3070 3043
3044 3043 3070
3047 2427 3071
2422 3071 2427
2422 2420 3071
3072 2427 3047
3072 2428 2427
3045 3072 3047
2483 3073 3064
2483 3074 3073
3074 2483 3075
2483 2484 3075
3073 3074 3076
3073 3076 3056
3056 3064 3073
3056 3076 3063
2430 2424 2439
2426 2439 2424
2439 2426 2440
2426 2429 2440
3077 3078 3079
3078 3080 3079
3080 3078 3081
3082 3079 3080
3079 3082 3083
3081 3084 3080
3084 3081 3085
3080 3086 3082
3086 3080 3084
3079 3087 3077
3079 3083 3087
3088 3086 3084
3089 3084 3085
3084 3089 3088
3090 3088 3089
3088 3090 3091
3092 3091 3090
3091 3092 3093
3094 3093 3092
3093 3094 3095
3096 3093 3095
3096 3097 3093
3097 3096 3098
3097 3098 3099
3099 3100 3097
3097 3100 3093
3091 3093 3100
3099 3101 3100
3101 3091 3100
3091 3101 3088
3088 3101 3086
3101 3099 3102
3103 3102 3099
3098 3103 3099
3103 3104 3102
3102 3104 3105
3106 3102 3105
3101 3102 3106
3103 3107 3104
3104 3108 3105
3104 3109 3108
3107 3109 3104
3110 3108 3109
3108 3110 3111
3112 3111 3110
3111 3112 3113
3112 3114 3113
3114 3112 3115
3110 3116 3112
3116 3115 3112
3116 3110 3117
3117 3109 3107
3109 3117 3110
3115 3116 3118
3108 3119 3105
3119 3108 3120
3120 3121 3119
3122 3119 3121
3119 3122 3123
3121 3120 3124
3120 3125 3124
3125 3120 3126
3126 3127 3125
3127 3126 3128
3129 3127 3128
3127 3129 3130
3129 3131 3130
3131 3129 3132
3133 3131 3132
3134 3133 3132
3133 3134 3135
3135 3136 3133
3136 3135 3137
3138 3135 3134
3135 3138 3139
3139 3137 3135
3139 3140 3137
3141 3139 3138
3139 3141 3142
3142 3140 3139
3137 3143 3136
3143 3137 3144
3140 3144 3137
3140 3142 3145
3144 3140 3146
3145 3146 3140
3146 3145 3147
3144 3148 3143
3148 3144 3149
3146 3149 3144
3149 3146 3150
3147 3150 3146
3150 3147 3151
3149 3152 3148
3153 3148 3152
3148 3153 3154
3154 3143 3148
3152 3149 3155
3150 3155 3149
3155 3150 3156
3151 3156 3150
3156 3151 3157
3158 3153 3152
3153 3158 3159
3152 3160 3158
3160 3152 3155
3156 3160 3155
3160 3156 3161
3157 3161 3156
3161 3157 3162
3163 3160 3161
3162 3163 3161
3160 3163 3164
3164 3158 3160
3163 3162 3165
3166 3159 3158
3158 3164 3166
3167 3166 3164
3163 3167 3164
3166 3167 3168
3159 3166 3169
3168 3169 3166
3167 3163 3170
3165 3170 3163
3171 3167 3170
3167 3171 3172
3172 3168 3167
3173 3172 3171
3172 3173 3174
3174 3175 3172
3168 3172 3175
3175 3174 3176
3177 3175 3176
3175 3177 3178
3174 3179 3176
3179 3174 3180
3181 3180 3174
3174 3173 3181
3181 3182 3180
3180 3182 3183
3183 3184 3180
3185 3184 3183
3184 3185 3186
3182 3187 3183
3187 3188 3183
3188 3185 3183
3185 3188 3189
3184 3190 3180
3186 3190 3184
3190 3179 3180
3190 3191 3179
3191 3176 3179
3176 3191 3177
3191 3190 3192
3190 3186 3193
3193 3192 3190
3194 3193 3186
3193 3194 3195
3196 3195 3194
3194 3197 3196
3197 3194 3198
3198 3194 3186
3185 3198 3186
3198 3199 3197
3199 3198 3200
3185 3200 3198
3200 3185 3189
3201 3197 3199
3197 3201 3202
3203 3202 3201
3202 3203 3204
3205 3202 3204
3204 3206 3205
3206 3204 3207
3203 3207 3204
3207 3208 3206
3208 3207 3209
3210 3209 3207
3207 3203 3210
3209 3210 3211
3202 3205 3212
3212 3197 3202
3197 3212 3196
3213 3206 3208
3206 3213 3214
3214 3205 3206
3205 3214 3215
3215 3212 3205
3212 3215 3216
3212 3217 3196
3217 3212 3216
3195 3196 3217
3217 3218 3195
3219 3195 3218
3195 3219 3193
3192 3193 3219
3218 3217 3220
3221 3217 3216
3217 3221 3220
3216 3222 3221
3222 3216 3215
3215 3223 3222
3223 3215 3214
3224 3214 3213
3214 3224 3223
3173 3225 3226
3225 3173 3171
3170 3225 3171
3225 3170 3227
3170 3165 3227
3228 3173 3226
3228 3181 3173
3229 3226 3225
3228 3226 3229
3225 3230 3229
3229 3230 3231
3230 3232 3231
3232 3230 3233
3233 3225 3227
3225 3233 3230
3165 3233 3227
3231 3234 3229
3235 3234 3231
3234 3235 3236
3235 3237 3236
3237 3235 3238
3239 3234 3236
3234 3239 3240
3241 3234 3240
3234 3241 3229
3228 3229 3241
3241 3240 3242
3240 3243 3242
3243 3240 3244
3244 3245 3243
3245 3244 3246
3242 3243 3247
3247 3243 3188
3245 3188 3243
3188 3245 3189
3244 3240 3248
3248 3246 3244
3248 3240 3239
3249 3248 3239
3249 3236 3237
3236 3249 3239
3248 3249 3250
3246 3248 3251
3250 3251 3248
3251 3252 3246
3252 3251 3253
3253 3254 3252
3255 3252 3254
3252 3255 3256
3256 3246 3252
3245 3246 3256
3199 3256 3255
3256 3199 3200
3245 3200 3189
3200 3245 3256
3255 3201 3199
3201 3255 3257
3257 3203 3201
3203 3257 3258
3257 3259 3258
3260 3258 3259
3258 3260 3261
3261 3203 3258
3262 3261 3260
3261 3262 3263
3263 3210 3261
3203 3261 3210
3210 3263 3211
3259 3257 3264
3255 3264 3257
3264 3255 3254
3260 3265 3262
3265 3260 3266
3259 3266 3260
3266 3259 3267
3264 3267 3259
3267 3264 3268
3264 3269 3268
3269 3264 3254
3254 3253 3269
3270 3269 3253
3253 3271 3270
3271 3253 3251
3251 3250 3271
3269 3270 3272
3269 3273 3268
3273 3269 3272
3274 3268 3273
3268 3274 3267
3275 3267 3274
3267 3275 3266
3266 3276 3265
3276 3266 3275
3143 3154 3277
3277 3136 3143
3136 3277 3278
3278 3133 3136
3133 3278 3279
3131 3133 3279
3131 3279 3280
3281 3131 3280
3131 3281 3130
3281 3127 3130
3127 3281 3282
3282 3125 3127
3125 3282 3283
3283 3124 3125
3124 3283 3284
3284 3121 3124
3121 3284 3285
3285 3122 3121
3122 3285 3286
3286 3083 3122
3083 3123 3122
3123 3083 3082
3082 3106 3123
3105 3123 3106
3123 3105 3119
3106 3082 3086
3086 3101 3106
3087 3083 3286
3077 3087 3287
3288 3077 3287
3108 3126 3120
3126 3108 3111
3111 3128 3126
3128 3111 3113
3128 3113 3129
3113 3114 3129
3114 3132 3129
3132 3114 3134
3115 3134 3114
3134 3115 3138
3118 3138 3115
3138 3118 3141
3118 3289 3141
3290 3141 3289
3289 3291 3290
3291 3289 3292
3292 3293 3291
3293 3292 3294
3293 3294 3295
3296 3295 3294
3295 3296 3297
3296 3298 3297
3298 3296 3299
3300 3298 3299
3298 3300 3301
3302 3301 3300
3301 3302 3303
3304 3291 3293
3291 3304 3305
3290 3291 3305
3290 3305 3306
3307 3305 3304
3305 3307 3308
3308 3306 3305
3306 3308 3309
3309 3145 3306
3142 3306 3145
3306 3142 3290
3141 3290 3142
3145 3309 3147
3310 3308 3307
3308 3310 3311
3311 3309 3308
3309 3311 3312
3312 3147 3309
3147 3312 3151
3313 3311 3310
3310 3314 3313
3314 3310 3315
3307 3315 3310
3311 3313 3316
3316 3312 3311
3312 3316 3317
3317 3151 3312
3151 3317 3157
3314 3318 3313
3318 3314 3319
3320 3313 3318
3313 3320 3316
3320 3317 3316
3317 3320 3321
3321 3157 3317
3157 3321 3162
3320 3322 3321
3322 3162 3321
3322 3320 3323
3318 3323 3320
3162 3322 3165
3319 3324 3318
3323 3318 3324
3324 3232 3323
3232 3322 3323
3232 3324 3325
3324 3319 3326
3326 3325 3324
3322 3232 3233
3233 3165 3322
3325 3231 3232
3231 3325 3235
3327 3235 3325
3325 3326 3327
3235 3327 3238
3328 3175 3178
3175 3328 3168
3169 3168 3328
3329 3330 3331
3330 3329 3332
3331 3333 3329
3333 3331 3334
3334 3335 3333
3335 3334 3336
3336 3337 3335
3337 3336 3338
3339 3329 3333
3329 3339 3340
3340 3332 3329
3341 3340 3339
3339 3342 3341
3342 3339 3343
3337 3343 3335
3343 3333 3335
3333 3343 3339
3340 3341 3344
3344 3345 3340
3332 3340 3345
3345 3344 3346
3347 3342 3343
3343 3337 3347
3342 3347 3348
3349 3346 3344
3346 3349 3350
3351 3344 3341
3344 3351 3349
3352 3341 3342
3341 3352 3351
3348 3352 3342
3352 3348 3353
3354 3345 3346
3345 3354 3355
3356 3355 3354
3355 3356 3357
3358 3357 3356
3347 3358 3348
3357 3358 3359
3358 3347 3359
3346 3360 3354
3360 3346 3350
3354 3361 3356
3361 3354 3360
3356 3362 3358
3362 3356 3361
3348 3362 3353
3362 3348 3358
3357 3363 3355
3363 3357 3364
3359 3364 3357
3364 3365 3363
3330 3363 3365
3363 3330 3332
3332 3355 3363
3365 3364 3366
3367 3366 3364
3364 3359 3367
3366 3367 3368
3337 3368 3367
3359 3337 3367
3368 3337 3338
3337 3359 3347
3330 3365 3369
3365 3366 3369
3366 3368 3369
3368 3338 3369
3330 3369 3331
3331 3369 3334
3334 3369 3336
3336 3369 3338
3355 3332 3345
3370 3371 3372
3371 3370 3373
3374 3371 3373
3371 3374 3375
3376 3375 3374
3371 3377 3372
3377 3371 3378
3371 3379 3378
3379 3371 3375
3376 3379 3375
3380 3370 3372
3380 3372 3381
3381 3372 3377
3382 3383 3384
3385 3382 3384
3386 3382 3385
3382 3386 3387
3388 3382 3387
3389 3388 3387
3382 3388 3390
3391 3390 3388
3392 3391 3388
3391 3392 3393
3390 3391 3394
3395 3394 3391
3394 3395 3396
3396 3397 3394
3397 3396 3398
3394 3399 3390
3399 3394 3397
3390 3399 3400
3401 3396 3395
3396 3401 3402
3401 3403 3402
3403 3401 3404
3404 3405 3403
3406 3403 3405
3403 3406 3407
3407 3402 3403
3405 3404 3408
3408 3404 3409
3405 3410 3406
3410 3405 3411
3410 3411 3412
3405 3413 3411
3405 3408 3413
3401 3414 3404
3404 3414 3409
3414 3401 3415
3402 3407 3416
3416 3396 3402
3396 3416 3398
3417 3410 3412
3401 3418 3415
3419 3418 3401
3420 3419 3401
3395 3420 3401
3420 3395 3421
3421 3395 3422
3391 3422 3395
3422 3391 3393
3423 3424 3425
3426 3424 3423
3424 3426 3427
3428 3427 3426
3427 3428 3429
3428 3430 3429
3430 3428 3385
3428 3431 3385
3431 3428 3432
3426 3432 3428
3423 3433 3426
3426 3433 3434
3432 3426 3434
3433 3423 3435
3436 3435 3423
3423 3425 3436
3435 3436 3437
3437 3436 3438
3430 3385 3384
3385 3431 3439
3385 3439 3386
3383 3382 3400
3382 3390 3400
3388 3440 3392
3388 3389 3440
3441 3442 3443
3442 3441 3444
3441 3445 3444
3445 3441 3446
3446 3302 3445
3302 3446 3303
3446 3447 3303
3448 3303 3447
3303 3448 3301
3449 3301 3448
3301 3449 3298
3450 3298 3449
3298 3450 3297
3450 3295 3297
3295 3450 3451
3295 3451 3452
3447 3446 3453
3441 3453 3446
3453 3441 3454
3295 3452 3293
3455 3293 3452
3293 3455 3304
3456 3304 3455
3304 3456 3307
3315 3307 3456
3443 3454 3441
3454 3443 3457
3458 3459 3460
3459 3458 3461
3462 3460 3459
3460 3462 3463
3464 3463 3462
3463 3464 3465
3095 3465 3464
3465 3095 3094
3096 3095 3464
3096 3464 3466
3466 3464 3462
3467 3466 3462
3467 3462 3459
3459 3468 3467
3459 3461 3468
3461 3469 3468
3468 3469 3470
3103 3468 3470
3103 3467 3468
3466 3467 3098
3466 3098 3096
3098 3467 3103
3103 3470 3107
3470 3469 3471
3470 3471 3472
3107 3470 3472
3471 3473 3472
3473 3471 3474
3474 3475 3473
3475 3474 3476
3477 3475 3476
3475 3477 3478
3116 3473 3475
3478 3116 3475
3473 3116 3117
3117 3472 3473
3472 3117 3107
3116 3478 3118
3445 3471 3469
3471 3445 3302
3300 3471 3302
3471 3300 3474
3474 3299 3476
3299 3474 3300
3299 3296 3476
3476 3296 3477
3469 3444 3445
3444 3469 3461
3461 3442 3444
3442 3461 3458
3294 3477 3296
3477 3294 3292
3292 3478 3477
3478 3292 3289
3289 3118 3478
3479 3480 3481
3482 3480 3479
3479 3483 3482
3483 3479 3484
3479 3485 3484
3486 3484 3485
3485 3479 3487
3487 3488 3485
3488 3489 3485
3489 3488 3490
3488 3487 3491
3491 3492 3488
3492 3491 3493
3494 3493 3491
3493 3494 3495
3496 3491 3487
3491 3496 3494
3487 3497 3496
3493 3498 3492
3498 3493 3499
3500 3498 3499
3498 3500 3501
3502 3501 3500
3500 3503 3502
3503 3500 3504
3499 3504 3500
3501 3502 3505
3505 3506 3501
3507 3502 3503
3502 3507 3508
3507 3509 3508
3502 3508 3510
3502 3510 3505
3511 3498 3501
3501 3506 3511
3498 3511 3512
3504 3499 3513
3493 3513 3499
3513 3493 3495
3514 3509 3507
3498 3512 3515
3516 3498 3515
3517 3498 3516
3517 3492 3498
3492 3517 3518
3518 3519 3492
3519 3488 3492
3488 3519 3490
3520 3521 3522
3522 3523 3520
3523 3522 3524
3524 3525 3523
3525 3524 3526
3527 3525 3526
3525 3527 3482
3528 3525 3482
3525 3528 3529
3529 3523 3525
3530 3520 3523
3523 3531 3530
3523 3529 3531
3520 3530 3532
3532 3533 3520
3520 3533 3521
3533 3532 3534
3534 3535 3533
3527 3480 3482
3482 3536 3528
3482 3483 3536
3481 3497 3479
3479 3497 3487
3537 3538 3539
3538 3537 3540
3539 3541 3537
3541 3539 3542
3542 3543 3541
3543 3542 3544
3544 3545 3543
3545 3544 3546
3546 3547 3545
3547 3546 3548
3548 3549 3547
3549 3548 3550
3550 3551 3549
3551 3550 3552
3553 3551 3552
3551 3553 3554
3540 3555 3538
3556 3557 3555
3557 3556 3558
3558 3559 3557
3559 3558 3560
3560 3561 3559
3561 3560 3562
3562 3563 3561
3563 3562 3564
3564 3565 3563
3565 3564 3566
3566 3567 3565
3567 3566 3568
3568 3569 3567
3569 3568 3570
3570 3571 3569
3571 3570 3572
3555 3540 3556
3485 3489 3573
3485 3573 3486
3574 3575 3576
3577 3576 3575
3576 3577 3578
3575 3579 3577
3579 3575 3580
3581 3578 3577
3578 3581 3582
3577 3583 3581
3583 3577 3579
3575 3574 3584
3575 3584 3580
3585 3581 3583
3581 3586 3582
3586 3581 3585
3585 3587 3586
3587 3585 3588
3588 3589 3587
3589 3588 3590
3590 3591 3589
3591 3590 3592
3593 3592 3590
3593 3590 3594
3594 3595 3593
3594 3596 3595
3596 3594 3597
3594 3590 3597
3588 3597 3590
3596 3597 3598
3588 3598 3597
3598 3588 3585
3585 3583 3598
3598 3599 3596
3600 3596 3599
3595 3596 3600
3600 3599 3601
3599 3602 3601
3603 3602 3599
3598 3603 3599
3600 3601 3604
3601 3602 3605
3601 3605 3606
3604 3601 3606
3605 3607 3606
3607 3605 3608
3608 3609 3607
3609 3608 3610
3611 3609 3610
3609 3611 3612
3613 3607 3609
3612 3613 3609
3607 3613 3614
3614 3606 3607
3606 3614 3604
3613 3612 3615
3616 3605 3602
3605 3616 3617
3618 3617 3616
3616 3619 3618
3619 3616 3620
3617 3618 3621
3622 3617 3621
3617 3622 3623
3624 3623 3622
3623 3624 3625
3624 3626 3625
3626 3624 3627
3628 3626 3627
3626 3628 3629
3630 3629 3628
3630 3631 3629
3631 3630 3632
3633 3632 3630
3632 3633 3634
3632 3635 3631
3635 3632 3636
3636 3632 3634
3636 3634 3637
3636 3638 3635
3638 3636 3639
3637 3639 3636
3640 3634 3633
3634 3640 3641
3641 3637 3634
3639 3637 3642
3637 3641 3643
3643 3642 3637
3642 3643 3644
3645 3641 3640
3641 3645 3646
3646 3643 3641
3643 3646 3647
3647 3644 3643
3644 3647 3648
3649 3646 3645
3645 3650 3649
3650 3645 3651
3640 3651 3645
3646 3649 3652
3652 3647 3646
3647 3652 3653
3653 3648 3647
3648 3653 3654
3650 3655 3649
3655 3650 3656
3657 3649 3655
3649 3657 3652
3657 3653 3652
3653 3657 3658
3658 3654 3653
3654 3658 3659
3657 3660 3658
3660 3659 3658
3660 3657 3661
3655 3661 3657
3659 3660 3662
3656 3663 3655
3661 3655 3663
3663 3664 3661
3664 3660 3661
3664 3663 3665
3663 3656 3666
3666 3665 3663
3660 3664 3667
3667 3662 3660
3664 3668 3667
3668 3664 3669
3665 3669 3664
3670 3668 3669
3669 3671 3670
3672 3671 3669
3669 3665 3672
3671 3672 3673
3672 3674 3673
3674 3672 3675
3676 3671 3673
3671 3676 3677
3678 3671 3677
3671 3678 3670
3678 3677 3679
3677 3680 3679
3680 3677 3681
3681 3682 3680
3682 3681 3683
3679 3680 3684
3684 3680 3685
3682 3685 3680
3685 3682 3686
3681 3677 3687
3687 3683 3681
3687 3677 3676
3688 3687 3676
3688 3673 3674
3673 3688 3676
3687 3688 3689
3683 3687 3690
3689 3690 3687
3690 3691 3683
3691 3690 3692
3692 3693 3691
3694 3691 3693
3691 3694 3695
3695 3683 3691
3682 3683 3695
3696 3695 3694
3695 3696 3697
3682 3697 3686
3697 3682 3695
3694 3698 3696
3698 3694 3699
3699 3700 3698
3700 3699 3701
3699 3702 3701
3703 3701 3702
3701 3703 3704
3704 3700 3701
3705 3704 3703
3704 3705 3706
3706 3707 3704
3700 3704 3707
3707 3706 3708
3702 3699 3709
3694 3709 3699
3709 3694 3693
3703 3710 3705
3710 3703 3711
3702 3711 3703
3711 3702 3712
3709 3712 3702
3712 3709 3713
3709 3714 3713
3714 3709 3693
3693 3692 3714
3715 3714 3692
3692 3716 3715
3716 3692 3690
3690 3689 3716
3714 3715 3717
3714 3718 3713
3718 3714 3717
3719 3713 3718
3713 3719 3712
3720 3712 3719
3712 3720 3711
3711 3721 3710
3721 3711 3720
3670 3722 3723
3723 3668 3670
3723 3667 3668
3667 3723 3724
3662 3667 3724
3725 3722 3670
3725 3670 3678
3726 3723 3722
3725 3726 3722
3723 3726 3727
3726 3728 3727
3729 3727 3728
3727 3729 3730
3730 3723 3727
3723 3730 3724
3730 3662 3724
3728 3726 3731
3731 3732 3728
3732 3731 3733
3734 3732 3733
3732 3734 3735
3731 3736 3733
3736 3731 3737
3738 3737 3731
3731 3726 3738
3725 3738 3726
3738 3739 3737
3737 3739 3740
3740 3741 3737
3742 3741 3740
3741 3742 3743
3739 3744 3740
3744 3685 3740
3685 3742 3740
3742 3685 3686
3741 3745 3737
3743 3745 3741
3745 3736 3737
3745 3746 3736
3746 3733 3736
3733 3746 3734
3746 3745 3747
3745 3743 3748
3748 3747 3745
3749 3748 3743
3748 3749 3750
3751 3750 3749
3749 3752 3751
3752 3749 3753
3753 3749 3743
3742 3753 3743
3753 3696 3752
3696 3753 3697
3742 3697 3753
3697 3742 3686
3698 3752 3696
3752 3698 3754
3700 3754 3698
3754 3700 3755
3756 3754 3755
3755 3757 3756
3757 3755 3758
3700 3758 3755
3758 3759 3757
3759 3758 3760
3707 3760 3758
3758 3700 3707
3760 3707 3708
3754 3756 3761
3761 3752 3754
3752 3761 3751
3762 3757 3759
3757 3762 3763
3763 3756 3757
3756 3763 3764
3764 3761 3756
3761 3764 3765
3761 3766 3751
3766 3761 3765
3750 3751 3766
3766 3767 3750
3768 3750 3767
3750 3768 3748
3747 3748 3768
3767 3766 3769
3770 3766 3765
3766 3770 3769
3765 3771 3770
3771 3765 3764
3764 3772 3771
3772 3764 3763
3773 3763 3762
3763 3773 3772
3651 3640 3774
3633 3774 3640
3774 3633 3775
3630 3775 3633
3775 3630 3776
3628 3776 3630
3628 3777 3776
3628 3778 3777
3778 3628 3627
3624 3778 3627
3778 3624 3779
3622 3779 3624
3779 3622 3780
3621 3780 3622
3780 3621 3781
3618 3781 3621
3781 3618 3782
3619 3782 3618
3782 3619 3783
3783 3619 3580
3620 3580 3619
3580 3620 3579
3603 3579 3620
3620 3602 3603
3602 3620 3616
3579 3603 3583
3583 3603 3598
3584 3783 3580
3574 3784 3584
3785 3784 3574
3623 3605 3617
3605 3623 3608
3625 3608 3623
3608 3625 3610
3625 3626 3610
3610 3626 3611
3629 3611 3626
3611 3629 3631
3631 3612 3611
3612 3631 3635
3635 3615 3612
3615 3635 3638
3786 3615 3638
3638 3787 3786
3788 3786 3787
3786 3788 3789
3790 3789 3788
3789 3790 3791
3790 3792 3791
3792 3793 3791
3793 3792 3794
3795 3793 3794
3793 3795 3796
3795 3797 3796
3797 3795 3798
3798 3799 3797
3799 3798 3800
3788 3801 3790
3801 3788 3802
3787 3802 3788
3787 3803 3802
3802 3804 3801
3804 3802 3805
3803 3805 3802
3805 3803 3806
3642 3806 3803
3803 3639 3642
3639 3803 3787
3787 3638 3639
3806 3642 3644
3805 3807 3804
3807 3805 3808
3806 3808 3805
3808 3806 3809
3644 3809 3806
3809 3644 3648
3808 3810 3807
3811 3807 3810
3807 3811 3812
3812 3804 3807
3810 3808 3813
3809 3813 3808
3813 3809 3814
3648 3814 3809
3814 3648 3654
3815 3811 3810
3811 3815 3816
3810 3817 3815
3817 3810 3813
3814 3817 3813
3817 3814 3818
3654 3818 3814
3818 3654 3659
3819 3817 3818
3659 3819 3818
3817 3819 3820
3820 3815 3817
3819 3659 3662
3821 3816 3815
3815 3820 3821
3729 3821 3820
3819 3729 3820
3821 3729 3822
3816 3821 3823
3822 3823 3821
3729 3819 3730
3662 3730 3819
3728 3822 3729
3822 3728 3732
3732 3824 3822
3823 3822 3824
3824 3732 3735
3825 3672 3665
3672 3825 3675
3665 3666 3825
3826 3827 3828
3827 3826 3829
3830 3828 3827
3828 3830 3831
3832 3831 3830
3831 3832 3833
3834 3833 3832
3833 3834 3835
3827 3836 3830
3836 3827 3837
3829 3837 3827
3837 3838 3836
3839 3836 3838
3836 3839 3840
3840 3834 3832
3830 3840 3832
3840 3830 3836
3838 3837 3841
3842 3841 3837
3837 3829 3842
3841 3842 3843
3839 3844 3840
3834 3840 3844
3844 3839 3845
3843 3846 3841
3846 3843 3847
3841 3848 3838
3848 3841 3846
3838 3849 3839
3849 3838 3848
3849 3845 3839
3845 3849 3850
3842 3851 3843
3851 3842 3852
3852 3853 3851
3853 3852 3854
3854 3855 3853
3855 3844 3845
3855 3854 3856
3844 3855 3856
3857 3843 3851
3843 3857 3847
3858 3851 3853
3851 3858 3857
3859 3853 3855
3853 3859 3858
3845 3859 3855
3859 3845 3850
3860 3854 3852
3854 3860 3861
3861 3856 3854
3862 3861 3860
3860 3826 3862
3826 3860 3829
3852 3829 3860
3861 3862 3863
3863 3864 3861
3856 3861 3864
3864 3863 3865
3865 3834 3864
3834 3856 3864
3834 3865 3835
3856 3834 3844
3826 3866 3862
3862 3866 3863
3863 3866 3865
3865 3866 3835
3826 3828 3866
3828 3831 3866
3831 3833 3866
3833 3835 3866
3829 3852 3842
3867 3868 3869
3868 3867 3870
3868 3871 3869
3871 3868 3872
3873 3871 3872
3874 3868 3870
3868 3874 3875
3876 3868 3875
3868 3876 3872
3873 3872 3876
3877 3870 3867
3878 3874 3870
3879 3878 3870
3880 3881 3882
3883 3881 3880
3880 3884 3883
3884 3880 3885
3880 3886 3885
3887 3885 3886
3886 3880 3888
3888 3889 3886
3889 3890 3886
3890 3889 3891
3889 3888 3892
3892 3893 3889
3893 3892 3894
3895 3894 3892
3894 3895 3896
3897 3892 3888
3892 3897 3895
3888 3898 3897
3894 3899 3893
3899 3894 3900
3901 3899 3900
3899 3901 3902
3903 3902 3901
3901 3904 3903
3904 3901 3905
3900 3905 3901
3902 3903 3906
3906 3907 3902
3908 3903 3904
3903 3908 3909
3908 3910 3909
3903 3909 3911
3903 3911 3906
3912 3899 3902
3902 3907 3912
3899 3912 3913
3905 3900 3914
3894 3914 3900
3914 3894 3896
3915 3910 3908
3899 3913 3916
3917 3899 3916
3918 3899 3917
3918 3893 3899
3893 3918 3919
3919 3920 3893
3920 3889 3893
3889 3920 3891
3921 3922 3923
3923 3924 3921
3924 3923 3925
3925 3926 3924
3926 3925 3927
3928 3926 3927
3926 3928 3883
3929 3926 3883
3926 3929 3930
3930 3924 3926
3931 3921 3924
3924 3932 3931
3924 3930 3932
3921 3931 3933
3933 3934 3921
3921 3934 3922
3934 3933 3935
3935 3936 3934
3928 3881 3883
3883 3937 3929
3883 3884 3937
3882 3898 3880
3880 3898 3888
3886 3890 3938
3886 3938 3887
3939 3940 3941
3940 3939 3942
3943 3939 3941
3939 3943 3944
3799 3944 3943
3944 3799 3800
3945 3944 3800
3800 3946 3945
3946 3800 3798
3798 3947 3946
3947 3798 3795
3795 3948 3947
3948 3795 3794
3792 3948 3794
3948 3792 3949
3792 3950 3949
3944 3945 3951
3951 3939 3944
3939 3951 3952
3792 3790 3950
3790 3953 3950
3953 3790 3801
3801 3954 3953
3954 3801 3804
3804 3812 3954
3952 3942 3939
3942 3952 3955
3956 3957 3958
3957 3956 3959
3958 3960 3956
3960 3958 3961
3961 3962 3960
3962 3961 3963
3963 3592 3962
3592 3963 3591
3593 3962 3592
3593 3964 3962
3964 3960 3962
3965 3960 3964
3965 3956 3960
3956 3965 3966
3956 3966 3959
3959 3966 3967
3966 3968 3967
3600 3968 3966
3600 3966 3965
3964 3595 3965
3964 3593 3595
3595 3600 3965
3600 3604 3968
3968 3969 3967
3968 3970 3969
3604 3970 3968
3971 3969 3970
3969 3971 3972
3973 3972 3971
3972 3973 3974
3973 3975 3974
3975 3973 3976
3971 3613 3973
3613 3976 3973
3613 3971 3614
3614 3970 3604
3970 3614 3971
3976 3613 3615
3969 3943 3967
3943 3969 3799
3969 3797 3799
3797 3969 3972
3796 3972 3974
3972 3796 3797
3796 3974 3793
3974 3975 3793
3941 3967 3943
3967 3941 3959
3940 3959 3941
3959 3940 3957
3975 3791 3793
3791 3975 3789
3976 3789 3975
3789 3976 3786
3615 3786 3976
3977 3978 3979
3980 3977 3979
3981 3977 3980
3977 3981 3982
3983 3977 3982
3984 3983 3982
3977 3983 3985
3986 3985 3983
3987 3986 3983
3986 3987 3988
3985 3986 3989
3990 3989 3986
3989 3990 3991
3991 3992 3989
3992 3991 3993
3989 3994 3985
3994 3989 3992
3985 3994 3995
3996 3991 3990
3991 3996 3997
3996 3998 3997
3998 3996 3999
3999 4000 3998
4001 3998 4000
3998 4001 4002
4002 3997 3998
4000 3999 4003
4003 3999 4004
4000 4005 4001
4005 4000 4006
4005 4006 4007
4000 4008 4006
4000 4003 4008
3996 4009 3999
3999 4009 4004
4009 3996 4010
3997 4002 4011
4011 3991 3997
3991 4011 3993
4012 4005 4007
3996 4013 4010
4014 4013 3996
4015 4014 3996
3990 4015 3996
4015 3990 4016
4016 3990 4017
3986 4017 3990
4017 3986 3988
4018 4019 4020
4021 4019 4018
4019 4021 4022
4023 4022 4021
4022 4023 4024
4023 4025 4024
4025 4023 3980
4023 4026 3980
4026 4023 4027
4021 4027 4023
4018 4028 4021
4021 4028 4029
4027 4021 4029
4028 4018 4030
4031 4030 4018
4018 4020 4031
4030 4031 4032
4032 4031 4033
4025 3980 3979
3980 4026 4034
3980 4034 3981
3978 3977 3995
3977 3985 3995
4035 4036 4037
4036 4035 4038
4039 4037 4036
4037 4039 4040
4041 4040 4039
4040 4041 4042
4043 4042 4041
4042 4043 4044
4045 4044 4043
4044 4045 4046
4047 4046 4045
4046 4047 4048
4049 4048 4047
4048 4049 4050
4049 4051 4050
4051 4049 4052
4053 4038 4035
4054 4055 4053
4055 4054 4056
4057 4056 4054
4056 4057 4058
4059 4058 4057
4058 4059 4060
4061 4060 4059
4060 4061 4062
4063 4062 4061
4062 4063 4064
4065 4064 4063
4064 4065 4066
4067 4066 4065
4066 4067 4068
4069 4068 4067
4068 4069 4070
4038 4053 4055
3983 4071 3987
3983 3984 4071
4072 4073 4074
4075 4073 4072
4073 4075 4076
4077 4076 4075
4076 4077 4078
4078 4079 4076
4076 4079 4080
4076 4080 4073
4079 4078 4081
4082 4078 4077
4078 4082 4083
4083 4081 4078
4081 4083 4084
4085 4083 4082
4083 4085 4086
4086 4084 4083
4084 4086 4087
4088 4086 4085
4086 4088 4089
4089 4087 4086
4087 4089 4090
4091 4089 4088
4089 4091 4092
4092 4090 4089
4090 4092 4093
4094 4092 4091
4092 4094 4095
4095 4093 4092
4093 4095 4096
4097 4095 4094
4095 4097 4098
4098 4096 4095
4096 4098 4099
4100 4098 4097
4098 4100 4101
4101 4099 4098
4099 4101 4102
4103 4101 4100
4101 4103 4104
4104 4102 4101
4102 4104 4105
4106 4104 4103
4104 4106 4107
4107 4105 4104
4106 4108 4107
4108 4106 4109
4110 4107 4108
4107 4110 4111
4105 4107 4111
4109 4112 4108
4113 4108 4112
4108 4113 4110
4114 4115 4116
4114 4117 4115
4118 4117 4114
4119 4117 4118
4117 4119 4120
4119 4121 4120
4121 4119 4122
4122 4123 4121
4123 4122 4124
4125 4123 4124
4123 4125 4126
4127 4126 4125
4126 4127 4128
4129 4128 4127
4128 4129 4130
4131 4130 4129
4130 4131 4132
4133 4132 4131
4132 4133 4134
4135 4134 4133
4134 4135 4136
4137 4136 4135
4136 4137 4138
4138 4139 4136
4140 4136 4139
4136 4140 4141
4142 4141 4140
4141 4142 4143
4144 4143 4142
4143 4144 4145
4146 4145 4144
4145 4146 4147
4148 4147 4146
4147 4148 4149
4150 4149 4148
4149 4150 4151
4152 4151 4150
4151 4152 4153
4154 4153 4152
4153 4154 4155
4156 4155 4154
4155 4156 4157
4158 4157 4156
4157 4158 4159
4158 4160 4159
4160 4158 4161
4162 4161 4158
4161 4162 4163
4164 4158 4156
4158 4164 4162
4165 4156 4154
4156 4165 4164
4152 4165 4154
4165 4152 4166
4150 4166 4152
4166 4150 4167
4148 4167 4150
4167 4148 4168
4146 4168 4148
4168 4146 4169
4144 4169 4146
4169 4144 4170
4142 4170 4144
4170 4142 4171
4140 4171 4142
4171 4140 4172
4139 4172 4140
4172 4139 4173
4174 4173 4139
4139 4138 4174
4173 4174 4175
4176 4174 4138
4174 4176 4177
4178 4174 4177
4174 4178 4175
4176 4179 4177
4179 4176 4180
4181 4179 4180
4179 4181 4182
4183 4179 4182
4179 4183 4184
4184 4177 4179
4177 4184 4178
4181 4185 4182
4182 4185 4186
4182 4186 4183
4138 4187 4188
4187 4138 4137
4187 4189 4188
4189 4187 4190
4191 4189 4190
4189 4191 4192
4191 4193 4192
4194 4195 4196
4195 4194 4197
4196 4198 4194
4198 4196 4199
4198 4200 4194
4200 4197 4194
4200 4198 4201
4202 4198 4199
4198 4202 4203
4198 4203 4201
4204 4203 4202
4203 4204 4205
4205 4201 4203
4201 4205 4206
4207 4205 4204
4205 4207 4208
4208 4206 4205
4206 4208 4209
4210 4208 4207
4208 4210 4211
4211 4209 4208
4209 4211 4212
4213 4211 4210
4211 4213 4214
4214 4212 4211
4212 4214 4215
4216 4214 4213
4214 4216 4217
4217 4215 4214
4215 4217 4218
4219 4217 4216
4217 4219 4220
4220 4218 4217
4218 4220 4221
4222 4220 4219
4220 4222 4223
4223 4221 4220
4221 4223 4224
4225 4223 4222
4223 4225 4226
4227 4223 4226
4223 4227 4224
4225 4228 4226
4228 4225 4229
4230 4226 4228
4226 4230 4227
4231 4228 4229
4228 4231 4232
4231 4233 4232
4233 4231 4234
4235 4232 4233
4232 4235 4236
4236 4228 4232
4228 4236 4230
4234 4237 4233
4233 4237 4238
4233 4238 4235
4239 4240 4241
4239 4242 4240
4243 4242 4239
4242 4243 4244
4245 4244 4243
4244 4245 4246
4247 4246 4245
4246 4247 4248
4249 4248 4247
4248 4249 4250
4251 4250 4249
4250 4251 4252
4253 4252 4251
4252 4253 4254
4255 4254 4253
4254 4255 4256
4257 4256 4255
4256 4257 4258
4259 4258 4257
4258 4259 4260
4261 4260 4259
4260 4261 4262
4263 4262 4261
4262 4263 4264
4263 4265 4264
4265 4266 4264
4197 4200 4267
4197 4267 4268
4269 4197 4268
4197 4269 4195
4269 4268 4270
4271 4269 4270
4163 4272 4273
4161 4163 4273
4274 4161 4273
4161 4274 4275
4160 4161 4275
4072 4074 4276
4277 4278 4279
4278 4277 4280
4281 4282 4283
4283 4282 4284
4285 4281 4283
4281 4285 4286
4287 4281 4286
4288 4284 4282
4284 4288 4289
4281 4287 4290
4281 4290 4282
4287 4291 4290
4292 4290 4291
4290 4292 4293
4282 4290 4293
4294 4293 4292
4293 4294 4295
4295 4282 4293
4282 4295 4288
4285 4283 4296
4297 4283 4284
4283 4297 4296
4284 4298 4297
4298 4284 4289
4298 4289 4299
4300 4301 4302
4301 4300 4303
4304 4303 4300
4303 4304 4305
4306 4305 4304
4305 4306 4307
4308 4307 4306
4307 4308 4309
4308 4310 4309
4310 4308 4311
4311 4312 4310
4312 4311 4313
4312 4313 4314
4300 4315 4304
4315 4300 4316
4317 4304 4315
4304 4317 4306
4318 4306 4317
4306 4318 4308
4319 4308 4318
4308 4319 4311
4319 4313 4311
4313 4319 4320
4313 4320 4321
4313 4321 4314
4314 4321 4322
4319 4323 4320
4318 4323 4319
4323 4318 4324
4317 4324 4318
4324 4317 4325
4315 4325 4317
4325 4315 4326
4316 4326 4315
4326 4316 4327
4316 4328 4327
4329 4328 4316
4329 4316 4300
4302 4329 4300
4329 4302 4330
4302 4301 4330
4331 4332 4333
4332 4331 4334
4334 1290 4332
1290 4334 4335
4335 1292 1290
1292 4335 4336
1294 1292 4336
1294 4336 4337
4338 4336 4335
4336 4338 4337
4339 4335 4334
4335 4339 4338
4339 4334 4340
4334 4331 4340
4331 4341 4340
4341 4331 4342
4333 4342 4331
4342 4343 4341
4343 4342 4344
4344 4345 4343
4345 4344 4346
4347 4345 4346
4348 4347 4346
4348 4349 4347
4346 4350 4348
4350 4346 4344
4351 4344 4342
4344 4351 4350
4342 4333 4351
4352 4353 4354
4355 4353 4352
4355 4356 4353
4355 4357 4356
4358 4357 4355
4358 4359 4357
4359 4358 4360
4361 4357 4359
4357 4361 4356
4360 4362 4359
4362 4360 4363
4364 4359 4362
4359 4364 4361
4362 4365 4364
4365 4362 4366
4366 4367 4365
4367 4366 4368
4369 4368 4366
4362 4369 4366
4369 4362 4363
4368 4369 4370
4370 4371 4368
4371 4370 4372
4373 4368 4371
4368 4373 4367
4372 4374 4371
4374 4372 4375
4376 4371 4374
4371 4376 4373
4377 4374 4375
4374 4377 4378
4379 4374 4378
4374 4379 4376
4380 4378 4377
4378 4380 4381
4382 4378 4381
4378 4382 4379
4383 4381 4380
4381 4383 4384
4384 4382 4381
4382 4384 4385
4386 4385 4384
4385 4386 4387
4386 4388 4387
4388 4386 4389
4390 4389 4386
4384 4390 4386
4390 4384 4383
4391 4390 4383
4389 4392 4388
4393 4388 4392
4394 4395 4396
4397 4395 4394
4397 4398 4395
4399 4398 4397
4399 4400 4398
4401 4400 4399
4401 4402 4400
4402 4401 4403
4403 4404 4402
4404 4403 4405
4406 4405 4403
4405 4406 4407
4407 4408 4405
4408 4407 4409
4410 4405 4408
4405 4410 4404
4409 4411 4408
4411 4409 4412
4413 4408 4411
4408 4413 4410
4412 4414 4411
4414 4412 4415
4416 4411 4414
4411 4416 4413
4415 4417 4414
4417 4415 4418
4419 4414 4417
4414 4419 4416
4418 4420 4417
4420 4418 4421
4422 4417 4420
4417 4422 4419
4423 4420 4421
4420 4423 4424
4424 4422 4420
4422 4424 4425
4426 4424 4423
4424 4426 4427
4427 4425 4424
4428 4427 4426
4427 4428 4429
4429 4428 4430
4427 4429 4431
4425 4427 4431
4431 4432 4425
4433 4434 4435
4436 4435 4434
4435 4436 4437
4436 4438 4437
4438 4436 4406
4406 4439 4438
4439 4406 4403
4403 4440 4439
4403 4401 4440
4440 4401 4399
4441 4442 4443
4444 4442 4441
4445 4444 4441
4442 4444 4446
4446 4447 4442
4447 4446 4448
4449 4447 4448
4447 4449 4450
4451 4447 4450
4447 4451 4452
4453 4451 4450
4451 4453 4454
4450 4455 4453
4455 4450 4449
4453 4456 4454
4456 4453 4457
4455 4457 4453
4457 4455 4458
4457 4459 4456
4459 4457 4460
4457 4461 4460
4461 4457 4458
4462 4459 4460
4459 4462 4463
4460 4464 4462
4464 4460 4461
4465 4463 4462
4463 4465 4466
4462 4467 4465
4467 4462 4464
4468 4466 4465
4468 4465 4467
4466 4468 4469
4464 4470 4467
4468 4471 4469
4472 4473 4474
4473 4472 4475
4474 4476 4472
4476 4474 4477
4478 4477 4474
4477 4478 4479
4480 4477 4479
4477 4480 4481
4482 4477 4481
4477 4482 4476
4483 4481 4480
4481 4483 4484
4484 4482 4481
4482 4484 4485
4486 4484 4483
4484 4486 4487
4487 4485 4484
4485 4487 4488
4489 4487 4486
4487 4489 4490
4490 4488 4487
4488 4490 4491
4492 4490 4489
4490 4492 4493
4494 4493 4492
4493 4494 4495
4494 4496 4495
4493 4495 4497
4498 4490 4493
4490 4498 4491
4493 4497 4498
4498 4499 4491
4500 4501 4502
4501 4475 4502
4473 4475 4501
4503 4474 4473
4474 4503 4478
4504 4447 4452
4447 4504 4442
4504 4443 4442
4505 4506 4507
4506 4508 4507
4506 4509 4508
4509 4510 4508
4509 4445 4510
4445 4511 4510
4445 4441 4511
4512 4513 4514
4513 4512 4515
4514 4516 4512
4516 4514 4517
4518 4516 4517
4516 4518 4519
4520 4519 4518
4519 4520 4521
4513 4515 4522
4523 4524 4525
4524 4523 4526
4525 4527 4523
4527 4525 4528
4528 4529 4527
4529 4528 4530
4530 4531 4529
4531 4530 4532
4532 4533 4531
4533 4532 4534
4533 4534 4535
4536 4524 4526
4537 4538 4539
4538 4537 4540
4539 4541 4537
4541 4542 4537
4542 4541 4543
4544 4543 4541
4544 4545 4543
4545 4542 4543
4545 4544 4546
4542 4545 4547
4548 4545 4546
4545 4548 4549
4549 4547 4545
4547 4549 4550
4551 4549 4548
4549 4551 4552
4552 4550 4549
4550 4552 4553
4551 4554 4552
4552 4554 4553
4555 4556 4557
4556 4555 4558
4558 4559 4556
4559 4558 4560
4561 4560 4558
4562 4560 4561
4560 4562 4563
4563 4559 4560
4559 4563 4564
4565 4563 4562
4563 4565 4566
4566 4564 4563
4564 4566 4567
4568 4566 4565
4566 4568 4569
4570 4566 4569
4566 4570 4567
4568 4571 4569
4569 4571 4570
4572 4573 4574
4573 4572 4575
4573 4576 4574
4576 4577 4574
4574 4577 4578
4577 4579 4578
4577 4580 4579
4580 4577 4576
4580 4581 4579
4582 4579 4581
4579 4582 4583
4579 4583 4578
4581 4580 4584
4581 4585 4582
4585 4581 4586
4584 4586 4581
4586 4584 4587
4586 4588 4585
4587 4588 4586
4589 4590 4591
4590 4589 4592
4591 4593 4589
4593 4591 4594
4595 4591 4590
4591 4595 4596
4596 4594 4591
4594 4596 4597
4598 4596 4595
4596 4598 4599
4599 4597 4596
4597 4599 4600
4598 4601 4599
4599 4601 4600
4589 4602 4592
4602 4589 4603
4589 4604 4603
4593 4604 4589
4605 4602 4603
4602 4605 4606
4607 4608 4609
4608 4607 4610
4607 4611 4610
4611 4607 4612
4613 4611 4612
4611 4613 4614
4613 4615 4614
4615 4613 4616
4617 4609 4608
4609 4617 4618
4619 4618 4617
4618 4619 4620
4616 4621 4615
4621 4616 4622
4622 4623 4621
4623 4622 4624
4625 4623 4624
4623 4625 4626
4627 4626 4625
4626 4627 4628
4627 4629 4628
4629 4627 4630
4631 4629 4630
4629 4631 4632
4631 4633 4632
4633 4631 4634
4634 4635 4633
4635 4634 4636
4637 4638 4639
4640 4641 4642
4643 4644 4645
4646 4643 4645
4643 4646 4647
4648 4647 4646
4647 4648 4649
4648 4650 4649
4650 4648 4651
4650 4651 4652
4653 4651 4648
4651 4653 4654
4654 4655 4651
4655 4654 4656
4644 4657 4645
4657 4646 4645
4657 4644 4658
4646 4657 4659
4659 4648 4646
4648 4659 4653
4656 4660 4655
4661 4655 4660
4661 4662 4655
4662 4651 4655
4651 4662 4652
4660 4656 4663
4663 4664 4660
4664 4663 4665
4666 4660 4664
4660 4666 4661
4665 4667 4664
4667 4665 4668
4668 4669 4667
4669 4668 4670
4670 4671 4669
4669 4672 4667
4672 4664 4667
4664 4672 4666
4673 4674 4675
4675 4674 4676
4675 4676 4677
4675 4677 4678
4673 4675 4678
4679 4677 4676
4680 4674 4673
4681 4682 4683
4684 4681 4683
4681 4684 4685
4683 4682 4686
4687 4683 4686
4683 4687 4684
4685 4684 4688
4689 4690 4691
4692 4693 4694
4695 4696 4697
4695 4698 4696
4698 4695 4699
4699 4700 4698
4700 4699 4701
4702 4700 4701
4700 4702 4703
4702 4704 4703
4703 4705 4700
4705 4703 4706
4707 4706 4703
4706 4707 4708
4709 4697 4696
4698 4709 4696
4697 4709 4710
4709 4698 4711
4711 4700 4705
4700 4711 4698
4712 4708 4707
4713 4712 4707
4713 4707 4714
4703 4714 4707
4714 4703 4704
4708 4712 4715
4716 4715 4712
4715 4716 4717
4718 4712 4713
4712 4718 4716
4719 4717 4716
4717 4719 4720
4721 4720 4719
4720 4721 4722
4722 4721 4723
4721 4719 4724
4716 4724 4719
4724 4716 4718
4725 4726 4727
4726 4728 4727
4726 4729 4728
4726 4730 4729
4725 4730 4726
4731 4728 4729
4732 4725 4727
4733 4734 4735
4733 4736 4734
4736 4733 4737
4734 4738 4735
4734 4739 4738
4739 4734 4736
4737 4740 4736
