byte offset: 0
first index: 0
index count: 8463
topology: trianglelist
format: DXGI_FORMAT_R16_UINT

0 1 2
0 2 3
1 4 2
4 1 5
3 2 6
0 3 7
8 0 7
7 9 8
10 8 9
10 9 11
12 9 7
13 11 9
12 13 9
13 14 11
11 14 15
3 16 7
7 16 12
6 16 3
17 6 2
17 16 6
15 14 18
14 13 19
14 19 18
18 19 20
21 18 20
15 18 21
21 20 22
20 19 23
23 24 20
20 24 25
24 23 26
26 23 27
28 27 23
28 29 27
16 29 28
19 30 23
23 30 28
31 24 26
25 24 31
26 27 32
26 32 33
33 31 26
33 32 34
35 34 32
34 35 36
37 34 36
32 38 35
38 32 27
38 27 29
37 39 34
39 33 34
39 40 33
41 33 40
33 41 31
42 41 40
43 41 42
43 42 44
45 39 37
41 43 25
41 25 31
35 38 46
38 29 46
35 46 47
47 46 17
47 17 48
47 48 49
48 50 49
50 48 51
48 52 51
52 48 17
53 51 52
54 53 52
51 53 55
2 54 52
17 2 52
56 53 54
56 57 53
56 58 57
58 59 57
5 58 56
5 56 54
5 60 58
60 61 58
61 59 58
60 62 61
62 59 61
62 63 59
64 55 53
53 57 64
64 65 55
65 64 66
57 59 66
57 66 64
59 63 66
66 67 65
63 68 66
68 67 66
67 68 69
70 68 63
68 71 69
68 72 71
73 71 72
73 74 71
69 71 74
74 73 75
74 75 76
69 74 76
75 77 76
69 76 77
75 78 77
78 79 77
79 67 69
80 79 78
79 80 67
65 67 80
81 80 78
78 75 82
51 81 78
51 55 81
50 51 78
50 78 82
82 75 83
82 83 50
75 73 83
73 84 83
65 80 81
55 65 81
83 84 49
83 49 50
49 84 85
47 49 85
47 85 35
85 84 86
36 85 86
36 35 85
87 88 89
90 88 87
88 91 89
91 92 89
93 92 91
91 88 94
90 95 88
94 88 95
87 89 96
92 96 89
97 96 92
97 92 98
99 91 94
100 99 94
101 99 100
102 99 101
99 102 91
93 91 102
103 102 101
93 102 103
103 101 104
103 105 93
92 93 105
92 105 98
105 106 98
106 105 103
106 103 104
98 106 107
97 98 107
108 97 107
106 109 107
101 100 109
109 106 104
109 104 101
110 109 100
100 111 110
109 110 112
109 112 107
107 112 108
112 110 113
110 111 113
114 111 100
115 114 100
115 116 114
116 115 95
115 94 95
115 100 94
116 95 90
117 118 119
119 118 120
119 120 121
122 123 121
122 124 123
125 126 127
128 129 130
128 131 129
131 132 129
133 129 132
130 129 133
131 134 132
132 134 135
136 132 135
133 136 130
132 136 133
137 136 135
137 130 136
131 128 138
138 128 130
131 138 139
140 138 130
141 142 143
141 144 142
144 145 142
142 145 146
145 147 146
145 148 147
149 148 145
146 147 150
150 151 146
151 150 152
151 152 153
152 150 154
150 155 154
147 155 150
156 155 147
154 155 157
158 157 155
156 158 155
157 159 154
154 159 160
152 154 160
161 148 149
156 162 158
162 163 158
163 162 164
163 165 158
156 166 162
166 156 167
168 162 166
169 163 164
163 169 170
170 165 163
170 169 171
147 167 156
172 167 147
172 147 148
173 167 172
170 171 174
170 174 175
165 170 175
176 175 174
174 177 176
176 178 175
179 178 176
180 179 176
181 180 176
182 180 181
182 181 183
176 183 181
177 183 176
180 182 184
185 182 183
185 183 186
187 186 183
188 179 180
188 180 189
188 189 190
189 191 190
189 192 191
191 192 193
189 180 194
180 195 194
180 184 195
185 186 196
184 197 195
182 197 184
198 197 182
182 199 198
199 185 196
182 185 199
199 196 200
198 199 201
199 202 201
200 202 199
201 202 203
203 198 201
203 202 204
203 204 205
203 205 206
206 198 203
207 206 205
208 206 207
206 208 198
197 198 208
209 207 205
207 210 208
207 211 210
211 207 212
211 212 213
211 214 210
213 214 211
215 210 214
210 215 216
210 216 208
214 217 215
217 214 213
218 215 217
218 217 219
219 217 220
220 217 213
220 221 219
222 215 218
223 222 218
222 223 224
225 222 224
225 215 222
226 225 224
227 226 224
228 224 223
227 224 228
229 223 218
230 223 229
230 228 223
219 221 231
218 219 231
231 221 232
232 233 231
231 233 218
233 229 218
229 233 234
233 232 234
234 230 229
234 235 230
232 236 234
237 235 234
234 236 237
237 238 235
239 238 237
237 236 239
240 238 239
238 240 241
238 241 242
242 235 238
241 243 242
244 242 243
230 235 244
242 244 235
243 241 245
246 243 245
246 247 243
244 243 247
247 248 244
249 248 247
249 250 248
250 249 251
247 252 249
246 252 247
253 249 252
254 249 253
255 251 249
254 255 249
245 241 256
253 257 254
257 253 258
259 258 253
253 252 259
258 260 257
261 260 258
261 258 262
262 258 259
263 262 259
252 263 259
261 264 260
261 262 265
262 266 265
262 267 266
263 267 262
266 268 265
269 265 268
268 270 269
271 269 270
271 270 272
272 270 273
274 267 263
266 267 275
267 276 275
276 267 274
277 261 265
278 277 265
279 277 278
261 277 280
281 280 277
281 277 279
276 274 282
280 264 261
280 283 264
273 270 284
273 284 285
273 285 286
287 273 286
286 285 288
285 289 288
285 284 289
289 290 288
289 291 290
291 292 290
291 293 292
291 294 293
291 295 294
295 291 296
289 296 291
293 297 292
293 298 297
298 299 297
293 300 298
293 294 300
298 301 299
301 298 302
301 302 303
304 305 306
307 308 309
309 308 310
308 311 310
310 311 312
312 313 310
313 309 310
314 313 312
314 315 313
315 309 313
315 314 316
316 314 317
316 317 318
318 317 319
320 319 317
314 312 320
314 320 317
321 318 319
322 318 321
318 322 316
320 323 319
319 323 324
319 324 325
323 326 324
324 327 325
328 325 327
327 324 329
324 326 329
326 330 329
331 330 326
332 330 331
331 333 332
332 334 330
335 327 329
330 334 336
329 330 337
338 330 336
327 339 328
327 340 339
335 340 327
341 339 340
341 340 342
340 335 342
342 335 343
343 335 329
343 329 337
328 339 344
344 339 341
333 331 345
346 333 345
336 334 347
346 348 333
346 349 348
346 350 349
350 346 351
345 351 346
345 331 351
351 331 326
326 350 351
348 349 311
348 311 352
308 352 311
353 352 308
353 354 352
354 348 352
353 355 354
353 308 356
356 143 353
355 353 143
357 356 308
357 141 356
141 143 356
354 153 348
354 355 358
354 358 153
153 358 151
358 146 151
142 146 358
355 143 142
355 142 358
153 333 348
153 152 333
332 333 152
332 152 160
160 334 332
160 359 334
160 360 359
361 359 360
160 159 360
361 360 191
361 191 362
362 191 363
361 362 364
361 364 347
359 361 347
359 347 334
362 363 365
362 365 364
364 365 366
366 365 255
255 365 251
363 251 365
254 366 255
364 366 336
364 336 347
363 193 251
191 193 363
193 227 251
226 227 193
226 193 192
192 225 226
192 189 225
227 250 251
227 228 250
248 250 228
248 228 230
230 244 248
367 225 189
215 225 367
368 215 367
368 216 215
194 368 367
367 189 194
194 195 368
216 368 195
216 195 197
197 208 216
369 370 371
372 371 370
372 373 371
374 375 376
377 378 379
380 379 381
380 381 382
382 383 380
384 383 382
385 386 321
319 385 321
325 385 319
387 388 389
390 389 388
389 391 387
392 387 391
393 392 391
394 395 396
396 397 394
398 399 400
398 328 399
399 328 401
401 328 344
401 344 402
402 344 403
402 403 404
404 403 405
404 405 406
402 404 406
407 406 405
407 405 408
407 408 409
409 408 410
411 409 410
411 412 409
413 412 411
414 412 413
415 414 413
416 412 414
417 412 416
417 416 418
419 418 416
416 420 419
416 421 420
420 421 422
421 416 423
416 414 423
423 414 424
424 414 415
415 413 343
415 343 337
424 415 337
423 424 425
425 424 426
424 337 426
426 257 425
426 427 257
427 426 330
330 426 337
427 330 338
423 425 260
260 421 423
257 260 425
260 264 421
422 421 264
422 264 283
254 257 427
254 427 338
338 366 254
338 336 366
283 280 428
280 281 428
429 430 431
432 433 434
435 434 433
433 436 435
435 436 437
438 436 433
432 438 433
439 432 434
435 440 434
440 435 441
441 435 437
437 442 441
443 436 438
443 437 436
437 443 442
443 444 442
443 438 444
445 444 438
439 445 432
438 432 445
446 447 448
449 450 451
450 452 451
450 453 452
341 449 451
341 342 449
342 411 449
450 449 411
413 411 342
413 342 343
453 450 410
450 411 410
453 410 408
451 452 344
451 344 341
405 453 408
405 452 453
344 452 403
405 403 452
454 455 456
454 456 457
458 457 456
459 457 458
459 460 457
461 460 459
460 461 462
462 463 460
460 463 457
463 462 464
465 459 458
461 459 465
461 465 466
462 461 466
466 465 467
467 465 468
468 465 458
468 458 456
456 469 468
468 470 467
468 469 470
467 470 471
472 467 471
472 473 467
473 466 467
474 466 473
462 466 474
464 462 474
475 474 473
464 474 475
473 472 475
476 477 478
479 480 481
481 480 482
483 481 482
483 482 484
484 485 483
486 484 482
482 480 486
484 486 487
487 485 484
488 485 487
489 488 487
490 485 488
491 479 481
492 486 480
479 492 480
479 493 492
493 479 494
492 493 495
494 495 493
495 496 492
492 496 486
495 494 497
497 498 495
498 499 495
499 496 495
498 500 499
496 501 486
487 486 501
487 501 502
489 487 502
501 503 502
503 501 504
504 501 496
504 496 499
499 500 504
502 503 505
505 506 502
507 503 504
504 500 507
505 503 508
508 503 509
509 503 510
510 503 511
507 511 503
507 500 511
512 508 509
505 508 512
513 512 509
514 512 513
515 512 514
516 514 513
517 516 513
518 516 517
519 517 513
520 518 517
520 517 521
521 517 519
518 520 522
514 523 515
512 515 524
525 522 520
526 522 525
526 525 527
505 512 524
514 516 528
516 518 529
516 529 528
529 530 528
530 529 531
531 532 530
530 532 533
534 533 532
532 535 534
534 535 536
530 533 537
528 530 537
529 538 531
531 538 539
526 527 539
532 540 535
540 532 531
541 533 534
542 541 534
542 534 543
543 534 544
536 544 534
545 540 531
545 531 546
531 539 546
546 527 545
527 546 539
541 547 533
533 547 537
542 543 488
542 488 489
489 506 542
541 542 506
489 502 506
541 506 548
548 547 541
548 506 549
548 549 550
548 550 547
505 549 506
547 550 523
490 488 543
490 543 544
550 549 515
550 515 523
523 537 547
523 514 537
514 528 537
524 515 549
524 549 505
551 552 553
551 553 554
554 553 555
555 556 557
557 556 558
558 556 559
559 560 558
560 559 561
562 560 561
563 562 561
561 564 563
563 564 565
563 565 566
567 568 569
568 570 569
571 568 567
572 571 567
573 574 575
417 576 577
576 417 578
576 579 577
580 581 582
583 581 580
583 584 581
585 586 587
588 586 585
588 589 586
588 590 589
588 591 590
592 590 591
588 593 591
593 588 594
588 585 594
595 593 594
595 596 593
591 593 596
596 595 597
592 591 597
591 596 597
595 598 597
598 599 597
599 600 597
601 600 599
601 602 600
603 600 602
602 604 603
603 605 600
604 605 603
605 606 600
607 604 602
597 600 608
608 600 606
592 597 608
608 609 592
590 592 609
590 609 610
610 609 611
612 610 611
611 613 612
614 612 613
615 610 612
615 612 616
614 616 612
614 617 616
617 618 616
619 617 614
609 620 611
620 609 608
621 611 620
621 613 611
614 613 622
614 622 619
615 616 623
587 623 616
616 618 587
621 620 624
624 620 606
621 624 625
613 621 625
626 625 624
626 624 606
626 606 605
620 608 606
615 623 586
587 586 623
627 625 626
605 627 626
605 628 627
628 629 627
629 630 627
630 631 627
627 631 625
632 631 630
633 631 632
632 630 634
630 629 635
635 629 636
636 629 637
637 638 636
630 635 639
634 630 639
640 638 637
640 637 641
641 642 640
642 628 604
642 604 643
644 642 641
644 641 637
628 642 644
643 645 642
645 646 642
642 646 640
638 640 646
628 644 629
644 637 629
604 628 605
647 648 269
271 647 269
265 269 649
650 651 652
653 654 655
272 656 657
656 272 273
656 273 287
658 659 660
660 661 658
660 662 661
662 660 663
663 664 662
662 664 665
666 665 664
664 667 666
665 668 662
659 669 660
660 669 670
660 670 671
660 671 663
667 672 666
673 669 659
674 665 666
674 666 672
675 674 672
664 663 676
663 677 676
664 676 678
667 664 678
676 679 678
678 679 680
675 681 680
675 672 681
675 680 682
680 683 682
680 679 683
684 682 683
682 684 685
686 680 681
678 680 686
672 686 681
679 676 687
677 687 676
667 678 686
683 679 688
683 688 684
689 684 688
685 684 689
690 685 689
689 691 690
689 688 692
689 692 693
688 694 692
691 689 695
695 689 693
691 695 696
697 692 694
677 697 694
677 694 687
696 695 698
699 693 692
699 700 693
695 693 700
695 700 698
699 701 700
702 700 701
700 702 698
673 702 701
701 699 703
699 704 703
704 699 692
704 692 697
705 701 703
701 705 673
704 697 671
671 703 704
671 670 703
670 705 703
670 669 705
673 705 669
663 671 697
663 697 677
706 707 708
706 708 709
709 710 706
710 709 711
711 709 708
708 707 712
712 713 708
711 708 713
712 714 713
707 706 715
715 712 707
706 716 715
717 715 716
714 712 718
714 718 719
718 720 719
721 719 720
721 720 717
719 721 722
722 721 723
719 722 724
724 722 723
725 719 724
725 714 719
724 726 725
726 724 727
724 728 727
720 729 717
720 718 729
729 715 717
729 718 712
712 715 729
730 725 726
726 727 730
731 730 727
731 732 730
732 733 730
730 733 725
734 733 732
732 735 734
736 735 732
736 711 735
711 734 735
737 736 732
732 731 737
713 734 711
713 714 734
733 734 714
733 714 725
738 739 740
741 742 743
744 745 746
744 747 745
748 749 750
751 752 753
751 753 754
755 756 757
758 759 760
761 762 763
764 765 766
767 768 769
770 771 772
770 773 771
774 775 776
777 778 779
780 779 778
781 779 780
780 782 781
783 781 782
784 781 783
785 783 782
786 787 788
786 788 789
790 786 789
791 220 213
792 793 794
793 792 795
796 323 320
312 796 320
312 311 796
349 323 796
796 311 349
349 350 323
326 323 350
797 798 799
800 801 802
803 800 802
239 236 804
805 806 807
808 809 810
307 811 308
157 158 812
157 812 179
812 813 179
813 178 179
175 178 813
812 165 813
165 175 813
158 165 812
157 179 188
159 157 188
159 188 190
360 159 190
360 190 191
814 815 816
816 817 818
819 820 821
822 819 821
819 822 823
187 183 824
825 826 827
827 828 825
829 826 825
825 828 830
828 831 830
830 832 825
832 833 825
833 829 825
832 830 834
835 833 832
836 833 835
837 836 835
837 838 836
839 838 837
840 832 834
835 832 840
835 840 841
841 840 842
843 840 834
840 843 844
842 840 844
844 843 845
845 843 846
834 846 843
834 847 846
834 848 847
834 849 848
850 848 849
850 849 831
831 851 850
831 849 830
834 830 849
831 828 852
827 852 828
853 836 854
836 853 833
833 853 829
855 856 857
858 855 857
857 856 859
860 859 856
855 860 856
855 861 860
861 855 862
860 863 859
855 864 862
858 857 865
858 866 855
865 866 858
857 867 865
857 859 867
868 869 870
870 869 871
869 868 872
873 874 875
876 875 874
876 877 875
878 879 880
881 879 878
879 881 882
883 879 882
882 881 884
884 881 885
881 886 885
884 885 887
882 884 887
887 885 888
889 887 888
886 881 890
891 880 879
892 891 879
883 892 879
892 893 891
894 891 893
891 894 895
891 895 896
897 891 896
894 893 898
899 894 898
898 900 899
900 901 899
902 894 899
895 894 902
903 899 901
899 903 902
903 901 904
901 900 905
901 905 906
906 905 907
907 905 908
909 908 905
900 909 905
910 909 900
900 911 910
898 911 900
911 912 910
913 910 912
910 914 909
913 914 910
915 909 914
914 916 915
912 917 913
916 914 917
913 917 914
918 917 912
918 919 917
919 920 917
917 920 921
917 921 916
915 916 921
915 921 922
915 922 923
923 924 915
909 915 924
925 924 923
925 926 924
926 925 927
927 925 928
929 927 928
926 927 930
930 927 931
931 927 932
932 933 931
934 932 927
934 927 935
932 936 933
930 931 937
923 922 938
939 923 938
939 940 923
940 941 928
942 940 939
941 940 942
941 943 928
941 942 944
939 945 942
946 942 945
947 946 945
942 946 948
948 944 942
945 939 949
939 938 949
949 938 950
938 951 950
952 950 951
952 951 953
951 954 953
954 955 953
951 921 954
956 953 955
956 957 953
952 953 957
954 958 955
958 959 955
958 919 959
920 919 958
954 920 958
920 954 921
922 921 951
938 922 951
919 960 959
919 961 960
961 919 918
952 957 962
955 959 963
955 963 956
963 959 964
964 965 963
966 963 965
956 963 966
959 967 964
968 967 959
968 959 960
965 964 969
970 952 962
971 952 970
972 971 970
972 973 971
971 950 952
973 950 971
974 950 973
974 973 975
974 949 950
949 974 945
945 974 975
975 976 945
977 945 976
978 976 975
976 978 979
978 975 980
978 980 981
980 975 982
982 975 973
980 982 983
947 945 977
984 985 986
986 987 984
986 988 987
989 987 988
906 989 988
990 989 906
991 989 990
906 992 990
906 993 992
992 993 937
937 994 992
904 988 986
985 995 986
996 986 995
993 906 907
993 930 937
907 930 993
907 926 930
908 926 907
908 924 926
909 924 908
994 997 992
990 992 997
998 997 994
999 997 998
997 999 1000
1000 999 1001
1000 1001 1002
1002 991 1000
1001 999 1003
997 1000 990
1000 991 990
1004 1002 1001
999 1005 1003
999 998 1005
998 994 1006
1007 998 1006
1008 989 991
1009 912 893
912 911 893
893 911 898
1010 1011 1012
1012 1013 1010
1014 1011 1010
1011 1014 1015
1016 1017 1018
1016 1018 1019
1020 1016 1019
1021 1020 1019
1020 1021 1022
1022 1021 1023
1023 1021 1024
1025 1026 1027
1028 1027 1026
1027 1028 1029
1030 1026 1025
1029 1031 1027
1032 1030 1025
1033 1029 1028
1033 1028 1034
1028 1035 1034
1026 1035 1028
1034 1035 1036
1036 1035 1037
1035 1038 1037
1037 1038 1039
1039 1038 1040
1030 1032 1041
1041 1026 1030
1026 1041 1042
1043 1042 1038
1038 1035 1043
1044 1038 1042
1038 1044 1040
1045 1044 1042
1044 1045 1046
1044 1046 1047
1045 1042 1048
1041 1049 1042
1042 1049 1050
1048 1042 1050
1050 1049 1051
1040 1044 1052
1043 1026 1042
1035 1026 1043
1045 1048 1053
1053 1048 1050
1054 1047 1046
1055 1056 1057
1055 1057 1058
1055 1058 1059
1058 1060 1059
1059 1060 1061
1060 1062 1061
1060 1063 1062
1063 1060 1064
1058 1064 1060
1058 1057 1064
1062 1063 1065
1062 1065 1066
1062 1066 1067
1066 1068 1067
1062 1067 1069
1070 1066 1065
1068 1066 1070
1068 1070 1071
1068 1071 1072
1072 1071 1073
1071 1074 1073
1073 1074 1075
1073 1075 1076
1073 1076 1077
1077 1076 1078
1078 1076 1079
1079 1080 1078
1077 1081 1073
1072 1073 1081
1082 1083 1084
1082 1085 1083
1083 1085 1086
1086 1085 1082
1087 1086 1082
1088 1086 1087
1088 1087 1089
1087 1090 1089
1091 1090 1087
1091 1087 1092
1092 1087 1082
1082 1084 1092
1084 1091 1092
1089 1090 1093
1094 1083 1086
1095 1086 1088
1094 1086 1095
1096 1083 1094
1083 1097 1084
1098 1088 1089
1099 1088 1098
1099 1100 1088
1100 1099 1101
1098 1089 1102
1102 1089 1093
1103 1098 1102
1104 1103 1102
1104 1102 1105
1105 1106 1104
1106 1103 1104
1103 1106 1107
1107 1108 1103
1108 1101 1099
1108 1099 1109
1103 1108 1109
1109 1099 1098
1109 1098 1103
1110 1108 1107
1111 1110 1107
1101 1108 1112
1110 1112 1108
1111 1107 1113
1088 1100 1114
1115 1116 1117
1118 1117 1116
1118 1116 1119
1116 1120 1119
1121 1119 1120
1120 1116 1122
1123 1116 1115
1124 1118 1119
1125 1126 1127
1126 1128 1127
1128 1126 1129
1129 1130 1128
1125 1127 1131
1131 1127 1132
1132 1127 1133
1132 1133 1134
1134 1135 1132
1134 1133 1136
1136 1133 1137
1133 1138 1137
1139 1137 1138
1139 1138 1128
1140 1137 1139
1139 1141 1140
1141 1139 1128
1137 1140 1142
1128 1138 1143
1133 1143 1138
1143 1127 1128
1127 1143 1133
1144 1145 1146
1147 1148 1149
932 934 1150
932 1150 936
1151 903 904
988 904 901
901 906 988
944 1152 1153
948 1152 944
944 1153 941
943 941 1153
1154 943 1153
1154 929 943
929 928 943
940 928 925
940 925 923
1155 931 933
931 1155 937
1027 1156 1025
1031 1156 1027
897 880 891
245 256 274
246 245 274
246 274 263
252 246 263
274 256 282
539 538 522
539 522 526
538 518 522
538 529 518
30 19 13
30 13 12
28 30 12
28 12 16
16 46 29
17 46 16
5 1 60
5 54 4
4 54 2
694 688 679
694 679 687
672 667 686
622 613 631
622 631 633
613 625 631
610 615 589
610 589 590
615 586 589
1157 1158 1159
1157 1159 1160
1159 1158 1161
1159 1161 1162
1163 1164 1165
1163 1165 1166
1166 1165 1167
1166 1167 1168
1169 1170 1171
1169 1171 1172
1172 1171 1173
1172 1173 1174
1175 1176 1177
1175 1177 1178
1179 1180 1181
1179 1181 1182
1182 1181 1183
1182 1183 1184
1185 1186 1187
1185 1187 1188
1189 1190 1191
1189 1191 1192
1191 1190 1193
1191 1193 1194
1194 1193 1195
1194 1195 1196
1197 1198 1199
1197 1199 1200
1200 1199 1201
1200 1201 1202
1202 1201 1203
1202 1203 1204
1205 1206 1207
1205 1207 1208
1208 1207 1209
1208 1209 1210
1210 1209 1211
1210 1211 1212
1213 1214 1215
1213 1215 1216
1217 1218 1219
1217 1219 1220
1220 1219 1221
1220 1221 1222
1222 1221 1223
1222 1223 1224
1225 1226 1227
1225 1227 1228
1229 1230 1231
1229 1231 1232
1233 1234 1235
1233 1235 1236
1237 1238 1239
1237 1239 1240
1241 1242 1243
1241 1243 1244
1245 1246 1247
1245 1247 1248
1249 1250 1251
1249 1251 1252
1253 1254 1255
1253 1255 1256
1257 1258 1259
1257 1259 1260
1261 1262 1263
1261 1263 1264
1265 1266 1267
1265 1267 1268
1269 1270 1271
1269 1271 1272
1272 1271 1273
1272 1273 1274
1275 1276 1277
1275 1277 1278
1278 1277 1279
1278 1279 1280
1280 1279 1281
1280 1281 1282
1282 1281 1283
1282 1283 1284
1285 1286 1287
1285 1287 1288
1288 1287 1289
1288 1289 1290
1291 1286 1285
1291 1292 1286
1293 1292 1291
1293 1294 1292
1295 1294 1293
1295 1296 1294
1297 1296 1295
1297 1298 1296
1299 1300 1301
1299 1301 1302
1302 1301 1303
1302 1303 1304
1305 1300 1299
1305 1306 1300
1307 1306 1305
1307 1308 1306
1309 1308 1307
1309 1310 1308
1311 1310 1309
1311 1312 1310
1313 1314 1315
1315 1316 1313
1316 1317 1313
1316 1318 1317
1319 1320 1321
1321 1322 1319
1322 1323 1319
1322 1324 1323
1325 1326 1327
1325 1327 1328
1328 1327 1329
1328 1329 1330
1331 1326 1325
1331 1332 1326
1333 1332 1331
1333 1334 1332
1335 1334 1333
1335 1336 1334
1337 1336 1335
1337 1338 1336
1327 1326 1339
1327 1339 1340
1329 1327 1340
1329 1340 1341
1336 1338 1342
1336 1342 1343
1334 1336 1343
1334 1343 1344
1332 1334 1344
1332 1344 1345
1326 1332 1345
1326 1345 1339
1340 1339 1346
1341 1340 1346
1339 1345 1346
1343 1342 1347
1344 1343 1347
1345 1344 1347
1348 1349 1350
1350 1351 1348
1351 1352 1348
1351 1353 1352
1354 1355 1356
1354 1356 1357
1357 1356 1358
1357 1358 1359
1360 1355 1354
1360 1361 1355
1362 1363 1364
1362 1364 1365
1365 1364 1366
1365 1366 1367
1367 1366 1368
1367 1368 1369
1370 1371 1372
1372 1373 1370
1372 1374 1373
1372 1375 1374
1376 1377 1378
1378 1377 1379
1380 1377 1376
1381 1382 1383
1383 1382 1384
1384 1382 1385
1386 1387 1388
1386 1388 1389
1389 1388 1390
1389 1390 1391
1392 1393 1394
1392 1394 1395
1395 1394 1396
1395 1396 1397
1397 1396 1398
1397 1398 1399
1399 1398 1400
1399 1400 1401
1402 1403 1404
1402 1404 1405
1405 1404 1406
1405 1406 1407
1408 1403 1402
1408 1409 1403
1410 1411 1412
1410 1412 1413
1413 1412 1414
1413 1414 1415
1415 1414 1416
1415 1416 1417
1418 1419 1420
1420 1421 1418
1421 1422 1418
1421 1423 1422
1424 1425 1426
1426 1427 1424
1427 1428 1424
1427 1429 1428
1430 1431 1432
1430 1432 1433
1433 1432 1434
1433 1434 1435
1436 1437 1438
1436 1438 1439
1439 1438 1440
1439 1440 1441
1441 1440 1442
1441 1442 1443
1443 1442 1444
1443 1444 1445
1446 1447 1448
1448 1449 1446
1449 1450 1446
1449 1451 1450
1452 1453 1454
1452 1454 1455
1455 1454 1456
1455 1456 1457
1458 1453 1452
1458 1459 1453
1460 1459 1458
1460 1461 1459
1462 1461 1460
1462 1463 1461
1464 1463 1462
1464 1465 1463
1454 1453 1466
1454 1466 1467
1456 1454 1467
1456 1467 1468
1463 1465 1469
1463 1469 1470
1461 1463 1470
1461 1470 1471
1459 1461 1471
1459 1471 1472
1453 1459 1472
1453 1472 1466
1467 1466 1473
1468 1467 1473
1466 1472 1473
1470 1469 1474
1471 1470 1474
1472 1471 1474
1475 1476 1477
1477 1478 1475
1477 1479 1478
1479 1480 1478
1481 1482 1483
1481 1483 1484
1485 1486 1487
1485 1487 1488
1489 1490 1491
1489 1491 1492
1493 1494 1495
1493 1495 1496
1497 1498 1499
1497 1499 1500
1501 1502 1503
1501 1503 1504
1505 1506 1507
1505 1507 1508
1509 1510 1511
1509 1511 1512
1513 1514 1515
1513 1515 1516
1517 1518 1519
1517 1519 1520
1521 1522 1523
1521 1523 1524
1525 1526 1527
1525 1527 1528
1529 1530 1531
1529 1531 1532
1533 1534 1535
1533 1535 1536
1537 1538 1539
1537 1539 1540
1540 1539 1541
1540 1541 1542
1543 1544 1545
1543 1545 1546
1546 1545 1547
1546 1547 1548
1549 1550 1551
1549 1551 1552
1552 1551 1553
1552 1553 1554
1555 1556 1557
1557 1558 1555
1557 1559 1558
1557 1560 1559
1561 1562 1563
1561 1563 1564
1564 1563 1565
1564 1565 1566
1567 1568 1569
1567 1569 1570
1570 1569 1571
1570 1571 1572
1572 1571 1573
1572 1573 1574
1574 1573 1575
1574 1575 1576
1577 1578 1579
1577 1579 1580
1580 1579 1581
1580 1581 1582
1583 1578 1577
1583 1584 1578
1585 1586 1587
1585 1587 1588
1588 1587 1589
1588 1589 1590
1590 1589 1591
1590 1591 1592
1593 1594 1595
1595 1596 1593
1595 1597 1596
1595 1598 1597
1599 1600 1601
1601 1602 1599
1602 1603 1599
1602 1604 1603
1605 1606 1607
1605 1607 1608
1609 1610 1611
1609 1611 1612
1613 1614 1615
1613 1615 1616
1617 1618 1619
1617 1619 1620
1621 1622 1623
1621 1623 1624
1625 1626 1627
1625 1627 1628
1628 1627 1629
1628 1629 1630
1631 1632 1633
1631 1633 1634
1634 1633 1635
1634 1635 1636
1636 1635 1637
1636 1637 1638
1638 1637 1639
1638 1639 1640
1641 1642 1643
1643 1644 1641
1644 1645 1641
1644 1646 1645
1647 1648 1649
1647 1649 1650
1650 1649 1651
1650 1651 1652
1653 1648 1647
1653 1654 1648
1655 1654 1653
1655 1656 1654
1657 1656 1655
1657 1658 1656
1659 1658 1657
1659 1660 1658
1649 1648 1661
1649 1661 1662
1651 1649 1662
1651 1662 1663
1658 1660 1664
1658 1664 1665
1656 1658 1665
1656 1665 1666
1654 1656 1666
1654 1666 1667
1648 1654 1667
1648 1667 1661
1662 1661 1668
1663 1662 1668
1661 1667 1668
1665 1664 1669
1666 1665 1669
1667 1666 1669
1670 1671 1672
1672 1673 1670
1672 1674 1673
1674 1675 1673
1676 1677 1678
1676 1678 1679
1680 1681 1682
1680 1682 1683
1684 1685 1686
1684 1686 1687
1688 1689 1690
1688 1690 1691
1692 1693 1694
1692 1694 1695
1696 1697 1698
1696 1698 1699
1700 1701 1702
1700 1702 1703
1704 1705 1706
1704 1706 1707
1708 1709 1710
1708 1710 1711
1712 1713 1714
1712 1714 1715
1716 1717 1718
1716 1718 1719
1720 1721 1722
1720 1722 1723
1724 1725 1726
1724 1726 1727
1728 1729 1730
1728 1730 1731
1732 1733 1734
1732 1734 1735
1735 1734 1736
1735 1736 1737
1738 1739 1740
1738 1740 1741
1741 1740 1742
1741 1742 1743
1743 1742 1744
1743 1744 1745
1745 1744 1746
1745 1746 1747
1748 1749 1750
1748 1750 1751
1751 1750 1752
1751 1752 1753
1754 1749 1748
1754 1755 1749
1756 1755 1754
1756 1757 1755
1758 1757 1756
1758 1759 1757
1760 1759 1758
1760 1761 1759
1762 1763 1764
1764 1765 1762
1764 1766 1765
1766 1767 1765
1768 1769 1770
1770 1771 1768
1771 1772 1768
1771 1773 1772
1774 1775 1776
1774 1776 1777
1777 1776 1778
1777 1778 1779
1780 1775 1774
1780 1781 1775
1782 1781 1780
1782 1783 1781
1784 1783 1782
1784 1785 1783
1786 1785 1784
1786 1787 1785
1788 1789 1790
1790 1791 1788
1790 1792 1791
1792 1793 1791
1794 1795 1796
1796 1797 1794
1797 1798 1794
1797 1799 1798
1800 1801 1802
1800 1802 1803
1803 1802 1804
1803 1804 1805
1806 1801 1800
1806 1807 1801
1808 1809 1810
1808 1810 1811
1811 1810 1812
1811 1812 1813
1813 1812 1814
1813 1814 1815
1816 1817 1818
1818 1819 1816
1818 1820 1819
1820 1821 1819
1822 1823 1824
1824 1825 1822
1825 1826 1822
1825 1827 1826
1828 1829 1830
1828 1830 1831
1831 1830 1832
1831 1832 1833
1834 1829 1828
1834 1835 1829
1836 1837 1838
1836 1838 1839
1839 1838 1840
1839 1840 1841
1841 1840 1842
1841 1842 1843
1844 1845 1846
1846 1847 1844
1846 1848 1847
1848 1849 1847
1850 1851 1852
1852 1853 1850
1853 1854 1850
1853 1855 1854
1856 1857 1858
1856 1858 1859
1860 1861 1862
1860 1862 1863
1864 1865 1866
1864 1866 1867
1868 1869 1870
1868 1870 1871
1872 1873 1874
1872 1874 1875
1876 1877 1878
1876 1878 1879
1880 1881 1882
1880 1882 1883
1884 1885 1886
1884 1886 1887
1888 1889 1890
1888 1890 1891
1892 1893 1894
1892 1894 1895
1896 1897 1898
1896 1898 1899
1900 1901 1902
1900 1902 1903
1904 1905 1906
1904 1906 1907
1908 1909 1910
1908 1910 1911
1912 1913 1914
1912 1914 1915
1916 1917 1918
1916 1918 1919
1920 1921 1922
1920 1922 1923
1924 1925 1926
1924 1926 1927
1928 1929 1930
1928 1930 1931
1932 1933 1934
1932 1934 1935
1936 1937 1938
1936 1938 1939
1940 1941 1942
1940 1942 1943
1944 1945 1946
1944 1946 1947
1948 1949 1950
1948 1950 1951
1952 1953 1954
1952 1954 1955
1956 1957 1958
1956 1958 1959
1960 1961 1962
1960 1962 1963
1964 1965 1966
1964 1966 1967
1968 1969 1970
1970 1969 1971
1970 1971 1972
1973 1974 1975
1973 1975 1976
1976 1975 1977
1976 1977 1978
1979 1980 1981
1979 1981 1982
1983 1984 1985
1983 1985 1986
1986 1985 1987
1988 1989 1990
1988 1990 1991
1992 1993 1994
1992 1994 1995
1994 1993 1996
1994 1996 1997
1997 1996 1998
1997 1998 1999
2000 2001 2002
2000 2002 2003
2003 2002 2004
2003 2004 2005
2005 2004 2006
2005 2006 2007
2008 2009 2010
2008 2010 2011
2011 2010 2012
2011 2012 2013
2013 2012 2014
2013 2014 2015
2016 2017 2018
2016 2018 2019
2020 2021 2022
2020 2022 2023
2023 2022 2024
2023 2024 2025
2025 2024 2026
2025 2026 2027
2028 2029 2030
2028 2030 2031
2032 2033 2034
2032 2034 2035
2036 2037 2038
2036 2038 2039
2040 2041 2042
2040 2042 2043
2044 2045 2046
2044 2046 2047
2048 2049 2050
2048 2050 2051
2052 2053 2054
2052 2054 2055
2056 2057 2058
2056 2058 2059
2060 2061 2062
2060 2062 2063
2064 2065 2066
2064 2066 2067
2068 2069 2070
2068 2070 2071
2072 2073 2074
2072 2074 2075
2076 2077 2078
2076 2078 2079
2080 2081 2082
2080 2082 2083
2084 2085 2086
2084 2086 2087
2088 2089 2090
2088 2090 2091
2092 2093 2094
2092 2094 2095
2096 2097 2098
2096 2098 2099
2100 2101 2102
2100 2102 2103
2104 2105 2106
2104 2106 2107
2108 2109 2110
2108 2110 2111
2112 2113 2114
2112 2114 2115
2114 2113 2116
2114 2116 2117
2117 2116 2118
2117 2118 2119
2120 2121 2122
2120 2122 2123
2123 2122 2124
2123 2124 2125
2125 2124 2126
2125 2126 2127
2128 2129 2130
2128 2130 2131
2131 2130 2132
2131 2132 2133
2133 2132 2134
2133 2134 2135
2136 2137 2138
2136 2138 2139
2140 2141 2142
2140 2142 2143
2143 2142 2144
2143 2144 2145
2145 2144 2146
2145 2146 2147
2148 2149 2150
2148 2150 2151
2152 2153 2154
2152 2154 2155
2156 2157 2158
2156 2158 2159
2160 2161 2162
2160 2162 2163
2164 2165 2166
2164 2166 2167
2168 2169 2170
2168 2170 2171
2172 2173 2174
2172 2174 2175
2176 2177 2178
2176 2178 2179
2180 2181 2182
2180 2182 2183
2184 2185 2186
2184 2186 2187
2188 2189 2190
2188 2190 2191
2192 2193 2194
2192 2194 2195
2196 2197 2198
2196 2198 2199
2200 2201 2202
2200 2202 2203
2204 2205 2206
2204 2206 2207
2208 2209 2210
2208 2210 2211
2212 2213 2214
2212 2214 2215
2214 2213 2216
2214 2216 2217
2218 2219 2220
2218 2220 2221
2221 2220 2222
2221 2222 2223
2224 2225 2226
2224 2226 2227
2227 2226 2228
2227 2228 2229
2230 2231 2232
2230 2232 2233
2234 2235 2236
2234 2236 2237
2237 2236 2238
2237 2238 2239
2240 2241 2242
2240 2242 2243
2244 2245 2246
2244 2246 2247
2247 2246 2248
2247 2248 2249
2250 2251 2252
2250 2252 2253
2253 2252 2254
2253 2254 2255
2256 2257 2258
2256 2258 2259
2259 2258 2260
2259 2260 2261
2262 2263 2264
2264 2265 2262
2265 2266 2262
2265 2267 2266
2268 2269 2270
2270 2271 2268
2271 2272 2268
2271 2273 2272
2274 2275 2276
2274 2276 2277
2277 2276 2278
2277 2278 2279
2280 2281 2282
2280 2282 2283
2283 2282 2284
2283 2284 2285
2286 2287 2288
2286 2288 2289
2289 2288 2290
2289 2290 2291
2292 2293 2294
2294 2295 2292
2295 2296 2292
2295 2297 2296
2298 2299 2300
2298 2300 2301
2298 2301 2302
2302 2301 2303
2304 2305 2306
2304 2306 2307
2307 2306 2308
2307 2308 2309
2310 2311 2312
2310 2312 2313
2313 2312 2314
2313 2314 2315
2316 2317 2318
2316 2318 2319
2319 2318 2320
2319 2320 2321
2322 2323 2324
2324 2325 2322
2325 2326 2322
2325 2327 2326
2328 2329 2330
2330 2331 2328
2331 2332 2328
2331 2333 2332
2334 2335 2336
2334 2336 2337
2337 2336 2338
2337 2338 2339
2340 2341 2342
2340 2342 2343
2343 2342 2344
2343 2344 2345
2346 2347 2348
2346 2348 2349
2349 2348 2350
2349 2350 2351
2352 2353 2354
2354 2355 2352
2355 2356 2352
2355 2357 2356
2358 2359 2360
2358 2360 2361
2358 2361 2362
2362 2361 2363
2364 2365 2366
2364 2366 2367
2367 2366 2368
2367 2368 2369
2370 2371 2372
2370 2372 2373
2373 2372 2374
2373 2374 2375
2376 2377 2378
2376 2378 2379
2379 2378 2380
2379 2380 2381
2382 2383 2384
2384 2385 2382
2385 2386 2382
2385 2387 2386
2388 2389 2390
2390 2391 2388
2391 2392 2388
2391 2393 2392
2394 2395 2396
2394 2396 2397
2397 2396 2398
2397 2398 2399
2400 2401 2402
2400 2402 2403
2403 2402 2404
2403 2404 2405
2406 2407 2408
2406 2408 2409
2409 2408 2410
2409 2410 2411
2412 2413 2414
2414 2415 2412
2415 2416 2412
2415 2417 2416
2418 2419 2420
2418 2420 2421
2420 2419 2422
2420 2422 2423
2424 2425 2426
2424 2426 2427
2427 2426 2428
2427 2428 2429
2430 2431 2432
2430 2432 2433
2433 2432 2434
2433 2434 2435
2436 2437 2438
2436 2438 2439
2440 2441 2442
2440 2442 2443
2443 2442 2444
2443 2444 2445
2446 2447 2448
2446 2448 2449
2450 2451 2452
2450 2452 2453
2453 2452 2454
2453 2454 2455
2456 2457 2458
2456 2458 2459
2459 2458 2460
2459 2460 2461
2461 2460 2462
2461 2462 2463
2463 2462 2464
2463 2464 2465
2466 2467 2468
2466 2468 2469
2469 2468 2470
2469 2470 2471
2472 2467 2466
2472 2473 2467
2474 2473 2472
2474 2475 2473
2476 2475 2474
2476 2477 2475
2478 2477 2476
2478 2479 2477
2480 2481 2482
2482 2483 2480
2483 2484 2480
2483 2485 2484
2486 2487 2488
2486 2488 2489
2489 2488 2490
2489 2490 2491
2492 2493 2494
2492 2494 2495
2495 2494 2496
2495 2496 2497
2497 2496 2498
2497 2498 2499
2499 2498 2500
2499 2500 2501
2502 2503 2504
2502 2504 2505
2505 2504 2506
2505 2506 2507
2508 2503 2502
2508 2509 2503
2510 2509 2508
2510 2511 2509
2512 2511 2510
2512 2513 2511
2514 2513 2512
2514 2515 2513
2516 2517 2518
2518 2519 2516
2519 2520 2516
2519 2521 2520
2522 2523 2524
2522 2524 2525
2526 2527 2528
2526 2528 2529
2530 2531 2532
2530 2532 2533
2534 2535 2536
2534 2536 2537
2537 2536 2538
2537 2538 2539
2540 2541 2542
2540 2542 2543
2543 2542 2544
2543 2544 2545
2545 2544 2546
2545 2546 2547
2547 2546 2548
2547 2548 2549
2550 2551 2552
2552 2553 2550
2553 2554 2550
2554 2555 2550
2556 2557 2558
2556 2558 2559
2559 2558 2560
2559 2560 2561
2562 2563 2564
2562 2564 2565
2565 2564 2566
2565 2566 2567
2567 2566 2568
2567 2568 2569
2569 2568 2570
2569 2570 2571
2572 2573 2574
2574 2575 2572
2575 2576 2572
2575 2577 2576
2578 2579 2580
2578 2580 2581
2581 2580 2582
2581 2582 2583
2584 2579 2578
2584 2585 2579
2586 2585 2584
2586 2587 2585
2588 2587 2586
2588 2589 2587
2590 2589 2588
2590 2591 2589
2580 2579 2592
2580 2592 2593
2582 2580 2593
2582 2593 2594
2589 2591 2595
2589 2595 2596
2587 2589 2596
2587 2596 2597
2585 2587 2597
2585 2597 2598
2579 2585 2598
2579 2598 2592
2593 2592 2599
2593 2599 2600
2594 2593 2600
2594 2600 2601
2596 2595 2602
2596 2602 2603
2597 2596 2603
2597 2603 2604
2598 2597 2604
2598 2604 2605
2592 2598 2605
2592 2605 2599
2600 2599 2606
2601 2600 2606
2599 2605 2606
2603 2602 2607
2604 2603 2607
2605 2604 2607
2608 2609 2610
2608 2610 2611
2611 2610 2612
2611 2612 2613
2614 2609 2608
2614 2615 2609
2616 2615 2614
2616 2617 2615
2618 2617 2616
2618 2619 2617
2620 2619 2618
2620 2621 2619
2622 2623 2624
2624 2625 2622
2624 2626 2625
2624 2627 2626
2628 2629 2630
2628 2630 2631
2632 2633 2634
2632 2634 2635
2636 2637 2638
2636 2638 2639
2640 2641 2642
2640 2642 2643
2643 2642 2644
2643 2644 2645
2646 2647 2648
2646 2648 2649
2649 2648 2650
2649 2650 2651
2651 2650 2652
2651 2652 2653
2653 2652 2654
2653 2654 2655
2656 2657 2658
2656 2658 2659
2659 2658 2660
2659 2660 2661
2662 2657 2656
2662 2663 2657
2664 2663 2662
2664 2665 2663
2666 2665 2664
2666 2667 2665
2668 2667 2666
2668 2669 2667
2670 2671 2672
2672 2673 2670
2673 2674 2670
2673 2675 2674
2676 2677 2678
2676 2678 2679
2679 2678 2680
2681 2682 2683
2683 2682 2684
2683 2684 2685
2686 2687 2688
2686 2688 2689
2689 2688 2690
2689 2690 2691
2692 2693 2694
2695 2696 2697
2698 2697 2696
2699 2698 2696
2696 2700 2699
2701 2702 2703
2701 2703 2704
2703 2702 2705
2703 2705 2706
2706 2705 2707
2706 2707 2708
2709 2710 2711
2709 2711 2712
2712 2711 2713
2712 2713 2714
2714 2713 2715
2714 2715 2716
2717 2718 2719
2717 2719 2720
2720 2719 2721
2720 2721 2722
2722 2721 2723
2722 2723 2724
2725 2726 2727
2725 2727 2728
2729 2730 2731
2729 2731 2732
2732 2731 2733
2732 2733 2734
2734 2733 2735
2734 2735 2736
2737 2738 2739
2737 2739 2740
2741 2742 2743
2741 2743 2744
2745 2746 2747
2745 2747 2748
2749 2750 2751
2749 2751 2752
2753 2754 2755
2753 2755 2756
2757 2758 2759
2757 2759 2760
2761 2762 2763
2761 2763 2764
2765 2766 2767
2765 2767 2768
2769 2770 2771
2769 2771 2772
2773 2774 2775
2773 2775 2776
2777 2778 2779
2777 2779 2780
2781 2782 2783
2784 2785 2786
2787 2788 2789
2787 2789 2790
2790 2789 2791
2790 2791 2792
2793 2794 2795
2793 2795 2796
2796 2795 2797
2796 2797 2798
2798 2797 2799
2798 2799 2800
2800 2799 2801
2800 2801 2802
2803 2804 2805
2805 2806 2803
2806 2807 2803
2806 2808 2807
2809 2810 2811
2809 2811 2812
2812 2811 2813
2812 2813 2814
2815 2810 2809
2815 2816 2810
2817 2816 2815
2817 2818 2816
2819 2818 2817
2819 2820 2818
2821 2820 2819
2821 2822 2820
2811 2810 2823
2811 2823 2824
2813 2811 2824
2813 2824 2825
2820 2822 2826
2820 2826 2827
2818 2820 2827
2818 2827 2828
2816 2818 2828
2816 2828 2829
2810 2816 2829
2810 2829 2823
2824 2823 2830
2825 2824 2830
2823 2829 2830
2827 2826 2831
2828 2827 2831
2829 2828 2831
2832 2833 2834
2834 2835 2832
2834 2836 2835
2836 2837 2835
2838 2839 2840
2838 2840 2841
2841 2840 2842
2841 2842 2843
2844 2845 2846
2844 2846 2847
2847 2846 2848
2847 2848 2849
2849 2848 2850
2849 2850 2851
2851 2850 2852
2851 2852 2853
2854 2855 2856
2856 2857 2854
2857 2858 2854
2857 2859 2858
2860 2861 2862
2860 2862 2863
2863 2862 2864
2863 2864 2865
2866 2861 2860
2866 2867 2861
2868 2867 2866
2868 2869 2867
2870 2869 2868
2870 2871 2869
2872 2871 2870
2872 2873 2871
2874 2875 2876
2876 2877 2874
2876 2878 2877
2878 2879 2877
2880 2881 2882
2882 2883 2880
2883 2884 2880
2884 2885 2880
2886 2887 2888
2886 2888 2889
2889 2888 2890
2889 2890 2891
2892 2887 2886
2892 2893 2887
2894 2893 2892
2894 2895 2893
2896 2895 2894
2896 2897 2895
2898 2897 2896
2898 2899 2897
2888 2887 2900
2888 2900 2901
2890 2888 2901
2890 2901 2902
2897 2899 2903
2897 2903 2904
2895 2897 2904
2895 2904 2905
2893 2895 2905
2893 2905 2906
2887 2893 2906
2887 2906 2900
2901 2900 2907
2902 2901 2907
2900 2906 2907
2904 2903 2908
2905 2904 2908
2906 2905 2908
2909 2910 2911
2911 2912 2909
2911 2913 2912
2913 2914 2912
2915 2916 2917
2917 2916 2918
2919 2916 2915
2920 2921 2922
2922 2921 2923
2923 2921 2924
2925 2926 2927
2925 2927 2928
2928 2927 2929
2928 2929 2930
2931 2926 2925
2931 2932 2926
2933 2934 2935
2933 2935 2936
2936 2935 2937
2936 2937 2938
2938 2937 2939
2938 2939 2940
2941 2942 2943
2943 2944 2941
2944 2945 2941
2944 2946 2945
2947 2948 2949
2947 2949 2950
2950 2949 2951
2950 2951 2952
2953 2948 2947
2953 2954 2948
2955 2956 2957
2955 2957 2958
2958 2957 2959
2958 2959 2960
2960 2959 2961
2960 2961 2962
2963 2964 2965
2965 2966 2963
2965 2967 2966
2967 2968 2966
2969 2970 2971
2971 2972 2969
2972 2973 2969
2972 2974 2973
2975 2976 2977
2977 2978 2975
2978 2979 2975
2978 2980 2979
2981 2982 2983
2983 2984 2981
2984 2985 2981
2984 2986 2985
2987 2988 2989
2990 409 412
