byte offset: 0
first index: 0
index count: 7764
topology: trianglelist
format: DXGI_FORMAT_R16_UINT

0 1 2
0 2 3
4 5 6
4 6 7
8 9 10
8 10 11
12 13 14
12 14 15
16 17 18
16 18 19
20 21 22
20 22 23
24 25 21
24 21 26
27 28 29
27 29 30
31 32 33
31 33 34
33 32 35
33 35 36
37 34 38
37 38 39
38 40 39
38 41 40
42 43 44
42 44 45
46 47 48
46 48 49
50 49 48
50 48 51
50 51 52
50 52 53
54 51 48
54 55 51
56 54 48
56 48 57
58 52 51
58 51 55
59 52 58
59 60 52
53 52 61
53 61 62
63 64 65
63 65 66
67 68 69
67 70 68
71 72 73
71 73 74
72 71 75
72 75 76
77 76 78
77 78 79
79 80 77
79 81 80
82 83 84
82 84 85
83 82 86
83 86 87
88 89 90
88 90 91
92 90 93
92 93 94
95 96 97
95 97 98
96 95 99
96 99 100
101 102 103
101 103 104
105 106 107
105 107 108
107 106 109
109 106 110
110 106 105
109 110 111
111 112 109
111 113 112
107 109 114
109 115 114
109 116 115
110 105 117
118 119 120
118 120 121
122 118 121
122 121 123
123 121 124
121 125 124
121 120 125
123 124 126
126 124 127
124 128 127
124 125 128
126 127 129
127 130 129
127 131 130
127 128 132
132 133 127
132 134 133
135 126 136
135 136 137
138 135 137
138 137 139
137 136 140
126 141 136
136 141 142
136 142 140
141 143 142
143 141 144
143 144 145
143 146 142
139 137 147
137 140 147
139 147 148
141 149 150
141 150 151
126 149 141
152 153 154
152 155 153
156 153 155
156 157 153
156 158 157
154 159 160
160 159 161
160 161 162
163 162 161
163 161 164
164 165 166
166 165 167
166 167 168
169 168 167
169 167 170
171 172 158
171 173 172
174 172 173
174 175 172
174 170 175
176 177 178
176 178 179
180 181 179
182 181 180
182 180 183
184 185 186
184 186 187
188 189 190
188 190 191
192 193 194
192 194 195
196 197 198
196 198 199
200 201 202
200 202 203
204 205 206
204 206 207
208 209 210
208 210 211
212 213 214
212 214 215
216 217 218
216 218 219
220 221 222
220 222 223
224 225 226
224 226 227
228 229 230
228 230 231
232 233 234
232 234 235
235 234 236
235 236 237
238 239 234
238 240 239
239 241 234
239 242 241
241 242 243
237 244 243
237 243 245
246 236 247
246 247 248
249 246 245
249 245 250
251 249 250
251 250 252
253 250 254
253 254 255
254 250 256
256 247 257
254 256 257
258 259 247
258 247 260
261 262 260
261 260 263
264 261 263
264 263 265
266 263 267
266 267 268
267 263 269
267 269 270
269 243 270
262 271 243
272 271 258
272 273 271
274 273 272
274 275 273
262 243 276
277 278 273
277 279 278
278 280 273
278 281 280
280 281 247
282 283 284
282 284 285
285 284 286
285 286 287
288 283 282
288 289 283
290 291 292
290 292 293
294 291 290
294 295 291
293 292 296
293 296 297
298 299 300
298 300 301
302 303 304
302 304 305
305 304 306
305 306 307
308 303 302
308 309 303
310 309 308
310 311 309
311 312 309
311 313 312
310 308 314
315 316 317
315 317 318
318 317 319
318 319 320
319 321 320
319 322 321
321 322 323
321 323 324
323 322 325
322 326 325
322 327 326
328 329 330
328 330 331
332 333 334
332 334 335
336 333 332
336 337 333
338 337 336
338 339 337
340 341 342
340 342 343
344 345 342
344 346 345
347 348 349
347 349 350
351 352 353
351 353 354
354 353 355
354 355 356
356 355 357
356 357 358
359 360 361
362 361 363
362 363 364
360 365 366
360 366 367
368 369 370
368 370 371
372 369 368
372 373 369
374 375 376
374 376 377
378 379 375
378 375 380
381 382 383
381 384 382
385 384 381
385 386 384
384 386 387
384 387 388
388 387 389
388 389 390
390 389 391
390 391 392
393 390 392
390 393 394
390 394 388
393 392 395
396 384 388
388 394 396
396 397 384
384 397 382
393 398 394
399 400 401
399 401 402
403 400 399
403 404 400
405 406 407
405 407 408
409 406 405
409 410 406
407 406 411
407 411 412
406 410 413
406 413 411
414 415 416
414 416 417
415 418 416
415 419 418
420 421 422
420 422 423
424 421 420
424 425 421
424 426 425
424 427 426
427 428 426
427 429 428
430 431 432
430 432 433
431 434 432
431 435 434
436 434 435
436 437 434
438 437 436
438 439 437
440 441 442
440 442 443
440 443 444
444 443 445
444 445 446
446 445 447
446 447 448
449 450 451
449 451 452
453 450 449
453 454 450
455 454 453
455 456 454
457 456 455
457 458 456
459 458 457
459 460 458
461 460 459
461 462 460
463 462 461
463 464 462
465 464 463
465 466 464
467 466 465
467 468 466
469 468 467
469 470 468
471 472 473
474 473 472
473 474 475
473 475 476
477 474 472
478 474 477
479 478 477
479 477 480
481 479 480
481 480 482
480 477 483
478 484 474
474 484 485
474 485 486
477 487 483
482 480 488
480 483 488
482 488 489
490 491 478
490 492 491
493 492 490
493 494 492
492 495 491
491 495 496
494 497 492
492 497 495
494 498 497
491 499 500
478 491 500
478 500 501
500 502 501
500 503 502
500 499 504
504 505 500
504 506 505
507 508 509
507 509 510
507 510 511
511 510 512
507 513 508
514 513 507
515 513 514
515 516 513
517 516 515
517 518 516
516 518 519
518 520 519
519 520 521
519 521 522
522 521 523
522 523 524
524 525 522
524 526 525
525 526 527
525 527 528
528 527 529
528 529 530
528 530 531
532 524 523
532 533 524
532 534 533
534 535 533
536 535 534
536 534 537
536 537 538
539 530 540
539 540 541
542 541 540
543 541 542
543 544 541
544 543 545
544 545 546
546 545 547
546 547 548
546 548 549
549 548 550
549 550 551
551 550 552
551 552 553
546 549 554
555 556 557
555 557 558
559 560 561
559 561 562
563 564 565
563 565 566
567 568 569
567 569 570
571 568 567
571 572 568
573 572 571
573 574 572
575 576 577
575 577 578
578 577 579
578 579 580
580 579 581
582 583 584
585 586 587
585 587 588
589 590 591
589 591 592
593 590 589
593 594 590
590 595 591
590 596 595
594 596 590
594 597 596
596 598 595
596 599 598
600 599 596
600 601 599
599 602 598
598 602 603
602 604 603
603 604 605
593 606 594
593 607 606
607 608 606
607 609 608
606 608 610
606 610 611
594 606 611
594 611 597
611 610 612
611 612 613
600 611 613
600 613 601
601 613 614
601 614 615
613 612 616
612 617 616
616 617 618
617 619 618
615 614 620
621 615 622
621 622 599
615 623 622
624 625 623
624 620 625
626 627 628
626 628 629
630 627 626
630 626 631
632 630 631
632 633 630
628 634 629
635 636 633
635 637 636
636 637 638
636 638 639
638 640 639
638 641 640
640 641 642
643 644 633
643 645 644
644 645 646
644 646 647
646 648 647
646 649 648
648 649 650
651 652 653
651 653 654
655 652 651
655 656 652
657 656 655
658 659 660
658 660 661
662 663 664
662 664 665
666 667 668
666 668 669
670 671 672
670 672 673
674 675 676
674 676 677
678 679 680
678 680 681
682 683 681
682 681 684
685 686 687
685 687 688
689 690 691
689 691 692
693 694 695
693 695 696
697 695 694
697 698 695
697 699 698
697 700 699
701 695 698
701 698 702
703 695 701
703 704 695
705 702 698
705 698 699
706 705 699
706 699 707
700 708 699
700 709 708
710 711 712
710 712 713
714 715 716
714 716 717
718 719 720
718 720 721
721 722 718
721 723 722
724 725 726
724 726 727
728 729 726
728 730 729
731 732 733
731 733 734
734 735 731
734 736 735
737 738 739
737 739 740
741 742 743
741 743 744
743 745 744
745 746 744
746 741 744
745 747 746
747 745 748
747 748 749
743 750 745
745 750 751
745 751 752
746 753 741
754 755 756
754 756 757
758 759 760
758 760 761
762 763 764
762 764 765
766 767 768
766 768 769
770 771 772
770 772 773
774 775 776
774 776 777
778 779 780
778 780 781
782 783 784
782 784 785
786 787 788
786 788 789
790 791 792
790 792 793
794 795 796
794 796 797
798 799 800
798 800 801
802 803 804
802 804 805
805 804 806
805 806 807
808 803 802
808 809 803
810 811 812
810 812 813
811 814 812
811 815 814
816 810 813
816 813 817
818 816 817
818 817 819
819 817 820
819 820 821
818 822 816
823 824 825
823 825 826
824 827 825
824 828 827
827 828 829
827 829 830
829 831 830
829 832 831
831 833 830
830 833 834
830 834 835
836 837 838
836 838 839
839 838 840
839 840 841
841 840 842
841 842 843
844 845 846
844 846 847
848 846 849
848 849 850
851 852 853
853 854 855
853 855 856
857 851 858
857 858 859
860 861 862
860 862 863
864 860 863
864 863 865
866 867 868
866 868 869
870 871 869
870 869 872
873 874 875
876 874 873
876 873 877
873 878 877
873 879 878
879 880 878
879 881 880
881 882 880
881 883 882
884 883 881
881 885 884
881 879 885
884 886 883
887 879 873
879 887 885
887 873 888
875 888 873
874 889 875
890 891 892
890 892 893
894 890 893
894 893 895
896 897 898
896 898 899
900 896 899
900 899 901
898 902 899
898 903 902
899 902 904
899 904 901
905 906 907
905 907 908
908 907 909
908 909 910
911 912 913
911 913 914
913 912 915
915 912 916
915 916 917
917 916 918
917 918 919
920 921 922
920 922 923
924 923 922
924 922 925
926 924 925
926 925 927
928 926 927
928 927 929
930 928 929
930 929 931
932 930 931
932 931 933
934 932 933
934 933 935
936 934 935
936 935 937
938 936 937
938 937 939
940 938 939
940 939 941
942 943 944
942 945 943
942 946 945
946 947 945
942 944 948
949 942 948
950 949 948
950 948 951
952 950 951
952 951 953
951 954 953
953 954 955
954 956 955
954 957 956
957 958 956
957 959 958
959 957 960
959 960 961
960 962 961
960 963 962
963 964 962
963 965 964
963 966 965
967 958 959
967 959 968
967 968 969
969 968 970
971 969 970
971 972 969
971 973 972
974 975 965
974 976 975
977 975 976
978 977 976
978 976 979
979 980 978
979 981 980
981 982 980
981 983 982
981 984 983
984 985 983
984 986 985
986 987 985
986 988 987
981 989 984
990 991 992
990 992 993
994 995 996
994 996 997
998 999 1000
998 1000 1001
1002 1003 1004
1002 1004 1005
1006 1002 1005
1003 1007 1004
1003 1008 1007
1009 1010 1011
1009 1011 1012
1012 1011 1013
1012 1013 1014
1014 1013 1015
1014 1015 1016
1017 1018 1019
1017 1019 1020
1018 1021 1019
1018 1022 1021
1022 1023 1021
1024 1025 1026
1027 1028 1029
1030 1029 1028
1029 1030 1031
1029 1031 1032
1030 1033 1031
1030 1034 1033
1035 1034 1030
1030 1028 1035
1035 1036 1034
1037 1036 1035
1037 1038 1036
1039 1038 1037
1039 1037 1040
1041 1037 1035
1035 1028 1041
1041 1042 1037
1037 1042 1043
1040 1037 1043
1040 1043 1044
1045 1046 1047
1045 1047 1048
1049 1050 1051
1049 1051 1052
1053 1049 1052
1053 1052 1054
1055 1053 1054
1056 1057 1058
1056 1058 1059
1060 1061 1062
1060 1062 1063
1064 1065 1066
1064 1066 1067
1068 1069 1070
1068 1070 1071
1072 1073 1074
1072 1074 1075
1076 1077 1078
1076 1078 1079
1080 1081 1079
1080 1079 1082
1083 1084 1085
1083 1085 1086
1087 1088 1089
1087 1089 1090
1089 1091 1090
1089 1092 1091
1093 1094 1088
1093 1095 1094
1094 1095 1096
1094 1096 1097
1098 1099 1100
1098 1100 1101
1102 1103 1104
1102 1104 1105
1106 1104 1103
1106 1107 1104
1106 1108 1107
1106 1109 1108
1110 1104 1107
1110 1107 1111
1112 1104 1110
1112 1113 1104
1114 1111 1107
1114 1107 1108
1115 1114 1108
1115 1108 1116
1109 1117 1108
1109 1118 1117
1119 1120 1121
1119 1121 1122
1123 1124 1125
1123 1125 1126
1127 1128 1129
1127 1129 1130
1130 1131 1127
1130 1132 1131
1133 1134 1132
1133 1135 1134
1135 1133 1136
1135 1136 1137
1138 1139 1140
1138 1140 1141
1141 1142 1138
1141 1143 1142
1144 1145 1146
1144 1146 1147
1148 1149 1146
1148 1150 1149
1151 1152 1153
1151 1153 1154
1154 1155 1151
1154 1156 1155
1157 1158 1159
1157 1159 1160
1161 1162 1163
1161 1163 1164
1163 1165 1164
1165 1166 1164
1166 1161 1164
1165 1167 1166
1167 1165 1168
1167 1168 1169
1163 1170 1165
1165 1170 1171
1165 1171 1172
1166 1173 1161
1174 1175 1176
1174 1176 1177
1175 1178 1176
1179 1180 1178
1179 1181 1180
1182 1183 1184
1182 1184 1185
1186 1187 1188
1186 1188 1189
1190 1191 1192
1190 1192 1193
1194 1195 1196
1194 1196 1197
1198 1199 1200
1198 1200 1201
1202 1203 1204
1202 1204 1205
1206 1207 1208
1206 1208 1209
1210 1211 1212
1210 1212 1213
1214 1215 1216
1214 1216 1217
1218 1219 1220
1218 1220 1221
1222 1223 1224
1222 1224 1225
1226 1227 1228
1226 1228 1229
1230 1231 1232
1230 1232 1233
1234 1231 1230
1234 1235 1231
1233 1232 1236
1233 1236 1237
1238 1239 1240
1238 1240 1241
1242 1243 1244
1242 1244 1245
1243 1246 1244
1243 1247 1246
1248 1242 1245
1248 1245 1249
1250 1248 1249
1250 1249 1251
1251 1249 1252
1251 1252 1253
1250 1254 1248
1255 1256 1257
1255 1257 1258
1256 1259 1257
1256 1260 1259
1259 1260 1261
1259 1261 1262
1261 1263 1262
1261 1264 1263
1263 1265 1262
1262 1265 1266
1262 1266 1267
1268 1269 1270
1268 1270 1271
1272 1273 1274
1272 1274 1275
1276 1274 1277
1276 1277 1278
1279 1280 1281
1279 1281 1282
1283 1284 1285
1283 1285 1286
1287 1284 1283
1287 1288 1284
1289 1288 1287
1289 1290 1288
1291 1292 1293
1291 1293 1294
1295 1291 1294
1295 1294 1296
1297 1298 1299
1297 1299 1300
1301 1302 1300
1301 1300 1303
1304 1305 1306
1307 1305 1304
1307 1304 1308
1304 1309 1308
1304 1310 1309
1310 1311 1309
1310 1312 1311
1312 1313 1311
1312 1314 1313
1315 1314 1312
1312 1316 1315
1312 1310 1316
1315 1317 1314
1318 1310 1304
1310 1318 1316
1318 1304 1319
1306 1319 1304
1305 1320 1306
1321 1322 1323
1321 1323 1324
1325 1321 1324
1325 1324 1326
1327 1328 1329
1327 1329 1330
1331 1327 1330
1331 1330 1332
1329 1333 1330
1329 1334 1333
1330 1333 1335
1330 1335 1332
1336 1337 1338
1336 1338 1339
1339 1338 1340
1339 1340 1341
1342 1343 1344
1342 1344 1345
1346 1342 1345
1346 1345 1347
1346 1347 1348
1346 1348 1349
1349 1348 1350
1349 1350 1351
1352 1353 1354
1352 1354 1355
1355 1354 1356
1355 1356 1357
1358 1357 1356
1358 1356 1359
1360 1358 1359
1360 1359 1361
1362 1363 1364
1362 1365 1363
1362 1366 1365
1366 1367 1365
1362 1364 1368
1369 1362 1368
1370 1369 1368
1370 1368 1371
1372 1370 1371
1372 1371 1373
1371 1374 1373
1373 1374 1375
1374 1376 1375
1374 1377 1376
1377 1378 1376
1377 1379 1378
1379 1377 1380
1379 1380 1381
1380 1382 1381
1380 1383 1382
1383 1384 1382
1383 1385 1384
1383 1386 1385
1387 1378 1379
1387 1379 1388
1387 1388 1389
1389 1388 1390
1391 1389 1390
1391 1392 1389
1391 1393 1392
1394 1395 1385
1394 1396 1395
1397 1395 1396
1398 1397 1396
1398 1396 1399
1399 1400 1398
1399 1401 1400
1401 1402 1400
1401 1403 1402
1401 1404 1403
1404 1405 1403
1404 1406 1405
1406 1407 1405
1406 1408 1407
1401 1409 1404
1410 1411 1412
1410 1412 1413
1414 1410 1413
1411 1415 1412
1411 1416 1415
1417 1418 1419
1417 1419 1420
1418 1421 1419
1418 1422 1421
1422 1423 1421
1424 1425 1426
1427 1428 1429
1427 1429 1430
1431 1427 1430
1431 1430 1432
1430 1429 1433
1430 1433 1434
1432 1430 1434
1432 1434 1435
1434 1433 1436
1434 1436 1437
1438 1434 1437
1438 1437 1439
1437 1436 1440
1436 1441 1440
1440 1441 1442
1441 1443 1442
1431 1432 1444
1431 1444 1445
1445 1444 1446
1445 1446 1447
1444 1448 1446
1444 1449 1448
1432 1435 1449
1432 1449 1444
1449 1450 1448
1449 1451 1450
1438 1439 1451
1438 1451 1449
1439 1452 1451
1439 1453 1452
1451 1454 1450
1450 1454 1455
1454 1456 1455
1455 1456 1457
1458 1459 1453
1458 1437 1459
1453 1459 1460
1461 1460 1462
1463 1464 1452
1465 1466 1464
1467 1468 1469
1467 1469 1470
1471 1467 1470
1471 1470 1472
1473 1471 1472
1474 1475 1476
1474 1476 1477
1478 1479 1480
1478 1480 1481
1482 1483 1484
1482 1484 1485
1486 1487 1488
1486 1488 1489
1490 1491 1492
1490 1492 1493
1494 1495 1496
1494 1496 1497
1498 1499 1495
1498 1495 1500
1501 1502 1503
1501 1503 1504
1505 1506 1507
1505 1507 1508
1509 1510 1511
1509 1511 1512
1513 1512 1511
1513 1511 1514
1513 1514 1515
1513 1515 1516
1517 1514 1511
1517 1518 1514
1519 1517 1511
1519 1511 1520
1521 1515 1514
1521 1514 1518
1522 1515 1521
1522 1523 1515
1516 1515 1524
1516 1524 1525
1526 1527 1528
1526 1528 1529
1530 1531 1532
1530 1533 1531
1534 1535 1536
1534 1536 1537
1535 1534 1538
1535 1538 1539
1540 1541 1542
1540 1542 1543
1544 1542 1545
1544 1545 1546
1547 1548 1549
1547 1549 1550
1548 1547 1551
1548 1551 1552
1553 1554 1555
1553 1555 1556
1557 1558 1559
1557 1559 1560
1559 1558 1561
1561 1558 1562
1562 1558 1557
1561 1562 1563
1563 1564 1561
1563 1565 1564
1559 1561 1566
1561 1567 1566
1561 1568 1567
1562 1557 1569
1570 1571 1572
1570 1572 1573
1574 1575 1576
1574 1576 1577
1578 1579 1580
1578 1580 1581
1582 1583 1584
1582 1584 1585
1586 1587 1588
1586 1588 1589
1590 1591 1592
1590 1592 1593
1594 1595 1596
1594 1596 1597
1598 1599 1600
1598 1600 1601
1602 1603 1604
1602 1604 1605
1606 1607 1608
1606 1608 1609
1610 1611 1612
1610 1612 1613
1614 1615 1616
1614 1616 1617
1618 1619 1620
1618 1620 1621
1621 1620 1622
1621 1622 1623
1624 1619 1618
1624 1625 1619
1626 1625 1624
1626 1627 1625
1627 1628 1625
1627 1629 1628
1626 1624 1630
1631 1632 1633
1631 1633 1634
1634 1633 1635
1634 1635 1636
1635 1637 1636
1635 1638 1637
1637 1638 1639
1637 1639 1640
1639 1638 1641
1638 1642 1641
1638 1643 1642
1644 1645 1646
1644 1646 1647
1648 1649 1646
1648 1650 1649
1651 1652 1653
1651 1653 1654
1655 1652 1651
1655 1656 1652
1657 1658 1659
1657 1659 1660
1661 1662 1658
1661 1658 1663
1664 1665 1666
1664 1666 1667
1668 1665 1664
1668 1669 1665
1670 1671 1672
1670 1672 1673
1674 1671 1670
1674 1675 1671
1672 1671 1676
1672 1676 1677
1671 1675 1678
1671 1678 1676
1679 1680 1681
1679 1681 1682
1680 1683 1681
1680 1684 1683
1685 1686 1687
1685 1687 1688
1685 1688 1689
1689 1688 1690
1685 1691 1686
1692 1691 1685
1693 1691 1692
1693 1694 1691
1695 1694 1693
1695 1696 1694
1694 1696 1697
1696 1698 1697
1697 1698 1699
1697 1699 1700
1700 1699 1701
1700 1701 1702
1702 1703 1700
1702 1704 1703
1703 1704 1705
1703 1705 1706
1706 1705 1707
1706 1707 1708
1706 1708 1709
1710 1702 1701
1710 1711 1702
1710 1712 1711
1712 1713 1711
1714 1713 1712
1714 1712 1715
1714 1715 1716
1717 1708 1718
1717 1718 1719
1720 1719 1718
1721 1719 1720
1721 1722 1719
1722 1721 1723
1722 1723 1724
1724 1723 1725
1724 1725 1726
1724 1726 1727
1727 1726 1728
1727 1728 1729
1729 1728 1730
1729 1730 1731
1724 1727 1732
1733 1734 1735
1733 1735 1736
1736 1735 1737
1736 1737 1738
1738 1737 1739
1740 1741 1742
1743 1744 1745
1743 1745 1746
1747 1744 1743
1747 1743 1748
1749 1747 1748
1749 633 1747
1745 1750 1746
1751 1752 1753
1751 1753 1754
1755 1752 1751
1755 1756 1752
1757 1756 1755
1758 1759 1760
1758 1760 1761
1758 1762 1759
1758 1763 1762
1759 1762 1764
1759 1764 1765
1760 1759 1765
1765 1764 1766
1765 1766 1767
1768 1765 1767
1765 1768 1760
1767 1766 1769
1767 1769 1770
1770 1769 1771
1770 1771 1772
1773 1770 1772
1768 1767 1773
1773 1767 1770
1773 1772 1774
1772 1771 1775
1772 1775 1776
1774 1772 1776
1776 1775 1777
1776 1777 1778
1778 1777 1779
1778 1779 1780
1778 1780 1781
1778 1782 1776
1774 1776 1782
1778 1783 1782
1781 1783 1778
1783 1784 1782
1783 1785 1784
1785 1783 1781
1785 1781 1786
1787 1786 1781
1788 1786 1787
1788 1787 1789
1787 1781 1790
1786 1788 1791
1786 1791 1785
1785 1791 1792
1785 1792 1784
1784 1792 1793
1784 1793 1794
1794 1793 1795
1794 1795 1796
1796 1782 1784
1796 1784 1794
1796 1795 1797
1797 1798 1796
1796 1798 1799
1787 1800 1789
1800 1787 1790
1800 1790 1801
1802 1801 1790
1803 1802 1790
1774 1782 1796
1804 1805 1774
1806 1807 1805
1807 1808 1799
1808 1807 1809
1807 1810 1809
1809 1810 1811
1809 1811 1812
1812 1811 1813
1812 1813 1814
1814 1813 1815
1814 1815 1816
1817 1818 1819
1818 1820 1819
1818 1821 1820
1822 1821 1818
1823 1822 1818
1824 1822 1823
1824 1823 1825
1825 1826 1824
1825 1827 1826
1828 1827 1825
1823 1828 1825
1829 1828 1823
1828 1829 1830
1829 1823 1831
1823 1818 1831
1831 1818 1817
1829 1832 1830
1829 1833 1832
1831 1833 1829
1830 1834 1828
1828 1834 1827
1830 1835 1834
1830 1836 1835
1824 1826 1837
1824 1837 1838
1838 1837 1839
1838 1839 1840
1840 1841 1838
1840 1842 1841
1842 1843 1841
1842 1844 1843
1840 1839 1845
1845 1839 1846
1845 1846 1847
1848 1844 1842
1840 1848 1842
1849 1848 1840
1840 1845 1849
1848 1850 1844
1851 1850 1848
1852 1851 1848
1852 1848 1849
1780 1851 1852
1851 1780 1853
1849 1854 1852
1851 1855 1850
1853 1855 1851
1853 1856 1855
1857 1853 1780
1857 1858 1853
1858 1856 1853
1857 1859 1858
1852 1781 1780
1852 1860 1781
1854 1860 1852
1781 1860 1861
1781 1861 1862
1863 1854 1849
1849 1864 1863
1863 1864 1847
1863 1847 1865
1866 1863 1865
1866 1867 1863
1863 1867 1854
1847 1868 1865
1868 1866 1865
1846 1868 1847
1846 1869 1868
1868 1869 1870
1868 1870 1871
1871 1872 1868
1868 1872 1866
1817 1873 1874
1817 1874 1831
1831 1874 1833
1819 1873 1817
1819 1875 1873
1876 1875 1819
1876 1877 1875
1876 1878 1877
1819 1879 1876
1819 1820 1879
1780 1880 1881
1882 1857 1780
1857 1882 1883
1884 1822 1841
1884 1841 1843
1822 1838 1841
1822 1824 1838
1885 1886 1887
1885 1887 1888
1885 1888 1889
1885 1889 1890
1888 1891 1889
1888 1892 1891
1887 1892 1888
1892 1893 1891
1892 1894 1893
1895 1894 1892
1892 1887 1895
1894 1896 1893
1894 1897 1896
1897 1898 1896
1897 1899 1898
1900 1899 1897
1895 1900 1894
1900 1897 1894
1900 1901 1899
1899 1902 1898
1899 1903 1902
1901 1903 1899
1903 1904 1902
1903 1905 1904
1905 1906 1904
1905 1907 1906
1905 1903 1908
1901 1908 1903
1909 1908 1901
1905 1908 1910
1905 1910 1911
1911 1907 1905
1907 1911 1912
1912 1911 1913
1912 1913 1914
1910 1908 1915
1909 1915 1908
1910 1915 1916
1916 1911 1910
1916 1917 1911
1911 1917 1918
1918 1917 1919
1918 1919 1920
1911 1918 1921
1917 1916 1922
1917 1922 1919
1916 1915 1923
1916 1923 1922
1915 1924 1923
1915 1925 1924
1925 1926 1924
1909 1926 1925
1909 1925 1915
1927 1926 1909
1909 1928 1927
1909 1929 1928
1930 1918 1920
1918 1930 1921
1930 1931 1921
1921 1931 1932
1933 1921 1932
1929 1934 1935
1934 1936 1935
1936 1937 1935
1936 1938 1937
1936 1939 1938
1939 1940 1938
1939 1941 1940
1941 1942 1940
1941 1943 1942
1944 1935 1945
1901 1944 1946
1947 1948 1949
1949 1948 1950
1949 1950 1951
1952 1949 1951
1953 1949 1952
1954 1953 1952
1954 1955 1953
1955 1954 1956
1955 1956 1957
1958 1955 1957
1953 1955 1958
1959 1953 1958
1958 1960 1959
1959 1961 1953
1953 1961 1949
1949 1961 1947
1959 1960 1962
1959 1962 1963
1961 1959 1963
1960 1958 1964
1958 1957 1964
1960 1964 1965
1960 1965 1966
1954 1967 1956
1954 1968 1967
1968 1969 1967
1968 1970 1969
1970 1968 1971
1970 1971 1972
1972 1971 1973
1972 1973 1974
1970 1975 1969
1976 1975 1970
1975 1977 1969
1975 1978 1977
1979 1972 1974
1979 1970 1972
1970 1979 1976
1912 1976 1979
1979 1974 1980
1981 1979 1980
1912 1979 1981
1981 1980 1982
1983 1981 1982
1981 1983 1907
1912 1981 1907
1983 1982 1984
1985 1973 1971
1985 1971 1952
1952 1971 1968
1952 1968 1954
1983 1984 1986
1987 1983 1986
1907 1983 1987
1987 1986 1988
1987 1989 1907
1987 1990 1989
1991 1992 1907
1993 1994 1978
1993 1978 1995
1976 1993 1995
1994 1993 1996
1994 1996 1997
1993 1914 1996
1993 1976 1914
1914 1976 1912
1994 1998 1978
1998 1994 1997
1978 1998 1999
1998 2000 1999
2000 1998 2001
1998 2002 2001
1998 1997 2002
1978 1999 1977
1911 2003 2004
1911 2004 1913
1947 1961 2005
1947 2005 2006
1961 1963 2005
2007 1947 2006
2007 1948 1947
2008 1948 2007
2008 2007 2009
2008 2009 2010
1950 1948 2008
1950 2008 2011
2012 2013 2014
2012 2014 2015
2012 2015 2016
2012 2016 2017
2015 2018 2016
2015 2019 2018
2014 2019 2015
2019 2020 2018
2019 2021 2020
2022 2021 2019
2019 2014 2022
2021 2023 2020
2021 2024 2023
2024 2025 2023
2024 2026 2025
2027 2026 2024
2022 2027 2021
2027 2024 2021
2027 2028 2026
2026 2029 2025
2026 2030 2029
2028 2030 2026
2030 2031 2029
2030 2032 2031
2032 2033 2031
2032 2034 2033
2035 2034 2032
2034 2035 2036
2036 2035 2037
2036 2037 2038
2032 2030 2039
2028 2039 2030
2032 2039 2040
2032 2040 2035
2040 2039 2041
2040 2041 2042
2042 2035 2040
2042 2043 2035
2043 2042 2044
2043 2044 2045
2042 2041 2046
2042 2046 2044
2041 2047 2046
2041 2048 2047
2049 2048 2041
2049 2041 2039
2049 2050 2048
2048 2050 2047
2035 2051 2037
2049 2039 2028
2052 2050 2049
2049 2053 2052
2049 2054 2053
2055 2043 2045
2055 2045 2056
2057 2055 2056
2057 2058 2055
2058 2043 2055
2058 2035 2043
2057 2059 2058
2058 2059 2060
2061 2058 2060
2035 2062 2051
2063 2054 2064
2064 2065 2063
2065 2066 2063
2065 2067 2066
2065 2068 2067
2068 2069 2067
2068 2070 2069
2070 2071 2069
2070 2072 2071
2063 2073 2074
2028 2074 2075
2076 2077 2078
2078 2077 2079
2078 2079 2080
2081 2078 2080
2082 2078 2081
2083 2082 2081
2083 2084 2082
2084 2083 2085
2084 2085 2086
2087 2084 2086
2082 2084 2087
2088 2082 2087
2087 2089 2088
2088 2090 2082
2082 2090 2078
2078 2090 2076
2088 2089 2091
2088 2091 2092
2090 2088 2092
2089 2087 2093
2087 2086 2093
2089 2093 2094
2089 2094 2095
2083 2096 2085
2083 2097 2096
2097 2098 2096
2097 2099 2098
2099 2097 2100
2099 2100 2101
2101 2100 2102
2101 2102 2103
2099 2104 2098
2104 2105 2098
2104 2106 2105
2107 2101 2103
2099 2101 2107
2099 2107 2108
2108 2104 2099
2036 2108 2107
2107 2103 2109
2110 2107 2109
2036 2107 2110
2110 2109 2111
2112 2110 2111
2110 2112 2034
2036 2110 2034
2112 2111 2113
2112 2113 2114
2034 2112 2115
2115 2112 2114
2115 2114 2116
2108 2036 2038
2117 2108 2038
2117 2118 2106
2117 2106 2119
2108 2117 2119
2118 2117 2120
2117 2038 2120
2118 2120 2121
2122 2118 2121
2118 2122 2106
2122 2121 2123
2122 2123 2124
2125 2122 2124
2122 2125 2126
2106 2122 2126
2106 2126 2105
2115 2127 2128
2034 2115 2128
2129 2130 2034
2076 2090 2131
2076 2131 2132
2090 2092 2131
2077 2076 2132
2077 2132 2133
2134 2077 2133
2134 2133 2135
2134 2135 2136
2077 2134 2137
2077 2137 2079
2138 2102 2100
2138 2100 2081
2081 2100 2097
2081 2097 2083
2139 2140 2141
2139 2141 2142
2139 2143 2140
2139 2144 2143
2140 2143 2145
2140 2145 2146
2141 2140 2146
2146 2145 2147
2146 2147 2148
2149 2146 2148
2146 2149 2141
2148 2147 2150
2148 2150 2151
2151 2150 2152
2151 2152 2153
2154 2151 2153
2149 2148 2154
2154 2148 2151
2154 2153 2155
2153 2152 2156
2153 2156 2157
2155 2153 2157
2157 2156 2158
2157 2158 2159
2159 2158 2160
2159 2160 2161
2159 2162 2157
2155 2157 2162
2159 2163 2162
2164 2163 2159
2159 2161 2164
2165 2163 2164
2166 2164 2161
2166 2167 2164
2163 2165 2168
2163 2168 2162
2165 2169 2168
2168 2169 2170
2168 2170 2171
2165 2172 2169
2173 2172 2165
2165 2164 2173
2173 2174 2172
2175 2162 2168
2175 2168 2171
2171 2176 2175
2171 2170 2176
2164 2167 2177
2155 2162 2175
2175 2176 2178
2178 2179 2175
2180 2167 2166
2166 2181 2180
2182 2180 2181
2181 2183 2182
2182 2183 2184
2182 2184 2185
2186 2182 2185
2186 2187 2182
2182 2187 2180
2166 2188 2181
2166 2189 2188
2181 2188 2190
2189 2191 2188
2189 2192 2191
2188 2191 2193
2188 2193 2194
2188 2194 2190
2190 2194 2195
2190 2195 2196
2196 2197 2190
2196 2198 2197
2199 2198 2196
2199 2200 2198
2201 2200 2199
2199 2202 2201
2199 2203 2202
2203 2199 2196
2203 2196 2195
2201 2204 2200
2205 2204 2201
2202 2205 2201
2206 2205 2202
2205 2206 2207
2206 2202 2208
2206 2209 2207
2206 2210 2209
2208 2210 2206
2207 2211 2205
2205 2211 2204
2207 2212 2211
2207 2213 2212
2208 2214 2210
2215 2214 2208
2215 2216 2214
2202 2217 2208
2202 2203 2217
2208 2217 2215
2215 2217 2218
2217 2219 2218
2217 2220 2219
2203 2220 2217
2219 2221 2218
2221 2222 2218
2222 2216 2215
2222 2215 2218
2221 2223 2222
2221 2224 2223
2219 2225 2221
2226 2203 2195
2226 2195 2227
2194 2227 2195
2194 2193 2227
2189 2161 2228
2228 2192 2189
2228 2229 2192
2230 2229 2228
2231 2228 2161
2231 2230 2228
2231 2232 2230
2161 2233 2231
2231 2233 2234
2161 2189 2166
2161 2235 2236
2237 2238 2239
2237 2239 2240
2241 2238 2237
2241 2242 2238
2243 2242 2241
2243 2244 2242
2245 2244 2243
2246 2245 2243
2247 2245 2246
2175 2179 2247
2248 2249 2245
2250 2248 2155
2251 2252 2253
2254 2252 2251
2164 2254 2251
2164 2251 2173
2174 2173 2251
2174 2251 2253
2254 2255 2252
2256 2255 2254
2257 2256 2254
2164 2177 2258
2259 2260 2261
2261 2262 2259
2261 2263 2262
2261 2260 2186
2261 2186 2185
2184 2261 2185
2264 2263 2261
2264 2261 2184
2265 2264 2184
2265 2197 2264
2190 2197 2265
2190 2265 2181
2266 2267 2268
2266 2268 2269
2269 2268 2270
2269 2270 2271
2272 2267 2266
2272 2273 2267
2274 2273 2272
2274 2275 2273
2267 2276 2268
2267 2277 2276
2273 2277 2267
2268 2276 2278
2268 2278 2270
2275 2279 2273
2273 2279 2277
2275 2280 2279
2277 2281 2276
2277 2282 2281
2279 2282 2277
2276 2281 2283
2276 2283 2278
2280 2284 2279
2279 2284 2282
2280 2285 2284
2282 2286 2281
2282 2287 2286
2284 2287 2282
2281 2286 2288
2281 2288 2283
2285 2289 2284
2284 2289 2287
2285 2290 2289
2287 2291 2286
2287 2292 2291
2289 2292 2287
2286 2291 2293
2286 2293 2288
2290 2294 2289
2289 2294 2292
2290 2295 2294
2292 2296 2291
2292 2297 2296
2294 2297 2292
2291 2296 2298
2291 2298 2293
2295 2299 2294
2294 2299 2297
2295 2300 2299
2297 2301 2296
2297 2302 2301
2296 2301 2303
2296 2303 2298
2300 2304 2299
2300 2305 2304
2299 2304 2306
2299 2306 2297
2302 2307 2301
2302 2308 2307
2301 2307 2309
2301 2309 2303
2305 2310 2304
2305 2311 2310
2304 2310 2312
2304 2312 2306
2313 2309 2307
2314 2312 2310
2307 2308 2315
2314 2316 2312
2316 2314 2317
2316 2317 2318
2318 2317 2319
2318 2319 2320
2321 2318 2320
2321 2322 2318
2323 2322 2321
2315 2322 2323
2323 2321 2324
2324 2321 2325
2326 2322 2315
2326 2315 2327
2319 2317 2328
2319 2328 2329
2317 2314 2330
2317 2330 2328
2315 2323 2331
2332 2321 2320
2332 2319 2333
2333 2319 2329
2332 2333 2334
2325 2335 2334
2325 2321 2335
2336 2319 2335
2331 2337 2315
2308 2327 2315
2307 2315 2337
2307 2337 2313
2338 2313 2337
2331 2338 2337
2338 2339 2313
2330 2340 2341
2340 2342 2341
2340 2343 2342
2343 2340 2310
2310 2311 2343
2340 2314 2310
2330 2314 2340
2344 2345 2346
2344 2346 2347
2348 2345 2344
2348 2349 2345
2350 2349 2348
2350 2351 2349
2352 2351 2350
2352 2353 2351
2354 2353 2352
2354 2355 2353
2356 2355 2354
2356 2357 2355
2358 2357 2356
2358 2359 2357
2360 2359 2358
2360 2361 2359
2362 2361 2360
2362 2363 2361
2364 2363 2362
2364 2365 2363
2366 2367 2368
2366 2368 2369
2369 2368 2370
2369 2370 2371
2371 2370 2372
2371 2372 2373
2373 2372 2374
2373 2374 2375
2375 2374 2376
2375 2376 2377
2378 2379 2380
2378 2380 2381
2381 2380 2382
2381 2382 2383
2383 2382 2384
2383 2384 2385
2384 2386 2387
2387 2386 2388
2387 2388 2389
2389 2388 2390
2389 2390 2391
2384 2387 2392
2393 2394 2395
2396 2394 2393
2397 2394 2396
2398 2394 2397
2399 2394 2398
2400 2394 2399
2401 2394 2400
2402 2394 2401
2403 2404 2394
2405 2403 2394
2406 2405 2394
2407 2406 2394
2408 2407 2394
2409 2408 2394
2410 2409 2394
2411 2410 2394
2412 2413 2414
2414 2413 2415
2415 2413 2416
2416 2413 2417
2417 2413 2418
2418 2413 2419
2419 2413 2420
2420 2413 2421
2422 2423 2413
2423 2424 2413
2424 2425 2413
2425 2426 2413
2426 2427 2413
2427 2428 2413
2428 2429 2413
2429 2430 2413
2431 2432 2433
2431 2433 2434
2432 2435 2433
2432 2436 2435
2437 2431 2434
2437 2434 2438
2439 2437 2438
2439 2438 2440
2434 2433 2441
2434 2441 2442
2438 2434 2442
2433 2435 2443
2433 2443 2441
2440 2438 2444
2438 2442 2444
2440 2444 2445
2442 2441 2446
2442 2446 2447
2444 2442 2447
2441 2443 2448
2441 2448 2446
2445 2444 2449
2444 2447 2449
2445 2449 2450
2447 2446 2451
2447 2451 2452
2449 2447 2452
2446 2448 2453
2446 2453 2451
2450 2449 2454
2449 2452 2454
2450 2454 2455
2452 2451 2456
2452 2456 2457
2454 2452 2457
2451 2453 2458
2451 2458 2456
2455 2454 2459
2454 2457 2459
2455 2459 2460
2457 2456 2461
2457 2461 2462
2459 2457 2462
2456 2458 2463
2456 2463 2461
2460 2459 2464
2459 2462 2464
2460 2464 2465
2462 2461 2466
2462 2466 2467
2461 2463 2468
2461 2468 2466
2465 2464 2469
2465 2469 2470
2464 2462 2471
2464 2471 2469
2467 2466 2472
2467 2472 2473
2466 2468 2474
2466 2474 2472
2470 2469 2475
2470 2475 2476
2469 2471 2477
2469 2477 2475
2472 2474 2478
2475 2477 2479
2475 2479 2480
2481 2473 2472
2477 2482 2479
2482 2483 2479
2482 2484 2483
2484 2485 2483
2484 2486 2485
2487 2486 2484
2487 2484 2488
2489 2487 2488
2481 2489 2488
2489 2490 2487
2490 2491 2487
2492 2481 2488
2492 2493 2481
2485 2494 2483
2485 2495 2494
2483 2494 2496
2483 2496 2479
2497 2486 2487
2497 2498 2485
2498 2495 2485
2497 2499 2498
2491 2499 2500
2491 2500 2487
2480 2479 2496
2480 2496 2501
2502 2480 2501
2502 2501 2503
2475 2480 2502
2502 2476 2475
2504 2500 2485
2505 2506 2507
2505 2507 2508
2506 2509 2507
2506 2510 2509
2510 2511 2509
2510 2512 2511
2512 2513 2511
2512 2514 2513
2514 2515 2513
2514 2516 2515
2516 2517 2515
2516 2518 2517
2518 2519 2517
2518 2520 2519
2520 2521 2519
2520 2522 2521
2522 2523 2521
2522 2524 2523
2524 2525 2523
2524 2526 2525
2481 2527 2489
2527 2481 2528
2528 2481 2472
2478 2528 2472
2478 2529 2528
2529 2527 2528
2478 2530 2529
2481 2493 2473
2531 2532 2533
2531 2533 2534
2535 2532 2531
2535 2536 2532
2537 2536 2535
2537 2538 2536
2539 2538 2537
2539 2540 2538
2541 2540 2539
2541 2542 2540
2543 2544 2545
2543 2545 2546
2547 2544 2543
2547 2548 2544
2549 2548 2547
2549 2550 2548
2551 2552 2553
2551 2553 2554
2555 2552 2551
2555 2556 2552
2554 2553 2557
2554 2557 2558
2558 2557 2559
2558 2559 2560
2561 2556 2555
2561 2562 2556
2563 2560 2559
2563 2559 2564
2560 2563 2565
2563 2566 2565
2563 2567 2566
2566 2567 2568
2566 2568 2569
2570 2571 2572
2570 2572 2573
2574 2571 2570
2574 2575 2571
2573 2572 2576
2573 2576 2577
2577 2576 2578
2577 2578 2579
2579 2578 2580
2579 2580 2581
2581 2580 2582
2581 2582 2583
2583 2582 2584
2583 2584 2585
2586 2575 2574
2586 2574 2587
2586 2587 2588
2587 2589 2588
2587 2590 2589
2591 2592 2593
2591 2593 2594
2595 2596 2597
2597 2596 2598
2597 2598 2599
2596 2600 2598
2598 2600 2601
2598 2601 2602
2598 2602 2603
2602 2604 2603
2602 2605 2604
2605 2606 2604
2605 2607 2606
2607 2608 2606
2607 2609 2608
2610 2611 2612
2610 2612 2613
2614 2615 2616
2614 2616 2617
2618 2615 2614
2618 2614 2619
2620 2618 2619
2620 2621 2618
2622 2621 2620
2622 2623 2621
2624 2625 2626
2624 2626 2627
2627 2626 2628
2627 2628 2629
2630 2625 2624
2630 2631 2625
2632 2631 2630
2632 2633 2631
2629 2628 2634
2629 2634 2635
2635 2634 2636
2635 2636 2637
2637 2636 2638
2637 2638 2639
2640 2641 2642
2642 2641 2643
2643 2641 2644
2643 2644 2645
2644 2646 2645
2644 2647 2646
2646 2647 2648
2647 2649 2648
2650 2651 2652
2650 2652 2653
2654 2651 2650
2654 2655 2651
2656 2655 2654
2656 2657 2655
2658 2657 2656
2658 2659 2657
2660 2661 2662
2660 2662 2663
2663 2662 2664
2663 2664 2665
2665 2664 2666
2665 2666 2667
2667 2666 2668
2667 2668 2669
2670 2671 2672
2670 2672 2673
2674 2671 2670
2674 2675 2671
2676 2677 2678
2676 2678 2679
2680 2676 2679
2680 2681 2676
2682 2681 2680
2683 2684 2685
2684 2686 2685
2684 2687 2686
2685 2686 2688
2686 2689 2688
2686 2690 2689
2686 2691 2690
2690 2691 2692
2690 2692 2693
2693 2692 2694
2693 2694 2695
2695 2694 2696
2695 2696 2697
2698 2699 2700
2701 2702 2703
2702 2704 2703
2704 2705 2703
2704 2706 2705
2705 2706 2707
2705 2707 2708
2707 2709 2708
2708 2709 2710
2711 2712 2713
2711 2713 2714
2715 2711 2714
2715 2714 2716
2717 2715 2716
2717 2716 2718
2719 2717 2718
2719 2718 2720
2721 2722 2723
2721 2723 2724
2722 2725 2723
2722 2726 2725
2726 2727 2725
2726 2728 2727
2728 2729 2727
2728 2730 2729
2731 2732 2733
2731 2733 2734
2735 2731 2734
2735 2734 2736
2737 2738 2739
2737 2739 2740
2741 2737 2740
2741 2740 2742
2743 2741 2742
2743 2742 2744
2745 2746 2747
2745 2747 2748
2749 2745 2748
2749 2748 2750
2746 2751 2747
2746 2752 2751
2752 2753 2751
2752 2754 2753
2755 2749 2750
2755 2750 2756
2757 2753 2754
2757 2758 2753
2754 2759 2757
2757 2759 2760
2757 2760 2761
2760 2762 2761
2760 2763 2762
2764 2765 2766
2764 2766 2767
2768 2764 2767
2768 2767 2769
2765 2770 2766
2765 2771 2770
2771 2772 2770
2771 2773 2772
2773 2774 2772
2773 2775 2774
2775 2776 2774
2775 2777 2776
2777 2778 2776
2777 2779 2778
2780 2768 2769
2780 2781 2768
2780 2782 2781
2781 2782 2783
2781 2783 2784
2785 2786 2787
2785 2787 2788
2789 2790 2791
2790 2792 2791
2790 2793 2792
2791 2792 2794
2792 2795 2794
2792 2796 2795
2792 2797 2796
2796 2797 2798
2796 2798 2799
2799 2798 2800
2799 2800 2801
2801 2800 2802
2801 2802 2803
2804 2805 2806
2804 2806 2807
2808 2809 2810
2808 2810 2811
2812 2808 2811
2812 2813 2808
2814 2813 2812
2814 2812 2815
2816 2814 2815
2816 2815 2817
2818 2819 2820
2818 2820 2821
2819 2822 2820
2819 2823 2822
2824 2818 2821
2824 2821 2825
2826 2824 2825
2826 2825 2827
2823 2828 2822
2823 2829 2828
2829 2830 2828
2829 2831 2830
2831 2832 2830
2831 2833 2832
2834 2835 2836
2835 2837 2836
2837 2838 2836
2837 2839 2838
2838 2839 2840
2838 2840 2841
2840 2842 2841
2841 2842 2843
2844 2845 2846
2844 2846 2847
2848 2844 2847
2848 2847 2849
2850 2848 2849
2850 2849 2851
2852 2850 2851
2852 2851 2853
2854 2855 2856
2854 2856 2857
2855 2858 2856
2855 2859 2858
2859 2860 2858
2859 2861 2860
2861 2862 2860
2861 2863 2862
2864 2865 2866
2864 2866 2867
2868 2864 2867
2868 2867 2869
2870 2871 2872
2870 2872 2873
2874 2871 2870
2874 2870 2875
2876 2874 2875
2877 2878 2879
2879 2878 2880
2879 2880 2881
2878 2882 2880
2880 2882 2883
2880 2883 2884
2880 2884 2885
2884 2886 2885
2884 2887 2886
2887 2888 2886
2887 2889 2888
2889 2890 2888
2889 2891 2890
2892 2893 2894
2895 2896 2897
2897 2896 2898
2898 2896 2899
2898 2899 2900
2899 2901 2900
2899 2902 2901
2901 2902 2903
2902 2904 2903
2905 2906 2907
2905 2907 2908
2909 2906 2905
2909 2910 2906
2911 2910 2909
2911 2912 2910
2913 2912 2911
2913 2914 2912
2915 2916 2917
2915 2917 2918
2918 2917 2919
2918 2919 2920
2920 2919 2921
2920 2921 2922
2922 2921 2923
2922 2923 2924
2925 2926 2927
2925 2927 2928
2929 2926 2925
2929 2930 2926
