byte offset: 0
first index: 0
index count: 5526
topology: trianglelist
format: DXGI_FORMAT_R16_UINT

0 1 2
1 0 3
3 4 1
4 3 5
1 4 6
7 4 5
6 4 8
4 9 8
4 10 9
7 10 4
11 9 10
9 11 12
13 10 7
10 13 14
15 14 13
14 15 16
12 11 17
12 17 18
18 19 12
20 12 19
21 12 20
21 9 12
9 21 8
22 16 15
16 22 23
23 22 24
24 25 23
20 19 26
26 27 20
27 26 28
28 26 29
26 30 29
31 30 26
19 31 26
31 19 18
2 32 33
2 1 32
1 6 32
34 35 36
35 37 36
35 34 38
38 39 35
40 37 35
37 40 41
42 35 39
35 42 40
41 43 37
43 41 44
45 37 43
37 45 36
39 46 42
46 39 47
38 47 39
47 48 46
48 47 49
50 49 47
38 50 47
49 50 51
52 49 51
49 52 53
53 48 49
48 53 54
52 55 53
55 54 53
55 52 56
56 57 55
57 58 55
54 55 58
59 60 61
60 59 62
63 59 61
59 63 64
65 64 63
64 65 66
66 65 67
68 69 62
68 70 69
70 68 71
71 72 70
72 73 70
73 72 74
75 73 74
73 75 76
75 77 76
78 79 80
80 79 81
78 80 82
82 83 78
81 84 80
84 85 80
85 84 86
84 87 86
84 81 88
84 88 89
80 90 82
80 91 90
80 85 91
92 87 84
89 92 84
87 92 93
92 94 93
92 95 94
92 89 96
92 96 97
95 92 97
98 99 100
101 100 99
100 101 102
103 102 101
102 103 104
103 105 104
105 103 106
106 107 105
107 106 108
109 107 108
107 109 110
111 112 113
112 114 113
114 112 115
115 116 114
116 115 117
118 116 117
116 118 119
120 119 118
119 120 121
122 123 121
124 125 126
126 127 124
125 128 126
128 125 129
129 130 128
130 129 131
131 132 130
132 131 133
133 134 132
127 135 124
135 127 136
137 138 139
137 140 138
139 141 137
141 139 142
143 144 145
145 146 143
147 143 146
143 147 148
149 143 148
143 149 150
143 150 151
144 143 151
152 151 150
151 152 153
154 150 149
154 152 150
152 154 155
148 156 149
149 156 157
156 158 157
156 148 159
159 160 156
159 161 160
161 159 162
163 156 160
156 163 158
161 164 160
165 163 160
160 164 165
166 161 162
161 166 167
166 168 167
162 169 166
169 162 147
146 169 147
169 146 170
171 169 170
169 171 172
166 172 168
172 166 169
173 167 168
168 174 173
173 174 175
173 176 167
173 175 177
177 175 178
168 179 174
172 179 168
172 180 179
181 180 172
181 172 171
170 146 182
183 182 146
183 146 145
180 184 179
179 184 174
180 185 184
186 185 180
186 180 181
175 187 178
187 175 188
174 188 175
188 189 187
187 189 190
189 188 191
192 191 188
191 192 193
184 193 192
193 184 194
185 194 184
174 192 188
184 192 174
195 187 190
190 196 195
195 196 197
197 198 195
178 195 198
195 178 187
178 198 199
177 178 199
200 201 202
152 200 202
152 155 200
153 152 202
203 204 155
203 205 204
203 206 205
207 205 206
157 206 203
208 206 157
206 208 207
149 157 203
158 208 157
208 158 209
209 158 163
163 210 209
210 211 209
211 212 209
208 209 212
208 212 207
212 213 207
212 214 213
211 214 212
215 214 211
215 216 214
216 215 217
215 218 217
218 215 219
211 219 215
211 220 219
210 220 211
214 221 213
216 221 214
203 154 149
154 203 155
222 223 224
225 223 222
225 176 223
176 225 161
223 226 224
223 227 226
176 227 223
227 176 228
229 226 227
229 227 230
230 227 228
231 224 226
224 231 232
224 232 233
233 222 224
229 234 226
231 226 234
235 231 234
235 236 231
231 236 237
231 237 232
173 228 176
161 167 176
233 238 239
240 239 238
240 241 239
242 239 241
239 242 243
239 243 233
243 222 233
241 240 244
245 244 240
245 240 246
240 238 246
222 243 164
165 164 243
243 247 165
242 247 243
225 222 164
161 225 164
248 249 250
249 248 251
252 250 249
250 252 253
254 253 252
253 254 255
250 256 248
256 250 257
253 257 250
257 253 258
255 258 253
258 255 259
259 255 260
260 255 261
255 254 261
256 262 248
248 263 251
263 248 264
262 265 264
265 262 266
266 267 265
267 266 268
269 264 265
264 269 263
270 265 267
265 270 269
262 264 248
271 272 273
272 271 274
271 275 274
276 275 271
277 273 272
273 277 278
279 273 278
278 280 279
280 278 281
282 278 277
278 282 281
283 281 282
283 280 281
273 279 284
271 273 284
284 285 271
271 285 286
286 276 271
286 287 276
288 287 286
289 288 286
285 289 286
288 290 287
290 288 291
291 292 290
292 291 293
289 294 288
294 289 285
295 294 285
288 296 291
296 288 297
294 297 288
294 298 297
299 298 294
299 294 295
295 300 299
300 295 301
302 300 301
301 295 303
301 303 304
305 304 303
306 291 296
291 306 293
303 307 305
308 307 303
308 303 284
309 301 304
310 301 309
284 303 285
295 285 303
311 312 313
312 311 171
313 314 311
312 171 170
315 312 170
182 315 170
314 316 311
311 316 186
314 317 316
186 181 311
311 181 171
318 319 320
319 318 321
321 322 319
322 321 323
323 324 322
324 323 325
326 321 318
321 326 327
327 323 321
323 327 328
328 325 323
325 328 329
329 330 325
330 331 325
325 331 324
332 318 320
318 332 333
318 333 334
335 334 333
334 335 336
337 336 335
336 337 338
333 339 335
339 333 332
340 335 339
335 340 337
326 318 334
341 342 343
343 342 344
341 345 342
346 345 341
346 347 345
347 346 348
342 349 344
344 349 350
351 350 349
352 351 349
349 342 352
352 345 347
345 352 342
351 352 353
347 353 352
350 351 354
348 355 347
353 347 355
355 348 356
353 357 351
355 357 353
356 357 355
351 357 354
344 350 358
359 360 361
362 363 364
363 365 364
364 365 366
366 367 364
362 364 367
368 362 367
368 367 369
369 367 370
371 370 367
368 369 372
373 368 372
374 373 372
372 375 374
369 375 372
376 375 369
377 376 369
377 369 370
378 376 377
379 378 377
371 379 370
379 377 370
378 379 380
381 380 379
371 381 379
380 381 382
383 382 381
383 381 371
382 383 384
384 385 382
385 384 386
387 386 384
386 387 388
388 389 386
389 390 386
390 385 386
389 388 391
392 391 388
391 392 393
392 394 393
394 392 395
393 396 391
396 393 397
394 397 393
398 396 397
396 398 399
400 398 397
397 394 400
398 400 401
391 402 389
402 391 396
399 402 396
403 390 389
402 403 389
390 403 404
398 401 405
406 405 401
405 406 407
402 399 408
409 408 399
398 409 399
408 409 410
401 411 406
411 401 400
400 412 411
402 413 403
408 413 402
413 404 403
413 408 414
410 414 408
414 415 413
404 413 415
415 414 416
414 417 416
414 410 418
419 418 410
420 419 410
420 410 409
421 419 420
419 421 422
416 423 415
424 415 423
415 424 404
423 416 425
426 404 424
424 427 426
428 426 427
404 426 390
385 390 426
385 426 428
385 428 429
430 429 428
431 430 428
430 431 432
432 433 430
433 429 430
433 432 434
429 382 385
382 429 380
435 380 429
433 435 429
433 436 435
433 437 436
438 436 437
437 439 438
439 437 440
441 439 440
437 442 440
441 440 442
442 437 443
437 433 443
436 438 444
444 435 436
380 435 378
445 378 435
435 444 446
446 445 435
378 445 376
375 376 445
447 375 445
445 448 447
447 448 449
447 449 375
448 445 450
450 451 448
451 452 448
448 452 449
451 450 453
454 451 453
451 454 455
455 456 451
451 456 452
456 455 457
449 374 375
454 458 455
458 457 455
458 454 459
458 459 460
460 461 458
457 458 461
462 373 374
373 462 368
368 462 463
374 464 462
463 462 464
465 463 464
466 463 465
467 466 465
467 468 466
468 467 469
469 470 468
470 469 471
472 471 469
471 472 473
473 474 471
474 473 475
475 476 474
476 475 477
478 477 475
478 475 479
479 475 473
477 478 480
480 481 477
481 480 482
483 481 482
481 483 484
485 482 480
482 485 486
486 483 482
485 487 486
487 485 488
487 489 486
483 486 489
489 487 490
491 480 478
480 491 485
491 488 485
479 492 478
491 478 492
492 479 493
487 494 490
494 495 490
495 494 496
488 491 497
497 498 488
487 488 498
498 497 499
490 500 489
500 490 495
489 500 501
491 492 502
502 497 491
493 502 492
497 502 503
503 499 497
504 503 502
502 493 504
503 504 505
503 505 506
499 503 507
508 499 507
509 499 508
509 498 499
508 510 509
510 508 511
498 509 512
509 513 512
509 510 513
513 514 512
514 513 515
516 512 514
512 516 517
518 505 504
504 519 518
519 504 493
505 518 520
493 521 519
519 521 522
523 522 521
521 493 479
473 521 479
473 523 521
473 472 523
524 523 472
524 525 523
525 524 526
527 526 524
527 524 472
526 527 528
528 529 526
529 528 530
529 530 531
532 526 529
526 532 525
529 533 532
531 530 534
527 472 535
527 535 536
537 527 536
536 538 537
539 537 538
537 539 540
541 540 539
542 537 540
541 542 540
537 542 543
538 536 544
535 544 536
527 537 543
544 535 545
545 535 546
535 467 546
535 469 467
469 535 472
467 465 546
546 465 464
547 546 464
548 546 547
546 548 549
550 549 548
549 550 551
550 552 551
552 550 553
554 553 550
553 554 555
550 556 554
550 548 556
557 556 548
547 464 557
547 557 548
464 374 557
555 558 553
558 552 553
558 555 559
560 558 559
558 560 561
552 558 561
562 563 564
563 562 565
564 566 562
565 562 567
568 563 565
569 568 565
569 565 567
569 570 568
571 569 567
571 572 569
572 571 573
572 573 574
563 568 575
576 563 575
563 576 577
564 563 577
578 576 575
576 578 579
575 568 580
568 570 580
581 579 578
578 582 581
582 578 583
583 578 575
580 583 575
584 583 580
579 581 585
571 586 573
586 571 567
587 586 567
586 587 588
586 588 589
588 590 589
591 590 588
591 588 592
593 592 588
588 587 593
593 587 594
562 594 587
587 567 562
592 593 595
593 596 595
596 593 594
597 596 594
597 598 596
596 598 595
598 599 595
573 586 589
589 600 573
590 600 589
600 590 601
602 600 601
601 590 603
591 604 603
605 603 604
605 606 603
606 601 603
605 604 607
601 608 602
609 602 608
602 609 610
600 602 610
600 610 573
608 601 611
606 611 601
605 612 606
611 606 612
574 573 610
613 610 609
610 613 574
613 614 574
614 613 615
615 616 614
574 614 616
616 615 617
617 618 616
618 617 619
618 619 620
618 572 616
572 574 616
617 621 619
615 622 617
622 621 617
613 623 615
623 622 615
624 620 619
620 624 584
625 620 584
625 618 620
619 626 624
619 627 626
621 627 619
584 580 625
624 628 584
583 584 628
628 582 583
570 625 580
618 625 570
569 618 570
618 569 572
623 613 609
629 630 387
629 631 630
630 388 387
388 630 392
630 395 392
395 630 631
629 387 632
629 632 633
383 633 632
633 383 634
371 634 383
634 371 635
632 384 383
384 632 387
367 635 371
366 635 367
636 637 638
639 637 636
640 636 638
641 640 638
642 638 637
637 643 642
643 644 642
644 643 645
605 644 645
646 639 636
647 646 636
640 648 636
648 647 636
649 641 638
649 638 642
644 649 642
641 649 650
649 651 650
651 649 644
651 644 652
652 644 605
653 651 652
651 653 654
650 651 654
655 652 605
653 652 655
655 605 656
655 657 653
653 657 654
658 657 655
659 657 658
658 655 660
656 660 655
661 660 656
662 660 661
658 660 662
658 662 663
659 658 663
659 663 664
664 663 662
656 665 661
665 666 661
667 666 665
668 666 667
667 665 607
656 607 665
666 668 599
599 669 666
670 669 599
670 599 671
662 661 672
673 662 672
674 673 672
675 672 661
674 672 675
676 674 675
675 677 676
677 675 678
661 678 675
661 666 678
678 666 669
669 679 678
678 679 677
669 680 679
680 669 670
679 681 677
680 681 679
676 677 682
681 682 677
682 683 676
682 684 683
684 682 685
685 682 681
686 684 685
687 685 681
680 687 681
688 687 680
689 687 688
685 689 686
689 685 687
684 686 690
691 686 689
686 691 692
690 686 692
690 692 693
693 692 694
694 692 691
694 691 695
696 695 691
691 697 696
697 691 698
691 689 698
688 698 689
699 697 698
700 699 698
696 697 701
701 697 699
702 701 699
703 702 699
703 699 700
704 702 703
696 701 705
706 696 705
706 695 696
705 707 706
706 707 708
708 709 706
709 710 706
710 695 706
711 710 709
710 711 712
713 712 711
714 709 708
711 715 713
716 715 711
716 711 709
716 717 715
716 718 717
718 719 717
719 718 720
707 705 721
722 707 721
722 714 708
707 722 708
722 721 723
723 724 722
724 714 722
725 724 723
723 726 725
725 726 727
727 726 728
728 726 729
730 728 729
731 729 726
723 731 726
721 731 723
729 731 732
732 731 721
721 733 732
705 733 721
734 728 730
735 728 734
727 728 736
736 728 735
705 737 738
739 738 737
705 738 740
737 702 739
705 740 741
740 738 742
742 738 743
743 738 739
744 742 743
745 742 744
746 742 745
745 747 746
747 745 748
744 748 745
742 746 749
749 740 742
740 749 741
739 750 743
739 704 750
704 739 702
750 751 743
743 751 744
752 751 750
752 750 753
754 750 704
750 754 753
754 755 753
753 755 756
757 754 704
754 757 758
758 755 754
755 758 759
759 758 760
758 757 760
760 757 761
753 762 752
756 762 753
763 762 756
756 764 763
764 756 765
765 756 766
759 766 755
756 755 766
764 767 763
768 763 767
768 762 763
768 767 769
770 762 768
770 768 771
771 772 770
771 773 772
767 764 774
775 767 774
767 775 769
764 776 774
776 777 774
777 776 778
778 779 777
780 777 779
777 780 781
781 774 777
774 781 775
782 775 781
779 778 783
770 772 752
752 762 770
748 772 773
772 751 752
751 772 744
781 784 782
784 781 780
782 785 775
785 782 786
786 782 787
787 782 784
788 786 787
789 786 788
785 786 789
790 789 788
789 790 791
792 791 790
791 792 793
793 792 794
789 791 771
787 795 788
788 795 796
788 796 797
790 788 797
790 797 798
792 790 798
792 798 799
794 792 799
799 747 794
791 793 773
794 773 793
771 791 773
789 771 768
768 769 789
789 769 785
769 775 785
773 794 748
747 748 794
744 772 748
800 801 802
803 801 800
800 804 803
805 801 803
806 805 803
805 806 807
801 808 802
805 808 801
805 809 808
805 810 809
810 805 811
811 805 807
812 810 811
812 811 807
810 812 813
803 804 814
814 815 803
803 815 806
816 806 815
807 806 816
816 817 807
816 818 817
818 816 819
819 815 814
815 819 816
819 814 820
807 817 821
817 822 821
822 817 823
818 823 817
823 824 822
819 820 657
818 819 657
657 659 818
818 659 825
818 825 826
818 826 823
664 825 659
827 823 826
823 827 824
662 828 664
828 829 664
829 828 830
828 831 830
831 828 662
673 831 662
420 832 833
834 833 832
833 834 835
420 833 421
836 833 835
833 836 421
836 422 421
832 420 409
832 837 834
837 832 838
409 838 832
838 839 837
839 838 840
409 840 838
398 839 840
398 840 409
398 405 839
841 839 405
841 405 407
842 667 843
592 842 843
592 843 591
604 591 843
595 842 592
668 842 595
842 668 667
599 668 595
604 843 607
843 667 607
590 591 603
598 671 599
844 671 598
597 844 598
594 566 597
566 594 562
656 605 607
845 846 847
432 846 845
845 434 432
434 845 848
845 849 848
846 432 431
849 850 848
851 852 853
852 854 853
855 856 857
857 858 855
859 855 858
856 860 857
856 861 860
856 862 861
856 863 862
864 859 858
865 859 864
417 866 867
866 868 867
425 867 868
867 425 416
417 867 416
869 870 871
870 869 872
873 872 869
872 873 874
870 875 871
870 876 875
877 876 870
878 877 870
878 879 877
879 880 877
880 879 881
881 879 882
879 878 883
883 884 879
879 884 882
884 883 885
886 876 877
887 886 877
887 877 880
888 876 886
888 889 876
890 889 888
890 888 891
876 889 892
893 888 886
893 886 894
895 893 894
896 893 895
897 893 896
888 893 897
884 898 882
898 884 885
875 892 899
899 892 900
876 892 875
892 901 900
900 901 902
902 903 900
903 904 900
904 903 905
905 906 904
906 905 907
903 908 905
909 905 908
910 905 909
908 903 911
903 902 911
912 913 914
913 912 915
916 912 914
912 916 917
918 917 916
917 918 919
919 918 920
915 921 913
921 915 922
923 921 922
924 925 926
927 925 924
928 927 924
929 927 928
929 930 927
931 927 930
932 930 929
930 932 933
934 933 932
935 933 934
936 933 935
933 936 937
937 930 933
930 937 931
938 939 940
939 941 940
942 943 944
400 394 412
945 761 688
945 946 761
698 688 761
761 700 698
680 945 688
761 757 700
700 757 703
704 703 757
760 761 946
947 760 946
759 760 947
948 949 950
948 950 951
951 952 948
953 951 950
951 953 954
953 950 955
950 949 955
953 956 954
957 952 951
951 958 957
954 958 951
958 954 959
959 954 956
956 960 959
959 960 716
961 959 716
961 957 958
959 961 958
961 962 957
956 963 960
960 963 964
718 960 964
716 960 718
965 956 953
953 966 965
966 967 965
967 956 965
967 966 968
709 961 716
961 709 962
964 720 718
966 953 969
953 955 969
970 713 971
971 972 970
713 970 694
694 712 713
694 710 712
694 695 710
973 694 970
972 973 970
693 694 973
974 975 976
976 975 977
978 979 980
980 981 978
981 980 982
979 978 983
979 983 984
979 984 985
979 985 986
987 981 982
988 987 982
776 764 989
765 989 764
737 701 702
701 737 705
362 990 363
363 990 991
990 992 991
992 990 993
362 993 990
368 993 362
368 463 993
463 994 993
993 994 995
466 994 463
995 994 468
468 994 466
992 993 996
995 996 993
997 996 995
998 997 995
999 997 998
998 1000 999
1001 999 1000
474 1000 998
1000 474 476
1001 1000 476
1001 476 1002
1001 1002 1003
477 1002 476
1002 477 481
1002 484 1003
484 1002 481
995 468 470
995 470 998
998 471 474
471 998 470
506 1004 1005
1005 1004 1006
1004 520 1006
520 1004 505
506 505 1004
1007 1008 1009
1008 1007 1010
1009 1011 1007
1011 1009 1012
1008 1010 1013
1008 1013 1014
1015 1008 1014
1016 1008 1015
1017 1016 1015
1016 1017 1018
1019 1018 1017
1018 1019 1020
1021 1015 1014
1022 1015 1021
1022 1023 1015
1023 1017 1015
1024 1021 1014
1024 1014 1025
1026 1024 1025
1026 1027 1024
1014 1028 1025
1014 1013 1028
1013 1029 1028
1029 1030 1028
1017 1031 1019
1032 1031 1017
1017 1023 1032
1033 1021 1024
1033 1034 1021
1035 1034 1033
1036 1035 1033
1037 1036 1033
1024 1037 1033
1028 1030 1038
1030 1039 1038
1039 1030 1040
1041 1040 1030
1040 1041 1042
1042 1041 1043
1043 1044 1042
1045 1040 1042
1046 1045 1042
1047 1046 1042
1040 1045 1048
1040 1048 1039
1049 1050 1051
1050 1049 1052
1050 1053 1051
1053 1050 1054
1054 1055 1053
1055 1054 1056
1056 1057 1055
1058 1052 1049
1052 1058 1059
1060 1059 1058
1061 1062 1063
1064 1063 1062
1065 1063 1064
1066 1065 1064
1066 1064 1067
1068 1067 1064
1067 1069 1066
1069 1067 1070
1071 1069 1070
1072 1071 1070
1073 1072 1070
1070 1074 1073
1067 1074 1070
1074 1067 1068
1075 1076 1077
1077 1076 1078
1079 1080 1081
1082 515 513
513 510 1082
1082 510 511
1083 494 1084
1083 496 494
487 1084 494
487 1085 1084
517 1084 1085
1084 517 516
498 517 1085
487 498 1085
512 517 498
489 501 483
1019 1031 1086
1086 1020 1019
1087 1088 1089
1089 1088 1090
1089 1091 1087
1091 1089 1092
1090 1093 1089
1093 1090 1094
1095 1089 1093
1089 1095 1092
1096 1094 1090
1094 1096 1097
1098 1090 1088
1090 1098 1096
1099 1092 1095
1092 1099 1100
1091 1092 1100
1101 1100 1099
1100 1101 1102
1102 1103 1100
1091 1100 1103
1103 1102 1104
1102 1105 1104
1105 1102 1106
1101 1106 1102
1106 1101 1107
1108 1105 1106
1107 1108 1106
1105 1108 1109
1109 1108 1110
1110 1108 1111
1108 1107 1111
1112 1113 1114
1113 1115 1114
1115 1113 1116
1116 1117 1115
1117 1116 1118
1119 1117 1118
1117 1119 1120
1121 1120 1119
1120 1121 1122
1121 1123 1122
1123 1121 1124
1125 1126 1127
1128 1127 1126
1127 1128 1129
1130 1129 1128
1129 1130 1131
1130 1132 1131
1132 1130 1133
1133 1134 1132
1134 1133 1135
1134 1135 1136
1136 1135 1137
1138 1139 1140
1139 1138 1141
1142 1141 1138
1141 1142 1143
1144 1143 1142
1144 1142 1145
1142 1146 1145
1146 1147 1145
1147 1146 1148
1145 1149 1144
1149 1145 1150
1150 1151 1149
1151 1150 1152
1148 1153 1147
1148 1154 1153
1154 1148 1155
1156 1155 1148
1157 1156 1148
1146 1157 1148
1157 1146 1158
1142 1158 1146
1159 1158 1142
1152 1160 1151
1160 1152 1161
1161 1162 1160
1162 1161 1163
1156 1164 1155
1164 1156 1165
1165 1166 1164
1166 1167 1164
1164 1167 1168
1169 1164 1168
1169 1155 1164
1155 1169 1154
1138 1159 1142
1138 1170 1159
1140 1170 1138
1140 1171 1170
1172 1173 1174
1173 1172 1175
1173 1176 1174
1176 1173 1177
1177 1178 1176
1178 1177 1179
1179 1180 1178
1181 1175 1182
1183 1181 1182
1181 1183 1184
1184 1183 1185
1186 1185 1183
1185 1186 1187
1186 1188 1187
1188 1186 1189
1188 1189 1190
1191 1192 1193
1192 1194 1193
1191 1195 1192
1195 1191 1196
1197 1194 1192
1198 1197 1192
1197 1198 1199
1197 1199 1200
1194 1197 1201
1197 1202 1201
1192 1195 1203
1192 1203 1204
1192 1204 1198
1200 1205 1197
1205 1202 1197
1205 1200 1206
1205 1206 1207
1205 1207 1208
1202 1205 1209
1205 1210 1209
1208 1210 1205
1211 1212 1213
1212 1211 1214
1215 1213 1212
1213 1215 1216
1217 1216 1215
1216 1217 1218
1219 1218 1217
1218 1219 1220
1220 1219 1221
1222 1214 1211
1214 1222 1223
1224 1225 1226
1224 1226 1227
1228 1225 1224
1225 1228 1229
1230 1231 1232
1233 1230 1232
1234 1230 1233
1230 1234 1235
1236 1234 1233
1234 1236 1237
1238 1237 1236
1236 1239 1238
1239 1236 1240
1233 1240 1236
1237 1238 1241
1241 1242 1237
1237 1242 1234
1242 1241 1243
1244 1242 1243
1242 1244 1245
1246 1245 1244
1245 1246 1247
1240 1233 1248
1240 1248 1249
1240 1250 1239
1250 1240 1251
1251 1240 1249
1252 1250 1251
1252 1251 1253
1251 1249 1253
1233 1232 1248
1254 1248 1232
1248 1254 1255
1255 1254 1256
1232 1257 1254
1257 1258 1254
1258 1256 1254
1258 1257 1259
1260 1259 1257
1260 1257 1232
1259 1260 1261
1261 1262 1259
1263 1258 1259
1258 1263 1264
1256 1258 1264
1232 1231 1260
1255 1265 1248
1266 1267 1268
1267 1266 1269
1270 1268 1267
1268 1270 1271
1271 1270 1272
1273 1269 1266
1269 1273 1274
1273 1275 1274
1275 1273 1276
1276 1277 1275
1271 1272 1278
1278 1279 1271
1278 1280 1279
1280 1278 1281
1281 1282 1280
1283 1284 1285
1284 1283 1286
1286 1287 1284
1287 1286 1288
1288 1289 1287
1289 1288 1290
1290 1291 1289
1291 1290 1292
1283 1285 1293
1294 1283 1293
1285 1295 1293
1296 1293 1295
1293 1296 1297
1298 1294 1293
1299 1297 1296
1298 1300 1294
1300 1298 1301
1302 1300 1301
1300 1302 1303
1302 1304 1303
1305 1306 1307
1306 1305 1308
1309 1307 1306
1307 1309 1310
1307 1311 1305
1311 1312 1305
1311 1307 1313
1307 1314 1313
1314 1307 1310
1308 1305 1315
1305 1316 1315
1312 1316 1305
1316 1317 1315
1312 1318 1316
1316 1319 1317
1318 1319 1316
1319 1320 1317
1321 1320 1319
1320 1321 1322
1321 1323 1322
1324 1321 1319
1319 1318 1324
1321 1324 1325
1325 1323 1321
1326 1327 1310
1327 1326 1328
1329 1310 1327
1310 1329 1330
1331 1332 1333
1334 1331 1333
1331 1335 1332
1331 1336 1335
1337 1338 1339
1338 1337 1340
1341 1339 1338
1339 1341 1342
1343 1342 1341
1342 1343 1344
1343 1345 1344
1346 1347 1348
1347 1346 1349
1348 1350 1346
1351 1347 1349
1352 1351 1349
1349 1353 1352
1353 1354 1352
1355 1356 1357
1356 1355 1358
1357 1359 1355
1359 1357 1360
1361 1362 1363
1364 1362 1361
1361 1365 1364
1365 1361 1366
1365 1367 1364
1367 1365 1368
1368 1369 1367
1370 1367 1369
1367 1370 1371
1371 1364 1367
1369 1368 1372
1373 1372 1368
1368 1365 1373
1372 1373 1374
1373 1375 1374
1375 1373 1376
1376 1377 1375
1377 1376 1378
1364 1371 1379
1380 1371 1370
1371 1380 1381
1382 1381 1380
1382 1383 1381
1381 1383 1384
1381 1384 1371
1384 1379 1371
1364 1379 1362
1385 1362 1379
1379 1386 1385
1386 1387 1385
1362 1385 1388
1389 1388 1385
1387 1389 1385
1388 1389 1390
1390 1391 1388
1362 1388 1391
1391 1390 1392
1392 1390 1393
1394 1390 1389
1389 1395 1394
1389 1387 1395
1391 1363 1362
1386 1379 1396
1397 1398 1399
1398 1397 1400
1399 1401 1397
1401 1399 1402
1402 1403 1401
1400 1404 1398
1404 1400 1405
1406 1404 1405
1404 1406 1407
1407 1406 1408
1402 1409 1403
1409 1402 1410
1411 1409 1410
1409 1411 1412
1412 1411 1413
1414 1415 1416
1415 1414 1417
1418 1417 1414
1417 1418 1419
1420 1419 1418
1419 1420 1421
1422 1421 1420
1421 1422 1423
1415 1424 1416
1425 1424 1415
1416 1424 1426
1424 1427 1426
1427 1424 1428
1429 1424 1425
1430 1427 1428
1429 1425 1431
1431 1432 1429
1431 1433 1432
1433 1431 1434
1433 1434 1435
1436 1437 1438
1437 1436 1439
1438 1440 1436
1440 1438 1441
1442 1438 1437
1442 1437 1443
1438 1442 1444
1445 1438 1444
1438 1445 1441
1439 1446 1437
1437 1446 1447
1443 1437 1447
1447 1446 1448
1447 1448 1449
1449 1448 1450
1450 1451 1449
1451 1450 1452
1451 1452 1453
1451 1454 1449
1454 1451 1455
1455 1451 1453
1456 1449 1454
1449 1456 1447
1443 1447 1456
1457 1458 1441
1458 1457 1459
1441 1460 1457
1460 1441 1461
1462 1463 1464
1462 1464 1465
1462 1466 1463
1467 1466 1462
1468 1469 1470
1469 1468 1471
1470 1472 1468
1472 1470 1473
1473 1474 1472
1474 1473 1475
1474 1475 1476
1477 1478 1479
1478 1477 1480
1480 1477 1481
1482 1479 1478
1483 1479 1482
1479 1483 1484
1483 1485 1484
1486 1487 1488
1487 1486 1489
1490 1488 1487
1488 1490 1491
