byte offset: 0
first index: 0
index count: 7419
topology: trianglelist
format: DXGI_FORMAT_R16_UINT

0 1 2
3 0 2
4 3 2
5 4 2
6 5 2
7 6 2
8 7 2
9 8 2
10 9 2
11 10 2
12 11 2
13 12 2
14 13 2
15 14 2
16 15 2
17 16 2
18 17 2
19 18 2
20 19 2
1 20 2
21 22 23
21 24 22
21 25 24
21 26 25
21 27 26
21 28 27
21 29 28
21 30 29
21 31 30
21 32 31
21 33 32
21 34 33
21 35 34
21 36 35
21 37 36
38 23 22
39 22 24
22 39 38
24 40 39
40 24 25
25 41 40
41 25 26
26 42 41
42 26 27
27 43 42
43 27 28
28 44 43
44 28 29
30 44 29
44 30 45
31 45 30
45 31 46
32 46 31
46 32 47
33 47 32
47 33 48
34 48 33
48 34 49
35 49 34
49 35 50
36 50 35
50 36 51
37 51 36
51 37 52
53 52 37
21 53 37
21 54 53
21 55 54
21 56 55
21 23 56
52 53 57
54 57 53
57 54 58
55 58 54
58 55 59
60 55 56
55 60 59
61 56 23
56 61 60
23 38 61
62 63 64
63 65 64
63 66 65
63 67 66
63 68 67
63 69 68
63 70 69
63 71 70
63 72 71
63 73 72
63 74 73
63 75 74
63 76 75
63 77 76
63 78 77
63 79 78
63 80 79
63 62 80
81 82 83
84 82 81
85 82 84
86 82 85
87 82 86
88 82 87
89 82 88
90 82 89
91 82 90
92 82 91
93 82 92
94 82 93
95 82 94
96 82 95
97 82 96
98 82 97
99 82 98
100 82 99
101 82 100
83 82 101
102 103 104
102 104 105
102 105 106
102 106 107
102 107 108
102 108 109
102 109 110
102 110 111
102 111 112
102 112 113
102 113 114
102 114 115
102 115 116
102 116 117
102 117 118
103 119 104
120 104 119
104 120 105
121 105 120
105 121 106
122 106 121
106 122 107
123 107 122
107 123 108
124 108 123
108 124 109
125 109 124
109 125 110
125 111 110
111 125 126
126 112 111
112 126 127
127 113 112
113 127 128
128 114 113
114 128 129
129 115 114
115 129 130
130 116 115
116 130 131
131 117 116
117 131 132
132 118 117
118 132 133
133 134 118
102 118 134
102 134 135
102 135 136
102 136 137
102 137 103
134 133 138
138 135 134
135 138 139
139 136 135
136 139 140
141 136 140
136 141 137
142 137 141
137 142 103
119 103 142
143 144 145
144 146 145
144 147 146
144 148 147
144 149 148
144 150 149
144 151 150
144 152 151
144 153 152
144 154 153
144 155 154
144 156 155
144 157 156
144 158 157
144 159 158
144 160 159
144 161 160
144 143 161
162 163 164
163 162 165
166 162 164
164 167 166
167 168 166
169 166 168
166 169 170
162 166 170
168 167 171
168 172 169
172 168 173
174 168 171
168 174 173
173 175 172
175 173 176
177 175 176
175 177 178
176 179 177
179 176 180
180 173 174
173 180 176
181 178 177
178 181 182
183 182 181
182 183 184
181 185 183
185 181 186
186 177 179
177 186 181
184 183 187
183 185 188
187 183 188
180 189 179
189 180 190
186 191 185
191 186 192
192 179 189
179 192 186
192 193 191
193 192 194
189 194 192
195 191 193
191 195 196
196 185 191
197 196 195
196 197 198
194 189 199
190 199 189
198 200 196
185 196 200
188 185 200
200 198 201
202 201 198
201 202 203
203 204 201
204 203 205
203 206 205
206 203 207
207 208 206
207 209 208
209 203 202
203 209 207
202 210 209
210 202 211
198 211 202
211 198 197
212 210 211
197 212 211
213 205 206
205 213 214
215 201 204
201 215 200
200 215 188
215 216 188
216 215 217
218 217 215
204 218 215
217 218 219
217 220 216
220 217 221
217 222 221
222 217 219
223 221 222
221 223 224
225 224 223
226 224 225
226 221 224
221 226 220
227 214 228
214 227 229
228 230 227
218 204 229
231 229 227
229 231 218
227 230 231
229 204 205
229 205 214
232 233 234
233 232 235
236 235 232
232 237 236
237 232 238
234 238 232
239 238 234
238 239 240
240 237 238
235 236 241
242 241 236
241 242 190
234 243 239
243 234 244
244 234 233
241 171 235
171 241 174
190 174 241
174 190 180
244 163 243
163 244 164
167 164 244
244 233 167
235 167 233
167 235 171
199 190 242
242 245 199
245 242 246
236 246 242
246 236 237
247 199 245
199 247 194
248 194 247
194 248 193
249 193 248
193 249 195
250 195 249
195 250 197
212 197 250
249 251 250
251 249 252
248 252 249
252 253 251
253 252 254
255 254 252
247 255 248
252 248 255
254 255 256
257 251 253
251 257 258
250 258 212
258 250 251
256 259 254
259 256 260
261 260 256
260 261 262
259 260 263
264 262 261
262 264 265
265 264 266
267 265 266
265 267 268
266 237 267
267 269 268
269 267 270
271 267 237
267 271 270
237 240 271
240 272 271
272 240 273
239 273 240
273 239 274
275 272 273
274 275 273
276 275 274
275 276 277
272 275 278
277 278 275
278 277 279
279 280 278
280 279 281
243 274 239
274 243 282
282 276 274
283 279 277
279 283 284
284 281 279
285 284 283
283 286 285
286 287 285
287 286 288
286 283 289
282 289 276
289 277 276
277 289 283
290 285 287
285 290 291
284 285 291
292 291 290
291 292 293
292 294 293
294 292 295
296 293 294
293 296 297
297 291 293
291 297 284
295 298 294
298 295 299
299 300 298
300 299 301
302 298 300
298 302 303
303 294 298
294 303 296
301 304 300
300 305 302
304 305 300
306 297 296
297 306 281
307 303 302
303 307 308
296 308 306
308 296 303
309 308 307
308 309 310
310 306 308
307 311 309
311 307 312
302 312 307
312 313 311
313 312 314
306 310 315
315 281 306
316 314 312
312 302 316
305 316 302
314 316 317
317 318 314
318 317 319
319 320 318
321 318 320
318 321 322
322 314 318
314 322 313
323 322 321
323 313 322
313 323 324
324 311 313
320 319 325
325 326 320
325 327 326
319 327 325
328 317 316
316 305 328
329 328 305
328 329 330
330 331 328
331 330 332
330 333 332
333 330 334
329 334 330
335 328 331
317 328 335
335 336 317
323 337 324
338 324 337
338 339 324
339 338 340
340 309 339
309 340 341
340 342 341
341 310 309
310 341 343
343 315 310
315 343 344
344 280 315
280 344 345
281 315 280
338 337 346
346 337 347
346 348 338
340 348 342
348 340 338
349 348 346
348 349 350
351 349 346
346 347 351
345 278 280
352 278 345
278 352 272
353 272 352
352 354 353
354 355 353
355 272 353
355 354 356
356 270 355
270 356 269
355 270 271
355 271 272
354 352 357
357 358 354
358 357 359
359 360 358
360 359 361
361 362 360
362 361 363
357 352 364
363 365 362
365 363 350
350 349 365
364 345 344
364 352 345
366 187 367
187 366 184
187 368 367
368 187 188
368 369 367
369 366 367
369 368 370
370 371 369
366 369 372
369 371 372
163 373 374
373 163 165
288 374 373
374 288 286
289 374 286
374 289 282
282 163 374
163 282 243
281 284 297
375 304 376
304 375 305
376 377 375
377 376 378
377 378 379
304 380 376
380 378 376
380 304 301
378 380 381
378 381 379
382 383 336
383 382 384
384 382 385
383 327 336
327 383 386
385 382 387
336 387 382
387 336 335
331 387 335
387 331 388
385 387 388
327 319 336
317 336 319
389 390 391
390 389 392
393 390 392
390 393 394
395 394 393
394 395 396
391 397 389
397 391 398
399 395 393
395 399 400
399 401 400
401 399 402
403 401 402
401 403 404
404 405 401
405 400 401
405 404 406
406 407 405
407 406 408
402 409 403
409 402 410
399 410 402
411 409 410
409 411 412
413 412 411
412 413 414
414 415 412
415 414 416
417 412 415
412 417 418
419 418 417
418 419 420
421 420 419
420 421 422
423 422 421
422 423 424
425 424 423
424 425 426
417 427 419
427 417 428
415 428 417
428 415 429
416 429 415
430 419 427
419 430 421
430 423 421
423 430 431
431 425 423
425 431 432
432 433 425
425 433 426
429 416 434
435 434 416
434 435 436
437 436 435
436 437 438
435 416 414
413 435 414
413 439 435
439 437 435
439 413 440
413 441 440
441 413 411
411 442 441
442 411 410
410 399 442
393 442 399
442 393 392
442 389 441
389 442 392
441 397 440
397 441 389
440 443 439
443 440 397
443 437 439
444 437 443
398 443 397
443 398 445
444 443 445
445 446 444
446 447 444
446 448 447
448 446 449
445 449 446
449 445 398
398 450 449
450 398 391
391 451 450
452 450 451
450 452 453
453 449 450
449 453 448
451 391 390
454 451 390
451 454 455
455 452 451
452 455 456
454 457 455
457 456 455
457 454 458
458 459 457
459 458 460
459 461 457
456 457 461
461 459 462
459 460 463
462 459 463
261 464 264
464 261 465
246 264 464
264 246 266
256 465 261
465 256 255
465 245 464
246 464 245
245 465 247
255 247 465
246 237 266
254 466 253
466 254 259
259 467 466
263 467 259
468 253 466
253 468 257
469 257 468
257 469 470
470 258 257
258 470 471
471 212 258
212 471 472
473 466 467
466 473 468
468 473 469
474 467 263
467 474 473
475 476 407
477 407 476
407 477 405
400 405 477
475 407 408
478 395 400
395 478 479
479 396 395
396 479 480
481 480 479
480 481 482
482 481 483
481 484 483
484 479 478
479 484 481
485 486 487
486 485 488
487 489 485
489 487 490
490 491 489
491 490 492
492 493 491
493 492 494
495 488 485
488 495 496
497 485 489
485 497 495
496 498 488
498 496 499
500 488 498
488 500 486
499 501 498
501 499 502
503 498 501
498 503 500
501 502 504
503 501 504
505 489 491
489 505 497
493 505 491
505 493 506
347 337 507
507 337 323
507 323 508
311 324 339
339 309 311
268 509 265
509 262 265
262 509 510
510 260 262
511 512 513
511 514 512
511 515 514
511 516 515
511 517 516
511 518 517
512 519 513
519 512 520
521 512 514
512 521 520
522 514 515
514 522 521
523 515 516
515 523 522
524 516 517
516 524 523
525 517 518
517 525 524
526 525 518
511 526 518
511 527 526
525 526 528
529 526 527
526 529 528
527 530 529
530 527 531
511 531 527
511 532 531
511 533 532
511 534 533
535 531 532
531 535 530
533 535 532
535 533 536
534 536 533
536 534 537
538 523 524
523 538 539
539 522 523
522 539 540
524 541 538
541 524 525
528 541 525
541 528 542
528 543 542
543 528 529
529 544 543
544 529 530
530 545 544
545 530 535
536 545 535
545 536 546
537 546 536
546 537 547
542 548 541
548 542 549
543 549 542
549 543 550
544 550 543
551 549 550
549 551 552
550 553 551
553 550 554
550 544 554
552 551 555
553 555 551
555 553 556
553 557 556
557 558 556
558 557 559
559 560 558
560 559 561
562 561 559
557 562 559
561 562 563
564 561 563
561 564 565
566 564 563
563 562 566
564 566 567
556 568 555
568 556 558
558 569 568
569 558 570
560 570 558
570 560 571
572 571 560
561 572 560
572 561 565
571 572 573
574 573 572
565 574 572
573 574 575
574 565 576
577 574 576
575 574 577
578 568 569
568 578 579
580 567 566
566 581 580
581 566 562
582 580 581
580 582 583
582 584 583
585 584 582
584 585 586
587 586 585
586 587 588
585 589 587
589 585 590
582 590 585
586 591 584
591 586 592
588 592 586
592 588 593
593 594 592
594 593 595
594 595 596
597 594 596
597 592 594
592 597 591
587 598 588
598 587 599
589 599 587
599 600 598
600 599 601
599 589 602
601 599 602
601 603 600
601 604 603
604 601 605
605 606 604
606 605 607
608 606 607
607 609 608
609 610 608
610 606 608
610 609 611
609 607 612
612 613 609
613 612 614
615 614 612
615 612 607
614 615 616
617 616 615
617 618 616
618 617 619
620 619 617
619 620 621
622 619 621
623 622 621
622 623 624
623 625 624
625 626 624
626 625 627
628 627 625
627 628 629
630 627 629
511 630 629
511 629 628
511 631 630
511 632 631
511 633 632
511 634 633
511 513 634
511 628 635
511 635 636
511 636 637
511 637 638
511 638 534
519 634 513
634 519 639
640 634 639
634 640 633
641 633 640
633 641 632
642 632 641
632 642 631
643 631 642
631 643 630
627 630 643
635 644 636
644 635 645
628 645 635
645 628 625
646 636 644
636 646 637
647 637 646
637 647 638
537 638 647
638 537 534
641 648 642
649 642 648
642 649 643
626 643 649
643 626 627
625 623 645
650 645 623
645 650 644
651 644 650
644 651 646
651 647 646
647 651 652
537 652 547
652 537 647
653 649 648
654 653 648
648 641 654
655 654 641
641 656 655
656 641 640
639 656 640
656 639 657
650 658 651
658 659 651
659 658 660
661 659 660
659 661 662
660 663 661
663 660 664
665 660 658
660 665 664
658 666 665
666 658 620
667 665 666
665 667 668
668 664 665
664 669 663
669 664 670
664 668 670
667 671 668
670 671 669
668 671 670
650 620 658
650 621 620
621 650 623
672 673 662
673 672 674
675 673 674
673 675 545
544 545 675
676 674 672
674 676 677
678 674 677
674 678 675
679 675 678
675 679 554
544 675 554
678 680 679
680 678 681
677 681 678
682 677 676
677 682 683
681 677 683
680 681 684
683 682 684
681 683 684
522 685 521
685 522 686
685 520 521
520 685 687
686 522 540
540 539 688
538 688 539
688 538 689
538 690 689
690 538 541
541 548 690
548 691 690
692 690 691
690 692 689
691 548 693
549 693 548
693 549 552
520 694 519
519 694 639
695 696 697
696 695 698
699 697 696
697 699 700
700 701 697
702 700 699
700 702 703
703 701 700
701 703 704
705 703 702
703 705 706
706 704 703
704 706 707
708 706 705
706 708 709
709 707 706
709 708 710
711 709 710
707 709 711
697 701 712
713 714 715
714 713 716
713 717 716
717 713 718
713 719 718
719 713 720
721 719 720
719 721 722
723 722 721
722 723 724
725 723 721
723 725 726
727 723 726
724 723 727
721 728 725
728 721 720
713 729 720
729 713 715
720 730 728
730 720 731
732 720 729
720 732 731
733 730 731
732 733 731
730 733 734
735 734 733
736 735 733
733 732 736
735 736 737
734 735 738
735 737 739
738 735 739
740 741 742
741 740 743
744 741 743
744 743 745
746 744 745
744 746 747
745 748 746
748 745 749
750 746 748
746 750 751
751 747 746
747 751 752
749 753 748
753 749 754
755 748 753
748 755 750
745 756 749
756 745 743
757 749 756
749 757 754
753 754 758
755 753 758
754 757 758
752 759 747
759 752 760
761 747 759
747 761 744
761 762 744
762 761 763
764 762 763
762 764 765
765 766 762
766 765 767
767 768 766
768 767 769
770 768 769
763 771 764
741 762 766
762 741 744
742 766 768
766 742 741
768 770 742
740 742 770
770 769 772
767 772 769
765 773 767
772 767 773
773 765 774
764 774 765
774 764 775
775 764 771
776 774 775
774 776 777
776 778 777
779 777 778
777 779 780
781 780 779
780 781 782
779 783 781
783 779 784
778 784 779
784 778 785
777 780 786
777 786 787
787 774 777
774 787 773
788 787 786
787 788 789
790 782 781
782 790 791
781 792 790
792 781 783
793 780 782
780 793 786
794 782 791
782 794 793
790 795 791
792 795 790
791 795 794
788 770 789
789 773 787
773 789 772
772 789 770
796 785 778
785 796 797
778 776 796
798 799 800
798 801 799
801 798 567
567 580 801
799 802 800
803 567 804
567 803 564
803 565 564
565 803 805
805 803 806
803 804 806
807 808 809
808 807 810
811 809 808
809 811 812
809 813 807
813 809 814
812 814 809
814 812 815
813 814 816
814 815 816
817 812 811
812 817 818
817 819 818
819 817 820
821 818 819
818 821 822
812 822 815
822 812 818
821 816 822
822 816 815
649 653 823
824 649 823
649 824 626
626 824 825
825 624 626
624 825 622
826 825 824
827 826 824
824 823 827
825 826 828
828 622 825
622 828 829
619 622 829
829 618 619
830 616 618
616 830 614
831 614 830
614 831 832
832 613 614
613 832 833
833 834 613
834 833 835
835 836 834
836 835 837
834 609 613
609 834 611
836 611 834
611 836 838
839 838 836
837 839 836
830 840 831
840 830 841
842 840 841
843 611 844
611 843 610
843 845 610
606 610 845
845 604 606
604 845 846
847 846 845
846 847 848
847 849 848
848 849 850
845 843 851
843 844 852
851 843 852
853 854 855
854 853 856
854 857 855
857 854 858
858 859 857
859 858 860
859 861 857
861 862 857
862 861 863
861 859 864
865 861 864
861 865 866
855 867 853
867 855 868
869 866 865
866 869 870
869 871 870
868 872 867
872 868 873
874 873 868
868 875 874
875 868 855
873 874 876
873 877 872
877 873 878
876 878 873
878 876 879
878 880 877
880 878 881
879 881 878
881 882 880
883 882 881
881 879 883
857 884 855
862 884 857
884 862 885
862 886 885
886 862 887
862 888 887
888 862 863
889 887 888
887 889 890
890 889 891
892 890 891
892 887 890
887 892 886
893 593 894
593 893 595
893 596 595
895 596 893
894 895 893
588 894 593
894 588 598
598 896 894
895 894 896
896 598 600
897 898 899
898 897 900
901 898 900
898 901 902
903 899 898
902 903 898
899 903 904
904 905 899
905 904 906
903 902 907
908 907 902
907 908 909
904 903 910
906 904 910
907 909 910
903 907 910
902 911 908
911 902 901
912 911 901
899 913 897
913 899 905
914 915 916
915 914 917
918 916 915
915 919 918
918 919 920
921 918 920
916 918 921
919 922 920
922 923 920
919 915 924
917 924 915
922 925 923
925 922 926
919 926 922
926 919 924
917 927 924
926 928 925
928 926 929
924 929 926
929 924 927
928 929 930
931 932 933
932 934 933
934 334 933
334 934 333
935 933 334
933 935 931
334 329 935
936 937 938
937 936 939
940 938 937
940 937 941
942 940 941
940 942 943
938 940 944
940 943 944
938 944 945
936 938 945
939 946 937
937 946 941
946 939 947
947 948 946
948 949 946
946 949 941
950 941 949
941 950 942
951 952 953
952 951 954
954 951 955
953 952 956
957 958 959
959 960 957
960 959 961
961 962 960
960 962 963
963 957 960
957 963 964
958 957 964
965 964 963
964 965 966
958 964 967
964 966 967
967 966 968
969 965 963
962 969 963
970 965 969
971 972 973
972 971 974
974 975 972
972 976 973
975 977 972
972 977 976
978 971 973
979 978 973
976 979 973
980 981 982
981 983 982
983 981 984
985 983 984
986 987 988
986 989 987
987 990 988
990 991 988
992 991 990
993 994 995
994 993 996
996 993 997
995 994 998
999 1000 1001
1001 1002 999
1002 1001 1003
1004 999 1002
999 1004 1005
1000 999 1005
1006 1005 1004
1005 1006 1007
1000 1005 1008
1005 1007 1008
1008 1007 1009
1010 1011 1012
1013 1010 1012
1010 1013 1014
1015 1014 1013
1016 1017 1018
1017 1016 1019
1017 1020 1018
1021 1019 1016
1022 1023 1024
1025 1023 1022
1023 1026 1024
1026 1027 1024
1028 1027 1026
1029 1030 1031
1032 1031 1030
1033 1032 1030
1034 1032 1033
1035 1036 1037
1038 1035 1037
1039 1038 1037
1040 1035 1038
1038 1041 1040
1041 1038 1042
1039 1042 1038
1042 1043 1041
1043 1042 1044
1044 1042 1039
1035 1040 1045
1046 1047 1048
1046 1049 1047
1049 1050 1047
1051 1047 1050
1047 1051 1052
1047 1052 1048
1051 1053 1052
1053 1054 1052
1052 1054 1048
1055 1056 1057
1056 1055 1058
1058 1055 1059
1057 1056 1060
1061 1062 1063
1063 1064 1061
1064 1063 1065
1066 1061 1064
1061 1066 1067
1062 1061 1067
1068 1067 1066
1067 1068 1069
1062 1067 1070
1067 1069 1070
1070 1069 1071
1072 1073 1074
1073 1072 1075
1073 1076 1074
1077 1075 1072
1078 1079 1080
1081 1079 1078
1079 1082 1080
1082 1083 1080
1084 1083 1082
1085 1086 1087
1088 1087 1086
1089 1088 1086
1090 1088 1089
1091 1092 1093
1094 1091 1093
1095 1094 1093
1096 1091 1094
1094 1097 1096
1097 1094 1098
1095 1098 1094
1098 1099 1097
1099 1098 1100
1100 1098 1095
1091 1096 1101
1102 1103 1104
1103 1102 1105
1105 1106 1103
1103 1107 1104
1107 1103 1108
1106 1108 1103
1104 1109 1102
1109 1104 1110
1104 1111 1110
1111 1104 1107
1111 1112 1110
1113 1112 1111
1112 1113 1114
1114 1115 1112
1115 1114 1116
1112 1117 1110
1112 1115 1117
1117 1109 1110
1118 1111 1107
1111 1118 1113
1118 1107 1119
1120 1121 1122
1122 1123 1120
1123 1122 1124
1125 1121 1120
1121 1125 1126
1127 1120 1123
1120 1127 1125
1128 1125 1127
1125 1128 1129
1129 1126 1125
1130 1129 1128
1129 1130 1131
1131 1132 1129
1126 1129 1132
1132 1131 1133
1134 1135 1136
1135 1134 1137
1135 1138 1136
1139 1137 1134
1137 1139 1140
1141 1140 1139
1142 1143 1144
1143 1142 1145
1144 1146 1142
1146 1144 1147
1145 1148 1143
1148 1145 1149
1150 1148 1149
1151 1152 1153
1152 1151 1154
1154 1155 1152
1155 1154 1156
1156 1157 1155
1157 1156 1158
1159 1157 1158
1160 1161 1162
1161 1160 1163
1163 1164 1161
1164 1163 1165
1162 1166 1160
1166 1162 1167
1167 1168 1166
1168 1167 1169
1169 1170 1168
1170 1169 1171
1172 1173 1174
1173 1172 1175
1176 1174 1173
1177 1175 1172
1175 1177 1178
1177 1179 1178
1179 1177 1180
1181 1179 1180
1182 1183 1184
1183 1182 1185
1186 1187 1188
1187 1186 1189
1190 1191 1192
1191 1190 1193
1194 1195 1196
1195 1194 1197
1198 1199 1200
1199 1198 1201
1202 1203 1204
1203 1202 1205
1206 1207 1208
1207 1206 1209
1210 1211 1212
1211 1210 1213
1214 1215 1216
1215 1214 1217
1218 1219 1220
1219 1218 1221
1222 1223 1224
1223 1222 1225
1226 1227 1228
1227 1226 1229
1230 1231 1232
1231 1230 1233
1234 1232 1231
1232 1234 1235
1234 1236 1235
1237 1230 1232
1235 1237 1232
1230 1237 1238
1237 1235 1239
1240 1235 1236
1235 1240 1239
1241 1238 1237
1238 1241 1242
1243 1237 1239
1237 1243 1241
1239 1244 1243
1244 1239 1240
1234 1245 1236
1245 1240 1236
1234 1246 1245
1246 1247 1245
1246 1248 1247
1248 1246 1249
1250 1247 1248
1251 1250 1248
1249 1251 1248
1249 1252 1251
1253 1251 1252
1251 1253 1254
1250 1251 1254
1253 1255 1254
1255 1253 1256
1257 1254 1255
1254 1257 1250
1249 1258 1252
1259 1253 1252
1258 1259 1252
1260 1259 1258
1259 1260 1261
1261 1262 1259
1253 1259 1262
1262 1256 1253
1262 1261 1263
1256 1262 1264
1263 1264 1262
1264 1263 1265
1256 1266 1255
1266 1257 1255
1266 1256 1267
1264 1267 1256
1267 1268 1266
1268 1267 1269
1269 1270 1268
1270 1269 1271
1272 1270 1271
1270 1272 1273
1273 1274 1270
1274 1273 1275
1276 1274 1275
1274 1276 1277
1278 1273 1272
1273 1278 1279
1279 1278 1280
1278 1281 1280
1272 1281 1278
1282 1279 1280
1282 1273 1279
1273 1282 1275
1283 1282 1280
1275 1283 1276
1283 1275 1282
1284 1283 1280
1284 1276 1283
1285 1284 1280
1286 1284 1285
1284 1286 1287
1276 1284 1287
1287 1277 1276
1288 1287 1286
1287 1288 1289
1277 1287 1289
1290 1289 1288
1289 1290 1291
1292 1291 1290
1291 1292 1293
1291 1294 1289
1294 1291 1295
1295 1296 1294
1296 1295 1297
1295 1298 1297
1298 1295 1299
1299 1295 1291
1299 1291 1293
1299 1300 1298
1300 1299 1301
1301 1299 1293
1296 1302 1294
1302 1296 1303
1303 1304 1302
1304 1303 1305
1306 1304 1305
1304 1306 1307
1304 1307 1274
1305 1257 1306
1257 1305 1308
1306 1268 1307
1268 1306 1266
1257 1266 1306
1270 1307 1268
1307 1270 1274
1277 1304 1274
1304 1277 1302
1277 1294 1302
1294 1277 1289
1309 1257 1308
1308 1310 1309
1245 1309 1310
1309 1245 1247
1247 1250 1309
1257 1309 1250
1310 1308 1311
1240 1245 1310
1311 1240 1310
1240 1311 1244
1305 1311 1308
1311 1305 1303
1303 1244 1311
1244 1303 1296
1297 1244 1296
1244 1297 1243
1297 1241 1243
1241 1297 1298
1298 1242 1241
1242 1298 1300
1312 1313 1314
1313 1315 1314
1315 1316 1314
1316 1315 1317
1317 1318 1316
1318 1317 1319
1319 1320 1318
1320 1319 1321
1321 1322 1320
1281 1272 1323
1272 1324 1323
1324 1272 1271
1325 1326 1327
1326 1325 1328
1329 1328 1325
1328 1329 1330
1330 1329 1331
1332 1333 1334
1333 1332 1267
1335 1334 1333
1334 1335 1336
1334 1337 1332
1337 1334 1338
1339 1334 1336
1334 1339 1338
1337 1338 1340
1338 1339 1340
1267 1264 1333
1333 1265 1335
1265 1333 1264
1341 1342 1343
1342 1341 1344
1345 1344 1341
1344 1345 1346
1347 1346 1345
1348 1343 1342
1343 1348 1349
1348 1350 1349
1351 1350 1352
1352 1290 1351
1290 1352 1292
1290 1353 1351
1353 1350 1351
1353 1290 1288
1354 1355 1356
1355 1354 1357
1358 1354 1356
1358 1359 1354
1358 1360 1359
1360 1358 1361
1356 1362 1358
1358 1362 1361
1356 1363 1362
1355 1363 1356
1364 1357 1354
1354 1359 1364
1357 1364 1365
1365 1364 1366
1366 1364 1367
1364 1359 1367
1368 1359 1360
1359 1368 1367
1369 1370 1371
1370 1369 1372
1371 1373 1369
1372 1374 1370
1375 1376 1377
1378 1376 1375
1376 1378 1379
1379 1378 1380
1378 1381 1380
1375 1381 1378
1381 1375 1382
1377 1382 1375
1382 1383 1381
1383 1382 1384
1377 1385 1382
1382 1385 1384
1385 1386 1384
1387 1381 1383
1380 1381 1387
1388 1387 1383
1389 1390 1391
1390 1389 1392
1392 1389 1393
1389 1391 1394
1393 1389 1395
1389 1394 1395
1396 1391 1390
1397 1391 1396
1394 1391 1397
1398 1399 1400
1401 1400 1399
1400 1401 1402
1403 1402 1401
1404 1405 1406
1404 1406 1407
1406 1405 1408
1408 1405 1409
1410 1408 1409
1411 1412 1413
1412 1411 1414
1413 1415 1411
1414 1416 1412
1417 1418 1419
1420 1418 1417
1418 1420 1421
1417 1422 1420
1422 1417 1423
1419 1423 1417
1423 1424 1422
1424 1423 1425
1419 1426 1423
1423 1426 1425
1426 1427 1425
1428 1429 1430
1428 1431 1429
1431 1428 1432
1433 1431 1432
1434 1435 1436
1435 1434 1437
1435 1437 1438
1439 1434 1436
1440 1441 1442
1443 1440 1442
1442 1441 1444
1444 1441 1445
1446 1444 1445
1447 1448 1449
1450 1449 1448
1451 1449 1450
1452 1451 1450
1453 1454 1455
1456 1454 1453
1457 1454 1456
1453 1458 1456
1459 1456 1458
1456 1459 1460
1457 1456 1460
1461 1460 1459
1460 1461 1462
1462 1457 1460
1458 1453 1463
1464 1465 1466
1464 1466 1467
1467 1466 1468
1466 1469 1468
1469 1466 1470
1466 1465 1470
1469 1470 1471
1471 1470 1472
1470 1465 1472
1473 1474 1475
1474 1473 1476
1475 1477 1473
1476 1478 1474
1479 1480 1481
1482 1480 1479
1480 1482 1483
1479 1484 1482
1484 1479 1485
1481 1485 1479
1485 1486 1484
1486 1485 1487
1481 1488 1485
1485 1488 1487
1488 1489 1487
1490 1491 1492
1491 1490 1493
1491 1493 1494
1495 1490 1492
1496 1497 1498
1499 1496 1498
1498 1497 1500
1500 1497 1501
1502 1500 1501
1503 1504 1505
1506 1505 1504
1507 1505 1506
1508 1507 1506
1509 1510 1511
1512 1510 1509
1513 1510 1512
1509 1514 1512
1515 1512 1514
1512 1515 1516
1513 1512 1516
1517 1516 1515
1516 1517 1518
1518 1513 1516
1514 1509 1519
1520 1521 1522
1521 1520 1523
1522 1521 1524
1525 1521 1523
1521 1525 1526
1524 1521 1526
1527 1523 1520
1523 1527 1528
1529 1523 1528
1523 1529 1525
1529 1528 1530
1530 1531 1529
1531 1530 1532
1533 1532 1530
1532 1533 1534
1530 1528 1535
1530 1535 1533
1535 1528 1527
1536 1529 1531
1529 1536 1525
1536 1537 1525
1538 1539 1540
1541 1539 1538
1539 1541 1542
1540 1543 1538
1543 1540 1544
1545 1538 1543
1538 1545 1541
1543 1546 1545
1546 1543 1547
1544 1547 1543
1547 1548 1546
1548 1547 1549
1550 1549 1547
1547 1544 1550
1549 1550 1551
1552 1553 1554
1553 1552 1555
1553 1555 1556
1554 1557 1552
1557 1554 1558
1559 1557 1558
1560 1561 1562
1561 1560 1563
1564 1563 1560
1563 1564 1565
1566 1562 1561
1562 1566 1567
1568 1567 1566
1569 1570 1571
1570 1569 1572
1573 1571 1570
1571 1573 1574
1575 1574 1573
1574 1575 1576
1577 1576 1575
1578 1579 1580
1579 1578 1581
1582 1580 1579
1580 1582 1583
1584 1581 1578
1581 1584 1585
1586 1585 1584
1585 1586 1587
1588 1587 1586
1587 1588 1589
1590 1591 1592
1591 1590 1593
1594 1591 1593
1592 1595 1590
1595 1592 1596
1597 1595 1596
1595 1597 1598
1599 1598 1597
1600 1601 1602
1601 1600 1603
1604 1605 1606
1605 1604 1607
1608 1609 1610
1609 1608 1611
1612 1613 1614
1613 1612 1615
1616 1617 1618
1617 1616 1619
1620 1621 1622
1621 1620 1623
1624 1625 1626
1625 1624 1627
1628 1629 1630
1629 1628 1631
1632 1633 1634
1633 1632 1635
1636 1637 1638
1637 1636 1639
1640 1641 1642
1641 1640 1643
1644 1645 1646
1645 1644 1647
1648 1649 1650
1649 1648 1651
1650 1652 1648
1652 1650 1653
1652 1653 1654
1649 1655 1650
1655 1653 1650
1655 1649 1656
1653 1655 1657
1658 1653 1657
1653 1658 1654
1656 1659 1655
1659 1656 1660
1661 1655 1659
1655 1661 1657
1662 1657 1661
1657 1662 1658
1652 1654 1663
1658 1663 1654
1652 1663 1664
1664 1663 1665
1666 1664 1665
1664 1666 1667
1665 1668 1666
1668 1669 1666
1667 1666 1669
1667 1669 1670
1669 1671 1670
1671 1669 1672
1669 1668 1672
1673 1671 1672
1671 1673 1674
1675 1672 1668
1672 1675 1673
1667 1670 1676
1671 1677 1670
1676 1670 1677
1677 1678 1676
1678 1677 1679
1680 1679 1677
1677 1671 1680
1674 1680 1671
1679 1680 1681
1680 1674 1682
1682 1681 1680
1681 1682 1683
1684 1674 1673
1675 1684 1673
1674 1684 1685
1685 1682 1674
1686 1685 1684
1685 1686 1687
1688 1687 1686
1687 1688 1689
1688 1690 1689
1690 1688 1691
1692 1691 1688
1691 1692 1693
1692 1694 1693
1694 1692 1695
1691 1696 1690
1696 1691 1697
1697 1698 1696
1696 1698 1699
1699 1690 1696
1700 1698 1697
1700 1691 1693
1691 1700 1697
1701 1698 1700
1701 1693 1694
1693 1701 1700
1702 1698 1701
1694 1702 1701
1703 1698 1702
1702 1704 1703
1704 1702 1705
1702 1694 1705
1695 1705 1694
1705 1706 1704
1706 1705 1707
1705 1695 1707
1707 1708 1706
1708 1707 1709
1709 1710 1708
1710 1709 1711
1712 1709 1707
1709 1712 1713
1714 1713 1712
1713 1714 1715
1716 1713 1715
1713 1716 1717
1717 1709 1713
1717 1711 1709
1718 1717 1716
1717 1718 1719
1719 1711 1717
1720 1714 1712
1714 1720 1721
1722 1721 1720
1721 1722 1723
1722 1724 1723
1724 1722 1725
1722 1692 1725
1675 1723 1724
1723 1675 1726
1686 1724 1725
1724 1686 1684
1684 1675 1724
1688 1725 1692
1725 1688 1686
1722 1695 1692
1695 1722 1720
1712 1695 1720
1695 1712 1707
1675 1727 1726
1728 1726 1727
1727 1663 1728
1663 1727 1665
1668 1665 1727
1727 1675 1668
1726 1728 1729
1663 1658 1728
1658 1729 1728
1729 1658 1662
1729 1723 1726
1723 1729 1721
1662 1721 1729
1721 1662 1714
1662 1715 1714
1715 1662 1661
1659 1715 1661
1715 1659 1716
1660 1716 1659
1716 1660 1718
1730 1731 1732
1732 1731 1733
1734 1733 1731
1733 1734 1735
1736 1735 1734
1735 1736 1737
1738 1737 1736
1737 1738 1739
1739 1738 1740
1690 1699 1741
1742 1690 1741
1690 1742 1689
1743 1744 1745
1744 1743 1746
1745 1747 1743
1747 1745 1748
1748 1749 1747
1750 1751 1752
1751 1750 1685
1752 1753 1750
1753 1752 1754
1755 1752 1751
1752 1755 1756
1757 1752 1756
1752 1757 1754
1755 1758 1756
1756 1758 1757
1682 1685 1750
1750 1683 1682
1683 1750 1753
1759 1760 1761
1760 1759 1762
1762 1763 1760
1763 1762 1764
1765 1763 1764
1761 1766 1759
1766 1761 1767
1766 1767 1768
1769 1770 1768
1708 1770 1769
1770 1708 1710
1771 1708 1769
1771 1769 1768
1708 1771 1706
1772 1773 1774
1773 1772 1775
1776 1774 1773
1774 1776 1777
1777 1776 1778
1779 1780 1781
1780 1779 1782
1781 1783 1779
1783 1781 1784
1785 1782 1779
1783 1785 1779
1782 1785 1786
1787 1786 1785
1786 1787 1788
1789 1788 1787
1790 1787 1785
1785 1783 1790
1787 1790 1791
1787 1791 1789
1792 1793 1784
1793 1792 1794
1795 1793 1794
1793 1795 1796
1797 1796 1795
1798 1795 1794
1792 1798 1794
1795 1798 1799
1795 1799 1797
1798 1792 1800
1801 1802 1803
1802 1801 1804
1803 1802 1805
1806 1807 1808
1808 1807 1809
1808 1809 1810
1809 1807 1811
1812 1813 1814
1813 1812 1815
1812 1814 1816
1817 1818 1819
1818 1817 1820
1821 1819 1818
1819 1821 1822
1823 1817 1819
1822 1823 1819
1817 1823 1824
1825 1824 1823
1824 1825 1826
1827 1825 1823
1823 1822 1827
1825 1827 1828
1825 1828 1829
1829 1826 1825
1830 1831 1820
1831 1830 1832
1833 1831 1832
1831 1833 1834
1835 1833 1832
1833 1835 1836
1837 1832 1830
1832 1837 1835
1835 1837 1838
1838 1836 1835
1839 1840 1841
1841 1840 1842
1841 1842 1843
1842 1840 1844
1845 1846 1847
1846 1845 1848
1847 1849 1845
1849 1847 1850
1849 1850 1851
1848 1852 1846
1853 1852 1848
1854 1853 1848
1853 1854 1855
1856 1855 1854
1855 1856 1857
1857 1856 1858
1859 1852 1853
1860 1852 1859
1852 1860 1861
1862 1861 1860
1861 1862 1863
1864 1863 1862
1864 1862 1865
1865 1862 1866
1862 1867 1866
1867 1862 1868
1868 1869 1867
1869 1868 1870
1870 1871 1869
1871 1870 1872
1872 1873 1871
1873 1872 1874
1874 1875 1873
1875 1874 1876
1875 1876 1877
1863 1878 1861
1879 1880 1881
1880 1879 1882
1881 1883 1879
1883 1881 1884
1884 1885 1883
1885 1884 1886
1885 1886 1887
1888 1889 1890
1889 1888 1891
1891 1888 1892
1893 1889 1891
1891 1892 1893
1889 1893 1894
1895 1896 1897
1897 1896 1898
1898 1896 1899
1899 1900 1898
1900 1899 1901
1902 1900 1901
1902 1898 1900
1903 1902 1901
1903 1904 1902
1898 1902 1904
1904 1903 1905
1904 1905 1906
1907 1908 1909
1908 1910 1909
1910 1911 1909
1911 1910 1912
1912 1913 1911
1914 1913 1912
1910 1914 1912
1915 1913 1914
1916 1915 1914
1914 1910 1916
1915 1916 1917
1916 1918 1917
1919 1920 1921
1920 1919 1922
1921 1923 1919
1923 1921 1924
1925 1923 1924
1923 1925 1926
1927 1921 1920
1921 1927 1928
1928 1924 1921
1924 1928 1929
1930 1924 1929
1924 1930 1925
1928 1927 1931
1929 1928 1931
1930 1929 1931
1932 1933 1934
1933 1932 1935
1934 1936 1932
1936 1934 1937
1938 1934 1933
1934 1938 1939
1939 1937 1934
1937 1939 1940
1939 1938 1941
1940 1939 1941
1942 1936 1937
1936 1942 1943
1944 1943 1942
1943 1944 1945
1942 1946 1944
1946 1942 1947
1947 1937 1940
1937 1947 1942
1947 1941 1946
1940 1941 1947
1948 1949 1950
1949 1948 1951
1950 1952 1948
1952 1950 1953
1952 1953 1954
1955 1956 1957
1958 1957 1956
1957 1958 1959
1958 1960 1959
1960 1958 1961
1961 1962 1960
1963 1960 1962
1960 1963 1964
1965 1963 1962
1965 1962 1966
1963 1965 1967
1963 1968 1964
1968 1963 1969
1967 1969 1963
1969 1967 1970
1970 1971 1969
1971 1970 1972
1973 1971 1972
1974 1971 1973
1974 1969 1971
1969 1974 1968
1975 1976 1977
1976 1975 1978
1979 1977 1976
1977 1979 1980
1979 1981 1980
1981 1979 1982
1977 1983 1975
1983 1977 1984
1980 1984 1977
1984 1980 1985
1980 1986 1985
1986 1980 1981
1984 1987 1983
1985 1987 1984
1986 1987 1985
1988 1989 1990
1989 1988 1991
1992 1991 1988
1991 1992 1993
1992 1994 1993
1995 1996 1997
1996 1995 1998
1998 1995 1999
2000 1997 1996
1997 2000 2001
2002 2001 2000
2001 2002 2003
2003 2002 2004
2005 2006 2007
2008 2006 2005
2009 2008 2005
2008 2009 2010
2007 2011 2005
2011 2007 2012
2011 2012 2013
2010 2009 2014
2015 2006 2008
2006 2015 2016
2016 2015 2017
2017 2015 2018
2019 2020 2021
2020 2022 2021
2023 2022 2020
2024 2022 2023
2024 2023 2025
2023 2026 2025
2026 2023 2027
2026 2027 2028
2024 2029 2022
2029 2024 2030
2031 2029 2030
2032 2029 2031
2033 2034 2035
2035 2034 2036
2037 2036 2034
2036 2037 2038
2039 2040 2041
2041 2040 2042
2043 2044 2045
2046 2047 2048
2049 2050 2051
2050 2049 2052
2053 2054 2055
2054 2053 2056
2057 2058 2059
2060 2061 2062
2061 2060 2063
2064 2065 2066
2065 2064 2067
2068 2069 2070
2069 2068 2071
2072 2073 2074
2073 2072 2075
2076 2077 2078
2079 2080 2081
2080 2079 2082
2083 2084 2085
2084 2083 2086
2087 2088 2089
2088 2087 2090
2091 2092 2093
2092 2091 2094
2095 2096 2097
2098 2099 2100
2099 2098 2101
2102 2103 2104
2105 2106 2107
2108 2109 2110
2109 2108 2111
2112 2113 2114
2113 2112 2115
2116 2117 2118
2117 2116 2119
2120 2121 2122
2123 2124 2125
2126 2127 2128
2127 2126 2129
2130 2131 2132
2133 2134 2135
2134 2133 2136
2137 2138 2139
2138 2137 2140
