byte offset: 0
first index: 0
index count: 5424
topology: trianglelist
format: DXGI_FORMAT_R16_UINT

0 1 2
0 2 3
3 2 4
3 4 5
5 6 3
3 6 7
3 7 8
5 9 6
6 10 7
10 6 9
1 11 2
2 11 12
4 2 12
13 4 12
14 12 11
14 15 12
15 13 12
16 15 14
16 14 17
13 15 18
14 11 19
14 19 17
15 16 20
21 9 5
5 22 21
21 22 23
21 23 24
24 23 25
24 25 26
27 23 22
24 28 21
24 29 28
29 30 28
29 31 30
32 25 23
23 27 32
32 33 25
5 4 22
13 22 4
21 28 9
28 34 9
28 35 34
28 30 35
31 29 36
31 36 37
26 38 36
26 39 38
39 40 38
39 41 40
41 39 42
41 42 43
39 44 42
39 45 44
38 40 46
38 46 47
48 42 44
48 44 49
42 48 50
50 43 42
50 51 43
52 43 51
53 41 43
53 43 54
52 54 43
55 53 54
55 54 56
8 55 56
8 56 57
58 56 54
52 58 54
56 58 59
57 56 59
53 55 60
55 61 60
55 0 61
53 60 62
60 61 63
62 60 63
63 64 62
65 59 58
65 58 66
67 65 66
66 58 52
67 68 65
52 69 66
65 68 70
65 70 59
57 59 70
66 71 67
40 62 64
41 62 40
41 53 62
40 64 72
40 72 46
61 73 63
74 75 76
74 76 77
78 75 74
78 79 75
75 80 76
75 81 80
79 81 75
81 82 80
83 82 81
79 83 81
83 84 82
85 79 78
85 86 79
86 83 79
86 87 83
87 84 83
87 88 84
82 89 80
86 85 90
86 90 91
92 91 90
93 87 86
93 86 91
94 93 91
94 91 95
92 95 91
94 95 96
94 96 97
98 96 95
98 95 92
94 99 93
100 93 99
100 88 87
100 87 93
100 99 101
101 99 102
103 99 94
103 104 99
104 102 99
102 105 101
104 106 102
107 105 102
107 108 105
97 109 110
97 110 111
111 110 112
111 112 107
113 112 110
112 113 114
106 112 114
106 114 115
109 103 116
109 116 117
118 117 116
118 119 117
119 120 117
109 117 120
109 121 110
109 120 121
113 110 121
122 121 120
122 120 123
123 120 124
119 124 120
123 124 125
126 121 122
113 121 126
126 122 127
128 123 125
128 129 123
128 130 129
128 131 130
131 132 130
131 133 132
130 132 134
130 134 135
129 130 135
135 134 136
137 135 136
129 135 137
123 129 137
123 137 122
137 136 138
122 137 138
122 138 127
134 139 136
140 141 142
140 142 143
141 140 144
144 140 145
146 142 141
146 147 142
147 146 148
148 146 149
148 149 150
151 150 149
151 152 150
153 152 151
153 151 154
155 153 154
155 156 153
157 158 159
157 159 160
157 161 158
157 162 161
163 161 162
163 164 161
165 164 163
165 166 164
167 166 165
165 168 167
169 168 165
168 169 170
170 171 168
168 171 167
171 172 167
172 173 167
173 172 174
175 174 172
175 176 174
177 176 175
178 177 175
179 177 178
180 179 178
179 180 181
180 178 182
183 180 182
184 180 183
184 181 180
183 182 185
179 186 177
187 186 179
181 187 179
187 188 186
189 188 187
178 175 190
182 178 190
182 190 191
185 182 191
185 191 192
186 193 177
186 194 193
186 195 194
195 196 194
195 197 196
198 196 197
198 197 199
198 199 200
198 201 196
202 197 195
202 203 200
202 204 203
195 204 202
203 204 205
204 195 206
195 207 206
207 195 208
209 207 208
194 196 210
196 201 211
209 208 188
188 208 186
195 186 208
204 212 205
212 204 206
213 205 212
205 213 214
203 205 214
207 209 215
189 209 188
194 210 193
193 210 216
193 216 176
210 217 216
210 218 217
177 193 176
216 217 219
216 219 220
221 176 216
221 216 220
220 219 222
176 221 174
223 174 221
223 221 224
224 221 220
220 222 224
224 225 223
174 223 226
174 226 173
173 226 227
228 229 226
228 230 229
228 231 232
228 232 233
234 235 236
234 237 235
234 238 237
234 236 239
234 239 240
241 240 239
242 237 238
242 243 237
244 245 246
244 246 247
248 245 244
248 249 245
245 249 250
245 250 251
246 245 251
246 251 252
253 246 252
247 246 253
253 252 254
249 255 250
251 250 256
251 256 257
252 251 257
254 252 258
252 257 258
254 258 259
250 255 260
250 260 256
255 261 260
256 260 261
255 262 261
257 256 263
256 261 263
257 263 264
258 257 264
258 264 259
249 248 265
266 265 248
265 266 267
266 268 267
266 269 268
270 271 272
270 272 273
273 272 274
273 274 275
275 274 276
275 276 277
278 271 270
278 279 271
280 279 278
280 281 279
282 275 277
273 275 282
282 277 283
277 284 283
277 285 284
285 277 286
277 287 286
287 277 276
288 289 290
290 289 291
290 291 292
292 291 293
292 293 294
294 293 295
294 295 296
295 297 296
295 298 297
297 298 299
297 299 300
300 299 301
300 301 302
303 304 305
303 305 306
307 304 303
307 308 304
309 308 307
309 310 308
311 310 309
311 312 310
313 312 311
313 314 312
315 314 313
315 316 314
317 316 315
317 318 316
319 320 321
319 321 322
322 321 323
322 323 324
324 323 325
324 325 326
327 320 319
327 328 320
320 328 329
330 329 328
328 331 330
327 331 328
331 332 330
332 331 333
331 327 334
334 335 331
334 327 336
336 335 334
336 337 335
338 337 336
331 339 333
335 339 331
340 341 342
343 340 342
344 340 343
343 342 345
345 342 181
342 187 181
342 189 187
345 181 184
342 346 189
347 348 349
347 349 350
350 349 351
350 351 352
352 351 192
352 192 191
191 353 352
353 191 354
355 352 353
352 355 350
191 190 354
355 356 350
347 350 356
356 357 347
348 347 357
348 357 358
171 359 190
360 359 171
360 171 170
172 171 190
172 190 175
360 361 362
360 362 363
362 364 363
362 365 364
366 367 368
366 368 369
367 370 368
371 366 369
372 366 371
372 371 373
374 372 373
375 372 374
375 374 376
367 377 370
378 379 380
381 378 380
382 378 381
383 382 381
45 384 29
45 29 24
47 385 384
47 384 38
386 387 388
386 389 387
390 386 388
388 391 390
390 392 386
390 393 392
386 392 394
389 394 395
396 386 394
392 397 394
394 397 398
394 398 399
395 394 399
400 399 398
400 401 399
395 399 401
402 403 404
402 404 405
404 403 406
403 407 406
408 409 410
165 411 169
412 413 414
412 414 415
413 416 414
413 417 416
418 412 415
417 419 420
417 420 421
419 422 420
419 423 422
423 424 422
423 425 424
425 426 424
427 416 428
427 428 429
430 421 427
430 431 421
432 431 430
432 433 431
434 433 432
429 428 435
429 435 436
436 435 437
436 437 438
438 437 439
440 441 442
440 443 441
440 444 443
442 445 440
445 446 440
447 448 442
447 442 449
447 449 450
447 450 451
452 451 450
452 453 451
452 454 453
454 455 453
456 457 458
459 457 456
459 456 460
460 461 459
461 462 459
463 462 461
461 464 463
464 465 463
465 464 466
467 465 466
458 468 456
469 468 458
469 458 470
471 469 470
472 473 474
472 474 475
476 475 474
476 477 475
478 477 476
478 476 479
479 480 478
472 481 473
472 482 481
483 481 482
483 484 481
483 485 484
486 485 483
487 488 489
487 489 490
488 487 491
490 489 492
490 492 493
491 494 488
491 495 494
495 496 494
495 497 496
497 498 496
497 499 498
500 501 502
500 502 503
501 504 502
501 505 504
506 500 503
506 503 507
508 506 507
508 507 509
510 508 509
510 511 508
512 511 510
512 510 513
514 512 513
515 516 517
515 517 518
519 515 518
519 518 520
519 520 521
519 521 522
521 523 522
516 524 517
516 525 524
525 526 524
525 527 526
526 527 528
526 528 529
528 530 529
531 532 533
531 533 534
535 532 531
535 536 532
537 536 535
537 538 536
533 539 534
533 540 539
539 540 541
539 541 542
541 543 542
541 544 543
545 546 547
545 547 548
549 546 545
549 545 550
551 548 547
551 547 552
551 552 553
554 549 550
554 550 555
556 554 555
556 557 554
556 558 557
556 559 558
560 561 562
561 560 563
561 563 564
565 566 567
568 569 570
568 570 571
572 571 570
568 573 569
574 569 573
570 569 574
574 573 575
568 576 573
577 576 568
577 568 578
571 578 568
574 575 579
571 580 578
572 580 571
581 582 583
581 583 584
585 582 581
585 586 582
587 586 585
587 588 586
589 590 591
589 591 592
593 590 589
593 594 590
595 594 593
595 596 594
597 598 599
597 599 600
600 599 601
600 601 602
603 598 597
603 604 598
605 604 603
605 606 604
607 606 605
607 608 606
602 601 609
602 609 610
610 609 611
610 611 612
613 614 615
616 614 613
616 617 614
618 619 620
619 621 622
623 624 625
624 623 626
626 627 624
628 623 625
629 628 625
629 630 628
626 631 627
632 627 631
633 632 631
631 634 633
631 635 634
631 636 635
637 635 636
637 638 635
636 639 637
636 640 639
641 639 640
641 640 642
641 642 643
643 644 641
645 643 642
646 645 642
642 647 646
646 647 648
649 646 648
648 650 649
651 652 653
654 652 651
654 655 652
656 655 654
656 657 655
658 657 656
658 659 657
660 661 658
660 658 662
663 660 662
664 665 666
664 666 667
668 667 666
666 669 668
666 670 669
669 670 671
669 671 672
673 672 671
673 671 674
673 674 675
673 675 676
664 677 665
678 679 680
680 681 678
682 678 681
681 683 682
683 684 682
683 685 684
685 686 684
687 688 689
690 687 689
689 691 690
687 690 692
692 693 687
694 693 692
695 691 689
688 695 689
695 696 691
688 697 695
698 697 688
688 699 698
700 698 699
700 699 701
702 700 701
701 703 702
702 703 704
703 705 704
703 706 705
704 707 702
707 708 702
706 709 705
710 693 694
711 712 713
714 712 711
714 715 712
716 715 714
716 717 715
718 717 716
718 719 717
719 718 720
719 720 721
721 720 722
722 723 721
724 725 726
724 726 727
726 728 727
726 729 728
728 729 730
728 730 731
731 730 732
731 732 733
733 732 734
733 734 735
735 734 736
735 736 737
738 737 736
738 739 737
740 741 742
740 742 743
740 743 744
744 743 745
744 745 746
746 745 747
746 747 748
748 747 749
748 749 750
750 749 751
750 751 752
752 751 753
752 753 754
752 754 755
752 755 756
754 757 758
754 758 759
760 759 758
740 761 762
740 763 761
764 763 740
764 740 765
765 740 766
766 740 767
767 740 768
767 768 769
741 740 762
770 771 772
773 771 770
773 774 771
775 774 773
775 776 774
777 778 776
777 776 779
780 778 777
780 781 778
782 781 780
782 783 781
784 783 782
784 785 783
786 785 784
786 787 785
786 788 787
786 789 788
786 790 789
786 791 790
792 791 786
792 786 793
793 786 794
794 786 795
795 786 796
795 796 797
798 799 800
799 798 801
802 801 798
800 803 798
804 803 800
803 804 805
805 804 806
807 805 806
808 805 807
809 805 808
809 803 805
803 809 810
798 810 802
798 803 810
802 810 811
810 809 811
809 812 811
812 809 813
812 813 814
813 815 814
814 815 816
814 816 817
817 812 814
812 817 818
813 819 815
815 820 816
815 821 820
819 821 815
820 821 822
820 822 823
821 824 822
821 825 824
819 825 821
812 826 811
812 818 826
826 818 827
827 828 826
811 826 828
811 828 802
802 828 829
829 828 827
830 802 829
801 802 830
822 824 831
822 831 832
823 822 833
823 833 834
834 833 835
834 835 836
836 835 837
836 837 838
835 833 839
835 839 840
837 835 840
837 840 841
842 837 841
838 837 842
843 844 845
844 843 846
847 846 843
845 848 843
849 848 845
848 849 850
850 849 851
852 850 851
853 850 852
854 850 853
854 848 850
848 854 855
843 855 847
843 848 855
847 855 856
855 854 856
854 857 856
857 854 858
857 858 859
858 860 859
859 860 861
859 861 862
858 863 860
860 864 861
860 865 864
863 865 860
864 865 866
864 866 867
867 866 868
867 868 869
869 868 870
869 870 871
865 872 866
868 866 872
865 873 872
863 873 865
868 872 874
870 868 874
875 859 862
875 857 859
857 875 876
876 875 877
857 876 856
856 876 878
856 878 847
877 879 876
880 879 877
881 879 880
882 847 880
846 847 882
883 874 884
885 884 874
886 884 885
887 884 886
870 884 887
888 870 887
889 870 888
889 888 890
890 888 891
891 888 892
893 887 886
894 887 893
894 893 892
895 896 897
896 895 898
899 898 895
897 900 895
901 900 897
898 899 902
902 899 903
899 904 903
905 904 899
899 906 905
895 906 899
895 900 906
900 907 906
906 907 905
907 908 905
907 900 909
907 909 910
900 911 909
909 911 912
913 909 912
910 909 913
908 914 905
905 914 904
903 904 915
914 916 915
908 917 916
918 916 914
918 907 919
918 919 920
917 918 920
920 921 917
920 922 921
919 922 920
919 923 922
922 924 921
922 925 924
923 925 922
924 925 926
924 926 927
927 926 928
927 928 929
929 928 930
929 930 931
925 932 926
928 926 932
925 933 932
923 933 925
928 932 934
930 928 934
930 934 935
936 930 935
931 930 936
936 935 937
938 936 937
939 936 938
931 936 939
915 940 914
941 942 943
944 942 941
944 945 942
946 945 944
946 947 945
948 947 946
948 949 947
950 949 948
950 951 949
952 951 950
952 953 951
954 953 952
954 955 953
956 955 954
956 957 955
956 958 957
956 959 958
956 960 959
956 961 960
962 961 956
962 956 963
963 956 964
964 956 965
965 956 966
965 966 967
247 253 968
969 970 971
969 971 972
972 973 969
973 974 969
975 972 971
975 971 976
976 977 975
977 978 975
977 979 978
980 978 979
980 979 981
982 980 981
982 983 980
984 983 982
984 982 985
986 987 988
986 988 989
986 989 990
986 990 991
992 991 990
992 990 993
994 992 993
994 993 995
996 994 995
994 996 997
994 997 998
999 998 997
997 1000 999
997 996 1000
1000 996 1001
1001 996 1002
1002 1003 1001
1004 1001 1003
1004 1003 1005
1006 1004 1005
1007 1004 1006
1008 1007 1006
1009 1007 1008
1010 1009 1008
1011 1009 1010
1009 1012 1007
1013 1012 1009
1011 1013 1009
1013 1014 1012
1008 1006 1015
1016 1008 1015
1010 1008 1016
1016 1015 1017
1018 1016 1017
1007 1019 1004
1012 1019 1007
1012 1020 1019
1014 1020 1012
1014 1021 1020
1015 1006 1022
1015 1022 1023
1015 1023 1024
1024 1023 1025
1024 1025 1026
1027 1026 1025
1027 1028 1026
1027 1029 1028
1027 1025 1030
1031 1024 1026
1031 1029 1032
1031 1032 1033
1024 1031 1033
1032 1034 1033
1033 1035 1024
1024 1035 1036
1036 1037 1024
1038 1037 1036
1023 1039 1025
218 1030 1025
1038 1017 1037
1017 1015 1037
1024 1037 1015
1033 1034 1040
1040 1035 1033
1041 1040 1034
1034 1042 1041
1032 1042 1034
1036 1043 1038
1018 1017 1038
1023 1022 1039
1022 1044 1039
1022 1005 1044
1039 1044 1045
1039 1045 211
1006 1005 1022
1044 1046 1045
1044 1047 1046
1048 1047 1044
1048 1044 1005
1005 1003 1048
1049 1048 1003
1050 1048 1049
1050 1047 1048
1047 1050 1051
1047 1051 1046
1049 1052 1050
1003 1053 1049
1003 1002 1053
1002 1054 1053
1055 1053 1056
1055 1056 1057
1055 1058 1059
1055 1059 1060
1061 1062 1063
1061 1063 1064
1061 1064 1065
1061 1066 1062
1061 1067 1066
1068 1066 1067
1069 1065 1064
1069 1064 1070
1071 1072 1073
1071 1073 1074
1075 1071 1074
1075 1074 1076
1074 1077 1076
1074 1078 1077
1073 1078 1074
1073 1079 1078
1080 1079 1073
1072 1080 1073
1080 1081 1079
1076 1077 1082
1078 1083 1077
1078 1084 1083
1079 1084 1078
1081 1085 1079
1079 1085 1084
1081 1086 1085
1077 1083 1087
1077 1087 1082
1082 1087 1088
1083 1088 1087
1082 1088 1089
1084 1090 1083
1083 1090 1088
1084 1091 1090
1085 1086 1091
1085 1091 1084
1076 1092 1075
1093 1075 1092
1092 1094 1093
1093 1094 1095
1093 1095 1096
1097 1098 1099
1097 1099 1100
1098 1101 1099
1098 1102 1101
1102 1103 1101
1102 1104 1103
1105 1097 1100
1105 1100 1106
1107 1105 1106
1107 1106 1108
1109 1104 1102
1098 1109 1102
1109 1110 1104
1104 1110 1111
1104 1111 1112
1112 1113 1104
1104 1113 1114
1114 1103 1104
1115 1116 1117
1116 1118 1117
1116 1119 1118
1119 1120 1118
1119 1121 1120
1121 1122 1120
1121 1123 1122
1122 1123 1124
1122 1124 1125
1124 1126 1125
1124 1127 1126
1127 1128 1126
1127 1129 1128
1130 1131 1132
1130 1133 1131
1134 1130 1132
1134 1132 1135
1136 1134 1135
1136 1135 1137
1138 1136 1137
1138 1137 1139
1140 1138 1139
1140 1139 1141
1142 1140 1141
1142 1141 1143
1144 1142 1143
1144 1143 1145
1146 1147 1148
1146 1148 1149
1147 1150 1148
1147 1151 1150
1151 1152 1150
1151 1153 1152
1154 1146 1149
1154 1149 1155
1149 1156 1155
1155 1156 1157
1157 1158 1155
1154 1155 1158
1158 1157 1159
1159 1160 1158
1158 1161 1154
1161 1158 1162
1161 1163 1154
1163 1161 1162
1163 1162 1164
1165 1163 1164
1158 1160 1166
1162 1158 1166
1167 1168 1169
1170 1168 1167
1171 1170 1167
1170 1172 1168
1172 1010 1168
1168 1010 1016
1168 1016 1018
1172 1011 1010
1168 1018 1173
1174 1175 1176
1174 1176 1177
1175 1178 1176
1175 1179 1178
1179 1021 1178
1179 1020 1021
1020 1179 1180
1180 1181 1020
1182 1180 1179
1179 1175 1182
1020 1181 1019
1182 1175 1183
1174 1183 1175
1183 1174 1184
1177 1184 1174
1177 1185 1184
1000 1019 1186
1187 1000 1186
1187 999 1000
1001 1019 1000
1001 1004 1019
1187 1188 1189
1189 1188 1190
1189 1190 1191
1187 1189 1192
1193 1194 1195
1193 1195 1196
1196 1195 1197
1198 1194 1193
1199 1198 1193
1199 1200 1198
1201 1200 1199
1202 1201 1199
1202 1203 1201
1196 1197 1204
1205 1206 1207
1208 1206 1205
1209 1208 1205
1210 1208 1209
1211 1212 1213
1212 1211 1214
1214 1211 1215
1211 1213 1216
1214 1217 1212
1214 1215 1218
1211 1219 1215
1216 1220 1219
1221 1219 1211
1219 1222 1215
1219 1223 1222
1219 1224 1223
1220 1224 1219
1225 1223 1224
1225 1224 1226
1220 1226 1224
1227 1228 1229
1227 1229 1230
1229 1231 1230
1230 1231 1232
1233 1234 1235
998 1236 994
1237 1238 1239
1237 1239 1240
1237 1240 1241
1238 1237 1242
1242 1237 1243
1244 1238 1245
1244 1246 1238
1244 1247 1246
1244 1248 1247
1249 1247 1248
1249 1248 1250
1249 1250 1251
1251 1250 1252
1253 1254 1255
1256 1253 1255
1256 1257 1253
1257 1256 1258
1258 1256 1259
1260 1258 1259
1258 1260 1261
1261 1260 1262
1262 1263 1261
1264 1263 1262
1254 1253 1265
1266 1254 1265
1266 1267 1254
1268 1267 1266
1269 1270 1271
1269 1271 1272
1273 1271 1270
1273 1270 1274
1275 1273 1274
1275 1276 1273
1276 1275 1277
1269 1272 1278
1269 1278 1279
1280 1279 1278
1280 1278 1281
1280 1281 1282
1283 1280 1282
1284 1285 1286
1284 1286 1287
1287 1288 1284
1285 1289 1286
1285 1290 1289
1288 1287 1291
1288 1291 1292
1292 1291 1293
1292 1293 1294
1294 1293 1295
1294 1295 1296
1297 1298 1299
1297 1299 1300
1300 1299 1301
1300 1301 1302
1303 1298 1297
1303 1304 1298
1305 1304 1303
1305 1306 1304
1307 1306 1305
1307 1305 1308
1309 1307 1308
1309 1310 1307
1311 1310 1309
1312 1313 1314
1312 1314 1315
1316 1313 1312
1316 1317 1313
1316 1318 1317
1316 1319 1318
1318 1319 1320
1315 1314 1321
1315 1321 1322
1322 1321 1323
1322 1323 1324
1323 1325 1324
1323 1326 1325
1325 1326 1327
1328 1329 1330
1328 1330 1331
1332 1328 1331
1332 1331 1333
1334 1332 1333
1334 1333 1335
1330 1329 1336
1330 1336 1337
1336 1338 1337
1336 1339 1338
1338 1339 1340
1338 1340 1341
1342 1343 1344
1342 1344 1345
1346 1342 1345
1346 1347 1342
1348 1344 1343
1348 1349 1344
1348 1350 1349
1351 1347 1346
1351 1352 1347
1353 1352 1351
1353 1351 1354
1353 1354 1355
1353 1355 1356
1357 1358 1359
1359 1360 1357
1359 1361 1360
1362 1363 1364
1365 1366 1367
1365 1367 1368
1369 1367 1366
1365 1368 1370
1371 1370 1368
1367 1371 1368
1371 1372 1370
1365 1370 1373
1374 1365 1373
1374 1375 1365
1366 1365 1375
1371 1376 1372
1366 1375 1377
1369 1366 1377
1378 1379 1380
1378 1380 1381
1382 1378 1381
1382 1381 1383
1384 1382 1383
1384 1383 1385
1386 1387 1388
1386 1388 1389
1390 1386 1389
1390 1389 1391
1392 1390 1391
1392 1391 1393
1394 1395 1396
1394 1396 1397
1395 1398 1396
1395 1399 1398
1400 1394 1397
1400 1397 1401
1402 1400 1401
1402 1401 1403
1404 1402 1403
1404 1403 1405
1399 1406 1398
1399 1407 1406
1407 1408 1406
1407 1409 1408
1410 1411 1412
1413 1410 1412
1413 1412 1414
1415 1416 1417
1417 1418 1419
1420 1421 1422
1422 1423 1420
1423 1422 1424
1425 1421 1420
1426 1421 1425
1426 1425 1427
1423 1424 1428
1429 1428 1424
1430 1428 1429
1428 1430 1431
1428 1431 1432
1428 1432 1433
1434 1433 1432
1434 1432 1435
1433 1434 1436
1433 1436 1437
1438 1437 1436
1438 1439 1437
1438 1440 1439
1440 1438 1441
1442 1439 1440
1443 1439 1442
1439 1443 1444
1443 1445 1444
1446 1445 1443
1445 1446 1447
1448 1449 1450
1451 1448 1450
1451 1450 1452
1453 1451 1452
1453 1452 1454
1455 1453 1454
1455 1454 1456
1457 1458 1455
1457 1455 1459
1460 1458 1457
1461 1462 1463
1461 1463 1464
1465 1463 1462
1463 1465 1466
1463 1466 1467
1466 1468 1467
1466 1469 1468
1470 1468 1469
1470 1471 1468
1470 1472 1471
1470 1473 1472
1461 1464 1474
1475 1476 1477
1476 1475 1478
1479 1478 1475
1478 1479 1480
1480 1479 1481
1480 1481 1482
1482 1481 1483
1484 1485 1486
1487 1485 1484
1485 1487 1488
1484 1489 1487
1489 1484 1490
1491 1489 1490
1492 1485 1488
1486 1485 1492
1492 1488 1493
1486 1492 1494
1495 1486 1494
1486 1495 1496
1497 1496 1495
1497 1498 1496
1499 1498 1497
1498 1499 1500
1499 1501 1500
1500 1501 1502
1500 1502 1503
1501 1499 1504
1504 1499 1505
1503 1502 1506
1507 1491 1490
1508 1509 1510
1511 1508 1510
1511 1510 1512
1513 1511 1512
1513 1512 1514
1515 1513 1514
1515 1514 1516
1516 1517 1515
1516 1518 1517
1519 1517 1518
1518 1520 1519
1521 1522 1523
1521 1523 1524
1523 1522 1525
1523 1525 1526
1525 1527 1526
1525 1528 1527
1528 1529 1527
1528 1530 1529
1530 1531 1529
1530 1532 1531
1532 1533 1531
1532 1534 1533
1535 1533 1534
1535 1534 1536
1537 1538 1539
1537 1540 1538
1537 1541 1540
1541 1542 1540
1541 1543 1542
1543 1544 1542
1543 1545 1544
1545 1546 1544
1545 1547 1546
1547 1548 1546
1547 1549 1548
1549 1550 1548
1549 1551 1550
1549 1552 1551
1549 1553 1552
1551 1554 1555
1551 1555 1556
1557 1555 1554
1537 1558 1559
1537 1559 1560
1561 1537 1560
1561 1562 1537
1562 1563 1537
1563 1564 1537
1564 1565 1537
1564 1566 1565
1539 1558 1537
1567 1568 1569
1570 1567 1569
1570 1569 1571
1572 1570 1571
1572 1571 1573
1574 1575 1573
1574 1573 1576
1577 1574 1576
1577 1576 1578
1579 1577 1578
1579 1578 1580
1581 1579 1580
1581 1580 1582
1583 1581 1582
1583 1582 1584
1583 1584 1585
1583 1585 1586
1583 1586 1587
1583 1587 1588
1589 1583 1588
1589 1590 1583
1590 1591 1583
1591 1592 1583
1592 1593 1583
1592 1594 1593
1595 1596 1597
1597 1598 1595
1599 1595 1598
1596 1595 1600
1601 1596 1600
1600 1602 1601
1602 1603 1601
1604 1603 1602
1605 1604 1602
1606 1605 1602
1606 1602 1600
1600 1607 1606
1595 1599 1607
1595 1607 1600
1599 1608 1607
1607 1608 1606
1606 1608 1609
1609 1610 1606
1609 1611 1610
1610 1611 1612
1611 1613 1612
1611 1614 1613
1614 1611 1609
1609 1615 1614
1610 1612 1616
1612 1613 1617
1612 1617 1618
1616 1612 1618
1617 1619 1618
1617 1620 1619
1618 1619 1621
1618 1621 1622
1616 1618 1622
1609 1608 1623
1609 1623 1615
1623 1624 1615
1624 1623 1625
1608 1625 1623
1608 1599 1625
1599 1626 1625
1626 1624 1625
1627 1626 1599
1598 1627 1599
1619 1628 1621
1619 1629 1628
1620 1630 1619
1620 1631 1630
1631 1632 1630
1631 1633 1632
1633 1634 1632
1633 1635 1634
1632 1636 1630
1632 1637 1636
1634 1637 1632
1634 1638 1637
1639 1638 1634
1635 1639 1634
1640 1641 1642
1642 1643 1640
1644 1640 1643
1641 1640 1645
1646 1641 1645
1645 1647 1646
1647 1648 1646
1649 1648 1647
1650 1649 1647
1651 1650 1647
1651 1647 1645
1645 1652 1651
1640 1644 1652
1640 1652 1645
1644 1653 1652
1652 1653 1651
1651 1653 1654
1654 1655 1651
1654 1656 1655
1655 1656 1657
1656 1658 1657
1656 1659 1658
1655 1657 1660
1657 1658 1661
1657 1661 1662
1660 1657 1662
1661 1663 1662
1661 1664 1663
1664 1665 1663
1664 1666 1665
1666 1667 1665
1666 1668 1667
1662 1663 1669
1665 1669 1663
1662 1669 1670
1660 1662 1670
1665 1671 1669
1667 1671 1665
1672 1659 1656
1672 1656 1654
1654 1673 1672
1673 1674 1672
1654 1653 1673
1653 1675 1673
1653 1644 1675
1674 1673 1676
1677 1674 1676
1678 1677 1676
1679 1677 1644
1643 1679 1644
1680 1681 1671
1682 1671 1681
1683 1682 1681
1684 1683 1681
1667 1684 1681
1685 1684 1667
1686 1685 1667
1686 1687 1685
1687 1688 1685
1688 1689 1685
1690 1683 1684
1691 1689 1690
1691 1690 1684
1692 1693 1694
1694 1695 1692
1696 1692 1695
1693 1692 1697
1698 1693 1697
1695 1699 1696
1699 1700 1696
1696 1700 1701
1702 1696 1701
1696 1702 1703
1692 1696 1703
1692 1703 1697
1697 1703 1704
1703 1702 1704
1704 1702 1705
1704 1706 1697
1704 1707 1706
1697 1706 1708
1706 1709 1708
1710 1709 1706
1707 1710 1706
1705 1702 1711
1702 1701 1711
1700 1712 1701
1711 1712 1713
1705 1713 1714
1715 1711 1713
1715 1716 1704
1715 1717 1716
1714 1717 1715
1717 1714 1718
1717 1718 1719
1716 1717 1719
1716 1719 1720
1719 1718 1721
1719 1721 1722
1720 1719 1722
1721 1723 1722
1721 1724 1723
1724 1725 1723
1724 1726 1725
1726 1727 1725
1726 1728 1727
1722 1723 1729
1725 1729 1723
1722 1729 1730
1720 1722 1730
1725 1731 1729
1727 1731 1725
1727 1732 1731
1733 1732 1727
1728 1733 1727
1733 1734 1732
1735 1734 1733
1736 1735 1733
1728 1736 1733
1712 1711 1737
1738 1739 1740
1741 1738 1740
1741 1740 1742
1743 1741 1742
1743 1742 1744
1745 1743 1744
1745 1744 1746
1747 1745 1746
1747 1746 1748
1749 1747 1748
1749 1748 1750
1751 1749 1750
1751 1750 1752
1753 1751 1752
1753 1752 1754
1753 1754 1755
1753 1755 1756
1753 1756 1757
1753 1757 1758
1759 1753 1758
1759 1760 1753
1760 1761 1753
1761 1762 1753
1762 1763 1753
1762 1764 1763
1072 1765 1080
10 1766 7
9 34 10
218 210 196
1025 1039 211
1 19 11
13 1767 22
27 22 1767
