byte offset: 0
first index: 54042
index count: 4356
topology: trianglelist
format: DXGI_FORMAT_R16_UINT

14837 14838 14839
14840 14838 14837
14838 14840 14841
14840 14842 14841
14842 14840 14843
14843 14844 14842
14844 14843 14845
14844 14846 14842
14846 14844 14847
14842 14848 14841
14848 14842 14846
14848 14849 14841
14849 14848 14850
14849 14850 14851
14843 14852 14845
14852 14843 14853
14843 14854 14853
14854 14843 14840
14837 14854 14840
14854 14837 14855
14839 14855 14837
14855 14839 14856
14857 14846 14847
14846 14857 14858
14859 14858 14857
14858 14859 14860
14860 14861 14858
14861 14850 14848
14861 14860 14862
14862 14863 14861
14850 14861 14863
14863 14851 14850
14863 14862 14864
14864 14865 14863
14865 14864 14866
14867 14860 14859
14859 14868 14867
14869 14867 14868
14868 14870 14869
14869 14870 14871
14869 14871 14872
14871 14870 14873
14873 14870 14874
14875 14873 14874
14874 14876 14875
14876 14877 14875
14877 14876 14878
14876 14879 14878
14879 14876 14880
14876 14874 14880
14880 14874 14881
14874 14870 14882
14874 14882 14881
14882 14870 14883
14868 14883 14870
14884 14883 14868
14884 14882 14883
14884 14868 14885
14885 14886 14884
14885 14887 14886
14884 14886 14888
14884 14888 14882
14881 14882 14888
14859 14885 14868
14889 14886 14887
14889 14887 14890
14889 14890 14891
14892 14891 14890
14893 14891 14892
14894 14891 14893
14894 14893 14895
14894 14895 14896
14895 14897 14896
14897 14898 14896
14898 14899 14896
14898 14897 14900
14898 14900 14901
14898 14901 14902
14898 14902 14899
14902 14901 14903
14900 14903 14901
14900 14904 14903
14905 14899 14902
14906 14902 14903
14906 14905 14902
14907 14905 14906
14908 14907 14906
14908 14909 14907
14909 14908 14910
14908 14911 14910
14911 14908 14912
14912 14908 14906
14906 14913 14912
14913 14906 14903
14914 14913 14903
14904 14914 14903
14904 14915 14914
14904 14900 14916
14915 14904 14917
14915 14917 14918
14919 14918 14917
14920 14919 14917
14921 14919 14920
14921 14920 14916
14919 14921 14922
14922 14923 14919
14923 14918 14919
14922 14924 14923
14924 14922 14925
14924 14925 14926
14927 14925 14922
14925 14927 14928
14928 14929 14925
14926 14925 14929
14929 14928 14930
14931 14930 14928
14930 14931 14932
14933 14932 14931
14932 14933 14934
14931 14935 14933
14935 14931 14936
14928 14936 14931
14936 14928 14927
14922 14937 14927
14937 14922 14921
14921 14938 14937
14938 14921 14939
14939 14921 14916
14916 14940 14939
14940 14916 14941
14941 14916 14900
14939 14942 14938
14942 14939 14940
14943 14938 14942
14938 14943 14944
14944 14937 14938
14945 14944 14943
14944 14945 14946
14937 14944 14947
14946 14947 14944
14947 14946 14948
14948 14936 14947
14947 14927 14937
14927 14947 14936
14936 14948 14935
14941 14900 14897
14941 14853 14940
14853 14941 14852
14897 14852 14941
14940 14854 14942
14854 14940 14853
14855 14942 14854
14942 14855 14943
14943 14856 14945
14856 14943 14855
14852 14897 14895
14895 14845 14852
14845 14895 14893
14892 14845 14893
14845 14892 14844
14892 14847 14844
14847 14892 14890
14887 14847 14890
14847 14887 14857
14885 14857 14887
14857 14885 14859
14949 14926 14950
14950 14951 14949
14952 14951 14950
14953 14926 14949
14926 14953 14954
14954 14924 14926
14924 14954 14955
14955 14923 14924
14923 14955 14918
14953 14956 14954
14950 14957 14952
14952 14957 14958
14950 14930 14957
14932 14957 14930
14957 14932 14959
14957 14959 14958
14960 14958 14959
14959 14961 14960
14934 14961 14959
14959 14932 14934
14930 14950 14929
14926 14929 14950
14920 14917 14904
14904 14916 14920
14872 14962 14963
14964 14963 14962
14965 14963 14964
14966 14965 14964
14964 14967 14966
14964 14962 14968
14967 14964 14968
14969 14968 14962
14968 14969 14970
14970 14967 14968
14971 14970 14969
14970 14971 14972
14967 14973 14966
14974 14966 14973
14966 14974 14975
14975 14867 14966
14966 14867 14965
14860 14867 14975
14975 14862 14860
14862 14975 14974
14974 14864 14862
14864 14974 14976
14973 14976 14974
14976 14866 14864
14866 14976 14977
14976 14973 14978
14978 14977 14976
14977 14978 14979
14980 14978 14973
14973 14967 14980
14981 14980 14967
14980 14981 14982
14983 14982 14981
14982 14983 14984
14985 14984 14983
14984 14985 14986
14986 14987 14984
14987 14986 14988
14989 14987 14988
14988 14990 14989
14984 14991 14982
14991 14984 14987
14987 14992 14991
14992 14987 14989
14993 14991 14992
14991 14993 14994
14982 14994 14980
14994 14982 14991
14978 14980 14994
14994 14979 14978
14979 14994 14993
14972 14985 14983
14972 14983 14981
14972 14981 14970
14967 14970 14981
14995 14990 14988
14988 14996 14995
14996 14988 14986
14997 14996 14986
14997 14986 14985
14985 14972 14998
14972 14999 14998
14999 14972 14971
15000 14999 14971
14985 15001 14997
14998 15001 14985
14965 14869 14963
14872 14963 14869
14869 14965 14867
14861 14846 14858
14846 14861 14848
14851 14863 14865
15002 15003 15004
15003 15002 15005
15005 15006 15003
15006 15005 15007
15008 15006 15007
15006 15008 15009
15010 15009 15008
15011 15010 15008
15012 15002 15004
15002 15012 15013
15014 15013 15012
15013 15014 15015
15016 15017 15018
15017 15019 15018
15019 15017 15020
15020 15021 15019
15021 15020 15022
15018 15023 15016
15022 15024 15021
15024 15022 15025
15025 15026 15024
15026 15025 15027
15027 15028 15026
15028 15027 15029
15029 15030 15028
15030 15029 15031
15031 15032 15030
15032 15031 15033
15033 15034 15032
15034 15033 15035
15035 15036 15034
15036 15035 15037
15037 15038 15036
15038 15037 15039
15040 15041 15042
15041 15040 15043
15042 15044 15040
15044 15042 15045
15046 15044 15045
15044 15046 15047
15048 15047 15046
15047 15048 15049
15048 15050 15049
15050 15048 15051
15052 15050 15051
15053 15050 15052
15054 15055 15056
15057 15055 15054
15055 15057 15058
15059 15058 15057
15058 15059 15060
15056 15061 15054
15062 15060 15059
15060 15062 15063
15064 15063 15062
15063 15064 15065
15066 15065 15064
15065 15066 15067
15068 15067 15066
15067 15068 15069
15070 15069 15068
15069 15070 15071
15072 15071 15070
15071 15072 15073
15074 15073 15072
15073 15074 15075
15076 15075 15074
15075 15076 15077
15078 15079 15080
15080 15081 15078
15081 15082 15078
15078 15082 15083
15082 15084 15083
15084 15082 15085
15086 15085 15082
15082 15081 15086
15085 15086 15087
15088 15083 15084
15083 15088 15089
15090 15089 15088
15089 15090 15091
15092 15091 15090
15091 15092 15093
15094 15093 15092
15095 15081 15080
15081 15095 15096
15096 15086 15081
15097 15096 15095
15096 15097 15098
15098 15099 15096
15086 15096 15099
15099 15087 15086
15099 15098 15100
15100 15101 15099
15087 15099 15101
15101 15100 15102
15103 15102 15100
15102 15103 15104
15105 15104 15103
15098 15097 15106
15106 15100 15098
15100 15106 15103
15093 15107 15091
15108 15091 15107
15107 15109 15108
15109 15107 15110
15111 15110 15107
15110 15111 15112
15110 15113 15109
15112 15114 15110
15110 15114 15113
15114 15112 15115
15116 15112 15111
15117 15108 15109
15108 15117 15118
15119 15116 15111
15118 15089 15108
15091 15108 15089
15089 15118 15083
15107 15093 15111
15119 15111 15093
15118 15078 15083
15109 15120 15117
15120 15121 15117
15121 15120 15122
15122 15123 15121
15123 15122 15124
15124 15125 15123
15125 15126 15123
15126 15125 15127
15125 15128 15127
15128 15125 15129
15125 15130 15129
15130 15125 15131
15125 15124 15131
15130 15132 15129
15133 15132 15130
15132 15133 15134
15135 15134 15133
15133 15136 15135
15137 15135 15136
15138 15137 15136
15137 15138 15139
15140 15138 15136
15136 15133 15140
15130 15140 15133
15140 15130 15131
15138 15140 15141
15131 15141 15140
15139 15142 15137
15142 15139 15143
15143 15144 15142
15144 15143 15145
15146 15142 15144
15142 15146 15147
15147 15137 15142
15144 15148 15146
15148 15144 15149
15144 15145 15149
15135 15137 15150
15137 15147 15150
15151 15150 15147
15146 15151 15147
15150 15151 15152
15152 15135 15150
15135 15152 15153
15134 15135 15153
15154 15145 15143
15143 15155 15154
15156 15154 15155
15154 15156 15157
15157 15158 15154
15145 15154 15158
15158 15157 15159
15155 15160 15156
15160 15155 15161
15162 15160 15161
15160 15162 15163
15164 15156 15160
15156 15164 15165
15165 15157 15156
15166 15159 15157
15157 15165 15166
15159 15166 15167
15168 15167 15166
15168 15169 15167
15170 15168 15166
15170 15166 15165
15170 15171 15168
15168 15171 15172
15169 15168 15172
15169 15172 15173
15174 15169 15173
15169 15174 15175
15175 15176 15169
15167 15169 15176
15176 15175 15177
15172 15178 15173
15178 15172 15179
15180 15178 15179
15181 15178 15180
15182 15178 15181
15182 15173 15178
15173 15182 15174
15183 15179 15172
15172 15171 15183
15183 15184 15179
15185 15176 15177
15176 15185 15186
15186 15167 15176
15167 15186 15159
15159 15186 15187
15186 15185 15188
15188 15185 15189
15159 15187 15158
15187 15145 15158
15190 15145 15187
15191 15145 15190
15149 15145 15191
15189 15192 15188
15193 15192 15189
15192 15194 15188
15195 15192 15193
15192 15195 15196
15196 15194 15192
15197 15196 15195
15196 15197 15198
15198 15199 15196
15194 15196 15199
15199 15198 15200
15200 15201 15199
15201 15200 15202
15203 15198 15197
15198 15203 15204
15204 15203 15205
15206 15198 15204
15198 15206 15200
15202 15200 15206
15199 15207 15194
15207 15199 15201
15194 15207 15208
15194 15208 15188
15209 15210 15211
15210 15209 15212
15210 15213 15211
15213 15210 15214
15215 15213 15214
15213 15215 15216
15217 15212 15209
15212 15217 15218
15219 15220 15221
15220 15219 15222
15223 15220 15222
15220 15223 15224
15225 15226 15227
15226 15225 15228
15227 15229 15225
15229 15227 15230
15228 15231 15226
15231 15228 15232
15232 15233 15231
15233 15232 15234
15235 15236 15237
15236 15235 15238
15239 15235 15237
15235 15239 15240
15241 15242 15243
15242 15241 15244
15241 15245 15244
15245 15241 15246
15246 15247 15245
15247 15246 15248
15249 15250 15251
15250 15249 15252
15253 15251 15250
15251 15253 15254
15255 15256 15257
15256 15255 15258
15257 15259 15255
15259 15257 15260
15260 15261 15259
15261 15260 15262
15263 15264 15265
15264 15263 15266
15265 15267 15263
15267 15265 15268
15094 15269 15270
15270 15119 15094
15116 15119 15270
15269 15271 15270
15272 15270 15271
15269 15273 15271
15094 15119 15093
15116 15270 15274
15270 15272 15274
15275 15116 15274
15275 15276 15116
15277 15275 15274
15112 15116 15276
15276 15278 15112
15279 15112 15278
15112 15279 15115
15115 15279 15280
15115 15280 15281
15282 15115 15281
15277 15274 15283
15283 15274 15272
15283 15284 15277
15284 15283 15285
15283 15286 15285
15284 15285 15287
15284 15287 15288
15287 15289 15288
15289 15287 15290
15290 15291 15289
15290 15292 15291
15293 15292 15290
15292 15293 15294
15293 15295 15294
15296 15295 15293
15297 15295 15296
15297 15296 15298
15298 15299 15297
15300 15297 15299
15296 15301 15298
15301 15296 15302
15301 15302 15303
15297 15300 15304
15297 15304 15305
15295 15297 15305
15306 15304 15300
15300 15307 15306
15307 15308 15306
15307 15184 15308
15308 15184 15309
15184 15183 15309
15183 15310 15309
15183 15311 15310
15183 15171 15311
15311 15171 15170
15311 15170 15312
15179 15184 15307
15180 15179 15307
15312 15170 15313
15314 15312 15313
15314 15315 15312
15170 15165 15313
15165 15164 15313
15316 15314 15313
15317 15316 15313
15164 15318 15313
15318 15319 15313
15319 15317 15313
15319 15320 15317
15164 15321 15318
15322 15321 15164
15322 15164 15160
15312 15315 15323
15324 15322 15160
15160 15163 15324
15163 15325 15324
15163 15326 15325
15163 15327 15326
15328 15327 15163
15120 15328 15163
15163 15122 15120
15122 15163 15162
15162 15124 15122
15124 15162 15141
15161 15141 15162
15141 15161 15138
15161 15139 15138
15139 15161 15155
15155 15143 15139
15141 15131 15124
15328 15120 15329
15120 15330 15329
15109 15330 15120
15330 15331 15329
15330 15332 15331
15332 15330 15113
15113 15330 15109
15333 15332 15113
15334 15333 15113
15335 15334 15113
15336 15335 15113
15336 15113 15114
15114 15337 15336
15338 15337 15114
15338 15114 15115
15282 15338 15115
15335 15339 15334
15339 15340 15334
15334 15340 15341
15334 15341 15333
15340 15342 15341
15320 15342 15340
15339 15343 15340
15340 15343 15344
15317 15340 15344
15320 15340 15317
15317 15344 15316
15281 15345 15282
15281 15346 15345
15281 15347 15346
15347 15348 15346
15280 15347 15281
15347 15280 15349
15347 15349 15310
15310 15350 15347
15350 15348 15347
15348 15350 15351
15351 15350 15323
15311 15323 15350
15310 15311 15350
15312 15323 15311
15352 15180 15300
15353 15180 15352
15180 15353 15181
15180 15307 15300
15352 15354 15353
15354 15352 15299
15299 15352 15300
15355 15117 15121
15123 15355 15121
15355 15123 15126
15126 15356 15355
15355 15118 15117
15357 15358 15359
15272 15286 15283
15272 15360 15286
15360 15272 15271
15273 15360 15271
15360 15273 15361
15362 15363 15364
15365 15363 15362
15362 15366 15365
15367 15365 15366
15365 15367 15368
15368 15369 15365
15363 15365 15369
15369 15368 15370
15366 15371 15367
15371 15366 15372
15372 15373 15371
15373 15372 15374
15374 15375 15373
15375 15374 15376
15363 15377 15364
15377 15363 15378
15369 15378 15363
15378 15379 15377
15379 15378 15380
15381 15380 15378
15378 15369 15381
15370 15381 15369
15380 15381 15382
15383 15382 15381
15381 15370 15383
15382 15383 15384
15384 15385 15382
15385 15384 15386
15387 15385 15386
15380 15388 15379
15388 15382 15385
15382 15388 15380
15389 15376 15374
15374 15390 15389
15391 15389 15390
15389 15391 15392
15392 15393 15389
15393 15392 15394
15395 15392 15391
15392 15395 15396
15396 15394 15392
15394 15396 15397
15398 15394 15397
15399 15398 15397
15400 15394 15398
15400 15393 15394
15391 15401 15395
15390 15402 15391
15391 15402 15401
15403 15401 15402
15401 15403 15404
15402 15390 15405
15398 15399 15406
15399 15407 15406
15407 15408 15406
15407 15409 15408
15410 15408 15409
15408 15410 15411
15412 15410 15409
15413 15404 15403
15404 15413 15414
15415 15414 15413
15416 15415 15413
15415 15416 15417
15418 15415 15417
15415 15418 15419
15420 15415 15419
15415 15420 15421
15414 15415 15421
15420 15419 15422
15422 15423 15420
15423 15422 15424
15424 15425 15423
15426 15423 15425
15425 15427 15426
15427 15428 15426
15428 15427 15429
15428 15430 15426
15423 15426 15430
15420 15430 15421
15430 15420 15423
15430 15428 15431
15431 15421 15430
15432 15429 15427
15429 15432 15433
15434 15433 15432
15433 15434 15435
15432 15436 15434
15436 15432 15437
15427 15437 15432
15438 15434 15436
15434 15438 15439
15434 15439 15435
15427 15425 15440
15437 15427 15440
15440 15441 15437
15436 15437 15441
15441 15440 15442
15425 15442 15440
15442 15425 15443
15425 15424 15443
15435 15444 15433
15445 15433 15444
15444 15446 15445
15446 15444 15447
15448 15447 15444
15444 15435 15448
15447 15448 15449
15450 15445 15446
15445 15450 15451
15450 15452 15451
15452 15450 15453
15446 15454 15450
15454 15453 15450
15454 15446 15455
15447 15455 15446
15453 15454 15456
15454 15457 15456
15457 15454 15458
15458 15454 15455
15458 15455 15459
15460 15458 15459
15458 15461 15457
15461 15458 15460
15449 15462 15447
15455 15447 15462
15459 15455 15462
15459 15462 15463
15463 15464 15459
15463 15462 15465
15463 15465 15466
15466 15464 15463
15466 15467 15464
15466 15468 15467
15468 15466 15469
15470 15469 15466
15465 15470 15466
15469 15470 15471
15472 15464 15467
15464 15472 15473
15473 15474 15464
15464 15474 15459
15460 15459 15474
15474 15473 15475
15475 15460 15474
15467 15476 15472
15476 15467 15468
15470 15477 15471
15477 15470 15478
15465 15478 15470
15479 15475 15473
15480 15475 15479
15479 15481 15480
15481 15479 15482
15482 15483 15481
15483 15412 15481
15475 15480 15484
15475 15484 15460
15478 15485 15477
15485 15486 15477
15479 15487 15482
15488 15487 15479
15488 15489 15487
15489 15488 15490
15482 15491 15483
15491 15482 15487
15483 15491 15492
15492 15493 15483
15492 15494 15493
15486 15485 15495
15496 15486 15495
15495 15485 15497
15495 15498 15496
15498 15495 15499
15497 15499 15495
15499 15500 15498
15500 15499 15501
15502 15501 15499
15499 15497 15502
15501 15502 15503
15504 15503 15502
15503 15504 15505
15501 15506 15500
15506 15501 15507
15507 15508 15506
15501 15509 15507
15509 15501 15503
15505 15509 15503
15510 15502 15497
15502 15510 15504
15497 15511 15510
15497 15485 15511
15449 15512 15478
15478 15465 15449
15462 15449 15465
15449 15448 15512
15512 15448 15435
15513 15512 15435
15514 15513 15435
15439 15514 15435
15515 15516 15517
15516 15515 15518
15519 15516 15518
15516 15519 15520
15519 15521 15520
15521 15519 15522
15517 15523 15515
15523 15517 15524
15525 15526 15527
15526 15525 15528
15525 15529 15528
15529 15525 15530
15531 15532 15533
15532 15531 15534
15535 15533 15532
15533 15535 15536
15537 15534 15531
15534 15537 15538
15539 15538 15537
15538 15539 15540
15541 15542 15543
15542 15541 15544
15542 15545 15543
15545 15542 15546
15547 15548 15549
15548 15547 15550
15551 15547 15549
15547 15551 15552
15553 15552 15551
15552 15553 15554
15555 15556 15557
15556 15555 15558
15558 15559 15556
15559 15558 15560
15561 15562 15563
15562 15561 15564
15565 15563 15562
15563 15565 15566
15567 15566 15565
15566 15567 15568
15569 15570 15571
15570 15569 15572
15573 15571 15570
15571 15573 15574
15575 15576 15577
15576 15575 15578
15579 15577 15576
15579 15580 15577
15580 15579 15581
15581 15411 15580
15581 15579 15582
15581 15582 15406
15581 15408 15411
15406 15408 15581
15582 15579 15583
15579 15576 15583
15583 15576 15578
15398 15406 15582
15400 15398 15582
15400 15582 15583
15583 15584 15400
15584 15393 15400
15584 15376 15393
15585 15376 15584
15585 15584 15583
15376 15389 15393
15586 15585 15583
15585 15375 15376
15583 15578 15586
15587 15586 15578
15575 15587 15578
15587 15575 15588
15431 15451 15452
15451 15431 15428
15429 15451 15428
15451 15429 15445
15433 15445 15429
15452 15414 15431
15421 15431 15414
15414 15452 15404
15453 15404 15452
15404 15453 15401
15401 15453 15395
15456 15395 15453
15457 15395 15456
15395 15457 15396
15457 15397 15396
15397 15457 15461
15461 15399 15397
15399 15461 15484
15484 15407 15399
15407 15484 15480
15480 15409 15407
15409 15480 15481
15409 15481 15412
15484 15461 15460
15405 15372 15366
15372 15405 15390
15390 15374 15372
15405 15366 15362
15364 15589 15362
15590 15402 15405
15590 15403 15402
15413 15403 15590
15416 15413 15590
15590 15591 15416
15592 15593 15594
15476 15595 15472
15596 15472 15595
15596 15473 15472
15473 15596 15479
15490 15596 15595
15596 15490 15488
15596 15488 15479
15597 15598 15599
15600 15599 15598
15601 15599 15600
15597 15599 15601
15602 15603 15604
15603 15602 15605
15606 15607 15608
15607 15606 15609
15610 15611 15612
15611 15610 15613
15614 15615 15616
15615 15614 15617
15618 15619 15620
15618 15620 15621
15622 15623 15624
15625 15623 15622
15626 15627 15628
15628 15627 15629
15626 15630 15627
15631 15632 15633
15631 15633 15634
15634 15633 15635
15636 15637 15638
15639 15640 15641
15642 15640 15639
15643 15640 15642
15640 15643 15644
15639 15641 15645
15641 15646 15645
15641 15647 15646
15647 15641 15648
15648 15641 15649
15648 15649 15650
15650 15649 15651
15649 15652 15651
15653 15652 15649
15652 15653 15654
15654 15653 15655
15656 15653 15649
15653 15656 15655
15656 15649 15641
15655 15656 15657
15644 15658 15657
15658 15655 15657
15655 15658 15659
15655 15659 15660
15655 15660 15661
15640 15657 15656
15655 15661 15662
15661 15663 15662
15663 15661 15664
15661 15660 15664
15665 15663 15664
15665 15664 15666
15664 15667 15666
15660 15668 15664
15667 15664 15668
15667 15668 15669
15668 15670 15669
15668 15660 15671
15668 15671 15670
15660 15659 15671
15671 15672 15670
15673 15672 15671
15674 15673 15671
15674 15671 15659
15674 15659 15658
15640 15656 15641
15675 15676 15677
15675 15678 15676
15679 15678 15675
15680 15681 15682
15680 15682 15683
15684 15681 15680
15640 15644 15657
15685 15686 15687
15688 15687 15686
15689 15688 15686
15685 15689 15686
15690 15691 15692
15691 15690 15693
15694 15695 15696
15695 15694 15697
15698 15699 15700
15699 15698 15701
15702 15703 15704
15703 15702 15705
15706 15707 15708
15706 15709 15707
15710 15711 15712
15713 15710 15712
15714 15715 15716
15715 15717 15716
15714 15716 15718
15719 15720 15721
15719 15722 15720
15722 15723 15720
15724 15725 15726
15727 15728 15729
15730 15727 15729
15729 15728 15731
15732 15730 15729
15729 15733 15732
15729 15734 15733
15729 15731 15734
15735 15734 15731
15736 15734 15735
15734 15736 15733
15735 15737 15736
15735 15738 15737
15735 15739 15738
15731 15728 15740
15741 15740 15728
15741 15742 15740
15742 15743 15740
15740 15743 15744
15744 15745 15740
15745 15735 15731
15731 15740 15745
15745 15744 15746
15746 15735 15745
15735 15747 15739
15748 15737 15738
15739 15749 15738
15750 15739 15747
15739 15750 15749
15751 15749 15750
15751 15752 15749
15749 15752 15753
15753 15754 15749
15753 15755 15754
15754 15755 15756
15754 15756 15748
15748 15756 15757
15758 15748 15757
15759 15748 15758
15754 15748 15738
15749 15754 15738
15759 15737 15748
15759 15736 15737
15728 15760 15761
15728 15761 15762
15762 15741 15728
15727 15760 15728
15763 15764 15765
15763 15765 15766
15767 15763 15766
15768 15769 15770
15768 15771 15769
15772 15768 15770
15773 15774 15775
15773 15775 15776
15777 15773 15776
15774 15778 15775
15774 15779 15778
15779 15774 15780
15774 15781 15780
15781 15782 15780
15782 15781 15783
15783 15781 15784
15784 15785 15783
15785 15784 15786
15787 15786 15784
15787 15788 15786
15787 15789 15788
15787 15790 15789
15790 15791 15789
15791 15790 15792
15791 15792 15793
15792 15794 15793
15795 15794 15792
15795 15792 15796
15796 15797 15795
15798 15797 15796
15799 15798 15796
15796 15800 15799
15799 15800 15801
15777 15801 15800
15777 15802 15801
15777 15776 15802
15803 15804 15805
15803 15806 15804
15806 15803 15807
15808 15806 15807
15806 15808 15809
15809 15810 15806
15810 15809 15811
15812 15811 15809
15812 15809 15808
15811 15812 15813
15814 15805 15804
15814 15806 15810
15806 15814 15804
15805 15814 15815
15815 15814 15816
15810 15816 15814
15816 15810 15817
15818 15810 15811
15810 15818 15817
15818 15811 15813
15819 15820 15821
15820 15819 15822
15819 15823 15822
15824 15819 15821
15819 15824 15825
15826 15819 15825
15819 15826 15827
15828 15819 15827
15819 15828 15829
15830 15819 15829
15819 15830 15831
15823 15819 15832
15819 15833 15832
15833 15819 15834
15819 15835 15834
15835 15819 15831
15836 15837 15838
15837 15836 15839
15840 15837 15839
15837 15840 15841
15842 15837 15841
15837 15842 15843
15837 15844 15838
15844 15837 15845
15846 15837 15843
15837 15846 15847
15837 15848 15845
15848 15837 15849
15837 15850 15849
15850 15837 15851
15837 15852 15851
15852 15837 15847
15853 15854 15855
15855 15856 15853
15857 15854 15853
15857 15858 15854
15853 15859 15857
15857 15860 15858
15860 15861 15858
15861 15860 15862
15861 15862 15863
15863 15862 15864
15863 15864 15865
15865 15864 15866
15867 15866 15864
15868 15860 15857
15859 15868 15857
15868 15859 15869
15860 15870 15862
15860 15868 15870
15868 15871 15870
15862 15870 15872
15867 15864 15872
15862 15872 15864
15870 15873 15872
15870 15871 15873
15872 15873 15874
15874 15867 15872
15875 15869 15859
15859 15876 15875
15853 15876 15859
15877 15876 15853
15876 15877 15878
15878 15875 15876
15856 15877 15853
15869 15879 15868
15868 15879 15871
15880 15878 15877
15877 15881 15880
15856 15881 15877
15855 15881 15856
15881 15855 15882
15883 15881 15882
15883 15882 15884
15881 15883 15885
15881 15885 15880
15883 15884 15886
15886 15884 15887
15887 15888 15886
15887 15889 15888
15889 15890 15888
15889 15891 15890
15891 15892 15890
15893 15890 15892
15885 15894 15880
15895 15883 15886
15885 15883 15895
15895 15896 15885
15894 15885 15896
15886 15888 15897
15886 15897 15895
15895 15897 15898
15888 15899 15897
15893 15899 15890
15888 15890 15899
15897 15899 15900
15897 15900 15898
15899 15901 15900
15901 15899 15893
15896 15895 15902
15895 15898 15902
15878 15880 15894
15903 15904 15905
15906 15905 15904
15907 15904 15903
15906 15908 15905
15908 15906 15909
15910 15908 15909
15908 15910 15911
15910 15912 15911
15912 15910 15913
15910 15914 15913
15909 15914 15910
15915 15909 15906
15909 15915 15916
15909 15916 15914
15917 15912 15913
15918 15917 15913
15913 15919 15918
15913 15914 15919
15917 15918 15920
15912 15917 15921
15922 15921 15917
15922 15917 15920
15923 15921 15922
15924 15922 15920
15922 15924 15925
15923 15922 15925
15925 15924 15926
15927 15923 15925
15925 15928 15927
15928 15925 15929
15925 15926 15929
15926 15930 15929
15930 15931 15929
15931 15928 15929
15932 15933 15934
15934 15935 15932
15932 15935 15936
15937 15932 15936
15936 15938 15937
15939 15932 15937
15932 15939 15940
15940 15933 15932
15941 15940 15939
15940 15941 15942
15943 15940 15942
15940 15943 15944
15944 15943 15945
15945 15946 15944
15945 15947 15946
15947 15945 15948
15940 15944 15949
15950 15941 15939
15944 15946 15951
15951 15949 15944
15939 15952 15950
15937 15952 15939
15946 15947 15953
15951 15946 15953
15954 15949 15951
15954 15955 15949
15949 15955 15956
15956 15933 15949
15957 15951 15953
15958 15950 15952
15950 15958 15959
15958 15960 15959
15961 15960 15958
15948 15962 15947
15947 15962 15963
15947 15963 15964
15947 15964 15953
15965 15953 15964
15965 15957 15953
15966 15961 15958
15966 15958 15967
15968 15966 15967
15968 15967 15969
15967 15937 15969
15937 15938 15969
15952 15937 15967
15958 15952 15967
15970 15971 15972
15907 15971 15970
15971 15907 15973
15970 15974 15907
15970 15975 15974
15975 15970 15972
15974 15976 15907
15907 15976 15904
15976 15977 15904
15977 15906 15904
15977 15915 15906
15973 15907 15903
15978 15979 15980
15979 15978 15981
15982 15983 15984
15983 15982 15985
15986 15987 15988
15987 15986 15989
15990 15991 15992
15991 15990 15993
15994 15995 15996
15994 15997 15995
15998 15999 16000
15999 16001 16000
15998 16000 16002
16003 16004 16005
16006 16004 16003
16006 16003 16007
16008 16009 16010
16011 16009 16008
16012 16013 16014
16015 16016 16017
16018 16015 16017
16019 16020 16021
16020 16019 16022
16023 16024 16025
16024 16023 16026
16027 16028 16029
16028 16027 16030
16031 16032 16033
16032 16031 16034
16035 16036 16037
16035 16037 16038
16039 16040 16041
16041 16040 16042
16039 16043 16040
16044 16045 16046
16047 16044 16046
16047 16048 16044
16049 16050 16051
16052 16049 16051
16053 16054 16055
16056 16057 16058
16059 16057 16056
15951 16060 15954
15957 16060 15951
15949 15933 15940
15933 16061 15934
15956 16061 15933
