byte offset: 0
first index: 0
index count: 2466
topology: trianglelist
format: DXGI_FORMAT_R16_UINT

0 1 2
1 0 3
4 1 3
1 4 5
1 6 2
7 2 6
2 7 8
8 0 2
6 1 9
5 9 1
10 6 9
6 10 11
9 12 10
12 9 13
9 5 13
0 14 3
14 0 15
16 14 15
14 16 17
17 18 14
3 18 4
18 3 14
18 17 19
16 20 17
20 16 21
22 20 21
20 22 23
23 24 20
17 24 19
24 17 20
24 23 25
16 26 21
26 22 21
26 16 27
22 28 23
28 22 29
30 28 29
28 30 31
31 32 28
23 32 25
32 23 28
32 31 33
22 34 29
34 30 29
34 22 35
22 26 35
30 34 36
16 37 27
37 16 15
0 37 15
37 0 38
0 8 38
39 40 41
40 39 42
41 43 39
43 41 44
39 45 42
45 46 42
46 45 47
45 39 48
40 49 41
49 40 50
51 49 50
49 51 52
52 53 49
41 53 44
53 41 49
53 52 54
40 55 50
55 40 56
56 42 46
51 57 52
57 51 58
59 57 58
57 59 60
60 61 57
52 61 54
61 52 57
61 60 62
51 63 58
63 51 64
50 64 51
64 50 55
59 10 60
10 59 11
59 65 11
65 59 66
58 66 59
66 58 63
60 12 62
12 60 10
65 6 11
6 65 7
42 56 40
67 39 43
39 67 48
68 69 70
69 68 71
69 72 70
72 69 73
74 69 71
75 74 71
68 75 71
74 75 76
69 74 77
77 73 69
74 78 77
78 74 79
78 80 77
73 77 80
80 78 81
82 68 70
68 82 83
82 84 83
84 82 85
82 86 85
86 82 87
88 84 85
84 88 89
88 90 89
90 88 91
88 92 91
92 88 93
93 85 86
85 93 88
94 84 89
90 94 89
84 94 95
96 90 91
92 96 91
90 96 97
96 98 97
98 96 99
100 99 96
96 92 100
99 100 101
102 90 97
90 102 103
94 90 103
104 97 98
97 104 102
105 84 95
84 105 83
105 68 83
68 105 106
75 68 106
107 108 109
108 107 110
108 111 109
111 108 112
113 108 110
110 114 113
114 110 115
107 115 110
108 113 116
117 107 109
107 117 118
117 119 118
119 117 120
117 121 120
121 117 122
122 109 111
109 122 117
123 107 118
119 123 118
107 123 124
115 107 124
125 119 120
119 125 126
125 127 126
127 125 128
125 129 128
129 125 130
130 120 121
120 130 125
131 119 126
119 131 132
123 119 132
78 127 128
127 78 79
133 127 79
127 133 134
126 134 131
134 126 127
128 81 78
81 128 129
74 133 79
133 74 76
87 70 72
70 87 82
108 135 112
135 108 116
136 137 138
137 136 139
140 138 137
138 140 141
142 141 140
141 142 143
144 143 142
143 144 145
146 145 144
145 146 147
148 147 146
147 148 149
150 139 136
139 150 151
152 151 150
151 152 153
154 153 152
153 154 155
156 141 143
141 156 157
143 158 156
158 143 145
159 145 147
145 159 158
152 160 154
160 152 161
150 161 152
161 150 162
136 162 150
162 136 163
136 164 163
164 136 138
138 157 164
157 138 141
164 165 163
165 164 166
157 166 164
166 157 167
156 167 157
167 156 168
158 168 156
168 158 169
159 169 158
169 159 170
171 170 159
170 171 172
161 173 160
174 163 165
163 174 162
175 162 174
173 161 175
162 175 161
176 165 166
167 176 166
165 176 177
176 167 178
168 178 167
178 168 179
168 180 179
180 168 169
181 169 170
169 181 180
182 170 172
170 182 181
175 183 173
183 175 184
174 184 175
184 174 185
165 185 174
185 165 177
186 160 187
187 188 186
188 187 189
160 186 154
190 154 186
154 190 155
191 189 187
189 191 192
173 187 160
187 173 191
183 191 173
191 183 193
193 192 191
194 186 188
186 194 190
195 194 188
189 195 188
194 195 196
195 197 196
197 195 198
199 198 195
195 189 199
192 199 189
198 199 200
201 200 199
199 192 201
200 201 202
203 202 201
202 203 204
205 201 192
201 205 203
192 193 205
147 171 159
171 147 149
206 207 208
208 207 209
209 207 210
210 207 211
211 207 212
212 207 213
213 207 214
214 207 215
216 207 206
217 207 216
218 207 217
219 207 218
220 207 219
221 222 223
222 221 224
225 221 223
221 225 226
227 226 225
226 227 228
229 228 227
228 229 230
231 230 229
230 231 232
233 232 231
232 233 234
235 222 224
222 235 236
237 236 235
236 237 238
239 238 237
238 239 240
239 241 240
241 239 242
242 243 241
243 242 244
244 245 243
245 244 246
246 247 245
247 246 248
249 250 251
250 249 252
252 253 250
253 252 254
254 255 253
255 254 256
256 257 255
257 256 258
258 259 257
259 258 260
260 261 259
261 260 262
251 263 249
263 251 264
264 265 263
265 264 266
266 267 265
267 266 268
254 269 256
269 254 270
256 271 258
271 256 269
258 272 260
272 258 271
273 265 267
265 273 274
274 263 265
263 274 275
276 263 275
263 276 249
277 249 276
249 277 252
270 252 277
252 270 254
276 278 277
278 270 277
278 276 279
270 278 280
280 269 270
269 280 281
281 271 269
271 281 282
282 272 271
272 282 283
284 272 283
272 284 285
286 274 273
276 287 279
287 276 275
275 288 287
274 286 288
288 275 274
289 278 279
278 289 290
291 278 290
278 291 280
292 280 291
280 292 281
293 281 292
281 293 282
293 283 282
283 293 294
294 284 283
284 294 295
296 288 286
297 296 286
286 298 297
299 297 298
298 300 299
300 298 301
273 301 298
298 286 273
301 273 267
267 302 301
302 267 268
297 299 303
296 297 304
303 304 297
305 301 302
301 305 300
305 306 300
306 299 300
306 305 307
308 306 307
306 308 309
309 310 306
299 306 310
310 303 299
310 309 311
311 312 310
303 310 312
312 311 313
313 314 312
314 313 315
316 312 314
312 316 303
304 303 316
288 296 317
317 287 288
287 317 318
318 279 287
279 318 289
285 260 272
260 285 262
319 320 321
320 322 321
322 323 321
323 324 321
324 325 321
325 326 321
326 327 321
327 328 321
329 319 321
330 329 321
331 330 321
332 331 321
333 332 321
334 335 336
335 334 337
337 338 335
338 337 339
339 340 338
340 339 341
341 342 340
342 341 343
343 344 342
344 343 345
345 346 344
346 345 347
336 348 334
348 336 349
350 348 349
348 350 351
350 352 351
352 350 353
354 352 353
352 354 355
356 355 354
355 356 357
358 357 356
357 358 359
360 359 358
359 360 361
362 363 364
363 362 365
364 366 362
366 364 367
367 368 366
368 367 369
369 370 368
370 369 371
363 372 364
372 367 364
372 363 373
367 372 374
367 375 369
375 367 374
376 369 375
369 376 371
377 378 379
378 377 380
381 380 377
380 381 382
383 382 381
382 383 384
385 384 383
384 385 386
387 378 380
382 387 380
378 387 388
387 382 389
382 390 389
390 382 384
386 390 384
390 386 391
392 393 394
393 392 395
393 396 394
396 393 397
398 396 397
396 398 399
400 399 398
399 400 401
394 402 392
402 394 403
396 403 394
403 396 404
399 404 396
404 399 405
406 399 401
399 406 405
407 408 409
408 407 410
411 409 408
409 411 412
411 413 412
413 411 414
415 413 414
413 415 416
417 408 410
408 417 418
419 408 418
408 419 411
419 414 411
414 419 420
420 415 414
415 420 421
422 423 424
423 422 425
423 426 424
426 423 427
428 426 427
426 428 429
422 430 425
430 422 431
431 432 430
432 431 433
434 432 433
432 434 435
436 435 434
435 436 437
438 437 436
437 438 439
440 439 438
439 440 441
442 441 440
441 442 443
444 443 442
443 444 445
446 445 444
445 446 447
448 447 446
447 448 449
450 449 448
449 450 451
452 451 450
451 452 453
454 453 452
453 454 455
456 457 458
457 456 459
460 459 456
459 460 461
462 461 460
462 463 461
464 463 462
464 462 465
464 465 466
465 462 467
462 460 467
460 456 467
461 463 468
469 461 468
461 469 470
470 469 471
471 472 470
472 473 470
473 459 461
470 473 461
473 472 474
472 471 475
474 472 475
473 474 476
476 477 473
473 477 459
478 477 476
478 479 477
480 479 478
479 480 481
479 481 482
482 477 479
480 483 481
483 480 484
483 484 485
483 485 486
483 486 487
483 487 488
488 482 481
488 481 483
477 482 457
459 477 457
489 457 482
489 458 457
458 489 490
488 491 482
491 489 482
492 491 488
488 487 492
491 492 493
493 494 491
491 494 489
494 493 495
495 496 494
496 495 497
497 498 496
498 497 499
499 500 498
500 499 501
494 496 502
502 489 494
502 490 489
498 500 503
504 498 503
498 504 496
496 504 502
505 500 501
500 505 506
506 503 500
507 506 505
506 507 508
507 509 508
509 507 510
503 506 511
508 511 506
511 508 512
508 513 512
513 508 509
505 514 507
514 510 507
514 505 515
501 515 505
510 514 516
515 501 517
517 499 518
497 518 499
518 497 519
495 519 497
519 495 520
493 520 495
520 493 521
499 517 501
492 521 493
521 492 522
487 522 492
522 487 523
486 523 487
523 486 524
486 525 524
525 486 485
485 526 525
526 485 484
484 527 526
527 484 480
480 528 527
528 480 478
478 529 528
529 478 476
474 529 476
529 474 530
475 530 474
530 475 531
475 532 531
532 475 471
471 533 532
533 471 469
469 534 533
534 469 468
468 535 534
535 468 463
463 536 535
536 463 464
466 536 464
536 466 537
538 539 540
539 538 541
542 539 541
541 543 542
544 542 543
544 543 545
546 544 545
546 547 544
546 548 547
547 549 544
544 549 542
542 549 539
543 550 545
551 550 543
543 552 551
552 553 551
554 553 552
554 552 555
555 543 541
552 543 555
555 556 554
553 554 557
556 557 554
555 558 556
558 555 559
555 541 559
560 558 559
560 559 561
561 562 560
562 561 563
561 564 563
559 564 561
565 562 563
562 565 566
565 567 566
565 568 567
565 569 568
565 570 569
570 563 564
570 565 563
564 559 538
541 538 559
571 564 538
540 571 538
571 540 572
570 564 573
573 564 571
573 574 570
570 574 569
574 573 575
576 575 573
573 571 576
575 576 577
578 577 576
577 578 579
580 579 578
579 580 581
582 581 580
581 582 583
576 584 578
584 576 571
584 571 572
580 585 582
586 585 580
580 578 586
578 584 586
582 587 583
587 582 588
585 588 582
588 589 587
589 588 590
591 589 590
589 591 592
588 585 593
593 590 588
590 593 594
595 590 594
590 595 591
596 587 589
592 596 589
587 596 597
597 583 587
596 592 598
583 597 599
599 581 583
581 599 600
600 579 581
579 600 601
601 577 579
577 601 602
602 575 577
575 602 603
603 574 575
574 603 604
604 569 574
569 604 605
605 568 569
568 605 606
607 568 606
568 607 567
608 567 607
567 608 566
609 566 608
566 609 562
610 562 609
562 610 560
611 560 610
560 611 558
611 556 558
556 611 612
612 557 556
557 612 613
614 557 613
557 614 553
615 553 614
553 615 551
616 551 615
551 616 550
617 550 616
550 617 545
618 545 617
545 618 546
618 548 546
548 618 619
