byte offset: 0
first index: 0
index count: 7779
topology: trianglelist
format: DXGI_FORMAT_R16_UINT

0 1 2
0 2 3
0 3 4
4 3 5
4 5 6
3 2 7
3 7 8
6 5 9
9 5 10
10 5 3
10 3 8
9 10 11
12 9 11
13 9 12
6 9 13
13 12 14
14 12 15
14 15 16
16 15 17
16 17 18
18 17 19
18 19 20
20 19 21
20 21 22
19 23 21
15 12 24
12 11 24
15 24 25
25 17 15
19 17 26
25 26 17
26 25 27
26 27 28
19 26 28
19 28 29
19 29 23
29 30 23
29 31 30
31 29 28
31 28 27
27 32 31
27 33 32
25 24 33
25 33 27
23 30 34
23 34 35
21 23 35
30 36 34
30 37 36
31 32 37
31 37 30
37 38 36
37 39 38
32 39 37
39 40 38
39 41 40
33 42 32
32 42 39
42 41 39
33 43 42
40 41 44
40 44 45
44 46 45
44 47 46
48 42 43
48 49 42
49 44 41
42 49 41
48 50 49
49 50 44
50 47 44
48 51 50
51 52 50
50 52 47
51 53 52
53 54 52
53 55 54
10 48 43
56 48 10
56 10 8
10 43 11
8 57 56
8 7 57
7 58 57
7 59 58
2 59 7
2 1 59
52 54 60
60 54 61
61 54 55
62 60 61
47 60 62
47 62 46
46 62 63
63 62 61
46 63 64
64 63 65
65 63 61
64 65 66
67 64 66
67 66 68
69 68 66
69 66 70
71 69 70
71 72 69
72 73 69
72 74 73
74 75 73
74 76 75
76 77 75
76 78 77
78 79 77
78 80 79
81 79 80
81 82 79
83 67 68
83 68 84
85 83 84
83 85 38
83 38 40
40 67 83
85 84 86
38 85 87
87 85 86
38 87 36
81 80 88
89 81 88
89 88 90
90 88 91
90 91 92
93 90 92
93 92 94
95 93 94
95 96 93
96 97 93
90 93 97
90 97 89
96 98 97
98 99 97
99 89 97
98 100 99
100 101 99
100 102 101
103 95 94
103 94 104
99 101 105
99 105 82
94 92 106
94 106 104
104 106 107
104 107 108
109 103 104
109 104 108
110 109 108
110 108 111
107 111 108
112 110 111
112 111 113
112 113 114
111 115 113
111 116 115
107 116 111
117 116 107
117 107 118
107 106 119
107 119 118
116 117 120
116 120 115
115 120 121
115 121 122
113 115 122
113 122 114
123 118 119
124 123 119
78 123 124
80 78 124
78 76 123
76 125 123
123 125 118
76 74 125
72 125 74
72 126 125
72 127 126
72 71 127
128 127 71
128 129 127
128 130 129
128 131 130
127 129 132
127 132 133
126 127 133
80 124 91
80 91 88
125 126 134
126 133 134
125 134 118
129 130 135
129 135 132
130 131 136
135 130 136
70 128 71
70 137 128
66 137 70
66 65 137
137 65 138
65 61 138
138 61 139
138 139 140
140 139 141
142 138 140
141 142 140
143 142 141
144 142 143
144 145 142
142 145 138
137 138 145
128 137 145
128 145 144
24 11 43
24 43 33
105 35 34
105 34 146
21 35 105
87 146 34
87 34 36
79 105 146
79 82 105
77 79 146
77 146 87
75 77 87
75 87 86
73 75 86
73 86 84
69 73 84
69 84 68
99 82 81
99 81 89
92 91 119
92 119 106
124 119 91
40 45 67
45 64 67
45 46 64
147 148 149
147 150 148
149 148 151
149 151 152
149 152 153
149 153 154
154 153 155
154 155 156
152 151 157
152 157 158
153 152 158
158 157 159
158 159 160
161 158 160
153 158 161
161 160 162
151 163 157
151 164 163
165 159 157
165 166 159
167 166 165
167 168 166
163 164 169
163 169 170
164 171 169
164 150 171
160 159 172
160 172 173
162 160 173
162 173 174
175 162 174
175 176 162
177 176 175
177 175 178
179 177 178
179 178 180
181 179 180
181 180 182
183 181 182
183 182 184
176 177 185
176 185 186
187 186 185
187 155 186
188 187 185
189 187 188
189 188 190
190 188 191
190 191 192
192 191 193
192 193 194
194 193 195
194 195 196
196 195 197
196 197 198
197 195 199
197 199 200
200 199 201
200 201 202
195 193 203
195 203 204
204 203 183
204 183 201
193 191 205
193 205 203
191 206 205
179 205 206
177 179 206
177 206 185
188 185 206
191 188 206
179 181 205
181 183 203
181 203 205
202 201 207
202 207 208
201 183 184
201 184 207
209 168 210
209 210 211
211 210 212
211 212 213
210 168 167
166 168 209
213 212 214
214 212 215
215 212 210
214 215 216
216 217 214
216 218 217
213 214 219
215 220 216
220 218 216
215 221 220
215 210 222
210 167 222
223 222 167
224 223 167
225 223 224
225 224 226
227 226 224
225 228 223
228 221 215
228 215 222
223 228 222
225 229 228
229 221 228
229 230 221
220 221 230
227 224 165
227 165 231
224 167 165
220 230 232
232 233 220
232 234 233
233 234 235
233 235 236
235 237 236
236 237 238
236 238 239
239 238 240
239 240 241
235 242 237
238 243 240
238 244 243
237 244 238
237 245 244
242 245 237
242 246 245
241 240 247
241 247 248
240 243 249
240 249 247
250 241 248
250 217 241
217 239 241
214 217 250
214 250 219
217 218 239
218 236 239
218 233 236
220 233 218
244 245 251
244 251 252
251 253 252
252 253 254
252 254 255
251 256 253
257 256 251
257 258 256
253 259 254
253 260 259
256 260 253
256 261 260
258 261 256
258 262 261
254 263 255
254 264 263
259 264 254
265 252 255
265 244 252
245 257 251
245 246 257
249 255 263
249 243 255
259 260 266
259 266 267
267 268 259
259 268 264
267 269 268
270 266 271
270 271 272
272 269 270
272 271 273
271 274 273
266 274 271
274 275 273
266 276 274
276 275 274
276 277 275
272 278 269
273 279 272
260 276 266
260 261 276
261 277 276
261 262 277
280 281 282
280 282 283
281 284 282
281 285 284
283 282 286
282 284 286
170 281 280
170 169 281
169 285 281
169 171 285
287 288 289
287 289 290
291 288 287
291 292 288
289 288 293
289 293 294
288 292 295
288 295 293
296 295 292
296 292 297
297 292 291
297 291 298
299 297 298
299 300 297
297 300 301
297 301 296
302 301 300
303 300 299
302 300 303
303 304 302
303 305 304
304 305 306
307 308 309
307 309 310
311 309 308
311 308 312
313 311 312
313 312 314
310 315 307
310 316 315
317 315 316
317 316 318
318 319 317
318 320 319
319 320 321
156 155 187
156 187 189
186 155 153
186 153 161
162 186 161
162 176 186
159 166 322
159 322 172
322 323 172
166 209 322
324 325 326
324 326 327
325 328 326
325 329 328
329 330 328
329 331 330
326 332 327
326 333 332
328 333 326
333 334 332
333 335 334
336 335 333
328 336 333
336 337 335
324 327 338
327 339 338
327 340 339
339 341 338
339 342 341
342 343 341
342 344 343
341 343 345
341 345 346
338 341 346
338 346 347
324 338 347
337 348 335
335 348 349
335 349 350
337 351 348
352 351 337
352 337 353
354 352 353
354 355 352
356 355 354
356 357 355
358 357 356
358 359 357
360 359 358
360 361 359
337 362 353
337 336 362
362 336 328
362 328 330
363 362 330
363 364 362
353 362 364
353 364 354
365 364 363
366 365 363
366 367 365
367 368 365
367 369 368
369 370 368
369 371 370
371 372 370
371 373 372
373 374 372
373 375 374
374 376 372
374 377 376
377 378 376
377 379 378
372 380 370
372 381 380
381 378 360
381 360 380
370 380 382
370 382 368
368 382 383
356 383 382
354 383 356
354 364 383
365 383 364
368 383 365
356 382 358
358 382 380
358 380 360
379 384 378
379 385 384
378 384 361
378 361 360
386 387 388
386 388 389
387 390 388
387 391 390
388 392 389
392 393 389
393 386 389
392 394 393
394 332 393
393 395 386
391 396 390
396 397 390
397 388 390
396 398 397
398 396 399
398 399 400
391 401 396
397 398 402
400 402 398
397 402 403
404 332 394
404 394 405
406 394 392
406 392 407
408 406 407
408 409 406
408 407 410
410 397 403
408 410 411
411 410 403
411 403 412
402 412 403
410 413 397
407 413 410
397 413 388
407 392 413
388 413 392
402 414 412
402 415 414
409 416 406
402 417 415
400 417 402
400 418 417
400 419 418
418 419 420
418 420 421
422 418 421
417 418 422
417 422 415
422 421 423
421 420 424
420 425 424
420 426 425
427 426 420
427 428 426
421 424 429
423 421 429
423 429 430
428 431 426
428 432 431
426 431 433
426 433 425
434 432 428
434 428 399
399 428 427
396 434 399
396 401 434
399 427 400
424 425 435
424 435 436
436 435 437
436 437 438
437 435 439
437 439 440
441 437 440
441 440 442
442 443 441
442 444 443
441 443 445
441 445 446
446 438 437
446 437 441
447 438 446
448 438 447
448 449 438
450 448 447
450 447 451
451 447 446
451 446 452
446 445 453
446 453 452
430 448 450
430 429 448
429 436 448
429 424 436
453 445 454
445 455 454
455 456 454
457 456 455
454 456 458
453 454 458
459 457 455
459 444 457
445 459 455
460 461 462
462 461 463
343 460 462
343 344 460
345 343 462
345 462 463
464 465 466
464 466 467
468 464 467
468 467 469
469 467 470
469 470 471
472 469 471
472 473 469
474 473 472
475 473 474
475 476 473
469 473 476
469 476 468
474 472 477
478 474 477
478 479 474
474 479 480
474 480 475
480 479 481
467 466 482
467 482 470
483 479 478
481 479 483
483 484 481
485 486 487
485 487 488
489 488 487
489 490 488
486 485 491
486 491 492
493 492 491
493 494 492
494 493 495
494 495 496
495 497 496
498 490 489
498 499 490
331 366 363
331 363 330
500 349 501
350 349 500
350 500 502
502 500 503
502 503 504
393 502 504
393 504 395
395 504 505
395 505 506
504 503 507
504 507 505
506 505 508
505 507 508
393 334 502
393 332 334
509 510 511
509 511 512
513 510 509
513 514 510
513 515 514
513 516 515
516 517 515
516 518 517
518 519 517
518 520 519
520 521 519
520 522 521
522 523 521
522 524 523
524 525 523
524 526 525
526 527 525
526 528 527
527 528 529
527 529 530
529 531 530
425 433 439
425 439 435
532 533 534
532 534 535
533 536 534
533 537 536
537 538 536
537 539 538
539 540 538
539 541 540
541 542 540
541 543 542
543 544 542
543 545 544
545 546 544
545 547 546
547 548 546
547 549 548
549 550 548
549 551 550
550 551 552
550 552 553
552 554 553
555 556 557
555 557 558
558 557 559
558 559 560
560 559 561
560 561 562
562 561 563
562 563 564
565 556 555
565 566 556
567 566 565
567 568 566
567 569 568
567 570 569
570 571 569
570 572 571
572 573 571
572 574 573
561 559 575
561 575 576
563 561 576
563 576 577
566 568 578
566 578 579
556 566 579
556 579 580
557 556 580
557 580 581
559 557 581
559 581 575
569 571 582
571 573 583
571 583 582
584 574 572
585 584 572
586 584 585
586 585 587
587 585 588
587 588 589
589 588 590
589 590 591
591 590 592
591 592 593
593 592 594
593 594 595
595 594 596
595 596 597
597 596 598
597 598 599
599 598 600
599 600 601
601 600 602
601 602 603
603 602 604
603 604 605
605 604 606
605 606 607
607 606 608
598 596 609
598 609 610
600 598 610
600 610 611
602 600 611
602 611 612
604 602 612
604 612 613
606 604 613
606 613 614
608 606 614
596 615 609
596 594 615
594 616 615
594 592 616
592 617 616
592 590 617
590 567 617
590 588 567
588 570 567
588 585 570
585 572 570
618 619 620
620 619 621
564 619 618
564 563 619
563 621 619
563 577 621
622 623 584
622 584 586
584 623 574
623 624 574
623 625 624
622 625 623
574 624 626
574 626 573
573 626 627
573 627 583
622 628 625
629 625 628
630 629 628
631 629 630
631 630 632
631 633 629
629 633 625
631 634 633
635 633 634
635 636 633
633 636 625
632 630 637
630 628 638
637 630 638
625 636 639
626 639 640
626 640 627
624 639 626
625 639 624
641 642 643
643 642 644
643 644 645
643 645 646
646 645 647
646 647 648
648 647 649
648 649 650
650 649 651
652 653 654
655 653 652
655 656 653
657 656 655
657 658 656
659 658 657
659 660 658
659 661 660
659 662 661
663 662 659
660 661 664
665 666 667
665 667 668
669 665 668
669 668 670
671 669 670
671 670 672
666 673 667
666 674 673
675 671 672
674 676 673
674 677 676
677 678 676
677 679 678
568 569 680
568 680 578
569 582 680
535 681 682
535 682 532
681 683 682
684 685 686
687 688 689
687 689 690
691 692 693
691 693 694
695 696 697
695 697 698
699 700 701
699 701 702
703 704 705
703 705 706
707 708 709
707 709 710
711 712 713
711 713 714
715 716 717
715 717 718
719 720 721
719 721 722
723 724 725
723 725 726
727 728 729
727 729 730
731 732 733
731 733 734
735 736 737
735 737 738
739 740 741
739 741 742
743 744 745
743 745 746
747 748 749
750 751 752
750 752 753
754 755 756
756 757 754
757 758 754
759 760 761
759 761 762
763 764 765
766 767 768
766 768 769
770 771 772
770 772 773
774 775 776
774 776 777
778 779 780
778 780 781
782 783 784
782 784 785
786 787 788
789 790 791
789 791 792
793 794 795
793 795 796
797 798 799
797 799 800
801 802 803
801 803 804
805 806 807
805 807 808
809 810 811
809 811 812
813 814 815
813 815 816
817 818 819
817 819 820
821 822 823
821 823 824
825 826 827
825 827 828
829 830 831
829 831 832
833 834 835
833 835 836
834 837 835
834 838 837
839 840 841
839 841 842
843 844 845
846 847 848
846 848 849
850 851 852
850 852 853
853 852 854
853 854 855
855 854 856
855 856 857
858 851 850
858 859 851
860 859 858
861 862 863
864 862 861
864 865 862
866 865 864
866 867 865
868 867 866
868 869 867
868 870 869
868 871 870
148 150 164
148 164 151
52 60 47
872 873 874
872 874 875
873 876 874
873 877 876
878 872 875
878 875 879
880 878 879
880 879 881
882 880 881
882 881 883
884 882 883
884 883 885
886 884 885
886 885 887
888 886 887
888 887 889
890 888 889
890 889 891
892 890 891
892 891 893
894 892 893
894 893 895
896 894 895
896 895 897
898 899 900
898 900 901
901 900 902
900 903 902
900 904 903
899 904 900
901 902 905
903 906 902
903 907 906
908 907 903
909 908 903
909 910 908
908 911 907
912 911 908
910 912 908
912 913 911
902 906 914
902 914 905
911 915 907
911 916 915
913 916 911
907 915 917
907 917 906
906 917 918
906 918 914
914 918 919
914 919 920
920 905 914
918 921 919
918 922 921
917 922 918
916 923 915
916 924 923
915 923 925
915 925 917
917 925 922
913 926 916
926 924 916
926 927 924
921 922 928
921 928 929
928 930 929
928 931 930
932 931 928
922 925 932
922 932 928
932 933 931
925 923 934
925 934 932
924 934 923
934 935 932
932 935 933
934 936 935
924 927 937
924 937 938
938 936 934
924 938 934
933 939 931
933 940 939
935 940 933
931 939 941
931 941 942
936 943 935
935 943 940
936 944 943
941 939 945
941 945 946
940 943 947
940 947 948
948 945 939
948 939 940
945 948 949
945 949 950
946 945 950
949 951 950
949 952 951
953 952 949
948 947 953
948 953 949
953 954 952
946 950 955
956 954 953
947 956 953
956 957 954
958 957 956
958 959 957
950 951 960
950 960 955
958 961 959
958 962 961
947 963 956
963 958 956
963 964 958
964 962 958
965 964 963
965 966 964
964 966 962
965 967 966
965 963 968
963 943 968
963 947 943
968 943 969
969 943 944
969 944 970
971 966 967
962 966 971
971 967 972
973 971 972
974 973 972
974 972 975
975 972 967
976 973 974
977 976 974
975 977 974
977 978 976
979 978 977
979 980 978
980 981 978
980 982 981
982 983 981
982 984 983
985 980 979
985 979 986
987 985 986
987 988 985
989 988 987
989 990 988
991 990 989
992 991 989
992 989 993
993 989 987
991 994 990
995 994 991
995 991 996
996 991 992
996 992 912
993 912 992
996 912 910
997 994 995
997 998 994
999 998 997
999 1000 998
994 998 1001
994 1001 990
998 1000 1002
998 1002 1001
990 1001 1003
990 1003 988
1001 1002 1004
1001 1004 1003
1002 1005 1004
1002 1006 1005
1004 1005 1007
1004 1007 1008
1003 1004 1008
988 1003 1009
1003 1008 1009
988 1009 985
1006 1002 1010
1006 1010 999
1007 984 1008
1007 1011 984
984 1011 1012
984 1012 1013
1009 980 985
1009 982 980
1008 984 982
1008 982 1009
983 1012 1014
983 1014 1015
981 983 1015
981 1015 1016
1014 1017 1015
1014 1018 1017
1019 1016 1015
1019 1015 1017
1017 1020 1019
1017 1021 1020
1016 1019 1022
1016 1022 1023
1019 1020 1024
1019 1024 1022
1022 976 1023
1022 1025 976
1024 1025 1022
976 1025 973
1025 1026 973
973 1026 971
1025 1027 1026
1024 1027 1025
1028 1027 1024
1028 1029 1027
1026 1027 1029
971 1026 1030
1026 1029 1030
971 1030 1031
962 971 1031
1020 1021 1032
1033 1032 1021
1033 1034 1032
1032 1034 1035
1032 1035 1036
1037 1032 1036
1037 1036 1038
1028 1037 1038
1028 1038 1039
1039 1029 1028
1020 1032 1037
1024 1020 1037
1024 1037 1028
1039 1038 1040
1039 1040 1041
1039 1041 1042
1039 1042 1043
1044 1039 1043
1044 1043 1045
1046 1045 1043
1047 1045 1046
1047 1046 1048
1049 1047 1048
1049 1048 1050
1048 1051 1050
1050 1051 1052
1050 1052 1053
1053 1049 1050
1048 1054 1051
1051 1054 1055
1054 1056 1055
1054 1057 1056
1051 1055 1058
1055 1056 1059
1055 1059 1060
1058 1055 1060
1058 1060 1061
1062 1058 1061
1062 1052 1051
1062 1051 1058
1063 1052 1062
1063 1062 1064
1063 1064 1065
1063 1065 1066
1066 1065 1067
1066 1067 1068
1065 1069 1067
1065 1070 1069
1064 1070 1065
1064 1071 1070
1070 1072 1069
1070 1073 1072
1071 1073 1070
1071 1074 1073
1064 1062 1075
1064 1075 1071
1062 1061 1075
1071 1075 1076
1071 1076 1074
1075 1061 1077
1075 1077 1076
1066 1078 1063
1053 1063 1078
1079 1053 1078
1079 1078 1080
1079 1080 1081
1081 1080 1082
1081 1082 1083
1079 1084 1053
1053 1084 1049
1084 1085 1049
1049 1085 1086
1049 1086 1047
1084 961 1085
1053 1087 1063
1066 1080 1078
1068 1082 1080
1068 1080 1066
957 1079 1081
957 959 1079
959 961 1084
959 1084 1079
954 957 1081
954 1081 1083
952 954 1083
952 1083 1088
1083 1089 1088
1088 1089 1090
1088 1090 1091
1089 1092 1090
1089 1093 1092
1094 1093 1089
1083 1094 1089
1094 1095 1093
1090 1092 1096
1090 1096 1097
1091 1090 1097
1091 1097 1098
1093 1095 1099
1093 1099 1100
1092 1093 1100
1100 1099 1101
1101 1102 1100
1096 1092 1102
1092 1100 1102
1103 1102 1101
1096 1102 1103
1104 1091 1098
1104 951 1091
951 1088 1091
951 952 1088
1105 1106 1107
1105 1107 1108
1106 1109 1107
1106 1110 1109
1111 1106 1105
1111 1112 1106
1112 1110 1106
1109 1110 1113
1109 1113 1114
1113 1115 1114
1113 1116 1115
1116 1117 1115
1116 1118 1117
1117 1118 1119
1117 1119 1120
1119 1121 1120
1119 1122 1121
1122 1123 1121
1122 1124 1123
1125 1124 1122
1118 1126 1119
1118 1127 1126
1128 1116 1113
1129 1128 1113
1128 1129 1130
1128 1130 1131
1131 1132 1128
1132 1127 1118
1131 1133 1132
1133 1127 1132
1133 1134 1127
1135 1130 1129
1135 1129 1112
1111 1135 1112
1112 1129 1110
1129 1113 1110
1128 1132 1116
1132 1118 1116
1136 1126 1127
1136 1127 1134
1137 1126 1136
1137 1136 1138
1138 1139 1137
1138 1140 1139
1137 1139 1119
1119 1126 1137
1139 1140 1141
1139 1141 1125
1141 1142 1125
1125 1142 1143
1125 1143 1124
1124 1143 1144
1143 1145 1144
1124 1144 1146
1144 1147 1146
1146 1147 1148
1146 1148 1149
1144 1150 1147
1147 1151 1148
1147 1152 1151
1150 1152 1147
1150 1153 1152
1152 1154 1151
1152 1155 1154
1156 1155 1152
1156 1157 1155
1123 1124 1146
1123 1146 1149
1158 1149 1148
1123 1149 1158
1158 1148 1159
1159 1148 1151
1160 1158 1159
1160 1159 1161
1159 1151 1162
1161 1159 1162
1162 1151 1154
1161 1162 1163
1162 1154 1164
1163 1162 1164
1163 1164 1165
1123 1158 1166
1166 1158 1160
1167 1123 1166
1167 1168 1123
1169 1168 1167
1169 1120 1168
1170 1169 1167
1170 1167 1171
1171 1167 1166
1117 1120 1169
1117 1169 1172
1173 1117 1172
1173 1115 1117
1174 1115 1173
1174 1114 1115
1109 1114 1174
1109 1174 1175
1176 1109 1175
1176 1107 1109
1177 1107 1176
1177 1108 1107
1178 1177 1176
1178 1176 1179
1179 1176 1175
1178 1179 1180
1180 1179 1181
1179 1175 1181
1181 1175 1174
1180 1181 1182
1183 1182 1181
1181 1174 1183
1183 1174 1173
1183 1184 1182
1184 1183 1185
1184 1185 1186
1186 1185 1187
1186 1187 1188
1183 1173 1185
1185 1173 1172
1185 1172 1187
1172 1189 1187
1189 1188 1187
1172 1169 1189
1169 1170 1189
1170 1190 1189
1170 1191 1190
1191 1170 1192
1191 1192 1193
1190 1194 1189
1189 1194 1188
1192 1170 1171
1195 1192 1171
1195 1171 1196
1171 1166 1196
1166 1160 1196
1195 1196 1197
1195 1197 1198
1197 1199 1198
1197 1200 1199
1201 1200 1197
1201 1202 1200
1200 1202 1203
1200 1203 1204
1199 1200 1204
1199 1204 1205
1205 1204 1206
1204 1207 1206
1208 1209 1197
1208 1210 1209
1211 1212 1213
1211 1213 1214
1211 1215 1212
1211 1216 1215
937 1216 1211
937 1211 1214
937 1217 1216
1216 1217 979
1218 979 1217
1218 1217 937
1218 986 979
1219 986 1218
926 1219 1218
913 1219 926
913 993 1219
926 1218 927
1218 937 927
993 987 1219
1219 987 986
993 913 912
1216 979 977
975 1216 977
975 967 1212
1212 967 1220
1212 1220 1213
1221 1220 1222
1221 1222 944
1214 1221 944
1214 944 936
938 1214 936
937 1214 938
1223 1224 1225
1223 1225 1226
1227 1224 1223
1227 1228 1224
1225 1224 1229
1224 1228 1230
1231 1226 1225
1231 1225 1232
1225 1229 1232
1233 1231 1232
1233 1232 1234
1232 1229 1234
1154 1223 1226
1154 1155 1223
1155 1227 1223
1155 1157 1227
1164 1154 1226
1164 1226 1231
1165 1164 1235
1165 1235 1233
1236 1237 1238
1236 1238 1239
1238 1237 1240
1237 1241 1240
1242 1241 1237
1242 1237 1243
1242 1244 1241
1244 1240 1241
1242 1245 1244
1245 1246 1244
1246 1240 1244
1245 1247 1246
1247 1248 1246
1248 1240 1246
1247 1249 1248
1249 1250 1248
1250 1240 1248
1249 1251 1250
1072 1243 1239
1072 1073 1243
1073 1242 1243
1073 1074 1242
1074 1245 1242
1074 1076 1245
1076 1247 1245
1076 1077 1247
1077 1249 1247
1252 1251 1249
1077 1252 1249
1252 1253 1251
1060 1254 1253
1060 1253 1255
1061 1060 1255
1061 1255 1077
1143 1256 1257
1143 1257 1145
1142 1256 1143
1142 1258 1256
1256 1258 1259
1256 1259 1260
1260 1259 1261
1262 1260 1261
1263 1256 1260
1263 1260 1262
1264 1265 1266
1267 1264 1266
1267 1266 1268
1269 1267 1268
1269 1268 1270
1270 1268 1271
1270 1271 1272
1272 1271 1273
1272 1273 1274
1274 1273 1275
1273 1276 1275
1271 1276 1273
1276 1277 1275
1278 1277 1276
1271 1278 1276
1268 1266 1278
1268 1278 1271
1278 1279 1277
1266 1265 1279
1266 1279 1278
1265 1280 1279
1265 1281 1280
1281 1282 1280
1281 1283 1282
1279 1280 1284
1279 1284 1277
1277 1284 1285
1284 1286 1285
1280 1282 1286
1280 1286 1284
1286 1282 1287
1286 1287 1288
1285 1286 1288
1289 1282 1283
1289 1283 1290
1290 1283 1291
1292 1293 996
1293 995 996
1293 1294 995
995 1294 997
1294 999 997
1294 1295 999
999 1295 1296
999 1296 1006
1292 996 910
1297 910 1298
1298 910 909
1298 904 899
1299 1108 1300
1299 1301 1108
1177 1300 1108
1177 1302 1300
1178 1302 1177
1301 1105 1108
1303 1105 1301
1303 1111 1105
1304 1305 976
1306 1029 1044
1306 1044 1086
1039 1044 1029
1086 1044 1045
1086 1045 1047
1086 1085 1031
1086 1031 1030
1085 962 1031
1085 961 962
1307 1057 1054
1307 1054 1048
1048 1046 1308
1048 1308 1309
1308 1310 1309
1308 1311 1310
1310 1311 1312
1313 1312 1311
1314 1312 1313
1315 1312 1314
1310 1312 1315
1313 1311 1316
1316 1311 1308
1316 1317 1313
1313 1317 1318
1316 1319 1317
1320 1319 1316
1320 1316 1321
1316 1308 1321
1046 1321 1308
1046 1322 1321
1322 1320 1321
1046 1043 1322
1043 1323 1322
1322 1323 1320
1043 1324 1323
1325 1326 1327
1327 1326 1193
1327 1193 1192
1328 1327 1192
1329 1327 1328
1328 1192 1330
978 981 1016
978 1016 1023
1036 1035 1331
1036 1331 1332
1332 1331 1333
1333 1040 1332
1332 1040 1038
1332 1038 1036
1041 1040 1334
1042 1041 1334
1017 1018 1033
1017 1033 1021
1122 1139 1125
1119 1139 1122
898 901 920
898 920 1335
920 901 905
1336 1337 1338
1336 1338 1339
1337 1340 1338
1337 1341 1340
1341 1342 1340
1341 1343 1342
1343 1344 1342
1343 1345 1344
1345 1346 1344
1345 1347 1346
1347 1348 1346
1347 1349 1348
1349 1350 1348
1349 1351 1350
1339 1338 1352
1339 1352 1353
1338 1340 1354
1338 1354 1352
1340 1342 1355
1340 1355 1354
1342 1344 1356
1342 1356 1355
1344 1346 1357
1344 1357 1356
1346 1348 1358
1346 1358 1357
1348 1350 1359
1348 1359 1358
1352 1354 1360
1352 1360 1361
1354 1355 1362
1354 1362 1360
1355 1356 1363
1355 1363 1362
1356 1357 1364
1356 1364 1363
1357 1358 1365
1357 1365 1364
1358 1359 1366
1358 1366 1367
1358 1367 1365
1362 1363 1368
1362 1368 1369
1370 1368 1363
1370 1363 1364
1364 1365 1371
1364 1371 1370
1365 1367 1372
1365 1372 1371
1372 1367 1366
1366 1359 1373
1366 1373 1374
1373 1375 1374
1373 1376 1375
1377 1376 1373
1377 1378 1376
1379 1378 1377
1379 1380 1378
1380 1381 1378
1380 1382 1381
1378 1381 1383
1378 1383 1384
1381 1385 1383
1381 1386 1385
1387 1386 1381
1387 1388 1386
1388 1389 1386
1388 1390 1389
1390 1391 1389
1390 1392 1391
1386 1389 1393
1386 1393 1385
1389 1391 1394
1389 1394 1393
1384 1383 1395
1384 1395 1375
1383 1385 1396
1383 1396 1395
1385 1393 1397
1385 1397 1396
1393 1394 1398
1393 1398 1397
1375 1395 1399
1375 1399 1400
1374 1375 1400
1374 1400 1401
1395 1396 1402
1395 1402 1399
1396 1397 1403
1396 1403 1402
1397 1398 1404
1401 1400 1405
1401 1405 1406
1400 1399 1407
1400 1407 1405
1399 1402 1408
1399 1408 1407
1402 1403 1409
1402 1409 1410
1406 1405 1411
1406 1411 1412
1407 1408 1413
1414 1409 1403
1414 1404 1415
1414 1415 1416
1416 1415 1417
1416 1417 1418
1418 1417 1419
1418 1419 1420
1417 1415 1421
1415 1422 1421
1415 1423 1422
1417 1421 1424
1423 1398 1422
1417 1425 1419
1420 1419 1426
1420 1426 1427
1428 1425 1417
1428 1417 1424
1429 1425 1428
1419 1425 1429
1419 1429 1426
1429 1428 1430
1431 1371 1432
1371 1431 1433
1371 1433 1370
1368 1370 1433
1368 1433 1434
1368 1434 1435
1368 1435 1369
1369 1435 1436
1369 1436 1437
1362 1369 1437
1362 1437 1360
1360 1437 1438
1360 1438 1361
1361 1438 1439
1361 1439 1440
1352 1361 1440
1352 1440 1353
1438 1441 1439
1438 1442 1441
1437 1436 1442
1437 1442 1438
1432 1443 1444
1444 1443 1445
1445 1443 1446
1445 1446 1447
1447 1446 1406
1447 1406 1412
1446 1401 1406
1446 1448 1401
1443 1448 1446
1448 1374 1401
1448 1449 1374
1443 1372 1448
1372 1366 1448
1443 1432 1371
1443 1371 1372
1450 1432 1444
1412 1411 1451
1411 1452 1451
1411 1453 1452
1454 1453 1411
1453 1455 1452
1455 1453 1456
1455 1456 1457
1456 1458 1457
1456 1459 1458
1458 1459 1460
1458 1460 1461
1462 1460 1459
1462 1459 1413
1459 1456 1463
1459 1463 1413
1453 1454 1463
1453 1463 1456
1407 1413 1463
1463 1454 1407
1413 1408 1462
1407 1454 1405
1405 1454 1411
1464 1465 1466
1464 1466 1467
1468 1466 1465
1469 1468 1465
1469 1465 1409
1464 1409 1465
1414 1469 1409
1468 1470 1466
1467 1466 1471
1467 1471 1472
1466 1470 1473
1466 1473 1471
1464 1410 1409
1397 1404 1414
1403 1397 1414
1474 1475 1476
1477 1474 1476
1477 1476 1478
1479 1477 1478
1479 1480 1477
1481 1480 1479
1481 1479 1482
1483 1484 1485
1483 1485 1486
1484 1487 1485
1484 1488 1487
1488 1489 1487
1488 1490 1489
1491 1489 1490
1359 1350 1377
1359 1377 1373
1350 1379 1377
1350 1351 1379
1492 1379 1351
1492 1380 1379
1492 1387 1380
1492 1493 1387
1493 1388 1387
1493 1390 1388
1493 1392 1390
1493 1494 1392
1495 1492 1351
1495 1351 1349
1495 1349 1347
1496 1495 1347
1496 1347 1345
1496 1345 1343
1496 1343 1341
1497 1496 1341
1497 1341 1337
1498 1497 1337
1498 1337 1336
1499 1500 1501
1499 1501 1502
1502 1501 1503
1502 1503 1504
1504 1503 1505
1504 1505 1506
1506 1505 1507
1506 1507 1508
1508 1507 1509
1508 1509 1510
1510 1509 1511
1510 1511 1512
1512 1511 1513
1512 1513 1514
1500 1515 1501
1500 1516 1515
1501 1515 1517
1501 1517 1503
1503 1517 1518
1503 1518 1505
1505 1518 1519
1505 1519 1507
1507 1519 1520
1507 1520 1509
1509 1520 1521
1509 1521 1511
1511 1521 1522
1511 1522 1513
1515 1523 1517
1515 1524 1523
1517 1523 1525
1517 1525 1518
1518 1525 1526
1518 1526 1519
1519 1526 1527
1519 1527 1520
1520 1527 1528
1520 1528 1521
1521 1529 1522
1521 1530 1529
1521 1528 1530
1525 1531 1526
1525 1532 1531
1533 1527 1526
1533 1526 1531
1527 1533 1534
1527 1534 1528
1528 1534 1535
1528 1535 1530
1535 1529 1530
1529 1536 1522
1529 1537 1536
1536 1537 1538
1536 1538 1539
1540 1536 1539
1540 1539 1541
1542 1540 1541
1542 1541 1543
1543 1541 1544
1543 1544 1545
1541 1546 1544
1541 1547 1546
1544 1546 1548
1544 1548 1549
1550 1544 1549
1550 1549 1551
1551 1549 1552
1551 1552 1553
1553 1552 1554
1553 1554 1555
1549 1548 1556
1549 1556 1552
1552 1556 1557
1552 1557 1554
1547 1558 1546
1547 1538 1558
1546 1558 1559
1546 1559 1548
1548 1559 1560
1548 1560 1556
1556 1560 1561
1556 1561 1557
1538 1562 1558
1538 1563 1562
1537 1563 1538
1537 1564 1563
1558 1562 1565
1558 1565 1559
1559 1566 1560
1559 1565 1566
1560 1567 1561
1564 1568 1563
1564 1569 1568
1563 1568 1570
1563 1570 1562
1562 1570 1571
1562 1571 1565
1565 1572 1566
1565 1573 1572
1569 1574 1568
1569 1575 1574
1570 1576 1571
1577 1566 1572
1577 1578 1567
1577 1579 1578
1579 1580 1578
1579 1581 1580
1581 1582 1580
1581 1583 1582
1580 1584 1578
1578 1584 1585
1578 1585 1586
1580 1587 1584
1586 1585 1561
1580 1582 1588
1583 1589 1582
1583 1590 1589
1591 1587 1580
1591 1580 1588
1592 1591 1588
1582 1589 1592
1582 1592 1588
1592 1593 1591
1594 1595 1534
1534 1596 1594
1534 1533 1596
1531 1596 1533
1531 1597 1596
1531 1598 1597
1531 1532 1598
1532 1599 1598
1532 1600 1599
1525 1600 1532
1525 1523 1600
1523 1601 1600
1523 1524 1601
1524 1602 1601
1524 1603 1602
1515 1603 1524
1515 1516 1603
1601 1602 1604
1601 1604 1605
1600 1601 1605
1600 1605 1599
1595 1606 1607
1606 1608 1607
1608 1609 1607
1608 1610 1609
1610 1569 1609
1610 1575 1569
1607 1609 1611
1607 1611 1535
1535 1611 1529
1607 1535 1534
1607 1534 1595
1594 1606 1595
1575 1612 1574
1574 1612 1613
1574 1613 1614
1615 1574 1614
1614 1613 1616
1616 1617 1614
1616 1618 1617
1617 1618 1619
1617 1619 1620
1619 1621 1620
1619 1622 1621
1623 1620 1621
1623 1576 1620
1620 1576 1624
1620 1624 1617
1614 1617 1624
1614 1624 1615
1570 1624 1576
1624 1570 1615
1576 1623 1571
1570 1568 1615
1568 1574 1615
1625 1626 1627
1625 1627 1628
1629 1628 1627
1630 1628 1629
1630 1572 1628
1625 1628 1572
1577 1572 1630
1629 1627 1631
1626 1632 1627
1626 1633 1632
1627 1632 1634
1627 1634 1631
1625 1572 1573
1560 1577 1567
1566 1577 1560
1635 1636 1637
1638 1636 1635
1638 1639 1636
1640 1639 1638
1640 1638 1641
1642 1640 1641
1642 1643 1640
1644 1645 1646
1644 1646 1647
1647 1646 1648
1647 1648 1649
1649 1648 1650
1649 1650 1651
1652 1651 1650
1653 1569 1564
1653 1564 1611
1611 1564 1537
1611 1537 1654
1522 1536 1540
1522 1540 1513
1513 1540 1542
1513 1542 1514
1655 1514 1542
1655 1542 1543
1655 1543 1550
1655 1550 1656
1656 1550 1551
1656 1551 1553
1656 1553 1555
1656 1555 1657
1658 1514 1655
1658 1512 1514
1658 1510 1512
1659 1510 1658
1659 1508 1510
1659 1506 1508
1659 1504 1506
1660 1504 1659
1660 1502 1504
1661 1502 1660
1661 1499 1502
1662 1663 1664
1662 1664 1665
1666 1664 1663
1666 1663 1667
1667 1663 1668
1667 1668 1669
1669 1668 1670
1669 1670 1671
1672 1668 1663
1672 1663 1662
1672 1673 1668
1672 1674 1673
1665 1675 1662
1665 1676 1675
1672 1677 1674
1672 1678 1677
1662 1675 1678
1662 1678 1672
1675 1676 1679
1675 1679 1680
1678 1675 1680
1677 1678 1681
1678 1680 1681
1682 1681 1680
1683 1682 1680
1683 1680 1684
1682 1683 1685
1682 1685 1686
1687 1682 1686
1682 1687 1681
1688 1681 1687
1688 1689 1681
1677 1681 1689
1687 1686 1690
1691 1687 1690
1691 1690 1692
1693 1694 1695
1693 1695 1696
1696 1695 1697
1696 1697 1698
1697 1695 1699
1697 1699 1700
1695 1694 1701
1695 1701 1699
1702 1703 1704
1704 1703 1705
1706 1704 1707
1706 1707 1708
1704 1706 1709
1704 1709 1710
1711 1704 1712
1713 1714 1715
1713 1715 1716
1715 1714 1717
1717 1714 1718
1717 1718 1719
1718 1720 1719
1715 1717 1721
1717 1719 1722
1717 1722 1723
1724 1717 1723
1724 1725 1717
1722 1719 1726
1718 1727 1726
1718 1728 1727
1728 1718 1714
1728 1714 1713
1722 1726 1729
1730 1731 1732
1730 1732 1733
1731 1734 1732
1731 1735 1734
1736 1734 1735
1736 1735 1737
1738 1735 1731
1737 1739 1738
1737 1738 1740
1737 1740 1741
1738 1731 1742
1740 1738 1742
1742 1731 1743
1742 1743 1744
1740 1742 1745
1742 1746 1745
1742 1747 1746
1748 1749 1750
1748 1750 1751
1751 1750 1752
1751 1752 1753
1753 1752 1754
1753 1754 1755
1756 1757 1758
1756 1758 1759
1760 1757 1756
1760 1761 1757
1762 1761 1760
1762 1763 1761
1764 1765 1759
1764 1759 1766
1767 1768 1769
1767 1769 1770
1771 1772 1773
1771 1773 1774
1775 1776 1777
1775 1777 1778
1779 1778 1777
1779 1780 1778
1780 1781 1778
1780 1782 1781
1782 1783 1781
1782 1784 1783
1785 1775 1778
1785 1778 1781
1785 1781 1786
1785 1786 1787
1776 1775 1788
1776 1788 1789
1785 1787 1790
1785 1790 1791
1775 1785 1791
1775 1791 1788
1788 1792 1789
1788 1793 1792
1791 1793 1788
1790 1794 1791
1791 1794 1793
1795 1793 1794
1796 1793 1795
1796 1797 1793
1795 1798 1796
1795 1799 1798
1800 1799 1795
1795 1794 1800
1801 1800 1794
1801 1794 1802
1790 1802 1794
1800 1803 1799
1804 1803 1800
1804 1805 1803
1806 1807 1808
1806 1808 1809
1807 1810 1808
1807 1811 1810
1810 1812 1808
1810 1813 1812
1808 1812 1814
1808 1814 1809
1815 1816 1817
1816 1818 1817
1819 1820 1816
1819 1821 1820
1816 1822 1819
1816 1823 1822
1824 1825 1816
1826 1827 1828
1826 1828 1829
1828 1830 1829
1830 1831 1829
1830 1832 1831
1831 1832 1833
1828 1834 1830
1830 1835 1832
1830 1836 1835
1837 1836 1830
1837 1830 1838
1835 1839 1832
1831 1839 1840
1831 1840 1841
1841 1826 1829
1841 1829 1831
1835 1842 1839
1843 1844 1845
1843 1845 1846
1846 1845 1847
1846 1847 1848
1849 1848 1847
1849 1850 1848
1851 1846 1848
1850 1851 1852
1850 1853 1851
1850 1854 1853
1851 1855 1846
1853 1855 1851
1855 1856 1846
1855 1857 1856
1853 1858 1855
1855 1858 1859
1855 1859 1860
1861 1862 1863
1861 1863 1864
1862 1865 1863
1862 1866 1865
1866 1867 1865
1866 1868 1867
1869 1870 1871
1869 1871 1872
1873 1869 1872
1873 1872 1874
1875 1873 1874
1875 1874 1876
1877 1878 1870
1877 1870 1879
1880 1881 1882
1880 1882 1883
1884 1885 1886
1884 1886 1887
1888 1889 1890
1891 1892 1893
1891 1894 1892
1895 1896 1894
1895 1897 1896
1895 1898 1897
1899 1900 1898
1901 1902 1900
1903 1904 1905
1906 1907 1908
1909 1910 1911
1912 1913 1914
1915 1916 1917
1915 1918 1916
1919 1920 1918
1919 1921 1920
1919 1922 1921
1919 1923 1922
1924 1925 1923
1926 1927 1928
1929 1930 1931
1929 1931 1932
1933 1934 1935
1933 1935 1936
1937 1938 1939
1937 1939 1940
1941 1942 1943
1941 1943 1944
1945 1946 1947
1945 1947 1948
1949 1950 1951
1949 1951 1952
1953 1954 1955
1953 1955 1956
1957 1958 1959
1957 1959 1960
1961 1962 1963
1961 1963 1964
1965 1966 1967
1965 1967 1968
1969 1970 1971
1969 1971 1972
1973 1974 1975
1973 1975 1976
1977 1978 1979
1977 1979 1980
1981 1982 1983
1981 1983 1984
1985 1986 1987
1985 1987 1988
1989 1990 1991
1989 1991 1992
1993 1994 1995
1993 1995 1996
1997 1998 1999
1997 1999 2000
2001 2002 2003
2001 2003 2004
2005 2006 2007
2005 2007 2008
2009 2010 2011
2012 2013 2014
2012 2014 2015
2016 2015 2017
2016 2017 2018
2016 2018 2019
2020 2019 2021
2022 2021 2023
2024 2025 2026
2027 2028 2029
2030 2031 2032
2033 2034 2035
2036 2037 2038
2036 2038 2039
2040 2039 2041
2040 2041 2042
2040 2042 2043
2040 2043 2044
2045 2044 2046
2047 2048 2049
2050 2051 2052
2050 2052 2053
2054 2055 2056
2054 2056 2057
2058 2059 2060
2058 2060 2061
2062 2063 2064
2062 2064 2065
2066 2067 2068
2066 2068 2069
2070 2071 2072
2070 2072 2073
2074 2075 2076
2074 2076 2077
2078 2079 2080
2078 2080 2081
2082 2083 2084
2082 2084 2085
2086 2087 2088
2086 2088 2089
2090 2091 2092
2090 2092 2093
2094 2095 2096
2094 2096 2097
2098 2099 2100
2098 2100 2101
2102 2103 2104
2102 2104 2105
2106 2107 2108
2106 2108 2109
2110 2111 2112
2110 2112 2113
2114 2115 2116
2114 2116 2117
2118 2119 2120
2118 2120 2121
2122 2123 2124
2122 2124 2125
2126 2127 2128
2126 2128 2129
2130 2131 2132
2133 2134 2135
2136 2137 2135
2138 2139 2140
2141 2142 2140
2143 2144 2145
2146 2147 2148
2149 2150 2148
2151 2152 2153
2154 2155 2156
2157 2158 2159
2160 2161 2159
2162 2163 2164
2165 2166 2164
2167 2168 2169
2170 2171 2169
2172 2173 2174
2175 2176 2174
2177 2178 2179
2180 2181 2182
2183 2184 2185
2186 2187 2188
2189 2187 2190
2191 2192 2193
2194 2192 2195
2196 2197 2198
2199 2200 2201
2202 2200 2203
2204 2205 2206
2207 2208 2209
2210 2211 2212
2213 2211 2214
2215 2216 2217
2218 2216 2219
2220 2221 2222
2223 2221 2224
2225 2226 2227
2228 2226 2229
2230 2231 2232
2233 2234 2235
2236 2237 2238
2238 2239 2240
2238 2241 2242
2243 2244 2245
2246 2247 2248
2249 2250 2251
2252 2253 2254
2252 2255 2256
2257 2258 2259
2257 2260 2261
2262 2263 2264
2262 2265 2266
2267 2268 2269
2270 2271 2272
2273 2274 2275
2273 2276 2277
2278 2279 2280
2278 2281 2282
2283 2284 2285
2284 2286 2287
2284 2288 2289
2290 2291 2292
2293 2294 2295
2296 2297 2298
2299 2300 2301
2299 2302 2303
2304 2305 2306
2304 2307 2308
2309 2310 2311
2309 2312 2313
2314 2315 2316
2317 2318 2319
2320 2321 2322
2320 2323 2324
2325 2326 2327
2325 2328 2329
