byte offset: 0
first index: 73644
index count: 8151
topology: trianglelist
format: DXGI_FORMAT_R16_UINT

19745 19746 19747
19748 19746 19745
19749 19748 19745
19750 19748 19749
19749 19751 19750
19751 19749 19752
19749 19753 19752
19753 19749 19754
19749 19755 19754
19755 19756 19754
19757 19756 19755
19758 19757 19755
19755 19759 19758
19759 19760 19758
19759 19761 19760
19759 19762 19761
19763 19764 19765
19765 19766 19763
19766 19765 19767
19768 19764 19763
19765 19764 19768
19769 19768 19763
19768 19769 19770
19770 19769 19771
19767 19772 19766
19768 19773 19765
19773 19768 19774
19773 19774 19775
19776 19777 19778
19777 19776 19779
19777 19779 19780
19781 19777 19780
19781 19780 19782
19781 19782 19783
19776 19778 19784
19785 19776 19784
19786 19783 19782
19783 19786 19787
19788 19787 19786
19787 19788 19789
19790 19789 19788
19789 19790 19791
19792 19791 19790
19791 19792 19793
19794 19793 19792
19793 19794 19795
19794 19796 19795
19796 19794 19797
19796 19797 19798
19785 19799 19800
19801 19802 19803
19804 19801 19803
19801 19804 19805
19806 19805 19804
19805 19806 19807
19808 19807 19806
19807 19808 19809
19810 19809 19808
19809 19810 19811
19812 19811 19810
19813 19814 19815
19813 19816 19814
19816 19813 19817
19818 19816 19817
19817 19819 19818
19820 19821 19822
19823 19821 19820
19823 19824 19821
19823 19825 19824
19825 19826 19824
19826 19825 19827
19827 19828 19826
19828 19827 19829
19829 19830 19828
19830 19829 19831
19831 19832 19830
19832 19831 19833
19833 19834 19832
19834 19833 19835
19836 19834 19835
19834 19836 19837
19836 19838 19837
19839 19840 19841
19842 19840 19839
19842 19843 19840
19820 19839 19841
19839 19820 19822
19844 19845 19846
19847 19845 19844
19845 19847 19848
19847 19849 19848
19850 19851 19852
19851 19850 19853
19851 19853 19854
19855 19851 19854
19855 19854 19856
19855 19856 19857
19850 19852 19858
19859 19850 19858
19860 19857 19856
19857 19860 19861
19859 19858 19862
19863 19859 19862
19862 19864 19863
19864 19862 19865
19866 19861 19860
19861 19866 19867
19868 19867 19866
19867 19868 19869
19870 19869 19868
19869 19870 19871
19872 19871 19870
19871 19872 19873
19864 19865 19874
19875 19873 19872
19873 19875 19876
19876 19875 19877
19878 19879 19880
19881 19879 19878
19879 19881 19882
19883 19882 19881
19882 19883 19884
19885 19884 19883
19884 19885 19886
19887 19886 19885
19886 19887 19888
19887 19889 19888
19889 19887 19890
19890 19891 19889
19891 19890 19892
19893 19891 19892
19894 19895 19896
19895 19897 19896
19895 19894 19898
19898 19899 19895
19899 19900 19895
19900 19897 19895
19901 19898 19894
19902 19901 19894
19898 19901 19903
19904 19903 19901
19905 19904 19901
19901 19902 19905
19896 19906 19894
19906 19896 19907
19907 19908 19906
19902 19894 19909
19910 19906 19908
19909 19911 19902
19911 19909 19912
19912 19909 19913
19914 19913 19909
19909 19894 19914
19915 19914 19894
19894 19916 19915
19916 19894 19906
19906 19910 19916
19914 19915 19917
19917 19915 19918
19915 19916 19919
19918 19915 19919
19920 19921 19922
19923 19924 19925
19924 19923 19926
19924 19926 19927
19928 19929 19930
19929 19928 19931
19928 19932 19931
19933 19932 19928
19933 19934 19932
19933 19935 19934
19929 19936 19930
19937 19936 19929
19935 19938 19934
19938 19935 19939
19937 19940 19936
19941 19940 19937
19942 19940 19941
19940 19942 19943
19939 19944 19938
19944 19939 19945
19945 19946 19944
19946 19945 19947
19947 19948 19946
19948 19947 19949
19949 19950 19948
19950 19949 19951
19942 19952 19943
19951 19953 19950
19953 19951 19954
19954 19955 19953
19956 19957 19958
19957 19956 19959
19960 19959 19956
19959 19960 19961
19960 19962 19961
19963 19964 19965
19963 19966 19964
19966 19963 19967
19967 19968 19966
19968 19967 19969
19969 19970 19968
19970 19969 19971
19971 19972 19970
19972 19971 19973
19974 19972 19973
19975 19976 19977
19976 19975 19978
19979 19976 19978
19976 19979 19980
19981 19980 19979
19980 19981 19982
19982 19981 19983
19984 19985 19986
19985 19984 19987
19986 19988 19984
19988 19986 19989
19989 19990 19988
19991 19985 19987
19985 19991 19992
19993 19994 19995
19995 19996 19993
19996 19995 19997
19997 19998 19996
19998 19997 19999
19999 20000 19998
20000 19999 20001
20001 20002 20000
20002 20001 20003
20004 20002 20003
20002 20004 20005
20006 20005 20004
20005 20006 20007
20008 20007 20006
20009 20010 20011
20010 20012 20011
20012 20013 20011
20011 20013 20014
20014 20015 20011
20009 20011 20015
20016 20009 20015
20009 20016 20017
20018 20017 20016
20019 20018 20016
20016 20020 20019
20020 20016 20021
20016 20015 20021
20021 20015 20022
20021 20022 20020
20022 20023 20020
20023 20022 20024
20024 20022 20025
20026 20025 20022
20026 20022 20015
20027 20026 20015
20026 20027 20028
20028 20027 20029
20029 20027 20030
20027 20031 20030
20015 20031 20027
20031 20015 20032
20032 20033 20031
20033 20032 20034
20035 20034 20032
20032 20014 20035
20014 20032 20015
20036 20037 20038
20037 20036 20039
20039 20040 20037
20039 20041 20040
20041 20039 20042
20040 20043 20037
20044 20041 20042
20042 20045 20044
20046 20047 20048
20048 20049 20046
20049 20048 20050
20051 20049 20050
20049 20051 20052
20050 20048 20053
20054 20052 20051
20052 20054 20055
20056 20057 20058
20058 20059 20056
20059 20058 20060
20061 20059 20060
20059 20061 20062
20060 20058 20063
20064 20062 20061
20062 20064 20065
20066 20067 20068
20067 20066 20069
20069 20070 20067
20069 20071 20070
20071 20069 20072
20070 20073 20067
20074 20071 20072
20072 20075 20074
20076 20077 20078
20077 20076 20079
20080 20077 20079
20077 20080 20081
20080 20082 20081
20082 20080 20083
20084 20085 20086
20085 20084 20087
20088 20085 20087
20085 20088 20089
20088 20090 20089
20090 20088 20091
20092 20093 20094
20093 20092 20095
20093 20096 20094
20096 20093 20097
20098 20096 20097
20096 20098 20099
20100 20101 20102
20101 20100 20103
20104 20100 20102
20100 20104 20105
20106 20101 20103
20101 20106 20107
20108 20109 20110
20110 20111 20108
20111 20110 20112
20113 20109 20108
20110 20109 20113
20114 20113 20108
20113 20114 20115
20115 20114 20116
20112 20117 20111
20113 20118 20110
20118 20113 20119
20118 20119 20120
20121 20122 20123
20122 20121 20124
20125 20121 20123
20123 20126 20125
20124 20127 20122
20127 20124 20128
20128 20129 20127
20129 20130 20127
20130 20129 20131
20129 20128 20132
20132 20133 20129
20126 20134 20125
20134 20126 20135
20135 20136 20134
20136 20135 20137
20137 20138 20136
20138 20137 20139
20139 20140 20138
20140 20139 20141
20141 20142 20140
20142 20141 20143
20144 20142 20143
20145 20144 20143
20146 20147 20148
20148 20149 20146
20149 20148 20150
20151 20147 20146
20147 20151 20152
20152 20151 20153
20150 20154 20149
20155 20148 20147
20148 20155 20156
20156 20155 20157
20158 20159 20160
20158 20161 20159
20161 20158 20162
20162 20158 20163
20164 20163 20158
20164 20158 20160
20165 20164 20160
20164 20165 20166
20166 20165 20167
20167 20165 20168
20165 20169 20168
20160 20169 20165
20159 20170 20160
20170 20159 20171
20171 20172 20170
20172 20173 20170
20174 20170 20173
20170 20174 20160
20174 20175 20160
20174 20176 20175
20176 20177 20175
20177 20178 20175
20175 20178 20179
20160 20175 20179
20179 20180 20160
20180 20169 20160
20180 20179 20181
20181 20182 20180
20183 20180 20182
20180 20183 20169
20184 20185 20186
20185 20187 20186
20185 20184 20188
20188 20189 20185
20189 20190 20185
20190 20187 20185
20191 20188 20184
20192 20191 20184
20188 20191 20193
20194 20193 20191
20195 20194 20191
20191 20192 20195
20186 20196 20184
20196 20186 20197
20197 20198 20196
20192 20184 20199
20200 20196 20198
20199 20201 20192
20201 20199 20202
20202 20199 20203
20204 20203 20199
20199 20184 20204
20205 20204 20184
20184 20206 20205
20206 20184 20196
20196 20200 20206
20204 20205 20207
20207 20205 20208
20205 20206 20209
20208 20205 20209
20210 20211 20212
20212 20213 20210
20213 20212 20214
20210 20215 20211
20215 20210 20216
20215 20216 20217
20214 20218 20213
20219 20212 20211
20212 20219 20220
20220 20219 20221
20222 20223 20224
20222 20225 20223
20225 20222 20226
20226 20222 20227
20228 20227 20222
20228 20222 20224
20229 20228 20224
20228 20229 20230
20230 20229 20231
20231 20229 20232
20229 20233 20232
20224 20233 20229
20223 20234 20224
20234 20223 20235
20235 20236 20234
20236 20237 20234
20238 20234 20237
20234 20238 20224
20238 20239 20224
20238 20240 20239
20240 20241 20239
20241 20242 20239
20239 20242 20243
20224 20239 20243
20243 20244 20224
20244 20233 20224
20244 20243 20245
20245 20246 20244
20247 20244 20246
20244 20247 20233
20248 20249 20250
20251 20248 20250
20248 20251 20252
20253 20249 20248
20249 20253 20254
20254 20253 20255
20251 20256 20252
20249 20257 20250
20257 20249 20258
20257 20258 20259
20260 20261 20262
20261 20263 20262
20263 20264 20262
20262 20264 20265
20265 20266 20262
20260 20262 20266
20267 20260 20266
20260 20267 20268
20269 20268 20267
20270 20269 20267
20267 20271 20270
20271 20267 20272
20267 20266 20272
20272 20266 20273
20272 20273 20271
20273 20274 20271
20274 20273 20275
20275 20273 20276
20277 20276 20273
20277 20273 20266
20278 20277 20266
20277 20278 20279
20279 20278 20280
20280 20278 20281
20278 20282 20281
20266 20282 20278
20282 20266 20283
20283 20284 20282
20284 20283 20285
20286 20285 20283
20283 20265 20286
20265 20283 20266
20287 20288 20289
20290 20291 20292
20293 20291 20290
20291 20293 20294
20295 20296 20297
20296 20295 20298
20295 20299 20298
20300 20301 20302
20303 20304 20305
20303 20306 20304
20306 20303 20307
20308 20309 20310
20311 20312 20313
20312 20311 20314
20314 20315 20312
20315 20314 20316
20313 20317 20311
20317 20313 20318
20318 20319 20317
20319 20318 20320
20321 20319 20320
20316 20322 20315
20322 20316 20323
20316 20324 20323
20324 20316 20325
20326 20325 20316
20325 20326 20327
20326 20328 20327
20328 20326 20329
20329 20330 20328
20315 20322 20331
20323 20331 20322
20332 20333 20334
20333 20332 20335
20336 20335 20332
20335 20336 20337
20338 20334 20333
20334 20338 20339
20340 20339 20338
20339 20340 20341
20342 20341 20340
20337 20336 20343
20343 20344 20337
20337 20344 20345
20345 20346 20337
20346 20347 20337
20347 20346 20348
20349 20347 20348
20347 20349 20350
20350 20349 20351
20336 20352 20343
20344 20343 20352
12058 12060 20353
12062 20353 12060
20353 12062 20354
12062 20355 20354
20355 12062 12064
20356 20355 12064
20355 20356 20357
20357 20356 20358
20359 12057 12058
20360 12057 20359
20361 20360 20359
12057 20360 12055
20362 12055 20360
20362 20360 20361
12055 20362 12053
20363 12053 20362
20362 20364 20363
20365 20363 20364
20363 20365 20366
20367 20366 20365
20366 20367 20368
20364 20362 20369
20369 20362 20361
20364 20370 20365
20369 20370 20364
12053 20363 12050
20366 12050 20363
12050 20366 12046
20368 12046 20366
12046 20368 12049
20371 12049 20368
20368 20367 20371
12049 20371 12074
20371 20372 12074
20361 20373 20369
20373 20361 20374
20375 20369 20373
20376 20375 20373
20377 20376 20373
20374 20377 20373
20378 20377 20374
20376 20377 20379
20377 20378 20379
20379 20380 20376
20359 20374 20361
20374 20359 20381
20381 20378 20374
20359 20382 20381
20382 20359 20383
20378 20381 20384
20385 20382 20383
20382 20385 20386
20386 20387 20382
20381 20387 20384
20382 20387 20381
20387 20386 20388
20387 20388 20384
20388 20386 20389
20388 20390 20384
20391 20390 20388
20391 20388 20389
20392 20386 20385
20386 20392 20389
20393 20389 20392
20389 20393 20394
20395 20389 20394
20389 20395 20396
20396 20391 20389
20393 20397 20394
20397 20393 20398
20397 20399 20394
20394 20399 20395
20399 20397 20400
20397 20398 20401
20400 20397 20401
20402 20400 20401
20402 20401 20403
20404 20402 20403
20401 20405 20403
20405 20401 12400
20406 12400 20401
12400 20406 12399
12399 20406 12397
12335 20407 12333
20407 12331 12333
12331 20407 20408
20409 12331 20408
12331 20409 12329
20410 12329 20409
20409 20411 20410
20411 20412 20410
20413 20414 20415
20416 20414 20413
20416 20413 20417
20418 20416 20417
20416 20418 20419
20418 20417 20420
20417 20413 20421
20417 20421 20420
20414 20416 20422
20419 20422 20416
20423 20414 20422
20422 20424 20423
20424 20422 20425
20422 20419 20425
20426 20425 20419
20426 20419 20427
20419 20418 20427
20425 20426 20428
20428 20424 20425
20414 20423 20429
20414 20429 20430
20431 20429 20423
20429 20431 20432
20432 20430 20429
20433 20423 20424
20423 20433 20431
20433 20434 20431
20434 20433 20435
20436 20435 20433
20435 20436 20437
20437 20436 20438
20435 20439 20434
20439 20435 20440
20437 20440 20435
20440 20441 20439
20441 20440 20442
20443 20439 20441
20444 20443 20441
20443 20444 20445
20439 20443 20446
20446 20434 20439
20447 20446 20443
20443 20445 20447
20446 20447 20448
20449 20442 20440
20440 20437 20449
20450 20449 20437
20438 20450 20437
20449 20450 20451
20442 20449 20452
20451 20452 20449
20452 20451 20453
20454 20453 20451
20455 20454 20451
20451 20450 20455
20453 20454 20456
20455 20450 20457
20445 20458 20447
20458 20445 20459
20444 20459 20445
20459 20460 20458
20460 20459 20461
20462 20461 20459
20461 20462 20463
20463 20464 20461
20464 20463 20465
20461 20466 20460
20466 20461 20464
20466 20464 20467
20464 20468 20467
20468 20464 20465
20469 20468 20465
20468 20469 20470
20471 20470 20469
20470 20471 20472
20469 20473 20471
20473 20469 20474
20474 20465 20463
20465 20474 20469
20474 20475 20473
20476 20473 20475
20473 20476 20477
20477 20471 20473
20475 20474 20478
20463 20478 20474
20479 20477 20476
20477 20479 20480
20481 20472 20471
20480 20481 20477
20471 20477 20481
20472 20481 20482
20483 20482 20481
20481 20480 20483
20482 20483 20484
20483 20480 20485
20483 20485 20486
20486 20484 20483
20486 20485 20487
20485 20488 20487
20485 20489 20488
20480 20489 20485
20487 20488 20490
20490 20488 20491
20491 20488 20492
20480 20492 20489
20492 20480 20479
20492 20488 20489
20492 20493 20491
20494 20484 20486
20495 20484 20494
20496 20484 20495
20497 20484 20496
20497 20482 20484
20498 20482 20497
20482 20498 20472
20498 20470 20472
20470 20498 20499
20499 20468 20470
20468 20499 20500
20500 20501 20468
20501 20500 20502
20493 20492 20503
20504 20498 20497
20498 20504 20505
20505 20499 20498
20506 20500 20499
20499 20505 20506
20505 20507 20506
20508 20506 20507
20506 20508 20509
20500 20506 20509
20502 20509 20508
20502 20500 20509
20507 20505 20510
20504 20510 20505
20508 20511 20502
20510 20504 20512
20513 20510 20512
20510 20513 20514
20515 20512 20504
20515 20504 20516
20517 20516 20504
20512 20515 20518
20519 20514 20513
20514 20519 20520
20520 20521 20514
20508 20521 20511
20521 20508 20507
20521 20510 20514
20510 20521 20507
20521 20520 20522
20522 20511 20521
20520 20523 20522
20520 20519 20523
20523 20524 20522
20524 20523 20525
20524 20526 20522
20511 20522 20526
20526 20527 20511
20527 20526 20528
20526 20524 20529
20529 20528 20526
20524 20530 20529
20530 20528 20529
20530 20524 20531
20524 20525 20532
20531 20524 20532
20532 20533 20531
20534 20531 20533
20535 20531 20534
20535 20530 20531
20530 20535 20536
20536 20528 20530
20528 20536 20537
20538 20537 20536
20537 20538 20539
20539 20540 20537
20540 20539 20541
20542 20540 20541
20543 20539 20538
20539 20543 20541
20536 20544 20538
20544 20536 20535
20544 20535 20545
20535 20534 20545
20538 20546 20543
20546 20538 20544
20547 20548 20487
20490 20547 20487
20486 20487 20548
20548 20549 20486
20549 20494 20486
20479 20550 20551
20476 20550 20479
20550 20476 20552
20550 20552 20553
20554 20553 20552
20475 20552 20476
20552 20475 20555
20478 20555 20475
20555 20478 20556
20462 20556 20478
20478 20463 20462
20556 20462 20444
20441 20556 20444
20556 20441 20442
20442 20555 20556
20459 20444 20462
20555 20442 20452
20452 20552 20555
20552 20452 20453
20554 20552 20453
20453 20456 20554
20557 20558 20450
20558 20457 20450
20450 20438 20557
20559 20560 20561
20560 20559 20562
20561 20563 20559
20563 20561 20564
20564 20565 20563
20565 20564 20566
20562 20567 20560
20567 20562 20568
20568 20569 20567
20569 20568 20570
20570 20571 20569
20571 20570 20572
20573 20571 20572
20574 20561 20560
20561 20574 20575
20575 20576 20561
20576 20564 20561
20564 20576 20566
20576 20575 20577
20578 20569 20571
20569 20578 20579
20579 20567 20569
20567 20579 20580
20580 20560 20567
20560 20580 20574
20581 20580 20579
20580 20581 20582
20582 20574 20580
20579 20583 20581
20583 20579 20578
20578 20571 20584
20571 20573 20584
20574 20582 20585
20585 20575 20574
20575 20585 20577
20578 20584 20586
20578 20587 20583
20587 20578 20586
20582 20588 20585
20588 20582 20589
20581 20589 20582
20583 20590 20581
20589 20581 20590
20591 20589 20590
20590 20592 20591
20592 20590 20593
20590 20583 20593
20587 20592 20593
20587 20593 20583
20589 20591 20594
20594 20588 20589
20592 20587 20595
20588 20594 20596
20594 20597 20596
20597 20594 20598
20599 20588 20596
20599 20600 20588
20601 20588 20600
20596 20602 20599
20598 20603 20597
20603 20598 20604
20605 20604 20598
20605 20592 20595
20592 20605 20591
20605 20594 20591
20594 20605 20598
20604 20605 20606
20595 20606 20605
20604 20606 20607
20604 20607 20603
20607 20606 20608
20608 20609 20607
20610 20608 20606
20606 20595 20610
20611 20610 20595
20610 20611 20612
20608 20610 20613
20613 20610 20612
20614 20608 20613
20614 20613 20612
20608 20614 20615
20615 20616 20608
20616 20609 20608
20616 20615 20617
20618 20617 20615
20619 20618 20615
20614 20619 20615
20619 20614 20620
20620 20614 20612
20612 20621 20620
20621 20622 20620
20622 20621 20623
20621 20624 20623
20623 20624 20625
20626 20625 20624
20623 20627 20622
20627 20623 20625
20628 20620 20622
20620 20628 20619
20628 20629 20619
20619 20629 20618
20622 20627 20630
20630 20628 20622
20434 20446 20631
20631 20431 20434
20431 20631 20432
20430 20432 20631
20631 20448 20430
20448 20631 20446
20414 20430 20415
20433 20632 20436
20424 20632 20433
20632 20424 20633
20424 20428 20633
20565 20566 20634
20635 20375 20636
20637 20636 20375
20636 20637 20638
20639 20636 20638
20639 20635 20636
20635 20639 20640
20640 20641 20635
20641 20640 20642
20641 20642 20643
20644 20640 20639
20640 20644 20642
20645 20642 20644
20645 20643 20642
20637 20375 20646
20643 20645 20647
20647 20648 20643
20648 20647 20649
20647 20650 20649
20650 20647 20645
20648 20649 12356
12357 20648 12356
20648 12357 12364
12365 20648 12364
20649 12454 12356
12454 20649 12355
20651 12355 20649
20651 20652 12355
20653 12355 20652
20652 20651 20654
20654 20655 20652
20655 20654 20656
20652 20657 20653
20657 20652 20655
20656 20658 20655
20658 20656 20659
20655 20660 20657
20660 20655 20658
20661 20660 20658
20662 20661 20658
20659 20662 20658
20663 20661 20662
20662 20659 20664
20664 20665 20662
20663 20662 20665
20665 20664 20666
20666 20667 20665
20667 20668 20665
20668 20669 20665
20670 20669 20668
20669 20670 20671
20669 20672 20665
20672 20663 20665
20673 20672 20669
20671 20673 20669
20671 20674 20673
20674 20671 20675
20671 20676 20675
20676 20671 20670
20677 20674 20675
20675 20678 20677
20677 20678 20679
20678 20680 20679
20678 20675 20681
20675 20676 20681
20682 20677 20679
20677 20682 12421
12421 20683 20677
20683 12421 12420
12420 12418 20683
20646 20376 20380
20376 20646 20375
20601 20585 20588
20585 20601 20577
20587 20611 20595
20684 20596 20597
20596 20684 20602
20497 20517 20504
20517 20497 20496
20502 20511 20527
20685 20513 20512
20512 20518 20685
20503 20479 20551
20479 20503 20492
20501 20467 20468
20686 20687 20688
20687 20686 20689
20689 20690 20687
20690 20689 20691
20692 20691 20689
20691 20692 20693
20694 20689 20686
20689 20694 20692
20695 20692 20694
20692 20695 20696
20696 20693 20692
20697 20696 20695
20693 20696 20698
20697 20698 20696
20698 20699 20693
20699 20691 20693
20699 20698 20700
20701 20699 20700
20699 20701 20702
20698 20697 20703
20697 20704 20703
20704 20697 20705
20694 20706 20695
20706 20694 20707
20707 20708 20706
20708 20707 20709
20705 20710 20704
20710 20705 20711
20712 20710 20711
20711 20705 20713
20713 20714 20711
20711 20714 20712
20714 20715 20712
20715 20714 20716
20716 20717 20715
20717 20716 20718
20719 20715 20717
20715 20719 20720
20712 20715 20720
20721 20720 20719
20720 20721 20722
20723 20720 20722
20720 20723 20724
20724 20712 20720
20723 20722 20725
20726 20722 20721
20722 20726 20727
20725 20722 20727
20728 20718 20716
20718 20728 20729
20716 20730 20728
20730 20716 20714
20731 20726 20721
20726 20731 20732
20733 20728 20730
20730 20734 20733
20734 20730 20735
20728 20733 20736
20736 20729 20728
20737 20736 20733
20736 20737 20738
20738 20739 20736
20729 20736 20739
20739 20738 20740
20733 20741 20737
20741 20733 20734
20742 20737 20741
20737 20742 20743
20743 20738 20737
20744 20743 20742
20743 20744 20745
20745 20746 20743
20738 20743 20746
20746 20740 20738
20746 20745 20747
20748 20747 20745
20747 20748 20749
20749 20750 20747
20750 20749 20751
20752 20751 20749
20751 20752 20753
20749 20754 20752
20754 20749 20748
20755 20747 20750
20747 20755 20746
20740 20746 20755
20741 20756 20742
20756 20741 20757
20758 20756 20757
20756 20758 20759
20760 20756 20759
20756 20760 20761
20762 20761 20760
20761 20762 20763
20764 20763 20762
20763 20764 20765
20762 20766 20764
20766 20762 20767
20768 20766 20767
20766 20768 20769
20770 20769 20768
20769 20770 20771
20771 20772 20769
20772 20771 20773
20773 20771 20774
20771 20775 20774
20775 20771 20770
20776 20775 20770
20777 20774 20775
20776 20777 20775
20774 20777 20778
20768 20779 20770
20779 20776 20770
20779 20768 20780
20767 20780 20768
20776 20779 20781
20776 20781 20782
20777 20776 20782
20780 20767 20783
20783 20784 20780
20784 20783 20785
20786 20777 20782
20777 20786 20787
20787 20778 20777
20760 20785 20783
20783 20762 20760
20762 20783 20767
20785 20760 20759
20780 20788 20779
20788 20780 20784
20779 20789 20781
20789 20779 20788
20781 20790 20782
20790 20781 20789
20782 20791 20786
20791 20782 20790
20792 20786 20791
20786 20792 20793
20793 20787 20786
20787 20793 20794
20794 20795 20787
20795 20794 20796
20791 20797 20792
20797 20791 20798
20790 20798 20791
20798 20799 20797
20799 20798 20800
20800 20801 20799
20801 20800 20802
20802 20803 20801
20804 20800 20798
20789 20804 20790
20798 20790 20804
20800 20804 20805
20805 20802 20800
20806 20805 20804
20805 20806 20807
20808 20807 20806
20807 20808 20809
20810 20809 20808
20809 20810 20709
20709 20811 20809
20811 20709 20707
20809 20812 20807
20812 20809 20811
20811 20688 20812
20813 20812 20688
20802 20813 20803
20812 20813 20814
20813 20802 20814
20807 20814 20805
20814 20807 20812
20802 20805 20814
20688 20811 20686
20707 20686 20811
20687 20813 20688
20815 20813 20687
20815 20816 20813
20813 20816 20803
20817 20709 20810
20810 20785 20817
20785 20810 20784
20709 20817 20708
20758 20708 20817
20708 20758 20818
20818 20706 20708
20706 20818 20819
20818 20820 20819
20821 20819 20820
20819 20821 20822
20822 20821 20705
20820 20818 20823
20818 20757 20823
20757 20818 20758
20759 20817 20785
20817 20759 20758
20705 20697 20822
20695 20822 20697
20819 20695 20706
20695 20819 20822
20821 20820 20713
20705 20821 20713
20820 20735 20713
20823 20735 20820
20757 20734 20823
20735 20823 20734
20734 20757 20741
20735 20730 20713
20730 20714 20713
20824 20825 20826
20825 20824 20827
20828 20826 20825
20703 20828 20825
20827 20703 20825
20828 20703 20704
20710 20828 20704
20703 20827 20698
20698 20827 20700
20824 20700 20827
20700 20824 20701
20829 20830 20772
20831 20830 20829
20830 20831 20832
20833 20832 20831
20834 20829 20772
20764 20832 20833
20833 20765 20764
20765 20833 20835
20832 20764 20766
20836 20834 20772
20773 20836 20772
20773 20837 20836
20837 20838 20836
20834 20836 20838
20838 20837 20839
20840 20839 20837
20839 20840 20841
20842 20841 20840
20841 20842 20843
20844 20843 20842
20842 20796 20844
20796 20842 20795
20840 20795 20842
20843 20844 20845
20795 20840 20778
20837 20778 20840
20778 20837 20774
20837 20773 20774
20778 20787 20795
20846 20847 20848
20847 20846 20849
20849 20850 20847
20850 20849 20851
20851 20852 20850
20852 20851 20853
20848 20854 20846
20854 20848 20855
20855 20856 20854
20856 20855 20857
20857 20858 20856
20858 20857 20859
20859 20860 20858
20860 20859 20861
20861 20862 20860
20862 20861 20863
20862 20863 20864
20863 20865 20864
20865 20866 20864
20866 20865 20867
20867 20868 20866
20868 20867 20869
20870 20868 20869
20869 20871 20870
20871 20872 20870
20872 20871 20873
20872 20873 20874
20874 20873 20875
20873 20876 20875
20877 20875 20876
20875 20877 20878
20878 20879 20875
20875 20879 20874
20879 20878 20880
20881 20880 20878
20880 20881 20882
20883 20882 20881
20882 20883 20884
20883 20885 20884
20885 20883 20886
20886 20887 20885
20887 20886 20888
20889 20888 20886
20888 20889 20890
20888 20890 20891
20892 20888 20891
20888 20892 20887
20892 20891 20893
20894 20893 20891
20891 20895 20894
20881 20896 20883
20886 20896 20889
20896 20886 20883
20896 20881 20897
20878 20897 20881
20897 20878 20877
20763 20898 20744
20763 20744 20761
20742 20761 20744
20761 20742 20756
20765 20898 20763
20898 20765 20899
20899 20748 20898
20748 20899 20754
20745 20898 20748
20898 20745 20744
20900 20754 20899
20835 20900 20899
20899 20765 20835
20900 20752 20754
20752 20900 20901
20900 20902 20901
20835 20902 20900
20901 20753 20752
20753 20901 20903
20901 20904 20903
20904 20901 20905
20902 20905 20901
20904 20906 20903
20906 20753 20903
20906 20904 20907
20753 20906 20908
20908 20751 20753
20751 20908 20909
20910 20909 20908
20909 20910 20911
20911 20912 20909
20912 20911 20913
20913 20914 20912
20755 20912 20914
20912 20755 20750
20909 20750 20751
20750 20909 20912
20914 20913 20915
20916 20915 20913
20915 20916 20917
20917 20918 20915
20918 20917 20919
20919 20920 20918
20921 20918 20920
20918 20921 20922
20915 20922 20914
20922 20915 20918
20739 20922 20921
20922 20739 20740
20914 20740 20755
20740 20914 20922
20920 20923 20921
20923 20920 20924
20925 20924 20920
20920 20919 20925
20924 20925 20926
20924 20927 20923
20718 20923 20927
20927 20717 20718
20717 20927 20928
20928 20719 20717
20719 20928 20929
20929 20721 20719
20721 20929 20930
20931 20928 20927
20927 20924 20931
20928 20931 20932
20932 20929 20928
20929 20933 20930
20933 20929 20934
20934 20929 20932
20933 20935 20930
20930 20936 20721
20936 20930 20937
20935 20937 20930
20731 20721 20936
20936 20938 20731
20939 20932 20931
20940 20939 20931
20932 20939 20941
20942 20941 20939
20939 20940 20942
20941 20942 20943
20944 20943 20942
20943 20944 20945
20944 20946 20945
20946 20944 20947
20944 20948 20947
20948 20949 20947
20949 20948 20950
20950 20951 20949
20952 20949 20951
20951 20953 20952
20953 20951 20954
20949 20952 20955
20947 20955 20946
20955 20947 20949
20956 20954 20951
20951 20950 20956
20954 20956 20957
20958 20946 20955
20958 20955 20952
20946 20958 20959
20958 20960 20959
20960 20958 20961
20958 20952 20962
20962 20952 20953
20961 20958 20962
20963 20950 20948
20950 20963 20964
20964 20956 20950
20965 20964 20963
20964 20965 20966
20967 20957 20956
20966 20967 20964
20956 20964 20967
20957 20967 20968
20968 20969 20957
20954 20957 20969
20970 20954 20969
20970 20969 20971
20969 20968 20972
20969 20973 20971
20969 20972 20973
20963 20974 20965
20975 20965 20974
20965 20975 20976
20976 20966 20965
20974 20963 20977
20978 20974 20977
20977 20979 20978
20979 20977 20980
20980 20942 20979
20974 20978 20981
20982 20972 20968
20968 20983 20982
20984 20982 20983
20982 20984 20985
20985 20986 20982
20986 20985 20987
20987 20988 20986
20988 20987 20989
20983 20990 20984
20990 20983 20966
20967 20966 20983
20983 20968 20967
20972 20982 20986
20991 20986 20988
20986 20991 20972
20988 20992 20991
20992 20988 20993
20989 20993 20988
20991 20992 20973
20972 20991 20973
20993 20989 20994
20995 20994 20989
20994 20995 20996
20966 20976 20990
20997 20990 20976
20990 20997 20998
20999 20998 20997
20997 21000 20999
21000 20997 21001
20976 21001 20997
21002 20999 21000
20999 21002 21003
21004 21002 21000
21002 21004 21005
21003 21006 20999
20998 20999 21006
21006 21007 20998
21007 21006 21008
21008 21009 21007
21009 21008 21010
21010 21011 21009
21011 21010 21012
21012 20995 21011
20995 21012 21013
21014 21013 21012
21013 21014 21015
21015 21016 21013
21013 21016 20995
21016 21015 21017
21018 21010 21008
21010 21018 21019
21012 21019 21014
21019 21012 21010
21008 21020 21018
21020 21008 21006
21006 21003 21020
21021 21018 21020
21018 21021 21022
21022 21019 21018
21023 21014 21019
21019 21022 21023
21014 21023 21024
21024 21015 21014
21015 21024 21025
21025 21017 21015
21017 21025 21026
21020 21027 21021
21027 21020 21003
21002 21027 21003
21027 21002 21028
21005 21028 21002
21028 21005 21029
21029 21030 21028
21030 21027 21028
21030 21029 21031
21026 21025 21032
21033 21022 21021
21022 21033 21034
21034 21023 21022
21027 21030 21035
21036 21026 21032
21025 21037 21032
21037 21025 21024
21024 21038 21037
21039 21038 21034
21038 21039 21040
21040 21037 21038
21037 21040 21041
21032 21037 21041
21042 21032 21041
21043 21034 21033
21034 21043 21039
21043 21033 21044
21045 21044 21033
21045 21035 21044
21021 21045 21033
21044 21035 21046
21035 21047 21046
21047 21035 21030
21031 21047 21030
21047 21031 21048
21027 21045 21021
21031 21049 21048
21048 21049 21050
21049 21031 21051
21031 21052 21051
21051 20906 21049
21051 20908 20906
20908 21051 20910
21051 21052 20910
21053 20910 21052
20910 21053 20911
21029 21053 21052
21052 21031 21029
21053 21029 21005
21005 20916 21053
21005 21004 20916
21004 20917 20916
20917 21004 21054
21000 21054 21004
21054 21000 21001
20975 21054 21001
21054 20975 21055
20974 21055 20975
21055 20974 20981
21001 20976 20975
20925 21055 20981
21055 20925 20919
20919 21054 21055
21054 20919 20917
20981 20926 20925
20926 20981 20978
20978 20940 20926
20979 20940 20978
20942 20940 20979
20926 20940 20924
20924 20940 20931
20942 20980 20944
20948 20944 20980
20977 20948 20980
20948 20977 20963
21056 21057 21058
21057 21056 21059
21060 21058 21057
21058 21060 21061
21062 21061 21060
21061 21062 21063
21062 21064 21063
21065 21059 21056
21056 21066 21065
21067 21065 21066
21065 21067 21068
21069 21068 21067
21068 21069 21070
21071 21070 21069
21070 21071 21072
21073 21072 21071
21072 21073 21074
21073 21075 21074
21074 21075 21076
21076 21075 21077
21077 21078 21076
21078 21077 21079
21079 21080 21078
21081 21080 21079
21080 21081 21082
21082 21081 21083
21083 21084 21082
21083 21085 21084
21085 21086 21084
21084 21086 21087
21086 21088 21087
21088 21086 21089
21090 21089 21086
21086 21085 21090
21089 21090 21091
21091 21092 21089
21092 21091 21093
21093 21094 21092
21094 21093 21095
21096 21094 21095
21094 21096 21097
21098 21097 21096
21097 21098 21099
21099 21098 21100
21101 21089 21092
21089 21101 21088
21092 21102 21101
21102 21092 21094
21097 21102 21094
21102 21097 21103
21099 21103 21097
21103 21099 21104
21104 21099 21105
21100 21105 21099
21100 21106 21105
21107 21105 21106
21105 21107 21108
20690 21109 20687
21109 20815 20687
21110 20690 20691
20699 21110 20691
20702 21110 20699
21111 20731 21112
21113 21112 20731
20731 21111 20732
20938 21113 20731
20784 20808 20788
20808 20784 20810
20806 20788 20808
20788 20806 20789
20804 20789 20806
20686 20707 20694
21114 20772 20830
20772 21114 20769
20832 21114 20830
21114 20832 20766
20766 20769 21114
21115 21116 20902
20905 20902 21116
20902 20835 21115
20835 21117 21115
21117 20835 20833
20831 21117 20833
21117 20831 21118
20829 21118 20831
21119 21120 21121
21120 21119 21122
21123 21119 21121
21123 20945 21119
20945 21122 21119
20945 21123 20943
20941 20943 21123
21122 20945 20946
20946 20959 21122
20959 21120 21122
21120 20959 20960
20923 20718 20729
20729 20921 20923
20921 20729 20739
20953 20954 21124
21124 20954 20970
20984 20998 21007
20998 20984 20990
21007 20985 20984
20985 21007 21009
21009 20987 20985
20987 21009 21011
21011 20989 20987
20989 21011 20995
21016 20996 20995
21038 21024 21023
21023 21034 21038
20913 21053 20916
21053 20913 20911
21049 20907 21050
20907 21049 20906
21035 21045 21027
21125 21036 21032
21126 21125 21032
21042 21126 21032
21125 21126 21127
21128 21129 21130
21129 21128 21131
21132 21129 21131
21129 21132 21133
21134 21133 21132
21134 21135 21133
21135 21134 21136
21136 21137 21135
21137 21136 21138
21135 21137 21139
21133 21139 21129
21139 21133 21135
21139 21130 21129
21138 21140 21137
21138 21141 21140
21141 21138 21142
21143 21140 21141
21140 21143 21144
21144 21137 21140
21137 21144 21139
21143 21145 21144
21145 21143 21146
21147 21146 21143
21141 21147 21143
21146 21147 21148
21149 21148 21147
21148 21149 21150
21150 21151 21148
21151 21150 21152
21148 21153 21146
21153 21148 21151
21145 21146 21153
21153 21154 21145
21155 21152 21150
21152 21155 21156
21157 21156 21155
21156 21157 21158
21158 21157 21159
21160 21158 21159
21150 21161 21155
21161 21150 21149
21162 21155 21161
21155 21162 21157
21163 21157 21162
21164 21163 21162
21165 21164 21162
21166 21165 21162
21167 21158 21160
21158 21167 21168
21168 21169 21158
21166 21162 21170
21162 21161 21171
21170 21162 21172
21172 21162 21173
21173 21162 21174
21171 21174 21162
21175 21174 21171
21174 21175 21176
21176 21177 21174
21178 21177 21176
21171 21179 21175
21179 21171 21180
21180 21181 21179
21181 21180 21182
21149 21182 21180
21182 21149 21147
21147 21141 21182
21142 21182 21141
21182 21142 21181
21180 21161 21149
21161 21180 21171
21183 21178 21176
21176 21184 21183
21184 21176 21185
21186 21187 21130
21188 21186 21130
21186 21188 21189
21145 21189 21188
21189 21145 21154
21187 21128 21130
21130 21139 21188
21190 21128 21187
21128 21190 21131
21187 21191 21190
21191 21192 21190
21190 21192 21193
21193 21131 21190
21194 21131 21193
21131 21194 21195
21131 21195 21132
21196 21132 21195
21132 21196 21134
21197 21195 21194
21195 21197 21196
21144 21198 21139
21198 21144 21145
21145 21188 21198
21188 21139 21198
21191 21187 21199
21200 21201 21202
21200 21203 21201
21200 21204 21203
21200 21205 21204
21201 21206 21202
21206 21201 21207
21203 21207 21201
21207 21203 21208
21204 21208 21203
21208 21204 21209
21205 21209 21204
21209 21205 21210
21207 21211 21206
21211 21207 21212
21208 21212 21207
21212 21208 21213
21209 21213 21208
21213 21209 21214
21210 21214 21209
21214 21210 21215
21216 21211 21212
21216 21212 21213
21216 21213 21214
21216 21214 21215
21206 21217 21202
21200 21202 21217
21200 21217 21218
21200 21218 21219
21200 21219 21205
21220 21218 21217
21217 21206 21220
21211 21220 21206
21218 21220 21221
21221 21219 21218
21219 21221 21222
21222 21205 21219
21205 21222 21210
21223 21221 21220
21220 21211 21223
21216 21223 21211
21221 21223 21224
21224 21222 21221
21216 21224 21223
21222 21224 21225
21225 21210 21222
21216 21225 21224
21210 21225 21215
21216 21215 21225
21226 21227 21228
21226 21228 21229
21226 21229 21230
21226 21230 21231
21232 21228 21227
21228 21232 21233
21233 21229 21228
21229 21233 21234
21234 21230 21229
21230 21234 21235
21235 21231 21230
21231 21235 21236
21237 21233 21232
21233 21237 21238
21238 21234 21233
21234 21238 21239
21239 21235 21234
21235 21239 21240
21240 21236 21235
21236 21240 21241
21242 21238 21237
21242 21239 21238
21242 21240 21239
21242 21241 21240
21243 21232 21227
21226 21243 21227
21226 21244 21243
21226 21245 21244
21226 21231 21245
21244 21246 21243
21232 21243 21246
21246 21237 21232
21246 21244 21247
21245 21247 21244
21247 21245 21248
21231 21248 21245
21248 21231 21236
21247 21249 21246
21237 21246 21249
21242 21237 21249
21249 21247 21250
21248 21250 21247
21242 21249 21250
21250 21248 21251
21236 21251 21248
21242 21250 21251
21251 21236 21241
21242 21251 21241
21252 21253 21254
21255 21253 21252
21253 21255 21256
21256 21257 21253
21253 21257 21258
21258 21259 21253
21253 21259 21260
21260 21259 21261
21262 21260 21261
21263 21260 21262
21260 21263 21264
21264 21263 21265
21264 21265 21266
21264 21266 21267
21268 21252 21254
21254 21269 21268
21270 21271 21272
21271 21270 21273
21274 21273 21270
21273 21274 21275
21276 21274 21270
21272 21276 21270
21274 21276 21277
21277 21278 21274
21278 21275 21274
21278 21277 21279
21279 21280 21278
21280 21281 21278
21275 21278 21281
21281 21280 21282
21280 21279 21283
21276 21272 21284
21285 21284 21272
21284 21285 21286
21272 21287 21285
21287 21272 21271
21283 21288 21280
21288 21282 21280
21288 21283 21289
21290 21288 21289
21288 21290 21291
21291 21292 21288
21282 21288 21292
21292 21291 21293
21294 21286 21285
21286 21294 21295
21296 21291 21290
21291 21296 21297
21297 21293 21291
21293 21297 21298
21295 21294 21299
21294 21300 21299
21300 21294 21301
21302 21299 21300
21299 21302 21303
21304 21303 21302
21303 21304 21305
21305 21306 21303
21306 21305 21307
21303 21308 21299
21308 21303 21306
21308 21295 21299
21285 21301 21294
21301 21285 21287
21309 21307 21305
21309 21305 21304
21310 21297 21296
21311 21312 21298
21312 21311 21313
21314 21312 21313
21312 21314 21315
21316 21312 21315
21312 21316 21317
21316 21318 21317
21311 21298 21297
21319 21311 21297
21310 21319 21297
21311 21319 21320
21319 21310 21321
21319 21321 21320
21320 21321 21322
21310 21323 21321
21324 21321 21323
21325 21324 21323
21324 21325 21326
21321 21324 21327
21321 21327 21322
21322 21327 21328
21327 21329 21328
21330 21328 21329
21328 21330 21331
21332 21331 21330
21331 21332 21333
21330 21334 21332
21332 21334 21335
21333 21332 21335
21334 21330 21336
21329 21336 21330
21336 21329 21337
21327 21337 21329
21327 21324 21337
21338 21339 21340
21339 21338 21341
21340 21342 21338
21342 21340 21343
21342 21344 21338
21344 21341 21338
21344 21342 21345
21346 21345 21342
21343 21346 21342
21345 21346 21347
21348 21347 21346
21349 21348 21346
21346 21343 21349
21348 21349 21350
21347 21348 21351
21341 21344 21352
21352 21353 21341
21353 21352 21354
21341 21355 21339
21355 21341 21353
21356 21351 21348
21350 21356 21348
21351 21356 21357
21356 21358 21357
21358 21356 21359
21360 21359 21356
21356 21350 21360
21359 21360 21361
21354 21362 21353
21362 21354 21363
21359 21364 21358
21364 21359 21365
21361 21365 21359
21365 21361 21366
21363 21367 21362
21368 21362 21367
21362 21368 21369
21367 21370 21368
21370 21367 21371
21371 21372 21370
21372 21371 21373
21374 21373 21371
21373 21374 21375
21376 21371 21367
21371 21376 21374
21376 21367 21363
21369 21353 21362
21353 21369 21355
21377 21373 21375
21377 21372 21373
21378 21364 21365
21378 21365 21379
21379 21365 21380
21380 21381 21379
21380 21365 21366
21380 21366 21382
21382 21383 21380
21384 21383 21382
21382 21385 21384
21386 21385 21382
21382 21387 21386
21386 21387 21388
21379 21389 21378
21379 21381 21389
21381 21390 21389
21378 21389 21391
21389 21392 21391
21393 21391 21392
21392 21394 21393
21392 21389 21395
21389 21390 21395
21390 21396 21395
21395 21396 21397
21396 21398 21397
21398 21396 21399
21399 21400 21398
21400 21399 21401
21402 21398 21400
21400 21403 21402
21401 21403 21400
21398 21402 21404
21404 21397 21398
21397 21404 21405
21395 21397 21405
21395 21405 21392
21406 21407 21408
21409 21407 21406
21406 21410 21409
21410 21406 21411
21406 21412 21411
21412 21406 21413
21413 21406 21408
21413 21414 21412
21415 21412 21414
21412 21415 21416
21416 21411 21412
21411 21416 21417
21411 21418 21410
21418 21411 21417
21417 21419 21418
21419 21420 21418
21418 21420 21421
21410 21418 21421
21421 21409 21410
21420 21422 21421
21422 21420 21423
21424 21421 21422
21421 21424 21425
21407 21425 21424
21420 21419 21426
21426 21423 21420
21419 21417 21427
21423 21426 21428
21426 21429 21428
21429 21426 21430
21419 21430 21426
21417 21431 21427
21431 21417 21416
21416 21432 21431
21433 21431 21432
21431 21433 21434
21431 21434 21435
21432 21416 21415
21435 21436 21431
21436 21427 21431
21429 21437 21428
21407 21409 21425
21409 21421 21425
21437 21438 21428
21438 21423 21428
21423 21438 21439
21438 21440 21439
21441 21439 21440
21439 21441 21442
21443 21442 21441
21442 21443 21444
21445 21444 21443
21443 21446 21445
21446 21443 21447
21441 21448 21443
21448 21447 21443
21440 21448 21441
21447 21448 21449
21450 21449 21448
21448 21440 21450
21449 21450 21451
21440 21438 21452
21452 21450 21440
21450 21452 21453
21453 21451 21450
21451 21453 21454
21455 21454 21453
21453 21456 21455
21456 21453 21457
21454 21455 21458
21457 21453 21459
21459 21453 21452
21452 21460 21459
21452 21461 21460
21438 21461 21452
21438 21437 21461
21462 21463 21464
21463 21462 21465
21466 21463 21465
21467 21464 21463
21468 21467 21463
21463 21466 21468
21468 21469 21467
21467 21469 21470
21471 21467 21470
21467 21471 21472
21469 21468 21473
21462 21474 21465
21465 21474 21475
21474 21476 21475
21476 21474 21477
21465 21478 21466
21479 21465 21475
21465 21479 21478
21476 21479 21475
21474 21408 21477
21408 21474 21413
21413 21474 21414
21474 21462 21414
21464 21414 21462
21414 21464 21415
21480 21415 21464
21415 21480 21432
21433 21432 21480
21480 21481 21433
21480 21482 21481
21482 21480 21467
21467 21480 21464
21482 21467 21472
21483 21427 21484
21485 21427 21483
21427 21485 21419
21486 21419 21485
21430 21419 21486
21427 21436 21484
21424 21445 21407
21444 21445 21424
21422 21444 21424
21444 21422 21442
21422 21439 21442
21439 21422 21423
21487 21488 21489
21488 21487 21490
21488 21491 21489
21491 21488 21492
21492 21493 21491
21494 21493 21492
21492 21488 21494
21493 21494 21495
21496 21495 21494
21497 21494 21488
21497 21498 21494
21494 21498 21496
21498 21497 21499
21497 21488 21500
21500 21499 21497
21488 21490 21500
21499 21500 21501
21502 21496 21498
21501 21503 21499
21503 21501 21504
21505 21503 21504
21503 21505 21506
21503 21506 21507
21508 21499 21503
21498 21508 21502
21508 21498 21499
21507 21508 21503
21507 21509 21508
21508 21509 21510
21510 21511 21508
21508 21511 21512
21502 21508 21512
21512 21513 21502
21505 21504 21514
21514 21515 21505
21514 21516 21515
21516 21514 21517
21518 21517 21514
21514 21519 21518
21519 21520 21518
21520 21519 21521
21522 21521 21519
21523 21522 21519
21519 21514 21523
21522 21523 21524
21524 21525 21522
21525 21526 21522
21521 21522 21526
21526 21525 21527
21525 21524 21490
21528 21520 21521
21521 21529 21528
21526 21529 21521
21527 21529 21526
21530 21528 21529
21528 21530 21531
21529 21532 21530
21532 21529 21533
21529 21527 21533
21532 21533 21534
21527 21525 21534
21533 21527 21534
21520 21528 21535
21531 21535 21528
21535 21531 21536
21537 21535 21536
21535 21537 21538
21538 21520 21535
21520 21538 21539
21537 21536 21540
21534 21541 21532
21531 21542 21536
21542 21540 21536
21542 21531 21543
21530 21543 21531
21544 21542 21543
21543 21545 21544
21545 21543 21546
21546 21547 21545
21541 21547 21548
21547 21546 21548
21549 21547 21541
21547 21549 21550
21545 21547 21551
21550 21551 21547
21551 21544 21545
21551 21550 21552
21552 21553 21551
21544 21551 21553
21553 21552 21554
21542 21544 21555
21553 21555 21544
21555 21553 21556
21554 21556 21553
21556 21554 21557
21557 21558 21556
21556 21558 21559
21559 21560 21556
21558 21557 21561
21560 21562 21556
21562 21555 21556
21555 21562 21563
21555 21563 21564
21542 21555 21564
21540 21542 21564
21565 21566 21518
21518 21567 21565
21567 21518 21520
21539 21567 21520
21517 21518 21566
21548 21530 21532
21530 21548 21546
21543 21530 21546
21548 21532 21541
21525 21490 21487
21534 21525 21487
21490 21524 21500
21524 21501 21500
21501 21524 21523
21523 21504 21501
21504 21523 21514
21568 21569 21570
21569 21571 21570
21572 21570 21571
21571 21573 21572
21572 21573 21574
21574 21575 21572
21575 21570 21572
21576 21575 21574
21575 21576 21577
21578 21577 21576
21577 21578 21579
21580 21579 21578
21579 21580 21581
21582 21581 21580
21578 21583 21580
21583 21578 21584
21576 21584 21578
21580 21583 21585
21585 21582 21580
21584 21576 21586
21574 21586 21576
21587 21584 21586
21583 21584 21587
21588 21583 21587
21585 21583 21588
21587 21589 21588
21589 21587 21590
21587 21591 21590
21591 21592 21590
21591 21587 21593
21586 21593 21587
21594 21585 21588
21588 21595 21594
21595 21588 21589
21596 21595 21589
21595 21596 21597
21598 21585 21594
21585 21598 21599
21594 21600 21598
21600 21594 21595
21597 21600 21595
21601 21598 21600
21598 21601 21602
21602 21599 21598
21603 21601 21600
21600 21597 21603
21601 21603 21604
21605 21604 21603
21604 21605 21606
21604 21607 21601
21606 21607 21604
21607 21606 21608
21608 21609 21607
21610 21607 21609
21607 21610 21611
21601 21611 21602
21607 21611 21601
21610 21612 21611
21612 21610 21613
21614 21611 21612
21611 21614 21602
21599 21602 21614
21614 21615 21599
21615 21614 21616
21612 21616 21614
21616 21612 21617
21612 21613 21617
21618 21613 21610
21610 21609 21619
21618 21610 21619
21619 21620 21618
21620 21619 21621
21621 21622 21620
21622 21621 21623
21582 21599 21615
21599 21582 21585
21624 21625 21626
21625 21624 21627
21628 21627 21624
21627 21628 21629
21630 21629 21628
21629 21630 21631
21632 21631 21630
21631 21632 21633
21634 21626 21625
21626 21634 21635
21636 21635 21634
21635 21636 21637
21638 21637 21636
21637 21638 21639
21640 21639 21638
21639 21640 21641
21640 21642 21641
21642 21640 21643
21643 21644 21642
21644 21643 21645
21645 21646 21644
21646 21645 21647
21647 21648 21646
21648 21647 21649
21650 21574 21651
21586 21574 21650
21586 21650 21652
21574 21573 21651
21651 21653 21650
21653 21652 21650
21586 21652 21654
21654 21593 21586
21654 21655 21593
21593 21655 21656
21656 21657 21593
21657 21591 21593
21633 21658 21659
21633 21632 21658
21659 21660 21633
21661 21658 21632
21662 21661 21632
21663 21662 21632
21664 21665 21666
21665 21664 21667
21666 21668 21664
21667 21669 21665
21669 21667 21670
21670 21671 21669
21671 21670 21672
21673 21665 21669
21673 21669 21671
21665 21673 21674
21674 21666 21665
21675 21673 21671
21676 21668 21666
21676 21677 21668
21677 21676 21678
21678 21679 21677
21679 21678 21680
21681 21676 21666
21666 21674 21681
21672 21682 21671
21682 21683 21671
21683 21675 21671
21682 21672 21684
21680 21685 21679
21685 21680 21686
21686 21687 21685
21687 21686 21688
21689 21590 21690
21689 21589 21590
21589 21689 21596
21691 21596 21689
21689 21692 21691
21691 21597 21596
21597 21691 21693
21694 21693 21691
21693 21694 21695
21695 21605 21693
21605 21603 21693
21603 21597 21693
21691 21696 21694
21696 21691 21692
21689 21697 21692
21698 21697 21689
21690 21698 21689
21592 21690 21590
21699 21700 21701
21701 21700 21702
21703 21702 21700
21702 21703 21704
21703 21705 21704
21705 21703 21706
21706 21703 21700
21706 21707 21705
21707 21706 21708
21708 21709 21707
21709 21708 21710
21710 21711 21709
21711 21710 21712
21713 21711 21712
21714 21709 21711
21709 21714 21715
21715 21707 21709
21716 21715 21714
21711 21717 21714
21717 21711 21713
21707 21715 21718
21718 21705 21707
21718 21715 21716
21716 21719 21718
21720 21719 21716
21716 21721 21720
21716 21722 21721
21722 21716 21723
21723 21714 21717
21723 21716 21714
21720 21721 21724
21723 21725 21722
21725 21723 21726
21726 21723 21717
21725 21727 21722
21727 21725 21728
21717 21729 21726
21729 21717 21730
21731 21726 21729
21726 21731 21725
21731 21728 21725
21729 21732 21731
21732 21729 21733
21730 21733 21729
21732 21734 21731
21728 21731 21734
21734 21732 21735
21735 21736 21734
21736 21735 21737
21735 21732 21738
21738 21737 21735
21737 21738 21739
21739 21738 21740
21738 21741 21740
21741 21738 21742
21732 21733 21742
21738 21732 21742
21743 21741 21742
21741 21743 21744
21742 21745 21743
21745 21742 21733
21733 21730 21745
21746 21745 21730
21745 21746 21747
21747 21743 21745
21743 21747 21748
21743 21748 21744
21749 21741 21744
21741 21750 21740
21749 21750 21741
21751 21750 21749
21750 21751 21752
21753 21752 21751
21752 21753 21754
21730 21713 21746
21713 21730 21717
21755 21756 21757
21756 21755 21758
21757 21759 21755
21759 21757 21760
21760 21761 21759
21761 21760 21762
21762 21763 21761
21763 21762 21764
21758 21765 21756
21765 21758 21766
21766 21767 21765
21767 21766 21768
21768 21769 21767
21769 21768 21770
21770 21771 21769
21771 21770 21772
21773 21771 21772
21771 21773 21774
21775 21774 21773
21774 21775 21776
21777 21776 21775
21776 21777 21778
21779 21778 21777
21778 21779 21780
21781 21782 21705
21705 21718 21781
21718 21783 21781
21705 21782 21704
21782 21781 21784
21784 21781 21783
21718 21785 21783
21785 21718 21719
21785 21719 21786
21719 21787 21786
21787 21719 21788
21788 21719 21720
21764 21789 21790
21764 21790 21763
21789 21764 21791
21792 21763 21790
21793 21763 21792
21794 21763 21793
21795 21796 21797
21796 21795 21798
21798 21795 21799
21800 21797 21796
21797 21800 21801
21802 21801 21800
21801 21802 21803
21796 21804 21800
21802 21800 21804
21804 21796 21805
21798 21805 21796
21806 21798 21799
21807 21806 21799
21806 21807 21808
21809 21808 21807
21808 21809 21810
21811 21798 21806
21805 21798 21811
21812 21803 21802
21803 21812 21813
21814 21810 21809
21810 21814 21815
21816 21815 21814
21815 21816 21817
21812 21802 21818
21802 21819 21818
21819 21802 21804
21820 21721 21821
21722 21821 21721
21821 21722 21727
21821 21727 21822
21822 21823 21821
21728 21822 21727
21822 21728 21824
21824 21825 21822
21825 21824 21826
21826 21824 21736
21736 21824 21734
21734 21824 21728
21827 21822 21825
21822 21827 21823
21821 21823 21828
21829 21821 21828
21821 21829 21820
21724 21721 21820
