byte offset: 0
first index: 74844
index count: 9795
topology: trianglelist
format: DXGI_FORMAT_R16_UINT

20677 20678 20679
20680 20681 20682
20681 20680 20683
20683 20684 20681
20684 20683 20685
20686 20687 20688
20687 20686 20689
20690 20688 20687
20688 20690 20691
20692 20693 20694
20693 20692 20695
20695 20696 20693
20696 20695 20697
20697 20698 20696
20698 20697 20699
20699 20700 20698
20700 20699 20701
20701 20702 20700
20702 20701 20703
20692 20694 20704
20694 20705 20704
20705 20706 20704
20706 20705 20707
20708 20709 20710
20709 20708 20711
20710 20712 20708
20712 20710 20713
20710 20714 20713
20714 20710 20715
20709 20715 20710
20715 20709 20716
20717 20716 20709
20716 20717 20718
20718 20717 20719
20717 20720 20719
20721 20719 20720
20719 20721 20722
20720 20717 20723
20709 20723 20717
20723 20709 20711
20724 20719 20722
20722 20725 20724
20726 20725 20722
20721 20726 20722
20726 20727 20725
20726 20728 20727
20729 20728 20726
20726 20721 20729
20728 20729 20730
20728 20731 20727
20732 20731 20728
20730 20732 20728
20731 20732 20733
20732 20734 20733
20734 20732 20735
20736 20735 20732
20732 20730 20736
20735 20736 20737
20738 20734 20735
20738 20735 20739
20737 20739 20735
20740 20738 20739
20741 20740 20739
20742 20740 20741
20739 20737 20743
20739 20743 20744
20741 20739 20744
20745 20741 20744
20746 20741 20745
20742 20741 20746
20742 20746 20747
20746 20748 20747
20748 20746 20749
20746 20750 20749
20746 20745 20750
20749 20751 20748
20751 20749 20752
20752 20753 20751
20753 20752 20754
20755 20754 20752
20755 20749 20750
20749 20755 20752
20754 20755 20756
20756 20713 20754
20713 20756 20712
20754 20714 20753
20714 20754 20713
20757 20751 20753
20751 20757 20758
20758 20748 20751
20759 20747 20748
20748 20758 20759
20747 20759 20760
20761 20753 20714
20753 20761 20757
20715 20761 20714
20761 20715 20762
20716 20762 20715
20762 20716 20763
20718 20763 20716
20763 20718 20764
20765 20764 20718
20764 20765 20766
20724 20766 20765
20766 20724 20767
20725 20767 20724
20767 20725 20768
20727 20768 20725
20768 20727 20769
20731 20769 20727
20769 20731 20770
20731 20771 20770
20771 20731 20733
20734 20771 20733
20771 20734 20772
20734 20773 20772
20773 20734 20738
20738 20774 20773
20774 20738 20740
20740 20775 20774
20775 20740 20742
20742 20760 20775
20760 20742 20747
20776 20711 20708
20777 20776 20708
20712 20777 20708
20756 20777 20712
20756 20778 20777
20755 20778 20756
20779 20778 20755
20750 20779 20755
20750 20780 20779
20780 20750 20745
20780 20745 20744
20776 20723 20711
20776 20781 20723
20723 20781 20720
20781 20782 20720
20782 20721 20720
20782 20783 20721
20783 20729 20721
20729 20783 20730
20783 20784 20730
20784 20736 20730
20736 20784 20737
20785 20737 20784
20780 20744 20785
20743 20785 20744
20737 20785 20743
20724 20765 20719
20765 20718 20719
20786 20787 20788
20787 20786 20789
20790 20788 20787
20788 20790 20791
20792 20791 20790
20791 20792 20793
20794 20793 20792
20793 20794 20795
20796 20797 20798
20799 20800 20801
20800 20799 20802
20803 20799 20801
20799 20803 20804
20805 20804 20803
20804 20805 20806
20805 20807 20806
20807 20808 20806
20805 20809 20807
20810 20811 20812
20811 20810 20813
20814 20813 20810
20813 20814 20815
20816 20815 20814
20815 20816 20817
20818 20817 20816
20817 20818 20819
20820 20819 20818
20819 20820 20821
20811 20822 20812
20812 20822 20823
20824 20823 20822
20823 20824 20825
20826 20827 20828
20827 20826 20829
20828 20830 20826
20830 20828 20831
20831 20832 20830
20832 20831 20833
20833 20834 20832
20834 20833 20835
20836 20837 20838
20837 20836 20839
20837 20840 20838
20840 20837 20841
20841 20842 20840
20842 20841 20843
20842 20843 20844
20844 20843 20845
20842 20844 20846
20847 20848 20849
20850 20851 20852
20851 20850 20853
20854 20852 20851
20852 20854 20855
20856 20857 20858
20857 20856 20859
20859 20860 20857
20860 20859 20861
20862 20863 20864
20865 20866 20867
20866 20865 20868
20869 20867 20866
20867 20869 20870
20871 20867 20870
20867 20871 20872
20872 20865 20867
20865 20872 20873
20873 20874 20865
20874 20873 20875
20875 20876 20874
20877 20874 20876
20876 20878 20877
20878 20876 20879
20874 20877 20880
20865 20880 20868
20880 20865 20874
20881 20879 20876
20879 20881 20882
20883 20879 20882
20883 20878 20879
20883 20882 20884
20883 20884 20885
20885 20886 20883
20878 20883 20886
20886 20885 20887
20885 20884 20888
20888 20889 20885
20889 20887 20885
20889 20888 20890
20891 20889 20890
20889 20891 20892
20892 20893 20889
20887 20889 20893
20893 20892 20894
20895 20892 20891
20895 20896 20892
20896 20894 20892
20897 20896 20895
20898 20896 20897
20899 20898 20897
20894 20896 20900
20896 20901 20900
20898 20901 20896
20902 20901 20898
20903 20902 20898
20899 20903 20898
20899 20904 20903
20905 20903 20904
20903 20905 20906
20903 20906 20907
20903 20907 20902
20908 20906 20905
20906 20908 20909
20910 20909 20908
20909 20910 20911
20911 20912 20909
20912 20906 20909
20906 20912 20907
20912 20911 20913
20870 20913 20911
20913 20870 20869
20911 20871 20870
20871 20911 20910
20908 20914 20910
20914 20908 20915
20905 20915 20908
20904 20916 20905
20915 20905 20916
20916 20904 20917
20910 20918 20871
20918 20910 20914
20918 20872 20871
20872 20918 20919
20919 20873 20872
20873 20919 20920
20920 20875 20873
20875 20920 20921
20921 20922 20875
20922 20921 20923
20923 20881 20922
20881 20923 20924
20924 20882 20881
20882 20924 20925
20925 20884 20882
20884 20925 20926
20926 20888 20884
20888 20926 20927
20928 20888 20927
20888 20928 20890
20928 20891 20890
20891 20928 20929
20930 20891 20929
20891 20930 20895
20931 20895 20930
20895 20931 20897
20932 20897 20931
20897 20932 20899
20917 20899 20932
20899 20917 20904
20933 20866 20868
20934 20866 20933
20869 20866 20934
20913 20869 20934
20913 20934 20935
20912 20913 20935
20936 20912 20935
20907 20912 20936
20937 20907 20936
20907 20937 20902
20937 20901 20902
20933 20868 20880
20933 20880 20938
20880 20877 20938
20938 20877 20939
20939 20877 20878
20939 20878 20940
20940 20878 20886
20886 20887 20940
20940 20887 20941
20941 20887 20893
20893 20894 20941
20942 20941 20894
20937 20942 20901
20900 20901 20942
20894 20900 20942
20881 20876 20922
20922 20876 20875
20943 20944 20945
20944 20943 20946
20944 20947 20945
20947 20944 20948
20948 20949 20947
20949 20948 20950
20949 20950 20951
20951 20950 20952
20949 20951 20953
20954 20955 20956
20955 20954 20957
20958 20954 20956
20954 20958 20959
20960 20959 20958
20959 20960 20961
20960 20962 20961
20962 20963 20961
20960 20964 20962
20965 20966 20967
20967 20966 20968
20969 20965 20967
20969 20967 20970
20971 20967 20968
20967 20971 20970
20971 20968 20972
20971 20973 20970
20974 20975 20976
20974 20976 20977
20976 20978 20977
20979 20980 20981
20979 20982 20980
20979 20983 20982
20984 20985 20986
20985 20987 20986
20987 20985 20988
20988 20985 20989
20985 20990 20989
20984 20990 20985
20984 20991 20990
20992 20989 20990
20993 20992 20990
20991 20993 20990
20991 20994 20993
20995 20992 20993
20995 20993 20994
20995 20994 20996
20995 20997 20992
20997 20998 20992
20998 20997 20999
20999 20997 21000
20997 20995 21000
21001 21000 20995
20996 21001 20995
21002 21000 21001
21003 20999 21000
21003 21000 21002
21003 21002 21004
20998 20999 21005
21005 20999 21006
20999 21003 21006
21007 21006 21003
21007 21003 21004
21004 21008 21007
21009 21008 21004
21010 21008 21009
21009 21004 21011
21002 21011 21004
21011 21002 21012
21002 21001 21012
21013 21010 21009
21009 21011 21014
21014 21011 21015
21015 21011 21012
21009 21016 21013
21016 21009 21014
21013 21016 21017
21016 21018 21017
21017 21019 21013
21018 21016 21020
21020 21021 21018
21022 21021 21020
21023 21022 21020
21021 21022 21024
21025 21021 21024
21021 21025 21018
21025 21026 21018
21026 21027 21018
21027 21019 21017
21017 21018 21027
21028 21026 21025
21025 21029 21028
21029 21025 21030
21031 21030 21025
21024 21031 21025
21032 21028 21029
21032 21033 21028
21028 21033 21034
21033 21035 21034
21034 21036 21028
21034 21037 21036
21038 21037 21034
21037 21038 21039
21034 21040 21038
21040 21034 21041
21034 21035 21041
21036 21037 21042
21039 21043 21037
21043 21044 21037
21044 21042 21037
21038 21040 21045
21045 21039 21038
21046 21039 21045
21042 21044 21047
21044 21048 21047
21048 21044 21043
21049 21042 21047
21050 21036 21042
21051 21036 21050
21050 21042 21052
21051 21050 21052
21051 21052 21053
21049 21054 21042
21054 21049 21055
21055 21056 21054
21056 21055 21057
21051 21053 21058
21059 21056 21057
21056 21059 21060
21061 21060 21059
21060 21061 21027
21062 21058 21027
21051 21058 21062
21051 21062 21026
21062 21027 21026
21061 21019 21027
21051 21026 21028
21051 21028 21036
21063 21064 20986
21063 20986 20987
21065 21063 20987
21065 21066 21063
21063 21066 21067
21063 21067 21064
21067 21066 21068
21065 21069 21066
21069 21070 21066
21070 21068 21066
21070 21071 21068
21071 21070 21072
21069 21072 21070
21069 21073 21072
21073 21074 21072
21075 21069 21065
21075 21073 21069
21075 21076 21073
21076 21074 21073
21075 21077 21076
21075 21065 21078
21075 21078 21077
21065 20987 21078
21078 21079 21077
21078 20988 21079
21076 21080 21074
21081 21074 21080
21074 21081 21082
21074 21082 21072
21083 21072 21082
21083 21071 21072
21084 21071 21083
21085 21071 21084
21086 21082 21081
21082 21086 21087
21087 21083 21082
21088 21083 21087
21084 21083 21088
21084 21088 21089
21088 21090 21089
21090 21088 21091
21087 21091 21088
21091 21087 21086
21089 21090 21092
21089 21092 21093
21094 21089 21093
21094 21095 21089
21089 21095 21084
21096 21094 21093
21096 21097 21094
21098 21097 21096
21098 21099 21097
21099 21098 21100
21101 21099 21100
21102 21101 21100
21048 21101 21102
21101 21103 21099
21099 21103 21104
21097 21099 21104
21097 21104 21105
21097 21105 21094
21094 21105 21095
21105 21106 21095
21101 21107 21103
21107 21101 21043
21043 21101 21048
21098 21096 21108
21108 21096 21093
21109 21107 21043
21107 21109 21110
21107 21110 21111
21107 21111 21103
21111 21112 21103
21112 21104 21103
21104 21112 21113
21104 21113 21105
21106 21105 21113
21114 21106 21113
21109 21115 21110
21106 21114 21116
21106 21116 21117
21118 21117 21116
21106 21117 21084
21106 21084 21095
21117 21085 21084
21118 21085 21117
21119 21085 21118
21119 21068 21085
21119 21067 21068
21071 21085 21068
21120 21121 21122
21121 21120 21123
21121 21124 21122
21124 21121 21125
21126 21124 21125
21124 21126 21127
21128 21129 21130
21014 21128 21130
21130 21016 21014
21014 21015 21128
21131 21132 21133
21133 21132 21134
21133 21134 21135
21133 21135 21136
21137 21136 21135
21138 21137 21135
21134 21138 21135
21138 21139 21137
21140 21137 21139
21140 21141 21137
21137 21141 21142
21143 21141 21140
21144 21141 21143
21142 21141 21144
21145 21142 21144
21144 21146 21145
21147 21146 21144
21145 21146 21148
21148 21149 21145
21150 21149 21148
21149 21151 21145
21149 21150 21151
21147 21152 21146
21150 21148 21152
21152 21148 21146
21144 21143 21153
21147 21144 21153
21150 21154 21151
21154 21155 21151
21151 21155 21145
21155 21156 21145
21157 21156 21155
21154 21157 21155
21157 21158 21156
21159 21156 21158
21156 21159 21160
21159 21158 21161
21159 21161 21162
21163 21159 21162
21163 21162 21164
21160 21164 21165
21166 21163 21165
21165 21167 21166
21166 21167 21168
21167 21165 21169
21169 21165 21164
21170 21166 21168
21170 21171 21166
21168 21172 21170
21172 21173 21170
21174 21173 21172
21174 21175 21173
21170 21173 21175
21170 21175 21171
21175 21174 21176
21177 21176 21174
21176 21177 21178
21178 21179 21176
21176 21179 21180
21181 21178 21177
21181 21177 21174
21181 21174 21182
21182 21174 21172
21176 21183 21175
21183 21176 21184
21184 21185 21183
21185 21184 21186
21184 21187 21186
21186 21187 21188
21187 21184 21189
21176 21189 21184
21189 21190 21187
21190 21188 21187
21190 21189 21191
21191 21192 21190
21192 21191 21193
21194 21193 21191
21193 21194 21195
21196 21190 21192
21190 21196 21197
21188 21190 21197
21196 21192 21198
21193 21198 21192
21198 21193 21199
21195 21199 21193
21195 21200 21199
21200 21201 21199
21201 21200 21202
21203 21202 21200
21200 21195 21203
21195 21204 21203
21195 21205 21204
21202 21203 21206
21202 21206 21207
21208 21198 21199
21201 21208 21199
21202 21209 21201
21209 21202 21207
21209 21207 21210
21211 21205 21195
21212 21205 21211
21205 21212 21213
21204 21205 21213
21213 21214 21204
21214 21206 21203
21204 21214 21203
21215 21208 21201
21209 21215 21201
21209 21216 21215
21216 21217 21215
21217 21218 21215
21219 21218 21217
21219 21217 21220
21221 21220 21217
21222 21219 21220
21222 21220 21223
21222 21223 21224
21223 21225 21224
21226 21224 21225
21226 21225 21227
21223 21227 21225
21228 21224 21226
21228 21226 21229
21228 21229 21230
21230 21229 21231
21230 21231 21232
21233 21231 21229
21231 21234 21232
21234 21231 21235
21231 21236 21235
21236 21231 21237
21237 21231 21238
21239 21234 21235
21235 21240 21239
21241 21235 21236
21235 21241 21242
21239 21243 21234
21234 21243 21244
21243 21239 21245
21239 21246 21245
21243 21247 21244
21243 21248 21247
21248 21243 21245
21249 21247 21248
21249 21248 21250
21245 21250 21248
21249 21251 21247
21252 21251 21249
21251 21252 21253
21254 21253 21252
21253 21254 21255
21255 21256 21253
21256 21255 21257
21258 21253 21256
21253 21258 21251
21249 21259 21252
21252 21259 21260
21256 21261 21258
21261 21256 21262
21261 21263 21258
21263 21251 21258
21264 21257 21255
21255 21265 21264
21265 21255 21266
21257 21264 21267
21267 21268 21257
21269 21256 21257
21269 21257 21268
21256 21269 21270
21266 21271 21265
21260 21271 21272
21264 21273 21267
21273 21264 21274
21265 21274 21264
21274 21275 21273
21274 21265 21276
21276 21265 21277
21278 21277 21265
21265 21279 21278
21277 21280 21276
21279 21265 21281
21282 21279 21281
21283 21277 21278
21283 21278 21279
21283 21279 21284
21282 21284 21279
21276 21280 21285
21285 21286 21276
21285 21280 21287
21287 21280 21277
21288 21287 21277
21283 21288 21277
21289 21285 21287
21285 21289 21290
21285 21290 21286
21289 21291 21290
21291 21292 21290
21293 21290 21292
21292 21291 21294
21293 21292 21295
21295 21292 21294
21295 21294 21296
21297 21295 21296
21293 21295 21297
21298 21293 21297
21298 21299 21293
21300 21298 21297
21300 21297 21301
21301 21297 21296
21298 21300 21302
21299 21298 21302
21303 21299 21302
21303 21304 21299
21303 21305 21304
21304 21306 21299
21306 21304 21307
21305 21307 21304
21308 21306 21307
21309 21306 21308
21306 21309 21310
21133 21306 21310
21310 21309 21311
21312 21311 21309
21312 21309 21308
21312 21308 21307
21305 21312 21307
21306 21133 21136
21136 21313 21306
21314 21313 21136
21314 21136 21315
21314 21315 21142
21137 21315 21136
21137 21142 21315
21314 21142 21316
21142 21163 21316
21306 21313 21275
21313 21317 21275
21275 21317 21273
21131 21310 21311
21131 21133 21310
21274 21318 21275
21318 21274 21276
21318 21319 21275
21320 21321 21316
21185 21321 21320
21145 21320 21316
21183 21185 21320
21322 21183 21320
21320 21323 21322
21183 21322 21175
21265 21324 21325
21324 21265 21326
21265 21327 21326
21265 21328 21327
21265 21325 21281
21329 21281 21325
21330 21329 21325
21330 21325 21324
21330 21324 21331
21332 21330 21331
21333 21332 21331
21332 21333 21334
21333 21335 21334
21335 21336 21334
21335 21337 21336
21337 21335 21338
21338 21339 21337
21339 21338 21340
21340 21341 21339
21341 21340 21342
21343 21341 21342
21271 21343 21342
21343 21271 21344
21344 21271 21260
21344 21260 21345
21345 21260 21259
21345 21259 21346
21271 21342 21265
21265 21342 21347
21265 21347 21348
21265 21348 21328
21346 21259 21349
21249 21349 21259
21249 21350 21349
21249 21351 21350
21249 21352 21351
21249 21353 21352
21249 21354 21353
21249 21355 21354
21356 21355 21249
21356 21357 21355
21352 21353 21358
21352 21358 21359
21351 21352 21359
21350 21351 21359
21350 21359 21360
21350 21360 21361
21349 21350 21361
21357 21362 21355
21354 21355 21362
21354 21362 21363
21353 21354 21363
21353 21363 21364
21353 21364 21358
21357 21356 21365
21357 21365 21366
21367 21366 21365
21368 21367 21365
21369 21367 21368
21370 21369 21368
21371 21369 21370
21371 21370 21372
21373 21371 21372
21373 21374 21371
21374 21373 21375
21376 21374 21375
21375 21377 21376
21377 21378 21376
21379 21378 21377
21380 21379 21377
21380 21381 21379
21380 21382 21381
21381 21382 21383
21384 21381 21383
21385 21384 21383
21385 21383 21386
21387 21385 21386
21387 21388 21385
21389 21388 21387
21389 21390 21388
21375 21391 21377
21392 21377 21391
21377 21392 21380
21391 21239 21392
21239 21391 21393
21394 21239 21393
21395 21239 21394
21246 21239 21395
21395 21370 21246
21370 21395 21372
21394 21372 21395
21372 21394 21373
21375 21394 21393
21394 21375 21373
21391 21375 21393
21386 21238 21387
21396 21389 21387
21389 21396 21397
21396 21229 21397
21398 21246 21370
21398 21370 21368
21365 21398 21368
21398 21365 21250
21250 21245 21398
21246 21398 21245
21356 21250 21365
21356 21249 21250
21399 21229 21400
21401 21229 21399
21402 21229 21401
21403 21229 21402
21400 21229 21404
21402 21405 21403
21405 21402 21406
21402 21407 21406
21407 21402 21401
21406 21407 21408
21409 21406 21408
21407 21410 21408
21407 21411 21410
21401 21411 21407
21411 21401 21399
21411 21412 21410
21411 21413 21412
21411 21414 21413
21399 21414 21411
21414 21399 21400
21413 21414 21415
21415 21400 21404
21400 21415 21414
21413 21415 21416
21415 21417 21416
21409 21408 21418
21415 21419 21417
21420 21417 21419
21421 21420 21419
21422 21420 21421
21422 21423 21420
21423 21422 21424
21425 21423 21424
21426 21425 21424
21426 21424 21427
21426 21427 21428
21426 21428 21429
21428 21430 21429
21428 21431 21430
21431 21432 21430
21431 21433 21432
21433 21434 21432
21434 21435 21432
21227 21422 21421
21419 21227 21421
21227 21419 21436
21419 21437 21436
21226 21436 21437
21436 21226 21227
21437 21419 21415
21427 21438 21428
21439 21428 21438
21428 21439 21431
21438 21220 21439
21439 21220 21440
21440 21220 21441
21442 21220 21438
21443 21220 21442
21442 21424 21443
21424 21442 21427
21438 21427 21442
21440 21431 21439
21431 21440 21433
21440 21444 21433
21444 21440 21441
21445 21220 21446
21446 21447 21445
21447 21446 21448
21447 21448 21449
21447 21449 21450
21448 21451 21449
21448 21452 21451
21451 21452 21453
21451 21453 21454
21453 21455 21454
21453 21456 21455
21455 21456 21457
21458 21455 21457
21457 21459 21458
21459 21460 21458
21461 21460 21459
21462 21461 21459
21461 21462 21463
21462 21464 21463
21464 21465 21463
21464 21466 21465
21466 21467 21465
21467 21468 21465
21468 21467 21469
21470 21468 21469
21469 21214 21470
21214 21471 21470
21213 21471 21214
21472 21462 21459
21459 21473 21472
21209 21472 21473
21472 21209 21474
21462 21472 21474
21474 21209 21475
21475 21466 21464
21475 21209 21210
21466 21475 21210
21210 21467 21466
21475 21462 21474
21462 21475 21464
21467 21210 21207
21207 21206 21467
21206 21214 21469
21206 21469 21467
21216 21209 21476
21216 21477 21478
21216 21479 21477
21217 21216 21478
21480 21217 21478
21481 21217 21480
21452 21481 21480
21481 21452 21448
21453 21480 21478
21480 21453 21452
21478 21456 21453
21456 21478 21477
21477 21457 21456
21457 21477 21479
21473 21459 21457
21482 21229 21483
21483 21484 21482
21484 21483 21485
21485 21418 21390
21485 21390 21486
21229 21226 21487
21251 21263 21247
21247 21263 21244
21488 21489 21490
21489 21488 21491
21492 21489 21491
21489 21492 21493
21492 21494 21493
21494 21492 21495
21496 21497 21498
21499 21496 21498
21496 21499 21500
21176 21501 21502
21503 21176 21502
21502 21501 21504
21504 21505 21502
21506 21502 21505
21501 21507 21504
21506 21508 21502
21506 21194 21508
21194 21506 21509
21510 21509 21506
21510 21506 21505
21194 21509 21195
21509 21511 21195
21510 21512 21509
21512 21511 21509
21512 21513 21511
21514 21507 21501
21507 21514 21515
21516 21515 21514
21515 21516 21517
21518 21517 21516
21517 21518 21519
21520 21519 21518
21520 21518 21521
21521 21522 21520
21522 21521 21523
21523 21524 21522
21523 21525 21524
21524 21525 21180
21176 21180 21525
21525 21526 21176
21526 21527 21176
21527 21528 21176
21528 21529 21176
21529 21530 21176
21530 21501 21176
21524 21180 21531
21180 21179 21531
21179 21532 21531
21532 21179 21178
21532 21178 21533
21181 21533 21178
21189 21176 21534
21534 21191 21189
21191 21534 21194
21535 21079 20989
20992 21535 20989
20992 21536 21535
21537 21535 21536
21538 21535 21537
21538 21079 21535
21079 21538 21539
21079 20988 20989
21077 21079 21539
21077 21539 21076
21540 21076 21539
21076 21540 21541
21080 21076 21541
20998 21536 20992
21542 21536 20998
21543 21542 20998
21543 21544 21542
21544 21545 21542
21536 21542 21545
21545 21537 21536
21545 21544 21546
21546 21547 21545
21537 21545 21547
21547 21538 21537
21547 21546 21548
21548 21549 21547
21539 21549 21540
21549 21550 21540
21549 21548 21550
21543 20998 21005
21543 21005 21551
21005 21006 21551
21007 21551 21006
21538 21547 21549
21549 21539 21538
21552 21553 21554
21552 21555 21553
21555 21552 21556
21557 21558 21195
21559 21557 21195
21560 21557 21559
21560 21559 21561
21561 21559 21195
21511 21561 21195
21513 21561 21511
21558 21211 21195
21562 21211 21558
21513 21563 21561
21563 21560 21561
21560 21564 21557
21564 21558 21557
21564 21565 21558
21565 21562 21558
21562 21212 21211
21197 21566 21188
21567 21568 21450
21567 21450 21435
21569 21570 21567
21570 21569 21571
21569 21220 21571
21572 21223 21220
21573 21223 21574
21574 21422 21573
21422 21227 21573
21223 21573 21227
21422 21574 21424
21260 21272 21252
21575 21576 21162
21161 21575 21162
21576 21164 21162
21576 21169 21164
21290 21577 21286
21171 21578 21166
21346 21349 21361
21329 21282 21281
21579 21580 21581
21582 21581 21580
21581 21582 21583
21583 21584 21581
21579 21581 21584
21584 21583 21585
21585 21583 21586
21587 21583 21582
21586 21583 21587
21587 21588 21586
21587 21589 21588
21588 21589 21590
21591 21589 21587
21587 21582 21591
21591 21592 21589
21593 21589 21592
21590 21589 21593
21593 21592 21594
21593 21595 21590
21593 21596 21595
21594 21596 21593
21594 21597 21596
21598 21596 21597
21596 21598 21599
21599 21595 21596
21595 21599 21600
21601 21600 21599
21600 21601 21602
21603 21602 21601
21602 21603 21604
21599 21605 21601
21605 21599 21598
21601 21606 21603
21606 21601 21605
21607 21603 21606
21603 21607 21608
21608 21604 21603
21609 21608 21607
21608 21609 21610
21611 21610 21609
21610 21611 21612
21613 21612 21611
21612 21613 21614
21613 21615 21614
21614 21616 21612
21616 21614 21617
21614 21615 21617
21612 21616 21618
21610 21612 21618
21619 21608 21610
21619 21610 21618
21608 21619 21620
21604 21608 21620
21607 21621 21609
21607 21622 21621
21609 21623 21611
21609 21624 21623
21623 21625 21611
21625 21613 21611
21616 21626 21618
21626 21619 21618
21627 21619 21626
21619 21627 21628
21627 21629 21628
21630 21631 21622
21622 21607 21630
21632 21633 21624
21624 21609 21632
21634 21635 21636
21637 21634 21636
21637 21636 21638
21637 21638 21639
21640 21637 21639
21640 21639 21641
21640 21641 21642
21643 21640 21642
21643 21642 21644
21634 21645 21635
21646 21645 21634
21646 21647 21645
21646 21648 21647
21649 21643 21644
21650 21649 21644
21651 21649 21650
21649 21651 21652
21643 21649 21653
21649 21652 21653
21654 21655 21656
21656 21655 21657
21658 21656 21657
21655 21659 21657
21660 21657 21659
21659 21661 21660
21661 21659 21662
21663 21662 21659
21659 21655 21663
21662 21663 21664
21664 21665 21662
21666 21665 21664
21665 21666 21667
21668 21667 21666
21669 21661 21662
21669 21670 21661
21665 21671 21662
21671 21669 21662
21670 21672 21661
21672 21673 21661
21673 21660 21661
21660 21673 21674
21674 21675 21660
21675 21674 21676
21675 21676 21677
21677 21676 21678
21678 21676 21679
21680 21679 21676
21677 21681 21675
21680 21676 21682
21681 21683 21675
21683 21684 21675
21675 21684 21657
21684 21685 21657
21686 21657 21685
21657 21660 21675
21686 21658 21657
21674 21687 21676
21687 21688 21676
21688 21689 21676
21689 21690 21676
21691 21676 21690
21691 21682 21676
21688 21687 21692
21692 21687 21693
21693 21687 21694
21687 21695 21694
21694 21695 21696
21697 21696 21695
21698 21695 21687
21687 21674 21698
21673 21698 21674
21698 21673 21699
21672 21699 21673
21699 21700 21698
21695 21698 21700
21700 21699 21701
21701 21702 21700
21702 21701 21703
21703 21701 21704
21704 21705 21703
21705 21704 21706
21707 21705 21706
21708 21701 21699
21708 21699 21709
21709 21699 21672
21704 21701 21710
21710 21701 21708
21711 21700 21702
21700 21711 21695
21712 21695 21711
21713 21712 21711
21714 21695 21712
21713 21711 21715
21716 21715 21711
21717 21715 21716
21718 21717 21716
21697 21695 21714
21719 21655 21720
21721 21719 21720
21722 21719 21721
21654 21720 21655
21380 21241 21382
21241 21380 21242
21236 21382 21241
21382 21236 21383
21237 21383 21236
21383 21237 21386
21238 21386 21237
21723 21724 21725
21724 21723 21726
21727 21725 21724
21725 21727 21728
21728 21727 21729
21727 21730 21729
21729 21730 21731
21729 21731 21732
21732 21731 21733
21732 21733 21734
21735 21734 21733
21734 21735 21736
21737 21736 21735
21736 21737 21738
21738 21737 21739
21738 21739 21740
21739 21741 21740
21741 21742 21740
21743 21742 21741
21742 21743 21744
21745 21744 21743
21744 21745 21746
21747 21746 21745
21746 21747 21748
21748 21747 21749
21747 21750 21749
21749 21750 21751
21750 21752 21751
21753 21751 21752
21751 21753 21754
21755 21754 21753
21754 21755 21756
21757 21756 21755
21756 21757 21758
21759 21758 21757
21758 21759 21760
21761 21762 21763
21764 21761 21763
21765 21766 21767
21766 21765 21768
21769 21766 21768
21766 21769 21770
21771 21770 21769
21770 21771 21772
21773 21772 21771
21772 21773 21774
21775 21774 21773
21773 21776 21775
21776 21773 21777
21771 21777 21773
21777 21771 21778
21769 21778 21771
21778 21769 21779
21769 21768 21780
21779 21769 21780
21781 21768 21765
21768 21781 21780
21777 21782 21776
21782 21777 21783
21778 21783 21777
21783 21778 21784
21779 21784 21778
21784 21779 21785
21780 21785 21779
21785 21780 21786
21787 21780 21781
21780 21787 21786
21775 21788 21774
21788 21789 21774
21790 21774 21789
21774 21790 21772
21791 21772 21790
21772 21791 21770
21792 21770 21791
21770 21792 21766
21793 21766 21792
21766 21793 21767
21788 21794 21789
21794 21788 21795
21795 21796 21794
21797 21794 21796
21794 21797 21798
21789 21798 21790
21798 21789 21794
21799 21798 21797
21798 21799 21800
21790 21800 21791
21800 21790 21798
21801 21800 21799
21800 21801 21802
21802 21791 21800
21791 21802 21792
21796 21795 21803
21802 21804 21792
21804 21793 21792
21804 21802 21805
21801 21805 21802
21801 21806 21805
21801 21807 21806
21807 21801 21808
21799 21808 21801
21809 21807 21808
21807 21809 21810
21811 21810 21809
21812 21811 21809
21811 21812 21813
21814 21813 21812
21813 21814 21815
21816 21815 21814
21815 21816 21817
21818 21817 21816
21817 21818 21819
21810 21811 21820
21819 21821 21817
21815 21817 21821
21821 21819 21822
21821 21823 21815
21823 21811 21813
21813 21815 21823
21822 21819 21824
21823 21825 21811
21820 21811 21825
21825 21826 21820
21826 21825 21827
21827 21828 21826
21829 21826 21828
21826 21829 21830
21830 21820 21826
21831 21829 21828
21829 21831 21832
21833 21832 21831
21832 21833 21834
21835 21834 21833
21834 21835 21836
21828 21837 21831
21837 21828 21827
21838 21831 21837
21831 21838 21833
21833 21839 21835
21839 21833 21838
21834 21840 21832
21840 21829 21832
21840 21834 21841
21834 21842 21841
21834 21836 21842
21829 21840 21843
21843 21830 21829
21830 21843 21844
21842 21845 21841
21845 21842 21846
21846 21847 21845
21847 21846 21848
21849 21845 21847
21845 21849 21850
21841 21845 21850
21840 21841 21850
21851 21850 21849
21850 21851 21852
21840 21850 21852
21843 21840 21852
21853 21852 21851
21852 21853 21854
21854 21843 21852
21843 21854 21844
21855 21854 21853
21853 21856 21855
21857 21855 21856
21855 21857 21805
21805 21857 21804
21856 21853 21858
21851 21858 21853
21854 21855 21806
21806 21855 21805
21806 21844 21854
21844 21806 21807
21807 21830 21844
21830 21807 21810
21820 21830 21810
21858 21851 21859
21857 21793 21804
21793 21857 21860
21856 21860 21857
21860 21767 21793
21767 21860 21861
21862 21861 21860
21861 21862 21863
21863 21864 21861
21864 21863 21865
21765 21861 21864
21861 21765 21767
21866 21865 21863
21865 21866 21867
21868 21867 21866
21867 21868 21869
21870 21869 21868
21869 21870 21871
21872 21871 21870
21871 21872 21873
21874 21873 21872
21873 21874 21875
21872 21876 21874
21876 21872 21877
21870 21877 21872
21877 21870 21878
21868 21878 21870
21878 21868 21879
21866 21879 21868
21879 21866 21880
21863 21880 21866
21880 21863 21862
21881 21874 21876
21874 21881 21882
21882 21875 21874
21883 21882 21881
21882 21883 21884
21884 21885 21882
21875 21882 21885
21885 21884 21886
21885 21886 21887
21887 21875 21885
21862 21858 21880
21858 21862 21856
21860 21856 21862
21880 21859 21879
21859 21880 21858
21879 21888 21878
21859 21849 21888
21849 21859 21851
21847 21888 21849
21888 21847 21889
21889 21878 21888
21848 21889 21847
21889 21848 21890
21891 21890 21848
21890 21891 21892
21848 21893 21891
21893 21848 21846
21846 21894 21893
21894 21846 21842
21895 21892 21891
21893 21895 21891
21892 21895 21896
21895 21893 21897
21894 21897 21893
21897 21894 21898
21836 21894 21842
21836 21899 21894
21899 21898 21894
21836 21900 21899
21900 21836 21835
21835 21901 21900
21901 21835 21839
21896 21881 21892
21876 21892 21881
21892 21876 21890
21877 21890 21876
21890 21877 21889
21878 21889 21877
21881 21896 21883
21902 21901 21839
21903 21901 21902
21904 21903 21902
21905 21904 21902
21905 21902 21906
21907 21905 21906
21905 21907 21908
21908 21907 21909
21910 21908 21909
21908 21910 21911
21912 21911 21910
21911 21912 21913
21913 21912 21914
21904 21915 21903
21916 21915 21904
21916 21917 21915
21916 21918 21917
21918 21916 21919
21920 21917 21918
21921 21920 21918
21922 21921 21918
21919 21922 21918
21922 21923 21921
21923 21922 21924
21919 21924 21922
21924 21925 21923
21925 21924 21926
21926 21927 21925
21927 21926 21928
21928 21929 21927
21930 21927 21929
21927 21930 21931
21932 21931 21930
21931 21932 21933
21933 21934 21931
21927 21934 21925
21934 21927 21931
21934 21933 21935
21935 21936 21934
21936 21925 21934
21936 21935 21937
21937 21938 21936
21925 21936 21938
21925 21938 21923
21938 21937 21939
21940 21938 21939
21938 21940 21941
21929 21942 21930
21939 21943 21940
21943 21939 21944
21939 21945 21944
21945 21939 21937
21937 21946 21945
21946 21937 21935
21935 21947 21946
21947 21935 21933
21933 21948 21947
21948 21933 21932
21949 21943 21944
21943 21949 21950
21949 21951 21950
21944 21952 21949
21952 21944 21945
21953 21949 21952
21949 21953 21954
21949 21954 21951
21952 21955 21953
21955 21952 21956
21945 21956 21952
21956 21945 21946
21956 21957 21955
21957 21956 21958
21946 21958 21956
21958 21946 21947
21958 21959 21957
21959 21958 21960
21947 21960 21958
21960 21947 21948
21961 21957 21959
21957 21961 21962
21962 21955 21957
21961 21963 21962
21963 21964 21962
21955 21962 21964
21964 21953 21955
21964 21963 21965
21966 21965 21963
21967 21966 21963
21967 21963 21961
21965 21966 21968
21968 21969 21965
21969 21968 21970
21970 21971 21969
21971 21970 21972
21973 21971 21972
21971 21973 21974
21975 21966 21967
21966 21975 21976
21976 21968 21966
21968 21976 21977
21977 21970 21968
21970 21977 21978
21978 21979 21970
21979 21972 21970
21972 21980 21973
21980 21972 21979
21981 21976 21975
21976 21981 21982
21982 21977 21976
21977 21982 21983
21983 21978 21977
21978 21983 21984
21984 21979 21978
21979 21984 21985
21979 21986 21980
21986 21979 21985
21987 21971 21974
21971 21987 21988
21988 21969 21971
21969 21988 21989
21989 21965 21969
21965 21989 21964
21953 21964 21989
21954 21989 21988
21989 21954 21953
21990 21954 21988
21990 21988 21987
21954 21990 21951
21951 21990 21991
21987 21991 21990
21991 21992 21951
21992 21991 21993
21993 21994 21992
21994 21993 21995
21996 21992 21994
21994 21997 21996
21997 21994 21998
21995 21998 21994
21998 21999 21997
21999 21998 22000
22000 22001 21999
22001 22000 22002
22002 22003 22001
22003 22002 22004
22005 22001 22003
22001 22005 22006
21999 22001 22006
22007 21999 22006
21997 21999 22007
22008 22007 22006
22008 22006 22005
22008 22005 22009
22010 22008 22009
22008 22010 22011
22011 22012 22008
22007 22008 22012
22012 22011 22013
22013 22014 22012
22014 22007 22012
22014 22013 22015
22016 22014 22015
22014 22016 22017
21920 22015 22013
22015 21920 21921
21921 22016 22015
21923 22016 21921
22016 21923 21941
21941 22017 22016
22018 22013 22011
22013 22018 21920
22019 22011 22010
22011 22019 22018
22017 22020 22014
22007 22014 22020
22020 22017 22021
22020 21997 22007
22020 21996 21997
21996 22020 22021
22021 21950 21996
21992 21996 21950
21950 22021 21943
22017 21943 22021
21943 22017 21940
22017 21941 21940
21941 21923 21938
21950 21951 21992
21915 22018 22019
22018 21915 21917
21917 21920 22018
21915 22019 21901
22010 21901 22019
21901 22010 22022
22009 22022 22010
22022 22009 22023
22009 22024 22023
21903 21915 21901
22009 22005 22024
22003 22024 22005
22024 22003 22025
22004 22025 22003
22025 22004 22026
22027 22026 22004
22026 22027 22028
22028 22029 22026
22029 22025 22026
22029 22028 22030
22025 22029 22031
22031 22024 22025
22024 22031 22032
22023 22024 22032
22004 22033 22027
22033 22004 22002
22002 22034 22033
22034 22002 22000
22000 22035 22034
22035 22000 21998
21998 21995 22035
22036 22035 21995
21995 22037 22036
22038 22036 22037
22037 22039 22038
22040 22038 22039
22038 22040 22041
22039 22037 22042
22039 21973 22040
21973 22039 21974
22042 21974 22039
21974 22042 21987
22041 22043 22038
22036 22038 22043
22043 22044 22036
22035 22036 22044
22044 22043 22045
22046 22045 22043
22043 22041 22046
22045 22046 22047
22047 22048 22045
22048 22047 22049
22049 22050 22048
22050 22049 22051
22051 22052 22050
22052 22051 22053
22054 22050 22052
22050 22054 22055
22055 22048 22050
22048 22055 22056
22056 22045 22048
22045 22056 22044
22052 22057 22054
22057 22052 22058
22053 22058 22052
22058 22059 22057
22059 22058 22060
22061 22060 22058
22058 22053 22061
22060 22061 22062
22061 22063 22062
22053 22063 22061
22033 22056 22055
22056 22033 22034
22034 22044 22056
22044 22034 22035
22055 22027 22033
22027 22055 22054
22054 22028 22027
22028 22054 22057
22057 22030 22028
22030 22057 22059
22063 22053 22064
22053 22065 22064
22065 22066 22064
22065 22053 22051
22051 22067 22065
22068 22065 22067
22067 22069 22068
22069 22067 22070
22070 22071 22069
22071 22070 22072
22065 22068 22073
22073 22066 22065
22074 22069 22071
22069 22074 22075
22075 22068 22069
22068 22075 22076
22076 22073 22068
22073 22076 22077
22077 22066 22073
22066 22077 22078
22071 22079 22074
22079 22071 22080
22072 22080 22071
22080 22081 22079
22081 22080 22082
22083 22082 22080
22080 22072 22083
22082 22083 22084
22082 21986 22081
21986 22082 21980
22084 21980 22082
21980 22084 21973
22040 21973 22084
22084 22041 22040
22041 22084 22083
22083 22046 22041
22046 22083 22072
22072 22047 22046
22047 22072 22070
22070 22049 22047
22049 22070 22067
22067 22051 22049
22085 22086 22087
22086 22085 22088
22089 22088 22085
22090 22087 22086
22087 22090 22091
22085 22092 22089
22093 22089 22092
22093 22092 22094
22095 22094 22092
22092 22085 22095
22087 22095 22085
22094 22095 22096
22097 22096 22095
22095 22087 22097
22091 22097 22087
22096 22097 22098
22096 22098 22099
22099 22098 22100
22098 22101 22100
22101 22102 22100
22103 22102 22101
22102 22103 22104
22101 22098 22105
22103 22101 22105
22103 22105 21822
22103 21822 21824
21824 22104 22103
22098 22106 22105
22106 22098 22097
21822 22105 22106
22094 22107 22093
22108 22096 22099
22108 22099 22100
22100 22109 22108
22108 22109 22110
22111 22108 22110
22108 22111 22112
22113 22112 22111
22112 22113 22114
22114 22115 22112
22115 22114 22107
22108 22112 22115
22108 22115 22096
22116 22110 22109
22117 22116 22109
22109 22100 22117
22116 22117 22118
22119 22118 22117
22118 22119 22120
22119 22121 22120
22121 22119 22122
22122 22123 22121
22123 22122 22124
22124 22122 22104
22119 22104 22122
22125 22121 22123
22121 22125 22126
22125 22127 22126
22127 22125 22128
22129 22126 22127
22126 22129 22130
22121 22130 22120
22130 22121 22126
22130 22118 22120
22131 22130 22129
22118 22130 22131
22129 22132 22131
22133 22131 22132
22132 22134 22133
22134 22132 22135
22135 22136 22134
22137 22134 22136
22134 22137 22138
22138 22133 22134
22139 22138 22137
22138 22139 22140
22141 22140 22139
22140 22141 22142
22143 22142 22141
22142 22143 22144
22136 22135 22145
22146 22145 22135
22145 22146 22147
22148 22147 22146
22147 22148 22149
22150 22149 22148
22149 22150 22151
22141 22152 22143
22152 22141 22153
22139 22153 22141
22153 22139 22154
22137 22154 22139
22154 22137 22155
22136 22155 22137
22155 22136 22156
22145 22156 22136
22156 22145 22157
22147 22157 22145
22157 22147 22158
22149 22158 22147
22158 22149 22159
22151 22159 22149
22159 22151 22160
22148 22161 22150
21776 22160 22151
22160 21776 21782
22151 21775 21776
22161 22148 22162
22146 22162 22148
22162 22146 22163
22135 22163 22146
22163 22135 22132
22132 22129 22163
22163 22127 22162
22127 22163 22129
22162 22128 22161
22128 22162 22127
21795 22161 22128
22161 21795 21788
22150 21788 21775
21788 22150 22161
21775 22151 22150
22128 21803 21795
21803 22128 22125
22125 22164 21803
22165 21803 22164
22164 21816 22165
21814 22165 21816
22165 21814 22166
21812 22166 21814
22166 21812 22167
21809 22167 21812
22167 21809 21808
21816 22164 21818
21808 21799 22167
21797 22167 21799
22167 21797 22166
22166 21796 22165
21796 22166 21797
21803 22165 21796
22164 22125 22123
22123 21818 22164
21818 22123 22124
22124 21819 21818
21819 22124 21824
22104 21824 22124
22104 22119 22102
22117 22102 22119
22102 22117 22100
22090 22168 22169
22168 22090 21913
22168 21822 22169
21822 22106 22169
22168 21821 21822
22097 22091 22106
21821 21912 21823
21912 21821 21914
21910 21823 21912
21823 21910 21825
21909 21825 21910
21825 21909 21827
21907 21827 21909
21827 21907 21837
21906 21837 21907
21837 21906 21838
21902 21838 21906
21838 21902 21839
22170 22171 22172
22171 22170 22173
22173 22174 22171
22174 22173 22175
21787 22171 22174
22171 21787 21781
21781 22172 22171
22172 21781 21765
22176 22175 22173
22175 22176 22177
22178 22177 22176
22176 22179 22178
22179 22176 22180
22173 22180 22176
22180 22173 22170
22181 22178 22179
22178 22181 22182
22183 22182 22181
22182 22183 22184
22177 22178 22185
22182 22185 22178
22185 22182 22186
22184 22186 22182
22186 22184 22187
22188 22187 22184
22184 22183 22188
22183 22189 22188
22187 22188 22190
22180 21869 22179
21869 22180 21867
22170 21867 22180
21867 22170 21865
22172 21865 22170
21865 22172 21864
21864 22172 21765
22183 21875 22189
21875 22183 21873
21875 21887 22189
21871 22179 21869
22179 21871 22181
21873 22181 21871
22181 21873 22183
22191 22116 22192
22192 22116 22193
22133 22192 22193
22192 22133 22138
22140 22192 22138
22140 22191 22192
22142 22191 22140
22191 22142 22194
22144 22194 22142
22194 22144 22195
22131 22133 22193
22110 22116 22191
22194 22110 22191
22110 22194 22111
22195 22111 22194
22111 22195 22113
22118 22193 22116
22193 22118 22131
22107 22094 22115
22096 22115 22094
21888 21879 21859
22196 22197 22198
22199 22196 22198
22197 22200 22198
22197 22201 22200
22199 22202 22196
22203 22196 22202
22203 22202 22204
22204 22202 22205
22202 22206 22205
22199 22206 22202
22206 22207 22205
22207 22206 22208
22208 22209 22207
22209 22208 22210
22211 22207 22209
22207 22211 22212
22212 22205 22207
22213 22212 22211
22212 22213 22214
22215 22210 22208
22210 22215 22216
22205 22217 22204
22205 22212 22217
22214 22217 22212
22217 22214 22218
22219 22218 22214
22218 22219 22220
22219 22221 22220
22219 22222 22221
22223 22221 22222
22221 22223 22224
22222 22219 22225
22214 22225 22219
22225 22214 22213
22224 22223 22226
22224 22226 22227
22227 22226 22228
22229 22227 22228
22226 22230 22228
22228 22230 22231
22230 22232 22231
22232 22230 22233
22233 22230 22234
22229 22228 22235
22236 22229 22235
22229 22236 22237
22226 22223 22238
22230 22226 22238
22234 22230 22238
22239 22238 22223
22240 22239 22223
22239 22240 22241
22242 22241 22240
22241 22242 22243
22244 22243 22242
22243 22244 22245
22246 22245 22244
22245 22246 22247
22222 22240 22223
22225 22240 22222
22240 22225 22242
22213 22242 22225
22242 22213 22244
22244 22211 22246
22211 22244 22213
22209 22246 22211
22246 22209 22248
22248 22249 22246
22250 22249 22248
22249 22250 22251
22252 22251 22250
22251 22252 22253
22254 22253 22252
22253 22254 22255
22256 22253 22255
22256 22255 22257
22210 22248 22209
22248 22210 22250
22216 22250 22210
22250 22216 22252
22252 22258 22254
22258 22252 22216
22216 22259 22258
22259 22216 22215
22215 22260 22259
22260 22215 22261
22261 22262 22260
22262 22261 22199
22206 22199 22261
22261 22208 22206
22208 22261 22215
22199 22198 22262
22263 22264 22265
22264 22266 22265
22265 22266 22267
22266 22268 22267
22269 22267 22268
22267 22269 22270
22237 22270 22269
22270 22237 22236
22265 22267 22271
22267 22272 22271
22270 22272 22267
22236 22272 22270
22272 22236 22273
22235 22273 22236
22273 22235 22274
22275 22273 22274
22231 22275 22274
22274 22228 22231
22274 22235 22228
22275 22231 22232
22221 22276 22277
22221 22224 22276
22224 22278 22276
22278 22224 22227
22221 22277 22220
22220 22279 22218
22217 22218 22279
22279 22280 22217
22217 22280 22204
22281 22282 22283
22284 22282 22281
22283 22282 22285
22283 22285 22286
22284 22281 22287
22288 22287 22281
22288 22289 22287
22289 22290 22287
22287 22290 22291
22291 22284 22287
22290 22289 22292
22292 22289 22293
22294 22292 22293
22284 22291 22295
22295 22296 22284
22284 22296 22282
22296 22295 22297
22292 22294 22298
22299 22298 22294
22300 22292 22298
22292 22300 22301
22301 22290 22292
22290 22301 22302
22302 22291 22290
22291 22302 22303
22303 22295 22291
22295 22303 22304
22304 22297 22295
22297 22304 22305
22306 22305 22304
22305 22306 22307
22308 22307 22306
22306 22309 22308
22309 22306 22310
22310 22304 22303
22304 22310 22306
22310 22311 22309
22311 22310 22312
22312 22303 22302
22303 22312 22310
22312 22313 22311
22313 22312 22314
22302 22314 22312
22314 22302 22301
22314 22315 22313
22315 22314 22316
22301 22316 22314
22316 22317 22315
22318 22315 22317
22315 22318 22319
22319 22313 22315
22317 22320 22318
22320 22317 22321
22322 22321 22317
22317 22316 22322
22300 22322 22316
22322 22300 22323
22321 22322 22324
22323 22324 22322
22325 22321 22324
22321 22326 22320
22326 22321 22325
22326 22325 22327
22328 22327 22325
22329 22327 22328
22328 22330 22329
22331 22330 22328
22332 22330 22331
22333 22331 22328
22333 22328 22325
22334 22327 22329
22335 22334 22329
22336 22331 22333
22333 22337 22336
22338 22337 22333
22325 22338 22333
22338 22325 22324
22324 22323 22338
22338 22339 22337
22338 22299 22339
22323 22299 22338
22323 22298 22299
22298 22323 22300
22329 22340 22335
22340 22329 22341
22341 22342 22340
22342 22341 22343
22344 22342 22343
22345 22344 22343
22344 22345 22346
22346 22347 22344
22347 22346 22348
22349 22347 22348
22350 22347 22349
22351 22350 22349
22351 22349 22352
22353 22351 22352
22354 22351 22353
22352 22349 22355
22356 22349 22348
22349 22356 22355
22348 22357 22356
22357 22348 22346
22332 22346 22345
22346 22332 22357
22332 22345 22330
22330 22345 22343
22330 22343 22341
22329 22330 22341
22358 22359 22360
22358 22361 22359
22362 22360 22359
22360 22362 22308
22307 22308 22362
22308 22363 22360
22363 22308 22309
22309 22364 22363
22364 22309 22311
22311 22313 22364
22313 22319 22365
22316 22301 22300
22366 22367 22368
22367 22366 22369
22370 22369 22366
22369 22370 22371
22371 22370 22372
22369 22371 22373
22374 22367 22369
22374 22375 22367
22374 22369 22376
22369 22373 22376
22372 22377 22371
22377 22372 22378
22379 22378 22372
22378 22379 22380
22373 22381 22376
22381 22374 22376
22381 22373 22382
22371 22382 22373
22382 22371 22377
22372 22383 22379
22383 22372 22370
22366 22383 22370
22383 22366 22384
22368 22384 22366
22384 22368 22385
22385 22386 22384
22386 22385 22387
22387 22388 22386
22388 22387 22389
22390 22386 22388
22386 22390 22391
22391 22384 22386
22384 22391 22383
22391 22379 22383
22392 22391 22390
22391 22392 22393
22388 22394 22390
22388 22395 22394
22389 22395 22388
22395 22396 22394
22397 22395 22389
22396 22395 22398
22397 22398 22395
22397 22399 22398
22399 22397 22400
22390 22394 22401
22390 22401 22402
22390 22402 22392
22392 22402 22403
22404 22392 22403
22392 22404 22405
22405 22406 22392
22406 22393 22392
22407 22405 22404
22405 22407 22408
22408 22406 22405
22406 22408 22409
22409 22410 22406
22410 22409 22411
22380 22410 22411
22410 22380 22379
22410 22379 22393
22406 22410 22393
22379 22391 22393
22412 22413 22414
22413 22412 22415
22416 22415 22412
22415 22416 22417
22418 22417 22416
22417 22418 22419
22420 22419 22418
22419 22420 22421
22422 22421 22420
22421 22422 22423
22424 22423 22422
22423 22424 22425
22414 22426 22412
22426 22414 22427
22428 22426 22427
22426 22428 22429
22430 22429 22428
22429 22430 22431
22426 22429 22432
22429 22433 22432
22433 22429 22434
22431 22434 22429
22434 22435 22433
22435 22434 22436
22437 22435 22436
22435 22437 22438
22439 22431 22430
22431 22439 22440
22441 22440 22439
22440 22441 22442
22443 22442 22441
22442 22443 22444
22440 22442 22445
22442 22444 22445
22446 22445 22444
22446 22447 22445
22447 22440 22445
22447 22446 22448
22448 22436 22447
22436 22448 22437
22440 22447 22449
22449 22436 22434
22436 22449 22447
22431 22440 22449
22450 22444 22443
22446 22444 22450
22451 22448 22446
22446 22450 22451
22448 22451 22452
22434 22431 22449
22452 22437 22448
22437 22452 22453
22453 22438 22437
22438 22453 22454
22450 22455 22451
22454 22422 22438
22420 22438 22422
22438 22420 22435
22418 22435 22420
22435 22418 22433
22416 22433 22418
22433 22416 22432
22412 22432 22416
22432 22412 22426
22422 22454 22424
22456 22457 22458
22458 22457 22459
22459 22457 22460
22458 22459 22461
22458 22461 22462
22458 22462 22463
22458 22463 22464
22458 22464 22456
22459 22460 22465
22459 22465 22466
22466 22465 22467
22468 22466 22467
22469 22466 22468
22466 22469 22470
22471 22466 22470
22466 22423 22459
22423 22466 22421
22421 22466 22471
22419 22421 22471
22459 22425 22461
22425 22459 22423
22419 22471 22472
22473 22419 22472
22419 22473 22417
22474 22417 22473
22417 22474 22415
22475 22415 22474
22415 22475 22413
22476 22477 22478
22477 22476 22479
22480 22476 22478
22476 22480 22481
22480 22482 22481
22482 22480 22483
22476 22481 22484
22485 22481 22482
22481 22485 22484
22486 22485 22482
22483 22486 22482
22485 22486 22487
22476 22488 22479
22488 22476 22489
22489 22476 22484
22490 22484 22485
22487 22490 22485
22484 22490 22491
22489 22484 22491
22492 22491 22490
22493 22492 22490
22490 22487 22493
22492 22493 22494
22491 22492 22495
22495 22489 22491
22496 22495 22492
22495 22496 22497
22489 22498 22488
22498 22489 22499
22497 22499 22495
22495 22499 22489
22497 22500 22499
22500 22497 22501
22502 22499 22500
22499 22502 22498
22503 22488 22498
22502 22503 22498
22488 22503 22504
22505 22504 22503
22505 22506 22504
22507 22506 22505
22504 22506 22508
22509 22505 22503
22503 22502 22509
22505 22509 22510
22510 22507 22505
22507 22511 22506
22512 22508 22506
22506 22511 22512
22508 22512 22513
22513 22479 22508
22479 22504 22508
22479 22513 22477
22504 22479 22488
22497 22514 22501
22514 22497 22496
22496 22515 22514
22515 22496 22516
22492 22516 22496
22516 22492 22494
22516 22517 22515
22517 22516 22518
22494 22518 22516
22518 22519 22517
22519 22518 22520
22521 22519 22520
22520 22522 22521
22520 22523 22522
22523 22524 22522
22523 22525 22524
22526 22524 22525
22525 22523 22527
22520 22527 22523
22527 22520 22518
22518 22494 22527
22519 22521 22528
22525 22529 22526
22529 22525 22530
22529 22530 22531
22531 22530 22532
22532 22530 22533
22533 22530 22534
22535 22534 22530
22535 22530 22536
22527 22493 22525
22493 22527 22494
22487 22525 22493
22525 22487 22530
22486 22530 22487
22530 22486 22536
22486 22537 22536
22537 22486 22538
22486 22483 22538
22539 22540 22541
22542 22540 22539
22541 22540 22543
22543 22540 22544
22543 22545 22541
22546 22545 22543
22545 22546 22547
22548 22546 22543
22548 22543 22549
22549 22543 22550
22548 22549 22551
22551 22552 22548
22548 22553 22546
22554 22553 22548
22555 22553 22554
22556 22554 22548
22552 22556 22548
22557 22546 22553
22547 22546 22557
22557 22553 22558
22559 22558 22553
22560 22558 22559
22561 22559 22553
22561 22553 22562
22562 22553 22563
22564 22555 22563
22560 22565 22558
22565 22560 22566
22566 22567 22565
22567 22566 22568
22568 22569 22567
22569 22568 22570
22571 22567 22569
22567 22571 22572
22572 22565 22567
22573 22572 22571
22572 22573 22574
22575 22569 22570
22569 22575 22576
22575 22577 22576
22576 22577 22578
22578 22579 22576
22569 22579 22571
22579 22569 22576
22579 22578 22580
22580 22578 22581
22577 22582 22578
22578 22582 22583
22578 22583 22581
22582 22584 22583
22583 22584 22585
22581 22583 22585
22586 22585 22584
22585 22586 22587
22579 22580 22588
22588 22571 22579
22571 22588 22573
22543 22589 22590
22589 22543 22544
22550 22543 22590
22591 22592 22539
22592 22593 22539
22593 22542 22539
22565 22572 22594
22574 22594 22572
22594 22574 22595
22594 22558 22565
22558 22594 22557
22595 22557 22594
22557 22595 22547
22596 22597 22598
22599 22597 22596
22600 22601 22602
22601 22600 22603
22602 22604 22600
22604 22602 22605
22605 22606 22604
22606 22605 22607
22607 22608 22606
22608 22607 22609
22609 22610 22608
22610 22609 22611
22611 22612 22610
22612 22611 22613
22614 22603 22600
22603 22614 22615
22614 22616 22615
22616 22614 22617
22617 22618 22616
22618 22617 22619
22614 22620 22617
22621 22617 22620
22617 22621 22622
22622 22619 22617
22623 22622 22621
22622 22623 22624
22625 22624 22623
22624 22625 22626
22619 22627 22618
22627 22619 22628
22628 22629 22627
22629 22628 22630
22630 22631 22629
22631 22630 22632
22628 22633 22630
22630 22633 22632
22634 22632 22633
22633 22635 22634
22635 22633 22636
22628 22636 22633
22636 22626 22635
22626 22636 22624
22636 22628 22637
22637 22624 22636
22624 22637 22622
22619 22637 22628
22638 22631 22632
22634 22638 22632
22635 22639 22634
22634 22639 22638
22639 22635 22640
22626 22640 22635
22619 22622 22637
22638 22639 22641
22640 22626 22642
22625 22642 22626
22642 22625 22643
22610 22643 22625
22625 22608 22610
22608 22625 22623
22623 22606 22608
22606 22623 22621
22621 22604 22606
22604 22621 22620
22620 22600 22604
22600 22620 22614
22643 22610 22612
22644 22645 22646
22645 22647 22646
22647 22648 22646
22645 22649 22647
22645 22650 22649
22645 22651 22650
22645 22652 22651
22645 22644 22652
22647 22653 22648
22647 22654 22653
22654 22655 22653
22656 22655 22654
22657 22656 22654
22654 22658 22657
22659 22658 22654
22611 22654 22647
22654 22611 22609
22609 22659 22654
22607 22659 22609
22647 22613 22611
22613 22647 22649
22607 22660 22659
22607 22661 22660
22661 22607 22605
22605 22662 22661
22662 22605 22602
22602 22663 22662
22663 22602 22601
22664 22665 22666
22665 22664 22667
22664 22668 22667
22668 22664 22669
22670 22668 22669
22668 22670 22671
22664 22672 22669
22669 22673 22670
22673 22669 22672
22673 22674 22670
22674 22671 22670
22674 22673 22675
22676 22664 22666
22664 22676 22677
22677 22672 22664
22672 22678 22673
22678 22675 22673
22678 22672 22679
22677 22679 22672
22679 22680 22678
22680 22681 22678
22675 22678 22681
22681 22680 22682
22680 22679 22683
22683 22679 22677
22683 22684 22680
22684 22683 22685
22686 22677 22676
22677 22686 22687
22685 22683 22687
22683 22677 22687
22688 22685 22687
22685 22688 22689
22687 22690 22688
22690 22687 22686
22676 22691 22686
22691 22690 22686
22691 22676 22692
22693 22691 22692
22693 22692 22694
22695 22693 22694
22692 22696 22694
22697 22691 22693
22697 22693 22695
22691 22697 22698
22690 22691 22698
22695 22694 22699
22696 22700 22694
22694 22700 22699
22700 22696 22701
22666 22701 22696
22692 22666 22696
22701 22666 22665
22666 22692 22676
22702 22685 22689
22685 22702 22684
22703 22684 22702
22684 22703 22704
22704 22680 22684
22680 22704 22682
22705 22704 22703
22704 22705 22706
22706 22682 22704
22707 22706 22705
22706 22707 22708
22707 22709 22708
22708 22709 22710
22708 22710 22711
22711 22710 22712
22713 22711 22712
22714 22713 22712
22711 22713 22715
22715 22708 22711
22708 22715 22706
22682 22706 22715
22709 22707 22716
22713 22714 22717
22717 22718 22713
22717 22719 22718
22719 22720 22718
22720 22721 22718
22721 22722 22718
22723 22718 22722
22723 22724 22718
22681 22715 22713
22715 22681 22682
22675 22713 22718
22713 22675 22681
22718 22674 22675
22674 22718 22724
22725 22674 22724
22674 22725 22726
22671 22674 22726
22727 22728 22729
22730 22727 22729
22728 22731 22729
22731 22732 22729
22731 22728 22733
22734 22731 22733
22733 22735 22734
22736 22731 22734
22736 22737 22731
22737 22738 22731
22736 22739 22737
22739 22736 22740
22736 22734 22741
22742 22736 22741
22743 22742 22741
22744 22736 22742
22740 22736 22744
22741 22745 22743
22746 22741 22734
22735 22746 22734
22746 22747 22741
22748 22741 22747
22749 22748 22747
22750 22741 22748
22750 22751 22741
22751 22745 22741
22752 22749 22747
22749 22752 22753
22754 22753 22752
22753 22754 22755
22756 22755 22754
22755 22756 22757
22752 22758 22754
22759 22754 22758
22758 22760 22759
22760 22758 22761
22754 22759 22762
22762 22763 22757
22763 22762 22764
22763 22764 22765
22764 22766 22765
22766 22764 22767
22762 22767 22764
22767 22762 22759
22767 22768 22766
22768 22769 22766
22765 22766 22770
22766 22771 22770
22766 22769 22771
22770 22771 22772
22771 22773 22772
22769 22773 22771
22773 22774 22772
22774 22773 22775
22767 22776 22768
22759 22776 22767
22776 22759 22760
22731 22777 22778
22778 22732 22731
22738 22777 22731
22779 22727 22780
22780 22727 22781
22781 22727 22730
22758 22752 22782
22782 22761 22758
22761 22782 22783
22747 22782 22752
22782 22747 22746
22746 22783 22782
22783 22746 22735
22784 22785 22786
22785 22784 22787
22786 22788 22784
22788 22786 22789
22789 22790 22788
22788 22790 22791
22790 22792 22791
22790 22793 22792
22793 22794 22792
22793 22795 22794
22795 22796 22794
22796 22795 22797
22797 22798 22796
22798 22797 22799
22799 22800 22798
22799 22801 22800
22800 22801 22802
22802 22801 22803
22803 22804 22802
22804 22803 22805
22805 22806 22804
22806 22805 22807
22807 22808 22806
22808 22807 22809
22809 22810 22808
22808 22810 22811
22810 22812 22811
22811 22812 22813
22812 22814 22813
22814 22812 22815
22815 22816 22814
22816 22815 22817
22817 22818 22816
22818 22817 22819
22819 22820 22818
22820 22819 22821
22822 22823 22824
22823 22822 22825
22825 22826 22823
22826 22825 22827
22828 22826 22827
22824 22829 22822
22829 22824 22830
22828 22831 22826
22831 22823 22826
22823 22831 22832
22832 22824 22823
22824 22832 22833
22833 22830 22824
22832 22834 22833
22834 22835 22833
22836 22833 22835
22836 22835 22837
22837 22838 22836
22838 22837 22839
22833 22836 22840
22838 22840 22836
22830 22833 22840
22838 21929 22840
21929 22830 22840
22838 21942 21929
22839 21942 22838
21929 22841 22830
22841 21929 22842
22832 22831 22843
22844 22832 22843
22844 22834 22832
22844 22835 22834
22845 22835 22844
22844 22846 22845
22844 22847 22846
22847 22844 22848
22844 22843 22848
22848 22849 22847
22849 22848 22850
22843 22850 22848
22850 22843 22851
22846 22852 22845
22852 22853 22845
22835 22845 22853
22853 22852 22854
22854 22855 22853
22855 22854 22856
22857 22855 22856
22855 22857 22858
22859 22858 22857
22858 22859 22860
22860 22839 22858
22839 22855 22858
22861 22847 22849
22847 22861 22862
22863 22862 22861
22862 22863 22864
22865 22864 22863
22864 22865 22866
22866 22867 22864
22867 22866 22868
22868 22869 22867
22869 22868 22870
22870 22871 22869
22871 22870 22872
22872 22873 22871
22873 22872 22874
22874 22875 22873
22875 22874 22876
22876 22877 22875
22877 22876 22878
22878 22879 22877
22879 22878 22880
22881 22866 22865
22882 22870 22868
22868 22883 22882
22866 22881 22883
22883 22868 22866
22884 22874 22872
22872 22885 22884
22870 22882 22885
22885 22872 22870
22886 22878 22876
22876 22887 22886
22874 22884 22887
22887 22876 22874
22880 21967 22879
21961 22879 21967
22879 21961 22888
22888 22877 22879
22877 22888 22889
22889 22875 22877
22875 22889 22890
22890 22873 22875
22873 22890 22891
22891 22871 22873
22871 22891 22892
22869 22871 22892
22892 22893 22869
22867 22869 22893
22893 22892 22894
22893 22894 22852
22895 22893 22852
22867 22893 22895
22895 22864 22867
22864 22895 22862
22892 22896 22894
22896 22892 22891
22891 22897 22896
22897 22891 22890
22896 22897 22898
22897 22899 22898
22899 22897 22900
22900 22901 22899
22901 22900 22902
22890 22900 22897
22900 22890 22889
22889 22902 22900
22902 22889 22888
22852 22846 22895
22846 22862 22895
22862 22846 22847
22901 22857 22899
22857 22898 22899
22857 22901 22859
22898 22857 22856
22854 22898 22856
22898 22854 22896
22854 22894 22896
22894 22854 22852
22888 21959 22902
21959 22888 21961
21960 22902 21959
22902 21960 22901
21948 22901 21960
22901 21948 22859
21932 22859 21948
22859 21932 22860
21930 22860 21932
22860 21930 21942
21942 22839 22860
22855 22839 22837
22837 22853 22855
22853 22837 22835
22878 22886 22903
22903 22880 22878
22880 22903 22904
22904 21975 22880
21975 22904 21981
21967 22880 21975
22831 22851 22843
22851 22831 22828
21991 21987 22042
22042 21993 21991
21993 22042 22037
22037 21995 21993
22905 22906 22907
22906 22905 22908
22907 22909 22905
22909 22907 22910
22910 22911 22909
22907 22912 22910
22913 22907 22906
22913 22906 22914
22913 22915 22907
22907 22915 22912
22916 22911 22910
22911 22916 22917
22917 22918 22911
22918 22917 22919
22920 22912 22915
22920 22915 22913
22912 22920 22921
22921 22910 22912
22910 22921 22916
22911 22922 22909
22922 22911 22918
22922 22905 22909
22905 22922 22923
22923 22908 22905
22908 22923 22924
22925 22924 22923
22924 22925 22926
22927 22926 22925
22926 22927 22928
22925 22929 22927
22929 22925 22930
22923 22930 22925
22930 22923 22922
22918 22930 22922
22930 22931 22929
22931 22930 22932
22927 22929 22933
22927 22933 22934
22928 22927 22934
22934 22933 22935
22936 22928 22934
22935 22937 22934
22936 22934 22937
22936 22937 22938
22938 22939 22936
22929 22940 22933
22929 22941 22940
22929 22931 22941
22931 22942 22941
22931 22943 22942
22943 22931 22944
22944 22931 22945
22945 22931 22932
22944 22946 22943
22946 22944 22947
22945 22947 22944
22947 22945 22948
22949 22948 22945
22948 22949 22950
22949 22919 22950
22919 22949 22918
22949 22932 22918
22945 22932 22949
22930 22918 22932
21078 20987 20988
21092 21108 21093
21090 22951 21092
21091 22951 21090
22951 21091 22952
21086 22952 21091
22952 21086 22953
21081 22953 21086
22953 21081 22954
21080 22954 21081
22827 22825 22955
22825 22956 22955
22956 22825 22822
22822 22957 22956
22957 22822 22829
22842 22957 22841
22957 22842 22958
22958 21928 21926
21926 22959 22958
22959 21926 21924
21924 21919 22959
