byte offset: 0
first index: 0
index count: 6624
topology: trianglelist
format: DXGI_FORMAT_R16_UINT

0 1 2
3 2 1
4 2 3
2 4 5
3 6 4
6 3 7
7 8 6
8 7 9
9 10 8
10 9 11
3 1 12
12 7 3
7 12 13
13 9 7
9 13 14
9 14 15
9 15 11
11 16 10
11 17 16
17 11 18
18 11 15
19 17 18
17 19 20
21 20 19
20 21 22
23 24 25
24 23 26
26 27 24
27 26 28
29 27 28
27 29 30
25 31 23
31 25 32
24 33 25
33 24 34
27 34 24
34 27 35
27 36 35
36 27 30
37 25 33
25 37 32
38 39 40
39 41 40
41 39 42
42 43 41
43 42 44
38 40 45
46 45 40
45 46 47
48 47 46
47 48 49
50 51 52
52 51 53
51 54 53
54 51 55
55 56 54
56 55 57
58 56 57
56 58 59
59 58 60
52 53 61
59 60 62
60 63 62
62 63 64
64 63 65
64 65 66
65 67 66
66 67 68
68 67 69
69 70 68
70 69 71
72 70 71
70 72 73
73 72 74
73 74 75
75 74 76
76 77 75
76 78 77
77 78 79
78 80 79
80 81 79
81 80 82
82 83 81
83 82 84
83 84 85
85 86 83
85 87 86
86 87 88
87 89 88
88 89 90
91 90 89
90 91 92
93 90 92
91 94 92
94 91 95
93 92 96
94 96 92
96 94 97
98 97 94
95 98 94
97 98 99
98 95 100
101 102 103
102 101 104
104 101 105
106 105 101
106 107 105
108 109 110
109 108 111
108 112 111
112 108 113
114 115 116
115 114 117
118 114 116
114 118 119
120 121 122
121 120 123
120 124 123
124 120 125
125 126 124
126 125 127
127 128 126
128 127 129
130 120 122
120 130 131
120 132 125
132 120 131
127 133 129
133 127 134
125 134 127
134 125 132
135 136 137
136 135 138
139 135 137
135 139 140
135 141 138
141 135 142
143 135 140
135 143 142
144 145 146
145 144 147
148 144 146
144 148 149
144 150 147
150 144 151
152 144 149
144 152 151
153 154 155
153 156 154
156 153 157
157 158 156
158 157 159
159 160 158
160 159 161
161 162 160
162 161 163
164 162 163
162 164 165
166 165 164
165 166 167
166 168 167
168 166 169
170 168 169
168 170 171
170 172 171
172 170 173
173 174 172
174 173 175
175 176 174
176 175 177
178 176 177
176 178 179
178 180 179
180 178 181
182 180 181
180 182 183
184 183 182
183 184 185
186 185 184
185 186 187
188 187 186
187 188 189
190 189 188
189 190 191
192 191 190
191 192 193
194 193 192
193 194 195
196 195 194
195 196 197
196 198 197
198 196 199
187 189 200
193 195 201
202 203 204
202 204 205
205 204 206
206 207 205
207 206 208
208 209 207
209 208 210
211 209 210
209 211 212
213 214 215
214 213 216
214 217 215
217 214 218
219 220 221
220 219 222
222 219 223
219 224 223
224 219 225
226 224 225
224 226 227
228 227 226
226 229 228
229 226 230
231 232 233
232 231 234
235 233 232
233 235 236
237 236 235
236 237 238
239 238 237
238 239 240
241 240 239
240 241 242
243 242 241
242 243 244
245 244 243
244 245 246
247 246 245
246 247 248
247 249 248
249 247 250
250 251 249
251 250 252
252 253 251
253 252 254
254 255 253
255 254 256
256 257 255
257 256 258
258 259 257
259 258 260
260 261 259
261 260 262
262 263 261
263 262 264
264 265 263
265 264 266
266 267 265
267 266 268
269 270 271
272 270 269
270 272 273
269 271 274
275 270 273
270 275 276
276 277 270
276 278 277
279 280 281
280 279 282
283 279 281
279 283 284
285 286 287
286 285 288
287 289 285
287 290 289
285 289 291
292 293 294
294 293 295
296 294 295
294 296 297
295 293 298
299 300 301
300 299 302
303 300 302
300 303 304
303 305 304
305 303 306
302 299 307
308 309 310
308 310 311
308 311 312
308 312 313
313 312 314
310 309 315
316 315 309
317 316 309
317 318 316
317 319 318
317 320 319
320 321 319
322 323 324
323 322 325
324 326 322
326 324 327
327 328 326
328 327 329
325 330 323
330 325 331
325 332 331
332 325 333
334 333 325
333 334 335
336 335 334
335 336 337
338 337 336
337 338 339
340 341 342
341 340 343
340 344 343
344 340 345
346 347 348
347 346 349
346 350 349
350 346 351
352 353 354
353 352 355
356 357 358
357 356 359
356 358 360
358 361 360
360 361 362
362 361 363
362 363 364
365 366 367
366 365 368
369 368 365
368 369 370
371 370 369
370 371 372
366 373 367
373 366 374
374 375 373
375 374 376
376 377 375
377 376 378
379 380 381
380 382 381
382 380 383
384 382 383
384 385 382
384 386 385
387 385 386
385 387 388
387 389 388
390 389 387
391 389 390
389 392 388
392 393 388
381 394 379
395 394 381
395 381 396
392 397 393
398 397 392
399 397 398
400 399 398
401 400 398
397 399 402
403 402 399
404 402 403
404 405 402
404 406 405
406 407 405
408 405 407
395 396 408
409 408 407
408 409 410
395 408 410
409 411 410
412 413 414
413 412 415
414 416 412
416 414 417
415 418 413
418 415 419
420 418 419
418 420 421
422 421 420
421 422 423
424 416 417
416 424 425
426 425 424
425 426 427
422 428 423
428 422 429
429 430 428
430 427 426
430 429 431
427 430 431
432 433 434
433 432 435
436 432 434
432 436 437
435 438 433
438 435 439
440 438 439
438 440 441
440 442 441
442 440 443
436 444 437
444 436 445
446 444 445
444 446 447
448 442 443
442 448 449
448 450 449
450 447 446
450 448 451
447 450 451
452 453 454
452 455 453
455 456 453
453 456 457
453 458 454
453 457 459
460 453 459
461 453 460
461 462 453
453 462 458
463 464 465
463 465 466
463 466 467
467 466 468
467 468 469
463 470 464
470 471 464
470 472 471
470 473 472
473 474 472
469 468 475
467 469 476
473 477 474
473 478 477
474 477 479
480 481 482
480 482 483
480 484 481
480 485 484
480 486 485
487 482 481
484 487 481
482 487 488
482 489 483
489 482 488
485 490 484
487 484 490
490 485 491
486 491 485
491 486 492
480 483 493
489 493 483
480 493 494
480 495 486
480 496 495
480 494 496
493 497 494
497 496 494
497 493 498
493 489 498
499 495 496
496 497 499
495 499 500
500 486 495
486 500 492
501 502 503
502 501 504
503 505 501
505 503 506
507 502 504
502 507 508
509 508 507
508 509 510
511 510 509
510 511 512
513 505 506
505 513 514
515 514 513
514 515 516
515 517 516
517 515 518
518 519 517
519 518 520
511 520 512
520 511 519
379 394 521
158 160 522
154 523 155
523 154 524
525 523 524
523 525 526
527 526 525
528 527 525
527 528 529
530 529 528
529 530 531
532 531 530
531 532 533
534 533 532
533 534 535
534 536 535
536 534 537
537 538 536
538 537 539
540 538 539
538 540 541
540 542 541
542 540 543
544 542 543
542 544 545
546 545 544
545 546 547
548 547 546
547 548 549
548 550 549
550 548 551
552 550 551
550 552 553
552 554 553
554 552 555
555 556 554
556 555 557
557 558 556
558 557 559
559 560 558
560 559 561
561 562 560
562 561 563
563 564 562
564 563 565
565 566 564
566 565 567
567 568 566
568 567 569
570 568 569
568 570 571
559 572 561
565 573 567
168 171 574
162 165 575
174 176 576
180 183 577
578 579 580
578 580 581
580 579 582
583 584 585
585 584 586
585 586 587
588 589 590
588 590 591
590 589 592
593 594 595
594 593 596
593 597 596
597 593 598
599 600 601
600 599 602
603 599 601
599 603 604
605 606 607
605 607 608
608 607 609
610 611 612
610 612 613
613 612 614
615 616 617
615 617 618
618 617 619
620 621 622
620 622 623
623 622 624
625 626 627
625 627 628
628 627 629
630 631 632
630 632 633
633 632 634
635 636 637
637 636 638
635 637 639
638 636 640
641 642 643
642 641 644
645 641 643
641 645 646
647 648 649
648 647 650
651 647 649
647 651 652
647 653 650
653 647 654
655 647 652
647 655 654
656 657 658
656 658 659
659 658 660
661 662 663
662 661 664
664 661 665
662 666 663
667 666 662
667 668 666
665 669 664
667 670 668
665 671 669
665 672 671
667 673 670
674 675 676
676 675 677
676 677 678
674 679 675
678 677 680
678 680 681
681 680 682
681 682 683
681 683 684
684 683 685
684 685 686
686 685 687
687 688 686
688 687 689
689 690 688
690 689 691
691 692 690
692 691 693
694 692 693
692 694 695
694 696 695
696 694 697
698 696 697
696 698 699
699 698 700
699 700 701
701 700 702
701 702 703
703 702 704
705 703 704
703 705 706
707 706 705
706 707 708
709 708 707
710 711 712
713 714 715
713 716 714
717 718 719
718 717 720
717 721 720
721 717 722
723 718 720
718 723 719
721 723 720
723 721 724
725 726 727
726 725 728
727 726 729
727 730 725
730 727 731
732 731 727
732 727 729
733 731 732
731 734 730
734 731 735
733 735 731
736 735 733
737 734 735
734 737 738
739 738 737
737 740 739
740 737 741
741 735 736
735 741 737
738 739 742
743 744 745
744 746 745
746 747 745
747 746 748
747 749 745
743 745 749
749 747 750
751 752 753
752 751 754
753 752 755
755 752 756
756 752 757
754 757 752
757 754 758
759 757 758
757 759 760
757 760 761
757 761 756
762 761 760
762 760 763
759 763 760
763 759 764
765 766 767
766 765 768
769 767 766
767 769 770
768 771 766
771 768 772
769 773 770
773 769 774
769 775 774
775 769 776
766 776 769
776 766 771
775 777 774
777 775 778
774 779 773
779 774 777
780 781 782
780 782 783
781 784 782
785 782 784
782 785 786
782 786 783
783 786 787
787 786 788
787 788 789
789 788 790
784 781 791
786 792 788
792 786 785
792 790 788
790 792 793
794 795 796
794 796 797
797 796 798
799 796 795
800 799 795
799 800 801
796 799 802
796 803 798
803 796 802
804 798 803
798 804 805
798 805 806
798 806 797
806 805 807
807 805 808
804 808 805
808 804 809
795 794 810
800 795 810
811 812 813
814 813 812
812 815 814
815 812 816
817 814 815
814 817 818
819 818 817
818 819 820
821 820 819
820 821 822
813 814 823
818 823 814
823 818 824
820 824 818
824 820 825
820 826 825
820 822 826
822 821 827
822 827 828
828 829 822
829 826 822
828 830 829
830 828 831
831 832 830
832 831 833
834 835 836
835 837 836
838 836 837
836 838 839
840 839 838
839 840 841
840 842 841
842 840 843
843 844 842
835 845 837
843 846 844
844 846 847
846 848 847
848 849 847
848 850 849
849 850 851
850 852 851
852 853 851
854 853 852
853 854 855
854 856 855
856 854 857
857 858 856
857 859 858
859 860 858
860 859 861
860 861 862
861 863 862
862 863 864
865 864 863
864 865 866
867 866 865
866 867 868
867 869 868
869 867 870
869 870 871
870 872 871
871 872 873
872 874 873
874 875 873
875 874 876
877 876 874
876 878 875
877 879 876
879 878 876
878 879 880
880 881 878
881 880 882
881 883 878
878 883 875
883 881 884
885 886 887
886 885 888
888 889 886
889 890 886
889 891 890
892 893 894
892 895 893
895 896 893
897 896 895
896 897 898
899 898 897
898 899 900
899 901 900
901 899 902
903 904 905
904 903 906
907 904 906
904 907 908
909 910 911
910 909 912
911 913 909
913 911 914
914 915 913
915 914 916
916 917 915
917 916 918
918 919 917
919 918 920
920 921 919
921 920 922
922 923 921
923 922 924
924 925 923
925 924 926
927 925 926
925 927 928
929 928 927
928 929 930
931 930 929
930 931 932
933 932 931
932 933 934
935 934 933
934 935 936
937 936 935
936 937 938
939 938 937
938 939 940
941 940 939
940 941 942
943 942 941
942 943 944
945 944 943
944 945 946
947 948 949
948 947 950
948 950 951
948 951 952
950 953 951
954 955 956
955 957 956
955 958 957
958 955 959
957 960 956
961 962 963
962 961 964
961 965 964
965 961 966
967 965 966
965 967 968
964 969 962
970 971 972
971 970 973
974 973 970
973 974 975
976 977 978
977 976 979
980 981 982
981 980 983
980 984 983
983 984 985
984 986 985
986 987 985
986 988 987
989 990 991
990 989 992
991 993 989
993 991 994
994 995 993
995 994 996
997 990 992
990 997 998
999 998 997
998 999 1000
1001 1000 999
1000 1001 1002
1003 1004 1005
1003 1006 1004
1003 1007 1006
1007 1008 1006
1007 1009 1008
1003 1005 1010
1010 1005 1011
1010 1011 1012
1010 1012 1013
1013 1012 1014
1009 1015 1008
1007 1016 1009
1013 1014 1017
1013 1017 1018
1014 1019 1017
530 1020 532
540 1021 543
534 1022 537
546 1023 548
552 1024 555
1025 1026 1027
1025 1028 1026
1026 1029 1027
1030 1031 1032
1032 1031 1033
1033 1031 1034
1035 1036 1037
1035 1038 1036
1036 1039 1037
1040 1041 1042
1041 1040 1043
1040 1044 1043
1044 1040 1045
1046 1047 1048
1046 1049 1047
1049 1050 1047
1051 1052 1053
1051 1054 1052
1054 1055 1052
1056 1057 1058
1056 1059 1057
1059 1060 1057
1061 1062 1063
1061 1064 1062
1064 1065 1062
1066 1067 1068
1066 1069 1067
1069 1070 1067
1071 1072 1073
1071 1074 1072
1074 1075 1072
1076 1077 1078
1077 1079 1078
1076 1080 1077
1079 1081 1078
1082 1083 1084
1082 1085 1083
1085 1086 1083
1087 1088 1089
1088 1087 1090
1089 1091 1087
1088 1090 1092
1093 1088 1092
1093 1092 1094
1091 1089 1095
1093 1094 1096
1091 1095 1097
1091 1097 1098
1093 1096 1099
1100 1101 1102
1101 1103 1102
1101 1104 1103
1100 1102 1105
1104 1106 1103
1104 1107 1106
1107 1108 1106
1107 1109 1108
1107 1110 1109
1110 1111 1109
1110 1112 1111
1112 1113 1111
1114 1113 1112
1113 1114 1115
1116 1115 1114
1115 1116 1117
1118 1117 1116
1117 1118 1119
1118 1120 1119
1120 1118 1121
1121 1122 1120
1122 1121 1123
1123 1124 1122
1124 1123 1125
1125 1126 1124
1125 1127 1126
1127 1128 1126
1127 1129 1128
1129 1130 1128
1129 1131 1130
1131 1129 1132
1132 1133 1131
1133 1132 1134
1134 1135 1133
1136 1137 1138
1139 1140 1141
1140 1139 1142
1141 1143 1139
1144 1141 1140
1141 1144 1145
1146 1141 1145
1146 1143 1141
1147 1146 1145
1148 1145 1144
1145 1148 1149
1147 1145 1149
1150 1147 1149
1148 1151 1149
1151 1148 1152
1152 1153 1151
1154 1151 1153
1151 1154 1155
1149 1155 1150
1155 1149 1151
1153 1152 1156
1157 1158 1159
1159 1158 1160
1161 1160 1158
1160 1161 1162
1163 1161 1158
1157 1163 1158
1161 1163 1164
1165 1166 1167
1166 1165 1168
1167 1169 1165
1169 1170 1165
1170 1171 1165
1171 1168 1165
1168 1171 1172
1171 1173 1172
1173 1171 1174
1171 1175 1174
1171 1170 1175
1176 1174 1175
1176 1177 1174
1177 1173 1174
1173 1177 1178
1179 1180 1181
1180 1179 1182
1181 1183 1179
1183 1181 1184
1185 1182 1179
1182 1185 1186
1187 1183 1184
1183 1187 1188
1189 1183 1188
1183 1189 1190
1179 1190 1185
1190 1179 1183
1191 1189 1188
1189 1191 1192
1193 1188 1187
1188 1193 1191
1194 1195 1196
1194 1197 1195
1198 1196 1195
1195 1199 1198
1199 1195 1200
1195 1197 1200
1197 1201 1200
1201 1202 1200
1201 1203 1202
1203 1204 1202
1196 1198 1205
1200 1206 1199
1206 1200 1202
1204 1206 1202
1206 1204 1207
1208 1209 1210
1208 1211 1209
1211 1212 1209
1209 1213 1210
1213 1214 1210
1214 1213 1215
1213 1209 1216
1217 1209 1212
1209 1217 1216
1212 1218 1217
1218 1212 1219
1212 1220 1219
1212 1211 1220
1220 1221 1219
1221 1222 1219
1222 1218 1219
1218 1222 1223
1210 1224 1208
1214 1224 1210
1225 1226 1227
1226 1225 1228
1228 1229 1226
1229 1228 1230
1230 1231 1229
1231 1230 1232
1233 1227 1226
1227 1233 1234
1235 1229 1231
1229 1235 1236
1226 1236 1233
1236 1226 1229
1233 1237 1234
1237 1233 1238
1236 1238 1233
1235 1239 1236
1238 1236 1239
1239 1235 1240
1238 1241 1237
1241 1238 1242
1239 1242 1238
1240 1243 1239
1242 1239 1243
1243 1240 1244
1245 1241 1242
1241 1245 1246
1247 1243 1244
1243 1247 1248
1242 1248 1245
1248 1242 1243
1245 1249 1246
1249 1245 1250
1248 1250 1245
1251 1248 1247
1248 1251 1252
1250 1248 1252
1251 1253 1252
1254 1255 1256
1255 1254 1257
1257 1258 1255
1258 1257 1259
1259 1260 1258
1260 1259 1261
1262 1257 1254
1257 1262 1263
1263 1259 1257
1259 1263 1264
1259 1265 1261
1265 1259 1264
1264 1266 1265
1267 1256 1255
1256 1267 1268
1269 1268 1267
1268 1269 1270
1271 1270 1269
1270 1271 1272
1269 1273 1271
1273 1269 1274
1274 1269 1275
1275 1269 1267
1275 1267 1276
1276 1267 1255
1276 1255 1258
1258 1277 1276
1278 1276 1277
1278 1275 1276
1279 1275 1278
1279 1274 1275
1280 1274 1279
1280 1273 1274
1277 1258 1260
1271 1273 1281
1282 1271 1281
1282 1283 1271
1283 1272 1271
1284 1282 1281
1282 1285 1283
1284 1286 1282
1282 1286 1287
1282 1287 1288
1282 1288 1285
1287 1286 1289
1289 1290 1287
1291 1287 1290
1287 1291 1292
1288 1287 1292
1290 1289 1293
1293 1294 1290
1290 1295 1291
1295 1290 1296
1294 1296 1290
1294 1297 1296
1296 1298 1295
1298 1296 1299
1297 1299 1296
1299 1300 1298
1300 1299 1301
1302 1301 1299
1297 1302 1299
1301 1302 1303
1304 1303 1302
1303 1304 1305
1301 1306 1300
1306 1301 1307
1303 1307 1301
1307 1303 1308
1309 1303 1305
1303 1309 1308
1308 1309 1310
1311 1302 1297
1302 1311 1304
1312 1311 1297
1312 1297 1294
1313 1312 1294
1313 1294 1293
1314 1313 1293
1314 1293 1289
1315 1316 1317
1315 1317 1318
1315 1318 1319
1315 1320 1316
1315 1321 1320
1315 1322 1321
1315 1319 1323
1315 1323 1324
1315 1324 1325
1315 1325 1326
1315 1326 1327
1315 1327 1322
1328 1329 1330
1330 1329 1331
1331 1329 1332
1328 1333 1329
1333 1334 1329
1334 1335 1329
1336 1332 1329
1337 1336 1329
1338 1337 1329
1338 1329 1339
1339 1329 1340
1340 1329 1335
1341 1342 1343
1341 1343 1344
1341 1344 1345
1342 1341 1346
1346 1341 1347
1347 1341 1348
1341 1345 1349
1341 1349 1350
1341 1350 1351
1351 1352 1341
1352 1353 1341
1353 1348 1341
1354 1355 1356
1355 1354 1357
1354 1356 1358
1358 1356 1359
1358 1359 1360
1361 1355 1357
1355 1361 1362
1361 1363 1362
1363 1364 1362
1363 1365 1364
1366 1360 1359
1366 1359 1367
1368 1366 1367
1369 1368 1367
1368 1369 1370
1369 1371 1370
1371 1369 1372
1371 1372 1373
1373 1372 1364
1373 1364 1365
1374 1375 1376
1376 1375 1377
1374 1378 1375
1378 1379 1375
1380 1377 1375
1381 1380 1375
1381 1375 1382
1382 1375 1379
1383 1225 1384
1225 1383 1228
1385 1228 1383
1228 1385 1230
1386 1230 1385
1230 1386 1232
1384 1387 1383
1387 1384 1388
1385 1389 1386
1389 1385 1390
1390 1383 1387
1383 1390 1385
1391 1387 1388
1387 1391 1392
1392 1390 1387
1393 1389 1390
1390 1392 1393
1389 1393 1394
1395 1392 1391
1392 1395 1396
1396 1393 1392
1397 1394 1393
1393 1396 1397
1394 1397 1398
1395 1399 1396
1399 1395 1400
1397 1401 1398
1401 1397 1402
1402 1396 1399
1396 1402 1397
1403 1399 1400
1399 1403 1404
1404 1402 1399
1402 1405 1401
1405 1402 1406
1402 1404 1406
1405 1406 1407
1408 1409 1410
1409 1408 1411
1412 1411 1408
1411 1412 1413
1414 1413 1412
1413 1414 1415
1410 1416 1408
1416 1410 1417
1412 1418 1414
1418 1412 1419
1419 1408 1416
1408 1419 1412
1420 1416 1417
1416 1420 1421
1421 1419 1416
1422 1418 1419
1419 1421 1422
1418 1422 1423
1424 1421 1420
1421 1424 1425
1425 1422 1421
1426 1423 1422
1422 1425 1426
1423 1426 1427
1424 1428 1425
1428 1424 1429
1426 1430 1427
1430 1426 1431
1431 1425 1428
1425 1431 1426
1432 1428 1429
1428 1432 1433
1433 1431 1428
1431 1434 1430
1434 1431 1435
1431 1433 1435
1434 1435 1436
1437 1438 1439
1438 1437 1440
1441 1440 1437
1440 1441 1442
1443 1442 1441
1442 1443 1444
1440 1445 1438
1445 1440 1446
1442 1446 1440
1446 1442 1447
1448 1442 1444
1442 1448 1447
1447 1448 1449
1439 1450 1437
1450 1439 1451
1451 1452 1450
1452 1451 1453
1453 1454 1452
1454 1453 1455
1456 1452 1454
1452 1456 1457
1457 1458 1452
1458 1450 1452
1458 1459 1450
1459 1437 1450
1459 1441 1437
1460 1441 1459
1461 1460 1459
1461 1459 1458
1462 1461 1458
1462 1458 1457
1463 1462 1457
1463 1457 1456
1441 1460 1443
1454 1464 1456
1465 1464 1454
1465 1454 1466
1466 1454 1455
1467 1464 1465
1465 1466 1468
1467 1465 1469
1465 1470 1469
1465 1471 1470
1465 1468 1471
1470 1472 1469
1473 1472 1470
1470 1474 1473
1474 1470 1475
1471 1475 1470
1472 1473 1476
1476 1473 1477
1478 1473 1474
1473 1478 1479
1477 1473 1479
1477 1479 1480
1481 1479 1478
1479 1481 1482
1480 1479 1482
1483 1482 1481
1482 1483 1484
1484 1485 1482
1480 1482 1485
1485 1484 1486
1486 1487 1485
1487 1486 1488
1489 1484 1483
1484 1489 1490
1490 1486 1484
1486 1490 1491
1486 1492 1488
1492 1486 1491
1491 1493 1492
1494 1485 1487
1485 1494 1480
1495 1480 1494
1495 1477 1480
1496 1477 1495
1496 1476 1477
1497 1476 1496
1497 1472 1476
1409 1498 1499
1498 1409 1411
1411 1500 1498
1500 1411 1413
1413 1501 1500
1501 1413 1415
1502 1499 1498
1499 1502 1503
1504 1500 1501
1500 1504 1505
1498 1505 1502
1505 1498 1500
1502 1506 1503
1506 1502 1507
1505 1507 1502
1504 1508 1505
1507 1505 1508
1508 1504 1509
1507 1510 1506
1510 1507 1511
1508 1511 1507
1509 1512 1508
1511 1508 1512
1512 1509 1513
1514 1510 1511
1510 1514 1515
1516 1512 1513
1512 1516 1517
1511 1517 1514
1517 1511 1512
1514 1518 1515
1518 1514 1519
1517 1519 1514
1516 1520 1517
1519 1517 1521
1517 1520 1521
1520 1522 1521
1523 1524 1525
1524 1523 1526
1523 1527 1526
1527 1523 1528
1528 1529 1527
1529 1528 1530
1531 1530 1528
1530 1532 1529
1533 1534 1535
1536 1535 1534
1536 1534 1537
1537 1538 1536
1538 1537 1539
1538 1539 1540
1538 1540 1541
1542 1541 1540
1543 1544 1545
1543 1545 1546
1547 1548 1549
1548 1547 1550
1547 1551 1550
1551 1547 1552
1548 1553 1549
1553 1548 1554
1555 1553 1554
1553 1555 1556
1557 1558 1559
1558 1557 1560
1561 1557 1559
1557 1561 1562
1563 1562 1561
1562 1563 1564
1565 1562 1564
1564 1563 1566
1565 1567 1568
1569 1568 1567
1567 1570 1569
1568 1569 1571
1571 1572 1568
1572 1571 1573
1574 1572 1573
1572 1574 1575
1576 1577 1578
1576 1579 1577
1580 1581 1582
1581 1580 1583
1584 1581 1583
1581 1584 1585
1586 1585 1584
1585 1586 1587
1588 1585 1587
1587 1586 1589
1590 1591 1592
1593 1592 1591
1593 1594 1592
1595 1594 1593
1594 1595 1596
1595 1597 1596
1595 1598 1597
1599 1597 1598
1600 1601 1602
1600 1603 1601
1604 1605 1606
1605 1604 1607
1608 1605 1607
1605 1608 1609
1610 1604 1606
1604 1610 1611
1610 1612 1611
1612 1610 1613
1614 1615 1616
1615 1614 1617
1614 1618 1617
1618 1614 1619
1619 1620 1618
1620 1619 1621
1622 1621 1619
1621 1623 1620
1622 1624 1625
1624 1626 1625
1625 1626 1627
1626 1624 1628
1629 1628 1624
1628 1629 1630
1629 1631 1630
1631 1629 1632
1633 1634 1635
1633 1635 1636
1637 1638 1639
1638 1637 1640
1641 1637 1639
1637 1641 1642
1643 1642 1641
1642 1643 1644
1645 1642 1644
1644 1643 1646
1647 1648 1649
1650 1649 1648
1650 1651 1649
1652 1651 1650
1651 1652 1653
1652 1654 1653
1652 1655 1654
1656 1654 1655
1657 1658 1659
1658 1657 1660
1661 1658 1660
1658 1661 1662
1663 1657 1659
1657 1663 1664
1663 1665 1664
1665 1663 1666
1667 1668 1669
1668 1667 1670
1667 1671 1670
1671 1667 1672
1672 1673 1671
1673 1672 1674
1675 1674 1672
1674 1676 1673
1677 1678 1679
1680 1679 1678
1680 1678 1681
1681 1682 1680
1682 1681 1683
1682 1683 1684
1682 1684 1685
1686 1685 1684
1687 1688 1689
1688 1687 1690
1687 1691 1690
1691 1687 1692
1688 1693 1689
1693 1688 1694
1695 1693 1694
1693 1695 1696
1697 1698 1699
1698 1697 1700
1701 1702 1703
1703 1702 1704
1705 1703 1704
1705 1704 1706
1707 1705 1706
1703 1708 1701
1707 1709 1705
1701 1708 1710
1708 1711 1710
1709 1711 1708
1707 1712 1709
1709 1712 1711
1713 1714 1715
1714 1713 1716
1717 1718 1719
1718 1717 1720
1721 1722 1723
1722 1724 1723
1725 1724 1722
1725 1726 1724
1727 1726 1725
1722 1721 1728
1727 1725 1729
1721 1730 1728
1728 1730 1731
1729 1728 1731
1727 1729 1732
1729 1731 1732
1733 1734 1735
1734 1733 1736
1737 1738 1739
1738 1737 1740
1738 1741 1739
1741 1738 1742
1743 1741 1742
1741 1743 1744
1743 1745 1744
1745 1743 1746
1746 1747 1745
1747 1746 1748
1749 1747 1748
1747 1749 1750
1737 1751 1740
1751 1737 1752
1753 1751 1752
1751 1753 1754
1753 1755 1754
1755 1753 1756
1757 1755 1756
1755 1757 1758
1759 1758 1757
1758 1759 1760
1759 1761 1760
1761 1759 1762
1763 1764 1765
1764 1763 1766
1767 1764 1766
1764 1767 1768
1767 1769 1768
1769 1767 1770
1765 1771 1763
1771 1765 1772
1772 1773 1771
1773 1772 1774
1774 1775 1773
1775 1774 1776
1777 1775 1776
1775 1777 1778
1777 1779 1778
1779 1777 1780
1781 1779 1780
1779 1781 1782
1783 1782 1781
1782 1783 1784
1785 1784 1783
1784 1785 1786
1787 1786 1785
1786 1787 1788
1787 1789 1788
1789 1787 1790
1791 1789 1790
1789 1791 1792
1793 1794 1795
1796 1797 1798
1797 1796 1799
1800 1796 1798
1796 1800 1801
1802 1797 1799
1797 1802 1803
1802 1804 1803
1804 1802 1805
1806 1807 1808
1809 1810 1811
1810 1809 1812
1813 1811 1810
1811 1813 1814
1815 1814 1813
1814 1815 1816
1817 1816 1815
1816 1817 1818
1812 1819 1810
1819 1812 1820
1810 1821 1813
1821 1810 1819
1813 1822 1815
1822 1813 1821
1815 1823 1817
1823 1815 1822
1820 1824 1819
1824 1820 1825
1819 1826 1821
1826 1819 1824
1821 1827 1822
1827 1821 1826
1822 1828 1823
1828 1822 1827
1829 1825 1820
1812 1829 1820
1829 1812 1830
1809 1830 1812
1830 1809 1831
1831 1832 1830
1832 1831 1833
1833 1834 1832
1834 1833 1835
1835 1836 1834
1836 1835 1837
1838 1830 1832
1830 1838 1829
1839 1832 1834
1832 1839 1838
1840 1834 1836
1834 1840 1839
1838 1841 1829
1825 1829 1841
1841 1838 1842
1843 1838 1839
1838 1843 1842
1844 1839 1840
1839 1844 1843
1809 1845 1831
1831 1846 1833
1846 1831 1845
1833 1847 1835
1847 1833 1846
1835 1848 1837
1848 1835 1847
1845 1849 1846
1849 1845 1850
1851 1850 1845
1845 1809 1851
1809 1852 1851
1852 1809 1811
1811 1853 1852
1853 1811 1814
1814 1854 1853
1854 1814 1816
1816 1855 1854
1855 1816 1818
1856 1851 1852
1851 1856 1857
1850 1851 1857
1858 1852 1853
1852 1858 1856
1859 1853 1854
1853 1859 1858
1860 1854 1855
1854 1860 1859
1861 1857 1856
1857 1861 1862
1863 1856 1858
1856 1863 1861
1864 1858 1859
1858 1864 1863
1865 1859 1860
1859 1865 1864
1862 1850 1857
1850 1862 1866
1866 1849 1850
1849 1866 1867
1868 1849 1867
1849 1868 1869
1869 1846 1849
1846 1869 1847
1870 1847 1869
1847 1870 1848
1869 1871 1870
1871 1869 1868
1870 1872 1848
1873 1848 1872
1872 1874 1873
1874 1875 1873
1875 1874 1876
1877 1876 1874
1876 1877 1878
1879 1878 1877
1878 1879 1880
1879 1881 1880
1881 1879 1882
1882 1883 1881
1883 1882 1884
1884 1885 1883
1885 1884 1886
1886 1817 1885
1817 1886 1818
1887 1880 1881
1880 1887 1888
1889 1881 1883
1881 1889 1887
1890 1883 1885
1883 1890 1889
1823 1885 1817
1885 1823 1890
1891 1888 1887
1888 1891 1892
1893 1887 1889
1887 1893 1891
1894 1889 1890
1889 1894 1893
1828 1890 1823
1890 1828 1894
1892 1895 1888
1895 1880 1888
1880 1895 1878
1896 1878 1895
1878 1896 1876
1897 1876 1896
1876 1897 1875
1840 1875 1897
1875 1840 1836
1836 1873 1875
1873 1836 1837
1895 1892 1898
1898 1896 1895
1896 1898 1899
1896 1900 1897
1900 1896 1899
1897 1844 1840
1844 1897 1900
1848 1873 1837
1901 1902 1903
1902 1901 1904
1905 1903 1902
1903 1905 1906
1905 1907 1906
1907 1905 1908
1908 1909 1907
1909 1908 1910
1904 1911 1902
1911 1904 1912
1902 1913 1905
1913 1902 1911
1913 1908 1905
1908 1913 1914
1914 1910 1908
1910 1914 1915
1912 1916 1911
1911 1917 1913
1911 1916 1917
1916 1918 1917
1913 1919 1914
1913 1917 1919
1914 1919 1920
1914 1920 1915
1917 1921 1919
1917 1918 1921
1918 1922 1921
1921 1922 1923
1924 1923 1922
1921 1923 1925
1919 1921 1925
1919 1925 1920
1912 1926 1916
1904 1926 1912
1926 1904 1927
1901 1927 1904
1927 1901 1928
1928 1929 1927
1929 1928 1930
1931 1929 1930
1929 1931 1932
1933 1932 1931
1932 1933 1934
1935 1927 1929
1927 1935 1926
1932 1935 1929
1935 1932 1936
1934 1936 1932
1936 1934 1937
1926 1935 1938
1935 1936 1939
1935 1939 1938
1936 1940 1939
1936 1937 1940
1938 1939 1941
1939 1942 1941
1939 1940 1942
1941 1942 1943
1941 1943 1922
1918 1941 1922
1938 1941 1918
1916 1938 1918
1924 1922 1943
1926 1938 1916
1933 1944 1934
1945 1934 1944
1934 1945 1937
1945 1940 1937
1944 1946 1945
1946 1944 1947
1948 1947 1944
1947 1948 1949
1950 1947 1949
1947 1950 1951
1951 1946 1947
1952 1951 1950
1951 1952 1953
1952 1954 1953
1954 1952 1955
1955 1956 1954
1956 1955 1957
1958 1956 1957
1956 1958 1959
1909 1959 1958
1959 1909 1910
1960 1953 1954
1953 1960 1961
1954 1962 1960
1962 1954 1956
1959 1962 1956
1962 1959 1963
1910 1963 1959
1963 1910 1915
1961 1960 1964
1960 1962 1965
1960 1965 1964
1964 1965 1966
1962 1963 1967
1962 1967 1965
1963 1920 1967
1963 1915 1920
1965 1967 1968
1965 1968 1966
1966 1968 1969
1968 1923 1969
1924 1969 1923
1968 1925 1923
1967 1925 1968
1967 1920 1925
1961 1964 1970
1970 1953 1961
1953 1970 1951
1946 1951 1970
1964 1966 1971
1970 1971 1946
1970 1964 1971
1966 1969 1972
1971 1966 1972
1972 1969 1943
1924 1943 1969
1946 1971 1973
1971 1972 1973
1946 1973 1945
1945 1973 1940
1972 1943 1942
1973 1972 1942
1973 1942 1940
1974 1975 1976
1975 1974 1977
1977 1978 1975
1978 1977 1979
1979 1980 1978
1980 1979 1981
1981 1982 1980
1982 1981 1983
1984 1976 1975
1976 1984 1985
1975 1986 1984
1986 1975 1978
1978 1987 1986
1987 1978 1980
1980 1988 1987
1988 1980 1982
1985 1984 1989
1984 1986 1990
1984 1990 1989
1989 1990 1991
1986 1987 1992
1986 1992 1990
1987 1993 1992
1987 1988 1993
1990 1992 1994
1990 1994 1991
1991 1994 1995
1994 1996 1995
1997 1995 1996
1994 1998 1996
1992 1998 1994
1992 1993 1998
1985 1989 1999
1999 1976 1985
1976 1999 2000
2000 1974 1976
1974 2000 2001
2002 2001 2000
2001 2002 2003
2004 2003 2002
2003 2004 2005
2006 2005 2004
2005 2006 2007
2000 2008 2002
2008 2000 1999
2002 2009 2004
2009 2002 2008
2004 2010 2006
2010 2004 2009
1999 2011 2008
2008 2012 2009
2008 2011 2012
2009 2012 2013
2009 2013 2010
2011 2014 2012
2012 2014 2015
2012 2015 2013
2014 2016 2015
2014 1995 2016
1991 1995 2014
2011 1991 2014
1989 1991 2011
1997 2016 1995
1999 1989 2011
2006 2017 2007
1997 2018 2016
1997 1996 2018
2019 2018 1996
2020 2018 2019
2019 1996 1998
2021 2019 1998
2022 2019 2021
2022 2020 2019
2023 2020 2022
2024 2022 2021
2025 2022 2024
2025 2023 2022
2024 2026 2025
2027 2025 2026
2026 2028 2027
2028 2026 2029
2030 2029 2026
2026 2024 2030
2029 2030 2031
2032 2031 2030
2031 2032 2033
1982 2033 2032
2033 1982 1983
2025 2027 2034
2034 2023 2025
2030 2035 2032
2035 2030 2024
2032 1988 1982
1988 2032 2035
2024 2021 2035
2035 2021 1993
2035 1993 1988
2021 1998 1993
2028 2036 2027
2036 2028 2037
2037 2038 2036
2038 2037 2039
2039 2040 2038
2040 2039 2017
2017 2006 2040
2041 2036 2038
2036 2041 2042
2027 2042 2034
2042 2027 2036
2038 2043 2041
2043 2038 2040
2040 2010 2043
2010 2040 2006
2042 2041 2044
2041 2043 2045
2041 2045 2044
2043 2013 2045
2043 2010 2013
2044 2045 2046
2045 2015 2046
2045 2013 2015
2046 2015 2016
2046 2016 2018
2020 2046 2018
2044 2046 2020
2023 2044 2020
2042 2044 2023
2034 2042 2023
1944 1933 1948
1879 2047 1882
2047 1879 2048
2049 1882 2047
1882 2049 1884
2050 1884 2049
1884 2050 1886
1855 1886 2050
1886 1855 1818
2048 2051 2047
2051 2048 2052
2047 2053 2049
2053 2047 2051
2049 2054 2050
2054 2049 2053
2050 1860 1855
1860 2050 2054
2052 2055 2051
2055 2052 2056
2051 2057 2053
2057 2051 2055
2053 2058 2054
2058 2053 2057
2054 1865 1860
1865 2054 2058
2059 2056 2052
2048 2059 2052
2059 2048 2060
1879 2060 2048
2060 1879 1877
1877 2061 2060
2061 1877 1874
1874 1872 2061
2062 2060 2061
2060 2062 2059
2063 2061 1872
2061 2063 2062
1872 1870 2063
2056 2059 2064
2062 2064 2059
2064 2062 2065
2066 2062 2063
2062 2066 2065
1871 2063 1870
2063 1871 2066
2067 2068 2069
2068 2067 2070
2071 2070 2067
2070 2071 2072
2068 2073 2069
2073 2068 2074
2074 2075 2073
2075 2074 2076
2071 2077 2072
2077 2071 2078
2078 2079 2077
2079 2078 2080
2081 2079 2080
2079 2081 2082
2082 2075 2076
2075 2082 2081
2083 2084 2085
2084 2083 2086
2085 2087 2083
2087 2085 2088
2089 2084 2086
2084 2089 2090
2091 2090 2089
2090 2091 2092
2093 2087 2088
2087 2093 2094
2095 2094 2093
2094 2095 2096
2095 2097 2096
2097 2095 2098
2098 2091 2097
2091 2098 2092
2099 2100 2101
2099 2102 2100
2103 2100 2102
2103 2104 2100
2099 2105 2102
2103 2102 2106
2107 2108 2109
2107 2109 2110
2111 2110 2109
2111 2109 2112
2107 2110 2113
2111 2114 2110
