byte offset: 0
first index: 0
index count: 9564
topology: trianglelist
format: DXGI_FORMAT_R16_UINT

0 1 2
0 2 3
0 3 4
3 5 4
5 3 2
5 6 4
5 7 6
5 8 7
5 2 8
2 1 9
10 11 9
10 9 12
13 14 10
15 14 11
15 1 16
15 16 17
18 16 12
19 18 12
19 4 20
19 20 18
21 18 20
20 4 21
21 4 22
21 22 23
21 23 24
21 24 18
10 17 25
26 15 25
27 4 28
28 4 29
29 4 30
29 30 31
29 31 32
29 32 33
29 33 28
27 28 33
27 33 34
33 35 34
36 37 35
36 35 38
39 36 40
41 38 40
41 42 34
41 43 42
44 37 42
45 37 44
45 44 46
45 46 4
46 47 4
47 46 44
47 48 4
47 49 48
47 50 49
47 44 50
36 51 43
52 51 41
53 54 55
53 55 56
57 55 54
57 58 55
58 59 55
59 60 55
55 60 61
56 55 61
61 60 62
59 63 60
64 65 66
64 66 67
68 64 67
68 67 69
70 71 66
70 66 72
73 71 70
73 74 71
75 76 77
75 77 78
79 75 80
79 80 81
82 80 83
82 83 84
85 80 82
85 86 80
87 88 89
87 89 90
88 91 89
88 92 91
92 93 91
92 94 93
95 96 97
96 95 98
99 96 98
100 99 98
95 97 101
99 102 96
99 103 102
104 105 106
104 106 107
106 108 107
106 109 108
109 110 108
109 111 110
111 112 110
111 113 112
113 114 112
113 115 114
115 116 114
115 117 116
117 118 116
117 119 118
118 119 120
118 120 121
122 123 124
124 123 125
125 123 126
127 123 122
126 123 128
124 125 129
122 130 127
127 130 131
132 133 134
132 134 135
136 133 132
136 132 137
138 139 140
138 140 141
141 140 142
141 142 143
138 144 139
138 145 144
146 147 148
146 149 147
149 150 147
151 152 153
153 152 154
151 153 155
156 157 158
156 158 159
160 156 159
160 159 161
162 163 164
162 164 165
166 167 168
166 168 169
166 170 167
166 171 170
172 173 174
172 174 175
176 177 178
177 179 178
180 178 179
178 180 181
182 179 177
182 177 183
184 182 183
184 183 185
186 184 185
187 186 185
188 187 185
189 186 187
189 187 190
191 189 190
190 192 191
193 191 192
194 191 193
195 194 193
195 193 196
190 197 192
193 192 198
185 183 199
200 195 196
196 201 200
195 200 202
203 195 202
204 203 202
203 204 205
206 207 208
206 208 209
210 211 212
210 212 213
214 212 211
214 215 212
216 215 214
216 217 215
218 217 216
218 219 217
220 219 218
220 221 219
222 221 220
222 223 221
224 223 222
224 225 223
226 225 224
226 227 225
227 226 228
229 227 228
230 229 228
231 229 230
231 230 232
233 234 235
236 234 233
236 233 237
236 237 238
236 238 239
235 240 233
233 240 241
242 241 240
242 243 244
245 242 244
245 246 242
245 247 246
245 248 247
243 242 249
250 251 252
250 252 253
254 255 256
256 255 257
255 258 257
259 260 261
262 259 261
259 263 260
264 265 266
264 266 267
268 269 270
268 270 271
272 273 274
272 274 275
276 277 278
277 279 278
277 280 279
281 282 283
282 281 284
281 283 285
286 287 288
286 288 289
289 288 290
289 290 291
292 287 286
292 293 287
294 293 292
294 295 293
296 291 290
296 290 297
298 296 297
298 297 299
300 298 299
300 299 301
302 300 301
302 301 303
304 305 306
304 306 307
308 304 307
308 307 309
310 311 312
310 312 313
314 315 316
314 316 317
314 318 315
319 318 314
319 320 318
321 320 319
321 322 320
323 322 321
323 324 322
325 324 323
325 326 324
327 328 329
329 328 330
328 331 330
331 332 330
332 333 330
333 332 334
334 335 333
333 336 330
337 338 339
340 341 342
343 342 341
344 342 343
345 342 344
346 347 348
346 348 349
348 350 349
348 351 350
351 352 350
351 353 352
353 354 352
352 354 355
352 355 356
357 346 349
358 346 357
359 358 357
359 357 360
361 359 360
361 360 362
363 361 362
363 362 364
365 363 364
365 364 366
367 365 366
367 366 368
369 367 368
369 368 370
371 369 370
371 370 372
373 371 372
373 372 374
375 373 374
375 374 376
377 375 376
378 377 376
379 377 378
380 379 378
380 378 381
382 380 381
382 381 383
384 382 383
384 383 385
386 384 385
386 385 387
388 386 387
388 387 389
390 388 389
390 389 391
392 390 391
392 391 393
393 394 392
393 395 394
396 397 398
397 399 398
399 400 398
400 401 398
401 402 398
402 403 398
404 396 398
405 404 398
406 405 398
407 406 398
408 407 398
409 408 398
410 409 398
411 410 398
412 411 398
413 414 415
413 415 416
379 417 377
418 419 420
421 422 423
421 423 424
425 421 424
425 424 426
427 425 426
427 426 428
429 427 428
429 428 430
431 429 430
431 430 432
433 423 422
433 434 423
435 434 433
435 436 434
437 436 435
437 438 436
439 438 437
439 440 438
441 440 439
441 442 440
443 442 441
443 444 442
445 444 443
445 446 444
447 446 445
447 448 446
449 450 451
449 451 452
453 449 452
453 452 454
455 453 454
455 456 453
451 450 431
451 431 432
457 458 459
458 457 460
458 460 461
459 458 462
459 463 464
465 466 464
466 467 464
466 468 467
457 469 465
465 470 466
471 472 473
471 473 474
475 471 474
475 474 476
477 478 479
479 480 477
477 480 481
481 482 477
481 483 482
484 482 483
484 483 485
486 487 488
486 488 489
490 491 492
490 492 493
494 495 496
494 496 497
498 499 500
498 500 501
502 503 504
502 504 505
503 506 504
507 505 504
507 504 508
508 504 509
504 510 509
506 510 504
506 511 510
509 510 512
513 514 515
513 515 516
513 516 517
513 517 518
518 519 513
518 520 519
521 522 519
522 521 523
522 523 524
522 524 525
522 525 526
521 519 527
528 529 530
528 530 531
532 529 528
532 533 529
534 535 530
534 530 536
537 534 536
537 536 538
539 540 541
539 541 542
543 540 539
543 544 540
545 546 540
545 540 547
546 548 549
546 549 550
551 552 553
554 555 553
556 553 555
552 556 557
556 558 559
559 560 551
551 561 558
562 558 561
560 563 552
560 564 563
559 565 557
563 565 566
563 566 567
567 568 563
559 569 565
569 570 564
569 571 570
571 569 572
573 574 575
573 575 576
577 578 579
577 579 580
581 582 583
584 582 581
584 585 582
582 585 586
587 581 583
587 583 588
589 581 587
589 587 590
588 583 591
592 593 594
595 592 594
593 596 594
593 597 596
598 595 599
600 598 599
601 602 603
603 604 601
605 606 607
605 608 606
609 608 605
610 608 609
610 609 611
612 610 611
612 611 613
612 613 614
615 614 613
615 616 614
617 616 615
617 618 616
619 618 617
619 620 618
619 621 620
621 622 620
621 623 622
623 624 622
625 626 624
627 626 625
627 628 626
629 630 625
629 631 630
632 631 629
632 633 631
632 634 633
634 635 633
634 636 635
636 637 635
636 638 637
638 639 637
638 640 639
640 641 639
640 642 641
641 642 643
642 644 643
644 645 643
644 646 645
647 648 649
647 649 650
651 650 649
651 652 650
652 651 653
653 651 654
653 654 655
655 654 656
657 655 656
655 657 658
659 657 656
656 660 659
659 660 661
659 661 662
662 661 663
661 664 663
661 665 664
664 665 666
665 667 666
659 668 657
669 667 665
670 671 672
670 672 673
673 672 674
673 674 675
675 674 676
675 676 677
677 676 678
677 678 679
679 678 680
679 680 681
681 680 682
681 682 683
683 682 684
683 684 685
686 685 684
686 687 685
688 689 690
688 690 691
692 693 694
692 694 695
696 697 694
696 694 698
647 699 700
647 650 699
699 650 701
702 703 704
704 703 705
702 704 706
707 708 709
707 709 710
710 711 707
710 712 711
712 713 711
712 714 713
715 716 717
715 717 718
719 720 721
719 721 722
721 720 723
724 721 723
725 726 727
725 727 728
729 730 731
729 731 732
733 734 735
733 736 734
733 735 737
738 739 740
738 740 741
742 743 744
742 744 745
746 747 748
746 748 749
750 751 752
753 750 752
754 753 752
755 753 754
755 756 753
755 757 756
755 758 757
758 759 757
757 759 760
760 759 761
762 763 764
765 763 762
764 763 766
764 766 767
764 767 768
765 769 763
770 771 772
773 772 771
773 771 774
775 773 774
772 773 776
776 777 772
778 779 780
778 781 779
779 781 782
783 784 785
784 786 785
783 787 784
788 789 790
790 791 788
792 788 791
793 794 795
793 795 796
797 798 799
797 799 800
801 802 803
801 803 804
805 806 807
805 807 808
809 810 811
809 811 812
812 811 813
812 813 814
809 815 810
809 816 815
816 817 815
816 818 817
819 814 813
819 813 820
821 819 820
821 820 822
821 822 823
821 823 824
824 823 817
824 817 818
825 826 827
825 827 828
829 830 831
829 831 832
833 834 835
833 835 836
837 834 833
837 838 834
839 836 835
839 835 840
841 839 840
841 840 842
843 844 845
843 845 846
847 848 849
847 849 850
851 852 853
851 853 854
855 856 857
855 857 858
859 860 861
859 861 862
860 863 861
860 864 863
859 862 865
859 865 866
866 865 867
866 867 868
869 870 871
871 872 869
873 872 871
874 872 873
869 875 870
873 871 876
873 876 877
878 879 880
878 880 881
879 882 880
883 882 879
883 884 882
885 884 883
885 886 884
885 887 886
888 889 890
888 890 891
892 893 894
894 893 895
894 895 896
896 895 897
896 897 898
899 900 901
899 901 902
903 904 905
903 905 906
907 903 906
907 908 903
909 910 911
909 911 912
913 914 915
913 915 916
917 918 919
920 918 917
921 922 918
923 924 925
923 925 926
927 923 926
927 926 928
929 930 931
929 931 932
930 933 931
930 934 933
934 935 933
934 936 935
936 937 935
936 938 937
939 940 941
939 941 942
943 944 945
943 945 946
947 948 949
947 949 950
951 952 953
951 953 954
955 956 957
955 957 958
959 960 961
959 961 962
963 964 965
963 965 966
967 968 969
967 969 970
971 972 973
971 973 974
972 975 973
972 976 975
976 977 975
976 978 977
978 979 977
978 980 979
981 982 983
981 983 984
985 981 984
985 984 986
987 985 986
987 986 988
989 987 988
989 988 990
991 992 993
991 993 994
995 996 997
995 997 998
999 1000 1001
999 1001 1002
1003 1004 1005
1003 1005 1006
1007 1008 1009
1007 1009 1010
1011 1012 1013
1011 1013 1014
1015 1016 1017
1015 1017 1018
1019 1020 1021
1019 1021 1022
1023 1024 1025
1026 1023 1025
1027 1026 1025
1028 1027 1025
1029 1024 1023
1030 1029 1023
1026 1030 1023
1031 1030 1026
1032 1031 1026
1032 1026 1027
1033 1032 1027
1028 1033 1027
1034 1033 1028
1029 1035 1024
1036 1025 1024
1028 1025 1037
1037 1025 1038
1038 1025 1036
1039 1036 1024
1039 1024 1035
1040 1036 1039
1038 1036 1040
1041 1038 1040
1042 1038 1041
1042 1037 1038
1043 1037 1042
1034 1028 1043
1028 1037 1043
1044 1045 1046
1047 1044 1046
1045 1048 1046
1049 1050 1051
1049 1051 1052
1053 1050 1049
1053 1054 1050
1055 1054 1053
1055 1056 1054
1052 1051 1057
1058 1059 1056
1058 1056 1060
1061 1059 1058
1061 1062 1059
1063 1062 1061
1063 1064 1062
1065 1064 1063
1065 1066 1064
1067 1068 1069
1067 1069 1070
1071 1067 1070
1071 1070 1072
1073 1071 1072
1074 1073 1072
1075 1073 1074
1076 1075 1074
1076 1074 1077
1078 1076 1077
1079 1078 1077
1080 1078 1079
1081 1080 1079
1081 1079 1082
1083 1069 1068
1083 1084 1069
1081 1082 1085
1081 1085 1086
1086 1085 1087
1085 1088 1087
1087 1088 1089
1089 1088 1090
1089 1090 1091
1091 1090 1092
1093 1084 1083
1093 1094 1084
1092 1094 1093
1090 1094 1092
1095 1096 1097
1098 1096 1095
1098 1095 1099
1097 1096 1100
1097 1100 1101
1097 1101 1102
1103 1104 1105
1103 1105 1106
1105 1107 1106
1105 1108 1107
1109 1104 1103
1109 1103 1110
1111 1112 1107
1111 1107 1113
1114 1115 1112
1114 1116 1115
1117 1115 1116
1117 1118 1115
1117 1119 1118
1117 1120 1119
1110 1119 1121
1110 1121 1122
1123 1124 1125
1123 1125 1126
1124 1127 1125
1124 1128 1127
1129 1123 1126
1129 1126 1130
1131 1129 1130
1131 1130 1132
1133 1131 1132
1133 1132 1134
1126 1125 1135
1126 1135 1136
1130 1126 1136
1136 1135 1137
1135 1138 1137
1125 1127 1138
1125 1138 1135
1138 1139 1137
1139 1140 1137
1140 1141 1137
1141 1142 1137
1142 1143 1137
1143 1144 1137
1134 1132 1144
1144 1145 1137
1145 1136 1137
1132 1130 1145
1132 1145 1144
1130 1136 1145
1146 1140 1139
1147 1146 1139
1128 1146 1147
1128 1148 1146
1148 1149 1146
1146 1149 1140
1149 1141 1140
1148 1150 1149
1150 1151 1149
1149 1151 1141
1151 1142 1141
1150 1152 1151
1152 1153 1151
1151 1153 1142
1153 1143 1142
1152 1154 1153
1154 1155 1153
1153 1155 1143
1154 1133 1155
1147 1139 1156
1134 1144 1157
1158 1159 1160
1158 1160 1161
1162 1158 1161
1162 1161 1163
1164 1165 1166
1164 1166 1167
1168 1164 1167
1168 1167 1169
1170 1171 1166
1170 1166 1172
1173 1171 1170
1173 1174 1171
1175 1176 1177
1175 1177 1178
1179 1180 1181
1179 1181 1182
1183 1184 1181
1183 1181 1185
1186 1187 1188
1186 1188 1189
1190 1191 1192
1190 1192 1193
1194 1195 1196
1194 1196 1197
1198 1197 1199
1198 1199 1200
1201 1202 1203
1201 1203 1204
1205 1206 1207
1205 1207 1208
1205 1209 1206
1206 1209 1210
1206 1210 1211
1212 1213 1214
1212 1214 1215
1216 1217 1218
1216 1218 1219
1220 1221 1222
1220 1222 1223
1224 1225 1226
1227 1225 1224
1227 1224 1228
1227 1228 1229
1227 1229 1230
1227 1230 1231
1227 1231 1232
1231 1233 1232
1234 1235 1236
1234 1236 1237
1235 1238 1236
1235 1239 1238
1239 1240 1238
1239 1241 1240
1240 1241 1242
1241 1243 1242
1242 1243 1244
1243 1245 1244
1243 1246 1245
1246 1247 1245
1246 1248 1247
1248 1249 1247
1248 1250 1249
1250 1251 1249
1250 1252 1251
1252 1253 1251
1252 1254 1253
1254 1255 1253
1254 1256 1255
1256 1257 1255
1256 1258 1257
1259 1260 1261
1262 1260 1259
1261 1260 1263
1264 1265 1266
1264 1266 1267
1268 1264 1267
1268 1267 1269
1270 1268 1269
1270 1269 1271
1272 1270 1271
1272 1271 1273
1274 1272 1273
1274 1273 1275
1276 1274 1275
1276 1275 1277
1278 1276 1277
1278 1277 1279
1265 1280 1266
1281 1282 1283
1281 1283 1284
1285 1286 1287
1285 1287 1288
1289 1290 1291
1289 1291 1292
1293 1289 1292
1293 1292 1294
1295 1291 1290
1295 1296 1291
1297 1296 1295
1297 1298 1296
1299 1300 1301
1299 1301 1302
1302 1301 1303
1304 1302 1303
1304 1303 1305
1306 1304 1305
1306 1305 1307
1306 1307 1308
1309 1310 1311
1309 1311 1312
1313 1314 1315
1314 1316 1315
1314 1317 1316
1317 1318 1316
1317 1319 1318
1320 1321 1322
1320 1322 1323
1324 1325 1326
1324 1326 1327
1328 1325 1324
1328 1324 1329
1330 1331 1332
1330 1332 1333
1334 1335 1336
1334 1336 1337
1338 1339 1340
1341 1338 1340
1342 1340 1343
1344 1345 1346
1344 1346 1347
1348 1345 1344
1348 1349 1345
1350 1351 1352
1352 1351 1353
1353 1351 1354
1354 1351 1355
1355 1351 1356
1356 1351 1357
1358 1351 1350
1359 1351 1358
1360 1351 1359
1361 1351 1360
1362 1351 1361
1363 1351 1362
1364 1351 1363
1365 1351 1364
1366 1351 1365
1367 1368 1369
1367 1369 1370
1371 1368 1367
1371 1372 1368
1373 1372 1371
1373 1374 1372
1375 1374 1373
1375 1376 1374
1377 1376 1375
1377 1378 1376
1379 1378 1377
1379 1380 1378
1381 1380 1379
1381 1382 1380
1382 1381 1383
1382 1383 1384
1385 1386 1387
1385 1387 1388
625 630 1389
623 1389 1390
1391 623 1390
1391 1390 1392
1393 1394 1395
1393 1395 1396
1394 1393 1397
1394 1397 1398
1398 1397 1399
1398 1399 1400
1400 1399 1401
1400 1401 1402
1403 1404 1405
1403 1405 1406
1405 1407 1406
1408 1407 1405
1409 1410 1411
1409 1411 1412
1413 1414 1415
1413 1415 1416
1417 1418 1419
1417 1419 1420
1417 1421 1418
1422 1423 1424
1425 1422 1424
1423 1426 1424
1423 1427 1426
1423 1428 1427
1425 1424 1429
1430 1431 1432
1433 1432 1431
1433 1434 1432
1435 1434 1433
1431 1436 1433
1436 1431 1437
1438 1439 1440
1438 1440 1441
1440 1442 1441
1443 1444 1445
1444 1443 1446
1447 1446 1443
1448 1449 1450
1448 1450 1451
1452 1453 1454
1452 1455 1453
1452 1454 1456
1454 1457 1456
1454 1458 1457
1459 1460 1461
1459 1461 1462
1459 1463 1460
1459 1464 1463
1460 1463 1465
1460 1465 1466
1460 1467 1468
1460 1468 1469
1467 1470 1471
1467 1471 1472
1466 1473 1470
1466 1474 1473
1475 1476 1477
1475 1477 1478
1479 1475 1480
1479 1480 1481
1479 1482 1475
1475 1482 1483
1475 1483 1484
1479 1485 1482
1486 1485 1479
1486 1487 1485
1488 1489 1481
1488 1481 1490
1491 1484 1492
1491 1492 1493
1494 1495 1492
1494 1492 1476
1496 1497 1498
1496 1498 1499
1499 1498 1500
1499 1500 1501
1501 1500 1502
1501 1502 1503
1504 1505 1506
1506 1507 1504
1508 1507 1506
1509 1507 1508
1504 1510 1505
1508 1506 1511
1508 1511 1512
1513 1514 1515
1513 1515 1516
1515 1514 1517
1515 1517 1518
1518 1517 1519
1518 1519 1520
1520 1519 1521
1520 1521 1522
1522 1521 1523
1522 1523 1524
1524 1523 1525
1524 1525 1526
1526 1525 1527
1526 1527 1528
1527 1529 1528
1527 1530 1529
1531 1532 1533
1532 1534 1533
1534 1535 1533
1536 1531 1533
1535 1537 1533
1532 1538 1534
1531 1536 1539
1536 1540 1539
1541 1542 1543
1541 1543 1544
1545 1541 1544
1545 1546 1541
1547 1548 1549
1547 1549 1550
1548 1551 1549
1548 1552 1551
1547 1550 1553
1547 1553 1554
1555 1556 1557
1557 1556 1558
1555 1559 1556
1560 1561 1562
1561 1563 1562
1560 1564 1561
1565 1566 1567
1565 1567 1568
1569 1566 1565
1569 1570 1566
1571 1572 1573
1571 1573 1574
1575 1576 1577
1575 1578 1576
1575 1577 1579
1575 1579 1580
1581 1582 1583
1581 1583 1584
1585 1586 1587
1587 1586 1588
1587 1588 1589
1590 1588 1586
1586 1591 1590
1592 1587 1589
1593 1592 1589
1593 1594 1592
1595 1594 1593
1596 1594 1595
1597 1594 1596
1598 1596 1595
1598 1599 1596
1600 1599 1598
1599 1600 1601
1602 1601 1600
1603 1602 1600
1604 1602 1603
1604 1605 1602
1599 1601 1606
1602 1607 1601
1594 1608 1592
1609 1605 1604
1605 1609 1610
1604 1611 1609
1612 1611 1604
1613 1611 1612
1612 1614 1613
1615 1616 1617
1615 1617 1618
1619 1620 1621
1619 1621 1622
1623 1622 1621
1623 1621 1624
1625 1623 1624
1625 1624 1626
1627 1625 1626
1627 1626 1628
1629 1627 1628
1629 1628 1630
1631 1629 1630
1631 1630 1632
1633 1631 1632
1633 1632 1634
1635 1633 1634
1635 1634 1636
1637 1635 1636
1637 1636 1638
1639 1637 1638
1640 1639 1638
1640 1641 1639
1642 1643 1644
1642 1644 1645
1646 1647 1648
1647 1649 1648
1648 1649 1650
1651 1652 1653
1654 1652 1651
1651 1653 1655
1656 1657 1658
1656 1658 1659
1660 1661 1662
1660 1662 1663
1664 1665 1666
1664 1666 1667
1668 1669 1670
1669 1671 1670
1669 1672 1671
1673 1674 1675
1675 1676 1673
1673 1677 1674
1678 1679 1680
1678 1680 1681
1679 1682 1680
1679 1683 1682
1684 1678 1681
1684 1681 1685
1686 1684 1685
1686 1685 1687
1688 1682 1683
1688 1689 1682
1690 1689 1688
1690 1691 1689
1692 1691 1690
1692 1693 1691
1694 1693 1692
1694 1695 1693
1696 1697 1698
1696 1698 1699
1700 1697 1696
1700 1701 1697
1702 1703 1704
1702 1704 1705
1706 1707 1708
1706 1708 1709
1706 1709 1710
1711 1706 1710
1711 1710 1712
1713 1711 1712
1713 1712 1714
1715 1713 1714
1715 1714 1716
1717 1715 1716
1717 1716 1718
1719 1720 1721
1720 1722 1721
1721 1722 1723
1723 1722 1724
1724 1722 1725
1725 1726 1724
1726 1725 1727
1725 1722 1728
1729 1730 1731
1732 1733 1734
1735 1734 1733
1736 1735 1733
1737 1736 1733
1738 1739 1740
1738 1740 1741
1740 1739 1742
1740 1742 1743
1743 1742 1744
1743 1744 1745
1745 1744 1746
1744 1747 1746
1744 1748 1747
1749 1739 1738
1750 1749 1738
1751 1749 1750
1751 1752 1749
1753 1752 1751
1753 1754 1752
1755 1754 1753
1755 1756 1754
1757 1756 1755
1757 1758 1756
1759 1758 1757
1759 1760 1758
1761 1760 1759
1761 1762 1760
1763 1762 1761
1763 1764 1762
1765 1764 1763
1765 1766 1764
1767 1766 1765
1767 1768 1766
1769 1768 1767
1770 1768 1769
1771 1770 1769
1772 1770 1771
1772 1773 1770
1774 1773 1772
1774 1775 1773
1776 1775 1774
1776 1777 1775
1778 1777 1776
1778 1779 1777
1780 1779 1778
1780 1781 1779
1782 1781 1780
1782 1783 1781
1784 1783 1782
1784 1785 1783
1785 1784 1786
1785 1786 1787
1788 1789 1790
1790 1789 1791
1791 1789 1792
1792 1789 1793
1793 1789 1794
1794 1789 1795
1796 1789 1788
1797 1789 1796
1798 1789 1797
1799 1789 1798
1800 1789 1799
1801 1789 1800
1802 1789 1801
1803 1789 1802
1804 1789 1803
1805 1806 1807
1805 1808 1806
1771 1769 1809
1810 1811 1812
1813 1814 1815
1813 1815 1816
1817 1814 1813
1817 1818 1814
1819 1818 1817
1819 1820 1818
1821 1820 1819
1821 1822 1820
1823 1822 1821
1823 1824 1822
1825 1824 1823
1825 1826 1824
1827 1826 1825
1827 1828 1826
1829 1828 1827
1829 1830 1828
1831 1830 1829
1831 1829 1832
1833 1834 1835
1833 1835 1836
1837 1834 1833
1837 1838 1834
1839 1840 1841
1840 1839 1842
1839 1843 1842
1843 1839 1844
1843 1844 1845
1846 1845 1844
1846 1847 1845
1848 1849 1850
1848 1850 1851
1852 1853 1854
1852 1854 1855
1856 1857 1858
1856 1858 1859
1860 1861 1862
1860 1862 1863
1864 1865 1866
1864 1867 1865
1864 1868 1867
1864 1869 1868
1869 1864 1870
1869 1870 1871
1872 1873 1870
1872 1870 1874
1874 1875 1872
1874 1876 1875
1874 1877 1876
1874 1878 1877
1879 1880 1881
1879 1881 1882
1883 1884 1885
1883 1885 1886
1887 1888 1889
1890 1887 1889
1890 1889 1891
1889 1892 1891
1893 1888 1887
1893 1894 1888
1895 1893 1887
1895 1896 1893
1894 1897 1888
1898 1899 1900
1901 1899 1898
1900 1899 1902
1900 1902 1903
1904 1905 1901
1906 1905 1904
1907 1908 1909
1908 1907 1910
1911 1912 1913
1911 1913 1914
1915 1911 1914
1916 1915 1914
1917 1915 1916
1917 1916 1918
1919 1917 1918
1919 1918 1920
1921 1919 1920
1921 1920 1922
1923 1921 1922
1923 1922 1924
1925 1923 1924
1925 1924 1926
1925 1926 1927
1927 1926 1928
1927 1928 1929
1929 1928 1930
1931 1930 1932
1933 1931 1932
1933 1932 1934
1935 1931 1936
1935 1936 1937
1938 1935 1937
1938 1937 1939
1938 1939 1940
1940 1939 1941
1940 1941 1942
1942 1941 1943
1942 1943 1944
1944 1943 1945
1944 1945 1946
1946 1945 1947
1946 1947 1948
1947 1949 1948
1948 1949 1950
1950 1949 1951
1950 1951 1952
1953 1954 1955
1953 1956 1954
1957 1954 1956
1957 1956 1958
1958 1959 1957
1959 1960 1957
1959 1961 1960
1961 1962 1960
1963 1962 1961
1961 1964 1963
1965 1962 1963
1962 1965 1966
1965 1967 1966
1965 1968 1967
1968 1969 1967
1967 1969 1970
1967 1970 1971
1970 1972 1971
1971 1972 1973
1965 1963 1974
1975 1971 1973
1976 1977 1978
1976 1978 1979
1977 1980 1978
1977 1981 1980
1981 1982 1980
1981 1983 1982
1983 1984 1982
1983 1985 1984
1985 1986 1984
1985 1987 1986
1987 1988 1986
1987 1989 1988
1989 1990 1988
1989 1991 1990
1992 1990 1991
1992 1991 1993
1994 1995 1996
1994 1996 1997
1953 1998 1999
1953 1999 1956
1999 2000 1956
2001 2002 2003
2002 2004 2003
2001 2005 2002
2006 2007 2008
2006 2008 2009
2010 2011 2012
2010 2012 2013
2013 2012 2014
2013 2014 2015
2016 2017 2018
2016 2018 2019
2020 2021 2022
2020 2022 2023
2022 2024 2023
2025 2024 2022
2026 2027 2028
2026 2028 2029
2030 2031 2032
2030 2032 2033
2034 2035 2036
2034 2036 2037
2034 2038 2035
2039 2040 2041
2039 2041 2042
2043 2044 2045
2043 2045 2046
2047 2048 2049
2047 2049 2050
2051 2052 2053
2054 2052 2051
2055 2052 2054
2056 2055 2054
2056 2054 2057
2056 2057 2058
2056 2058 2059
2059 2058 2060
2058 2061 2060
2061 2062 2060
2063 2064 2065
2066 2063 2065
2064 2067 2065
2064 2068 2067
2064 2069 2068
2066 2065 2070
2071 2072 2073
2074 2073 2072
2074 2075 2073
2076 2075 2074
2072 2077 2074
2077 2072 2078
2079 2080 2081
2079 2081 2082
2081 2083 2082
2084 2085 2086
2086 2085 2087
2084 2086 2088
2089 2090 2091
2090 2089 2092
2093 2092 2089
2094 2095 2096
2094 2096 2097
2098 2099 2100
2098 2100 2101
2102 2103 2104
2102 2104 2105
2106 2107 2108
2106 2108 2109
2110 2111 2112
2110 2112 2113
2114 2115 2116
2114 2116 2117
2118 2119 2120
2118 2120 2121
2122 2123 2124
2122 2124 2125
2126 2127 2128
2126 2128 2129
2130 2131 2132
2130 2132 2133
2134 2135 2136
2134 2136 2137
2137 2136 2138
2137 2138 2139
2134 2140 2135
2134 2141 2140
2141 2142 2140
2141 2143 2142
2144 2145 2146
2145 2144 2147
2148 2145 2147
2149 2148 2147
2144 2146 2150
2148 2151 2145
2148 2152 2151
2153 2154 2155
2153 2155 2156
2156 2155 2157
2158 2156 2157
2158 2157 2159
2160 2158 2159
2160 2159 2161
2160 2161 2162
2163 2164 2165
2163 2165 2166
2167 2168 2169
2168 2170 2169
2168 2171 2170
2171 2172 2170
2171 2173 2172
2174 2175 2176
2174 2176 2177
2178 2179 2180
2178 2180 2181
2182 2179 2178
2182 2178 2183
2184 2185 2186
2184 2186 2187
2188 2189 2190
2188 2190 2191
2192 2193 2194
2195 2192 2194
2196 2194 2197
2198 2199 2200
2198 2200 2201
2202 2199 2198
2202 2203 2199
2204 2205 2206
2204 2206 2207
2207 2206 2208
2207 2208 2209
2209 2208 2210
2209 2210 2211
2211 2210 2212
2211 2212 2213
2214 2215 2216
2214 2216 2217
2218 2219 2220
2218 2220 2221
2222 2223 2224
2222 2224 2225
2226 2227 2228
2226 2228 2229
2230 2231 2232
2230 2232 2233
2234 2235 2236
2234 2236 2237
2238 2239 2240
2238 2240 2241
2242 2243 2244
2242 2244 2245
2246 2247 2248
2246 2248 2249
2249 2248 2250
2249 2250 2251
2251 2250 2252
2251 2252 2253
2253 2252 2254
2253 2254 2255
2256 2257 2258
2256 2258 2259
2260 2257 2256
2260 2261 2257
2262 2261 2260
2262 2263 2261
2264 2263 2262
2264 2265 2263
2266 2267 2268
2266 2268 2269
2270 2271 2272
2270 2272 2273
2274 2275 2276
2274 2276 2277
2278 2279 2280
2278 2280 2281
2282 2283 2284
2282 2284 2285
2286 2287 2288
2286 2288 2289
2290 2291 2292
2290 2292 2293
2294 2295 2296
2294 2296 2297
2298 2299 2300
2301 2299 2298
2302 2299 2301
2303 2299 2302
2304 2298 2300
2305 2298 2304
2301 2298 2305
2306 2301 2305
2307 2301 2306
2307 2302 2301
2308 2302 2307
2303 2302 2308
2309 2303 2308
2304 2300 2310
2311 2300 2299
2303 2312 2299
2312 2313 2299
2313 2311 2299
2314 2300 2311
2314 2310 2300
2315 2314 2311
2313 2315 2311
2316 2315 2313
2317 2316 2313
2317 2313 2312
2318 2317 2312
2309 2318 2303
2303 2318 2312
2319 2320 2321
2321 2320 2322
2323 2324 2319
2325 2326 2327
2325 2327 2328
2329 2325 2328
2329 2328 2330
2331 2329 2330
2331 2330 2332
2333 2331 2332
2333 2332 2334
2335 2333 2334
2335 2334 2336
2337 2335 2336
2337 2336 2338
2339 2337 2338
2339 2338 2340
2326 2341 2327
2339 2340 2342
2339 2342 2343
2343 2342 2344
2343 2344 2345
2345 2344 2346
2345 2346 2347
2347 2346 2348
2347 2348 2349
2349 2348 2350
2349 2350 2351
2351 2350 2352
2351 2352 2353
2353 2352 2354
2353 2354 2355
2355 2354 2356
2357 2358 2359
2357 2359 2360
2361 2358 2357
2361 2362 2358
2363 2362 2361
2364 2362 2363
2365 2364 2363
2366 2364 2365
2366 2367 2364
2368 2367 2366
2369 2367 2368
2370 2369 2368
2371 2369 2370
2371 2372 2369
2373 2360 2359
2373 2359 2374
2371 2375 2372
2371 2376 2375
2376 2377 2375
2375 2377 2378
2377 2379 2378
2379 2380 2378
2379 2381 2380
2381 2382 2380
2383 2373 2374
2383 2374 2384
2382 2383 2384
2380 2382 2384
2385 2386 2387
2388 2385 2387
2388 2389 2385
2386 2390 2387
2386 2391 2390
2386 2392 2391
2393 2394 2395
2393 2395 2396
2395 2394 2397
2395 2397 2398
2399 2393 2396
2399 2400 2393
2401 2402 2397
2401 2397 2403
2404 2403 2405
2404 2405 2406
2407 2406 2405
2407 2405 2408
2407 2408 2409
2407 2409 2410
2400 2411 2409
2400 2412 2411
2413 2414 2415
2413 2415 2416
2416 2415 2417
2416 2417 2418
2419 2414 2413
2419 2420 2414
2421 2420 2419
2421 2422 2420
2423 2422 2421
2423 2424 2422
2414 2425 2415
2414 2426 2425
2420 2426 2414
2426 2427 2425
2425 2427 2428
2415 2425 2428
2415 2428 2417
2428 2427 2429
2429 2427 2430
2430 2427 2431
2431 2427 2432
2432 2427 2433
2433 2427 2434
2424 2434 2422
2434 2427 2435
2435 2427 2426
2422 2434 2435
2422 2435 2420
2420 2435 2426
2436 2429 2430
2437 2429 2436
2418 2437 2436
2418 2436 2438
2438 2436 2439
2436 2430 2439
2439 2430 2431
2438 2439 2440
2440 2439 2441
2439 2431 2441
2441 2431 2432
2440 2441 2442
2442 2441 2443
2441 2432 2443
2443 2432 2433
2442 2443 2444
2444 2443 2445
2443 2433 2445
2444 2445 2423
2437 2446 2429
2424 2447 2434
2448 2449 2450
2448 2450 2451
2452 2449 2448
2452 2453 2449
2454 2455 2456
2454 2456 2457
2458 2459 2460
2458 2460 2461
2462 2463 2464
2462 2464 2465
2466 2467 2468
2466 2468 2469
2470 2471 2472
2470 2473 2471
2470 2472 2474
2472 2475 2474
2472 2476 2475
2477 2478 2479
2477 2479 2480
2481 2482 2483
2481 2483 2484
2485 2486 2487
2485 2487 2488
2489 2490 2491
2492 2489 2491
2492 2493 2489
2492 2494 2493
2492 2495 2494
2492 2496 2495
2492 2497 2496
2496 2497 2498
2499 2500 2501
2499 2501 2502
2502 2501 2503
2502 2503 2504
2505 2504 2503
2505 2506 2504
2507 2506 2505
2506 2507 2508
2507 2509 2508
2508 2509 2510
2508 2510 2511
2511 2510 2512
2511 2512 2513
2513 2512 2514
2513 2514 2515
2515 2514 2516
2515 2516 2517
2517 2516 2518
2517 2518 2519
2519 2518 2520
2519 2520 2521
2521 2520 2522
2521 2522 2523
2524 2525 2526
2525 2527 2526
2528 2524 2529
2530 2531 2532
2530 2532 2533
2534 2535 2536
2534 2536 2537
2538 2539 2540
2538 2540 2541
2539 2542 2540
2543 2542 2539
2543 2544 2542
2545 2544 2543
2545 2546 2544
2545 2547 2546
2548 2549 2550
2548 2550 2551
2552 2553 2554
2554 2553 2555
2554 2555 2556
2556 2555 2557
2556 2557 2558
2559 2560 2561
2559 2561 2562
2563 2564 2565
2563 2565 2566
2567 2563 2566
2567 2568 2563
2569 2570 2571
2569 2571 2572
2573 2574 2575
2573 2575 2576
2577 2578 2579
2580 2578 2577
2581 2582 2578
2583 2584 2585
2583 2585 2586
2587 2583 2586
2587 2586 2588
2589 2590 2591
2590 2592 2591
2592 2593 2591
2593 2594 2591
2594 2595 2591
2595 2596 2591
2597 2589 2591
2598 2597 2591
2599 2598 2591
2600 2599 2591
2601 2600 2591
2602 2601 2591
2603 2602 2591
2604 2603 2591
2605 2604 2591
2606 2607 2608
2606 2608 2609
2610 2611 2609
2610 2609 2612
2613 2610 2612
2613 2612 2614
2615 2613 2614
2615 2614 2616
2617 2615 2616
2617 2616 2618
2619 2617 2618
2619 2618 2620
2621 2619 2620
2621 2620 2622
2622 2623 2621
2622 2624 2623
2625 1816 1815
2625 1815 2626
2627 2625 2626
2627 2626 2628
2629 2627 2628
2629 2628 2630
2631 2629 2630
2631 2630 2632
2633 2631 2632
2633 2632 2634
2635 2633 2634
2635 2634 2636
2637 2635 2636
2637 2636 2638
2639 2637 2638
2639 2638 2640
2641 2639 2640
2641 2642 2639
1931 2643 1936
1929 2644 2643
2645 2644 1929
2645 2646 2644
2647 2648 2649
2647 2649 2650
2651 2652 2653
2651 2653 2654
2652 2655 2653
2652 2656 2655
2656 2657 2655
2656 2658 2657
2659 2660 2661
2659 2661 2662
2661 2660 2663
2664 2661 2663
2665 2666 2667
2665 2667 2668
2669 2670 2671
2669 2671 2672
2673 2674 2675
2673 2676 2674
2673 2675 2677
2678 2679 2680
2681 2679 2678
2680 2679 2682
2680 2682 2683
2680 2683 2684
2681 2685 2679
2686 2687 2688
2689 2688 2687
2689 2687 2690
2691 2689 2690
2688 2689 2692
2692 2693 2688
2694 2695 2696
2694 2697 2695
2695 2697 2698
2699 2700 2701
2699 2701 2702
2703 2704 2705
2705 2706 2703
2707 2703 2706
2708 2709 2710
2708 2710 2711
2708 2712 2709
2709 2712 2713
2709 2713 2714
2715 2716 2717
2715 2717 2718
2718 2717 2719
2718 2719 2720
2720 2719 2721
2720 2721 2722
2722 2721 2723
2722 2723 2724
2724 2723 2725
2724 2725 2726
2726 2725 2727
2726 2727 2728
2728 2727 2729
2728 2729 2730
2730 2729 2716
2730 2716 2715
2731 2732 2733
2731 2733 2734
2735 2736 2737
2738 2739 2740
2738 2740 2741
2742 2743 2744
2745 2746 2747
2745 2747 2748
2749 2750 2751
2752 2753 2754
2752 2754 2755
2756 2757 2758
2759 2760 2761
2759 2761 2762
2763 2764 2765
2766 2767 2768
2766 2768 2769
2770 2771 2772
2773 2774 2775
2773 2775 2776
2777 2778 2779
2780 2781 2782
2780 2782 2783
2784 2785 2786
2787 2788 2789
2787 2789 2790
2791 2792 2793
2794 2795 2796
2794 2796 2797
2798 2799 2800
2801 2802 2803
2801 2803 2804
2805 2806 2807
2808 2809 2810
2808 2810 2811
2812 2813 2814
2815 2816 2817
2815 2817 2818
2819 2820 2821
2822 2823 2824
2822 2824 2825
2826 2827 2828
2829 2830 2831
2829 2831 2832
2833 2834 2835
2836 2837 2838
2836 2838 2839
2840 2841 2842
2843 2844 2845
2843 2845 2846
2847 2848 2849
2850 2851 2852
2850 2852 2853
2854 2855 2856
2857 2858 2859
2857 2859 2860
2861 2862 2863
2864 2865 2866
2864 2866 2867
2868 2869 2870
2871 2872 2873
2871 2873 2874
2875 2876 2877
2878 2879 2880
2878 2880 2881
2882 2883 2884
2885 2886 2887
2885 2887 2888
2889 2890 2891
2892 2893 2894
2892 2894 2895
2896 2897 2898
2899 2900 2901
2899 2901 2902
2903 2904 2905
2906 2907 2908
2906 2908 2909
2910 2911 2912
2913 2914 2915
2913 2915 2916
2917 2918 2919
2920 2921 2922
2920 2922 2923
2924 2925 2926
2927 2928 2929
2927 2929 2930
2931 2932 2933
2934 2935 2936
2934 2936 2937
2938 2939 2940
2941 2942 2943
2941 2943 2944
2945 2946 2947
2948 2949 2950
2948 2950 2951
2952 2953 2954
2955 2956 2957
2955 2957 2958
2959 2960 2961
2962 2963 2964
2962 2964 2965
2966 2967 2968
2969 2970 2971
2969 2971 2972
2973 2974 2975
2976 2977 2978
2976 2978 2979
2980 2981 2982
2983 2984 2985
2983 2985 2986
2987 2988 2989
2990 2991 2992
2990 2992 2993
2994 2995 2996
2997 2998 2999
2997 2999 3000
3001 3002 3003
3004 3005 3006
3004 3006 3007
3008 3009 3010
3011 3012 3013
3011 3013 3014
3015 3016 3017
3018 3019 3020
3018 3020 3021
3022 3023 3024
3025 3026 3027
3025 3027 3028
3029 3030 3031
3029 3031 3032
2501 3033 2503
1238 3034 1236
3035 3036 3037
3035 3037 3038
3039 3040 3041
3041 3040 3042
3041 3042 3043
3044 3045 3046
3044 3046 3047
3048 3049 3050
3051 3049 3048
3052 3051 3048
3053 3054 3055
3053 3055 3056
3054 3057 3055
3054 3058 3057
3057 3058 3059
3058 3060 3059
3058 3061 3060
3061 3062 3060
3061 3063 3062
3063 3064 3065
3064 3066 3065
3064 3067 3066
3063 3065 3068
3066 3067 3069
3067 3070 3069
3067 3071 3070
3071 3072 3070
3071 3073 3072
3074 3075 3076
3074 3076 3077
3075 3078 3076
3075 3079 3078
3080 3074 3077
3081 3074 3080
3081 3080 3082
3083 3081 3082
3083 3082 3084
3085 3083 3086
3085 3086 3087
3088 3085 3087
3088 3087 3089
3090 3088 3089
3091 3088 3090
3091 3090 3092
3093 3091 3092
3093 3092 3094
3095 3096 3097
3095 3097 3098
3099 3096 3095
3099 3100 3096
3099 3101 3100
3099 3102 3101
3103 3101 3102
3103 3104 3101
3105 3104 3103
3105 3106 3104
3107 3108 3109
3107 3109 3110
3111 3108 3107
3111 3112 3108
3113 3110 3109
3113 3109 3114
3113 3114 3115
3113 3115 3116
3116 3115 3117
3116 3117 3118
3119 3120 3121
3119 3121 3122
3123 3120 3119
3123 3124 3120
3125 3122 3121
3125 3121 3126
3125 3126 3127
3125 3127 3128
3128 3127 3129
3128 3129 3130
3131 3132 3133
3131 3133 3134
3134 3133 3135
3134 3135 3136
3131 3137 3132
3131 3138 3137
3139 3137 3138
3139 3140 3137
3141 3140 3139
3141 3142 3140
3143 3144 3145
3143 3145 3146
3144 3147 3145
3144 3148 3147
3149 3150 3151
3149 3151 3152
3150 3153 3151
3150 3154 3153
3155 3156 3157
3155 3157 3158
3156 3159 3157
3156 3160 3159
3161 3162 3163
3161 3163 3164
3164 3163 3165
3164 3165 3166
3167 3168 3169
3167 3169 3170
3168 3167 3171
3171 3167 3172
3171 3172 3173
3174 3173 3172
3174 3175 3173
3176 3175 3174
3177 3175 3176
3178 3177 3176
3178 3179 3177
3180 3181 3182
3180 3182 3183
3180 3183 3184
3180 3184 3185
3186 3182 3181
3186 3187 3182
3186 3188 3187
3186 3189 3188
3190 3191 3192
3190 3192 3193
3191 3194 3192
3191 3195 3194
3195 3196 3194
3195 3197 3196
3197 3198 3196
3197 3199 3198
3198 3199 3200
3198 3200 3201
3202 3203 3204
3202 3204 3205
3206 3205 3204
3206 3207 3205
3208 3205 3207
3209 3205 3208
3210 3209 3208
3211 3209 3210
3212 3210 3208
3212 3213 3210
3213 3214 3210
3215 3210 3214
3215 3211 3210
3216 3215 3214
3216 3214 3217
3218 3217 3214
3213 3218 3214
3218 3219 3217
3220 3212 3208
3220 3208 3207
3216 3217 3221
3216 3221 3222
3223 3216 3222
3223 3224 3216
3225 3226 3227
3227 3228 3229
3230 3231 3232
3233 3231 3230
3234 3233 3230
3234 3230 3235
3236 3234 3235
3237 3234 3236
3238 3237 3236
3238 3236 3239
3240 3241 3242
3243 3241 3240
3244 3245 3246
3244 3246 3247
3248 3244 3247
3248 3247 3249
3250 3251 3252
3250 3252 3253
3254 3255 3256
3254 3256 3257
3258 3259 3260
3258 3260 3261
3262 3263 3264
3262 3264 3265
3266 3267 3268
3266 3268 3269
3270 3271 3272
3270 3272 3273
3271 3274 3272
3271 3275 3274
3276 3277 3278
3276 3278 3279
3279 3278 3280
3279 3280 3281
3282 3283 3284
3282 3284 3285
3283 3282 3286
3286 3282 3287
3286 3287 3288
3289 3288 3287
3289 3290 3288
3291 3290 3289
3292 3290 3291
3293 3292 3291
3293 3294 3292
3295 3296 3297
3295 3297 3298
3295 3298 3299
3295 3299 3300
3301 3297 3296
3301 3302 3297
3301 3303 3302
3301 3304 3303
3305 3306 3307
3305 3307 3308
3306 3309 3307
3306 3310 3309
3310 3311 3309
3310 3312 3311
3312 3313 3311
3312 3314 3313
3313 3314 3315
3313 3315 3316
3305 3317 3318
3305 3318 3319
3319 3318 3320
3319 3320 3321
3321 3320 3322
3321 3322 3323
3323 3322 3324
3323 3324 3325
3324 3326 3325
3324 3327 3326
3328 3329 3330
3328 3330 3331
3332 3331 3333
3334 3332 3333
3335 3332 3334
3333 3331 3336
3337 3336 3331
3337 3331 3338
3339 3334 3333
3339 3340 3334
3340 3341 3334
3342 3334 3341
3342 3335 3334
3343 3342 3341
3343 3341 3344
3345 3344 3341
3340 3345 3341
3345 3346 3344
3347 3339 3333
3347 3333 3336
3343 3344 3206
3343 3206 3204
3203 3343 3204
3203 3348 3343
3349 3350 3338
3349 3338 3351
3352 3353 3350
3354 3353 3352
3353 3355 3350
3356 3350 3355
3356 3330 3350
3357 3353 3354
3357 3354 3358
3358 3354 3359
3360 3359 3354
3360 3354 3361
3354 3352 3361
3362 3359 3360
3362 3363 3359
3364 3359 3363
3358 3359 3364
3364 3363 3365
3366 3355 3353
3366 3353 3357
3362 3367 3363
3362 3368 3367
3367 3368 3369
3370 3369 3368
3370 3368 3371
3371 3368 3362
3367 3369 3372
3373 3372 3369
3374 3373 3369
3375 3373 3374
3376 3373 3375
3376 3375 3377
3377 3375 3378
3379 3378 3375
3379 3375 3380
3375 3374 3380
3381 3378 3379
3381 3382 3378
3383 3378 3382
3377 3378 3383
3383 3382 3384
3385 3372 3373
3385 3373 3376
3381 3386 3382
3381 3387 3386
3388 3387 3381
3388 3381 3389
3390 3391 3392
3392 3391 3393
3394 3395 3396
3397 3395 3394
3398 3397 3394
3398 3394 3399
3400 3398 3399
3401 3398 3400
3402 3401 3400
3402 3400 3403
3404 3405 3406
3407 3408 3404
3409 3410 3411
3409 3411 3412
3413 3414 3415
3413 3415 3416
3416 3415 3417
3416 3417 3418
3419 3420 3421
3419 3421 3422
3422 3421 3423
3422 3423 3424
3425 3426 3427
3425 3427 3428
3428 3427 3429
3428 3429 3430
3431 3432 3433
3431 3433 3434
3432 3435 3433
3432 3436 3435
3437 3438 3439
3437 3439 3440
3440 3441 3437
3441 3442 3437
3441 3443 3442
3444 3442 3443
3444 3443 3445
3446 3444 3445
3447 3446 3445
3448 3446 3447
3448 3447 3449
3450 3451 3452
3450 3452 3453
3450 3454 3451
3450 3455 3454
3456 3453 3452
3456 3452 3457
3456 3457 3458
3456 3458 3459
3460 3461 3462
3460 3462 3463
3463 3462 3464
3463 3464 3465
3465 3464 3466
3465 3466 3467
3467 3466 3468
3467 3468 3469
3468 3470 3469
3468 3471 3470
3472 3473 3474
3473 3475 3476
3477 3478 3479
3480 3477 3479
3481 3477 3480
3482 3477 3481
3483 3482 3481
3484 3483 3481
3485 3483 3484
3485 3486 3483
3487 3488 3489
3490 3487 3489
3491 3492 3493
3491 3493 3494
3495 3496 3491
3495 3497 3496
3498 3499 3500
3498 3500 3501
3502 3503 3504
3502 3504 3505
3506 3507 3508
3506 3508 3509
3510 3511 3512
3510 3512 3513
3514 3515 3516
3514 3516 3517
3518 3519 3520
3518 3520 3521
3521 3520 3522
3521 3522 3523
3524 3525 3526
3524 3526 3527
3525 3528 3526
3525 3529 3528
3530 3531 3532
3530 3532 3533
3533 3534 3530
3534 3535 3530
3534 3536 3535
3537 3535 3536
3537 3536 3538
3539 3537 3538
3540 3539 3538
3541 3539 3540
3541 3540 3542
3543 3544 3545
3543 3545 3546
3543 3547 3544
3543 3548 3547
3549 3546 3545
3549 3545 3550
3549 3550 3551
3549 3551 3552
3553 3554 3555
3554 3556 3555
3557 3558 3559
3560 3557 3559
3561 3557 3560
3562 3557 3561
3563 3562 3561
3564 3563 3561
3565 3563 3564
3565 3566 3563
3567 3568 3569
3570 3567 3571
3572 3573 3574
3572 3574 3575
3371 3362 3576
3577 3578 3579
3577 3579 3580
3580 3579 3581
3580 3581 3582
3583 3584 3585
3583 3585 3586
3586 3585 3587
3586 3587 3588
3589 3590 3591
3589 3591 3592
3592 3591 3593
3592 3593 3594
3595 3596 3597
3595 3597 3598
3598 3597 3599
3598 3599 3600
3601 3602 3603
3602 3601 3604
3602 3604 3605
3605 3604 3606
3605 3606 3607
3608 3601 3603
3608 3609 3601
3610 3609 3608
3610 3611 3609
3612 3613 3614
3614 3615 3612
3614 3616 3615
3616 3617 3615
3616 3618 3617
3619 3613 3612
3619 3612 3620
3621 3619 3620
3621 3620 3622
3623 3622 3624
3623 3624 3625
3625 3624 3626
3625 3626 3627
3626 3628 3627
3628 3626 3629
3628 3629 3630
3630 3629 3631
3630 3631 3632
3633 3634 3635
3635 3636 3633
3635 3637 3636
3637 3638 3636
3637 3639 3638
3640 3634 3633
3640 3633 3641
3642 3640 3641
3642 3641 3643
3644 3645 3646
3644 3646 3647
3647 3646 3648
3647 3648 3649
3648 3650 3649
3649 3650 3651
3649 3651 3652
3652 3651 3653
3652 3653 3654
3654 3655 3656
3654 3656 3657
3657 3656 3658
3657 3658 3659
3658 3660 3659
3659 3660 3661
3659 3661 3662
3662 3661 3663
3662 3663 3664
3665 3666 3667
3665 3667 3668
3668 3667 3669
3668 3669 3670
3671 3666 3665
3672 3671 3665
3672 3673 3671
3674 3673 3672
3674 3675 3673
3676 3677 3678
3676 3678 3679
3679 3678 3680
3679 3680 3681
3682 3677 3676
3683 3682 3676
3683 3684 3682
3685 3684 3683
3685 3686 3684
3687 3688 3689
3687 3689 3690
3691 3687 3690
3691 3690 3692
3691 3692 3693
3691 3693 3694
3695 3694 3693
3695 3693 3696
3697 3695 3696
3697 3696 3698
3699 3700 3701
3699 3701 3702
3703 3699 3702
3703 3702 3704
3705 3701 3700
3705 3706 3701
3705 3707 3706
3705 3708 3707
3708 3709 3707
3708 3710 3709
3711 3712 3713
3711 3713 3714
3715 3711 3714
3715 3714 3716
3717 3713 3712
3717 3718 3713
3717 3719 3718
3717 3720 3719
3720 3721 3719
3720 3722 3721
3723 3724 3725
3723 3725 3726
3724 3727 3725
3724 3728 3727
3723 3726 3729
3723 3729 3730
3731 3730 3729
3731 3729 3732
3733 3731 3732
3733 3732 3734
3735 3736 3737
3735 3737 3738
3738 3737 3739
3738 3739 3740
3741 3742 3743
3741 3743 3744
3744 3743 3745
3744 3745 3746
3747 3748 3749
3747 3749 3750
3750 3749 3751
3750 3751 3752
3753 3754 3755
3753 3755 3756
3754 3757 3755
3754 3758 3757
3759 3760 3761
3759 3761 3762
3762 3763 3759
3763 3764 3759
3763 3765 3764
3766 3764 3765
3766 3765 3767
3768 3766 3767
3769 3768 3767
3770 3768 3769
3770 3769 3771
3772 3773 3774
3772 3774 3775
3772 3776 3773
3772 3777 3776
3778 3775 3774
3778 3774 3779
3778 3779 3780
3778 3780 3781
3782 3783 3784
3782 3784 3785
3785 3784 3786
3785 3786 3787
3787 3786 3788
3787 3788 3789
3789 3788 3790
3789 3790 3791
3790 3792 3791
3790 3793 3792
3794 3795 3796
3794 3796 3797
3798 3796 3795
3798 3795 3799
3800 3799 3795
3801 3800 3795
3802 3800 3801
3803 3802 3801
3804 3800 3802
3804 3802 3805
3805 3802 3806
3807 3806 3802
3807 3802 3803
3808 3806 3807
3808 3809 3806
3810 3806 3809
3805 3806 3810
3810 3809 3811
3812 3799 3800
3812 3800 3804
3808 3813 3809
3808 3814 3813
3815 3814 3808
3815 3808 3816
3817 3818 3819
3818 3820 3819
3821 3822 3823
3824 3821 3823
3825 3821 3824
3825 3826 3821
3827 3826 3825
3828 3827 3825
3829 3827 3828
3829 3830 3827
3831 3832 3833
3834 3831 3833
3835 3836 3837
3835 3837 3838
3839 3836 3835
3839 3840 3836
3841 3842 3843
3841 3843 3844
3845 3846 3847
3845 3847 3848
3849 3850 3851
3849 3851 3852
3853 3854 3855
3853 3855 3856
3857 3858 3859
3857 3859 3860
3861 3862 3863
3861 3863 3864
3864 3863 3865
3864 3865 3866
3867 3868 3869
3867 3869 3870
3868 3871 3869
3868 3872 3871
3873 3874 3875
3873 3875 3876
3876 3877 3873
3877 3878 3873
3877 3879 3878
3880 3878 3879
3880 3879 3881
3882 3880 3881
3883 3882 3881
3884 3882 3883
3884 3883 3885
3886 3887 3888
3886 3888 3889
3886 3890 3887
3886 3891 3890
3892 3889 3888
3892 3888 3893
3892 3893 3894
3892 3894 3895
3896 3897 3898
3896 3898 3899
3899 3898 3900
3899 3900 3901
3901 3900 3902
3901 3902 3903
3903 3902 3904
3903 3904 3905
3904 3906 3905
3904 3907 3906
3908 3909 3910
3908 3910 3911
3912 3913 3909
3914 3913 3912
3915 3914 3912
3913 3916 3909
3917 3909 3916
3917 3918 3909
3919 3913 3914
3919 3914 3920
3920 3914 3921
3922 3921 3914
3922 3914 3915
3923 3921 3922
3923 3924 3921
3925 3921 3924
3920 3921 3925
3925 3924 3926
3927 3916 3913
3927 3913 3919
3923 3798 3924
3923 3796 3798
3797 3796 3923
3797 3923 3928
3929 3930 3918
3929 3918 3931
3932 3931 3933
3934 3932 3933
3933 3931 3935
3936 3935 3931
3936 3931 3910
3937 3934 3933
3937 3938 3934
3938 3939 3934
3940 3934 3939
3940 3941 3934
3934 3941 3932
3942 3940 3939
3942 3939 3943
3944 3943 3939
3938 3944 3939
3944 3945 3943
3946 3937 3933
3946 3933 3935
3942 3943 3947
3942 3947 3948
3947 3949 3948
3950 3948 3949
3950 3951 3948
3951 3942 3948
3947 3952 3949
3953 3949 3952
3954 3949 3953
3955 3954 3953
3956 3955 3953
3956 3957 3955
3957 3958 3955
3959 3955 3958
3959 3960 3955
3955 3960 3954
3961 3959 3958
3961 3958 3962
3963 3962 3958
3957 3963 3958
3963 3964 3962
3965 3956 3953
3965 3953 3952
3961 3962 3966
3961 3966 3967
3968 3961 3967
3968 3969 3961
3970 3971 3972
3971 3973 3972
3974 3975 3976
3977 3974 3976
3978 3974 3977
3978 3979 3974
3980 3979 3978
3981 3980 3978
3982 3980 3981
3982 3983 3980
3984 3985 3986
3987 3984 3986
3988 3989 3990
3988 3990 3991
3992 3993 3994
3992 3994 3995
3993 3996 3994
3993 3997 3996
3998 3999 4000
3998 4000 4001
3999 4002 4000
3999 4003 4002
4004 4005 4006
4004 4006 4007
4005 4008 4006
4005 4009 4008
4010 4011 4012
4010 4012 4013
4013 4012 4014
4013 4014 4015
4016 4017 4018
4016 4018 4019
4017 4016 4020
4020 4016 4021
4020 4021 4022
4023 4022 4021
4023 4024 4022
4025 4024 4023
4026 4024 4025
4027 4026 4025
4027 4028 4026
4029 4030 4031
4029 4031 4032
4029 4032 4033
4029 4033 4034
4035 4031 4030
4035 4036 4031
4035 4037 4036
4035 4038 4037
4039 4040 4041
4039 4041 4042
4040 4043 4041
4040 4044 4043
4044 4045 4043
4044 4046 4045
4046 4047 4045
4046 4048 4047
4047 4048 4049
4047 4049 4050
4051 4052 4053
4053 4052 4054
4055 4056 4057
4058 4056 4055
4059 4058 4055
4060 4059 4055
4061 4059 4060
4062 4059 4061
4063 4062 4061
4063 4061 4064
4065 4066 4067
4068 4066 4065
4069 4070 4071
4069 4071 4072
4073 4069 4072
4073 4072 4074
4075 4076 4077
4075 4077 4078
4079 4080 4081
4079 4081 4082
4083 4084 4085
4083 4085 4086
4087 4088 4089
4087 4089 4090
4091 4092 4093
4091 4093 4094
4095 4096 4097
4095 4097 4098
4096 4099 4097
4096 4100 4099
4101 4102 4103
4101 4103 4104
4104 4103 4105
4104 4105 4106
4107 4108 4109
4107 4109 4110
4108 4107 4111
4111 4107 4112
4111 4112 4113
4114 4113 4112
4114 4115 4113
4116 4115 4114
4117 4115 4116
4118 4117 4116
4118 4119 4117
4120 4121 4122
4120 4122 4123
4120 4123 4124
4120 4124 4125
4126 4122 4121
4126 4127 4122
4126 4128 4127
4126 4129 4128
4130 4131 4132
4130 4132 4133
4131 4134 4132
4131 4135 4134
4135 4136 4134
4135 4137 4136
4137 4138 4136
4137 4139 4138
4138 4139 4140
4138 4140 4141
4142 4143 4144
4144 4143 4145
4146 4147 4148
4149 4147 4146
4150 4149 4146
4151 4150 4146
4152 4150 4151
4153 4150 4152
4154 4153 4152
4154 4152 4155
4156 4157 4158
4159 4157 4156
4160 4161 4162
4160 4162 4163
3951 4164 3942
4165 4166 4167
4165 4167 4168
4166 4169 4167
4166 4170 4169
4171 4172 4173
4171 4173 4174
4172 4175 4173
4172 4176 4175
4177 4178 4179
4177 4179 4180
4178 4181 4179
4178 4182 4181
4183 4184 4185
4183 4185 4186
4184 4187 4185
4184 4188 4187
4189 4190 4191
4191 4192 4189
4191 4193 4192
4193 4194 4192
4193 4195 4194
4196 4190 4189
4196 4189 4197
4198 4196 4197
4198 4197 4199
4200 4201 4194
4200 4194 4202
4203 4201 4200
4203 4204 4201
4204 4203 4205
4206 4204 4205
4206 4207 4204
4208 4207 4206
4208 4209 4207
4210 4211 4212
4211 4210 4213
4211 4213 4214
4214 4213 4215
4214 4215 4216
4217 4210 4212
4217 4218 4210
4219 4218 4217
4219 4220 4218
4221 4222 4223
4223 4224 4221
4223 4225 4224
4225 4226 4224
4225 4227 4226
4228 4222 4221
4228 4221 4229
4230 4228 4229
4230 4229 4231
