byte offset: 0
first index: 0
index count: 4596
topology: trianglelist
format: DXGI_FORMAT_R16_UINT

0 1 2
1 3 2
3 1 4
5 3 4
3 5 6
5 7 6
5 8 7
8 9 7
10 7 9
11 10 9
10 11 12
11 13 12
11 14 13
14 15 13
6 16 3
16 2 3
6 17 16
17 18 16
18 19 16
19 20 16
21 20 19
22 21 19
21 22 23
22 24 23
25 23 24
26 25 24
25 26 27
26 28 27
28 29 27
29 30 27
31 30 29
32 31 29
23 25 33
34 23 33
23 34 21
27 30 35
36 27 35
27 36 25
36 33 25
33 36 37
38 33 37
34 33 38
37 36 39
36 35 39
38 37 40
41 38 40
42 38 41
42 34 38
43 34 42
44 43 42
45 43 44
46 45 44
47 42 41
44 42 47
45 20 43
45 2 20
2 45 46
2 16 20
20 21 43
34 43 21
0 2 46
46 48 0
48 49 0
49 48 50
50 48 51
50 51 52
52 51 53
51 54 53
51 55 54
55 47 54
48 55 51
55 48 46
53 54 56
54 57 56
56 57 58
57 59 58
60 50 52
50 60 61
61 49 50
62 49 61
63 62 61
61 64 63
60 64 61
64 65 63
58 59 66
59 67 66
68 66 67
69 68 67
67 70 69
70 71 69
63 65 72
65 73 72
72 73 74
72 74 75
76 72 75
62 63 76
63 72 76
1 62 76
4 1 76
76 75 4
75 74 77
75 77 78
75 78 4
4 78 5
78 8 5
8 78 79
77 79 78
80 8 79
9 8 80
81 9 80
11 9 81
14 11 81
74 82 77
81 80 83
84 81 83
81 84 14
84 85 14
15 14 85
86 15 85
15 86 87
87 88 15
88 87 89
87 90 89
86 90 87
90 91 89
91 92 89
92 93 89
89 93 94
94 88 89
93 95 94
94 95 96
95 97 96
95 93 98
99 95 98
97 95 99
99 98 100
100 98 101
98 102 101
92 102 93
102 98 93
101 103 100
103 104 100
103 105 104
105 106 104
105 107 106
107 108 106
107 109 108
109 110 108
109 111 110
111 112 110
113 99 100
104 106 114
106 115 114
115 106 108
116 114 115
117 116 115
118 116 117
116 118 119
120 116 119
116 120 114
121 118 117
117 122 121
122 123 121
124 121 123
125 124 123
126 119 118
127 126 118
124 127 121
127 118 121
128 126 127
126 128 129
130 126 129
119 126 130
131 128 127
127 124 131
120 119 132
132 119 130
133 120 132
124 134 131
124 125 134
135 131 134
136 135 134
136 137 135
137 136 138
136 139 138
138 139 140
141 138 140
140 142 141
143 142 140
144 143 140
144 140 139
142 145 141
137 146 135
135 146 147
148 135 147
148 147 149
150 148 149
151 143 144
152 151 144
151 152 153
152 154 153
153 154 155
156 153 155
144 157 152
157 125 152
154 152 125
125 157 134
134 157 136
157 139 136
155 154 122
154 123 122
123 154 125
157 144 139
149 158 150
158 159 150
129 150 159
129 128 150
128 148 150
128 131 148
131 135 148
160 129 159
160 159 161
162 160 161
162 161 163
163 161 164
161 159 164
159 158 164
164 158 165
158 166 165
167 163 164
167 164 165
168 163 167
169 168 167
163 168 170
171 163 170
171 162 163
168 169 172
169 173 172
172 173 174
175 172 174
171 170 176
177 176 170
176 177 178
178 177 179
177 180 179
181 176 178
176 181 182
182 171 176
181 183 182
177 184 180
184 177 170
184 185 180
175 185 172
185 184 172
186 179 180
186 187 179
187 188 179
178 179 188
189 186 180
190 186 189
191 190 189
192 190 191
190 192 193
194 193 192
195 194 192
196 190 193
187 186 196
186 190 196
194 195 197
198 194 197
195 199 197
199 200 197
199 195 201
195 192 201
201 192 191
201 202 199
202 203 199
199 203 200
189 204 191
204 189 205
204 205 206
207 204 206
204 207 208
208 202 201
207 209 208
202 208 209
206 205 210
211 206 210
211 210 212
213 211 212
214 213 212
215 214 212
216 202 209
203 202 216
214 215 217
215 218 217
204 208 191
191 208 201
175 212 210
212 175 215
185 175 210
175 174 215
218 215 174
219 218 174
174 173 219
173 220 219
218 219 221
219 222 221
219 220 222
217 218 223
218 221 223
220 224 222
220 173 169
225 220 169
220 225 224
169 167 225
167 226 225
226 167 165
227 225 226
225 227 224
228 227 226
228 226 229
226 165 229
230 229 165
166 230 165
230 166 231
149 231 166
231 149 147
232 231 147
158 149 166
232 147 233
232 233 234
235 232 234
147 146 233
236 233 146
137 236 146
237 236 137
138 237 137
238 237 138
141 238 138
239 238 141
145 239 141
239 240 238
240 241 238
238 241 237
241 242 237
237 242 236
236 243 233
243 234 233
242 243 236
239 145 244
244 145 142
245 244 142
245 142 143
246 245 143
244 245 247
245 248 247
245 246 248
248 249 247
249 250 247
250 249 251
252 250 251
253 252 251
254 253 251
249 255 251
255 256 251
251 256 254
257 253 254
258 257 254
255 259 256
259 260 256
261 256 260
256 261 254
258 254 261
262 261 260
263 261 262
263 258 261
264 263 262
260 265 262
265 266 262
262 266 264
266 265 267
268 266 267
267 265 269
265 270 269
259 270 260
270 265 260
271 269 270
272 271 270
270 259 272
259 273 272
274 266 268
266 274 264
275 274 268
272 276 271
272 273 276
276 277 271
276 153 277
153 156 277
276 278 153
273 278 276
278 151 153
151 278 246
143 151 246
273 279 278
279 246 278
255 279 273
279 255 249
248 279 249
246 279 248
259 255 273
277 156 280
156 281 280
281 156 282
156 155 282
155 122 282
122 283 282
122 117 283
117 115 283
112 281 282
280 281 112
110 112 282
110 282 283
283 115 108
108 110 283
284 280 112
112 111 284
111 285 284
286 284 285
287 286 285
288 286 287
289 288 287
290 288 289
291 290 289
292 290 291
293 292 291
294 292 293
295 294 293
294 296 292
296 297 292
298 296 294
299 298 294
294 295 299
300 298 299
298 300 301
302 298 301
298 302 296
303 300 299
299 304 303
295 304 299
304 305 303
305 306 303
306 307 303
302 301 308
309 302 308
308 301 310
310 311 308
311 312 308
309 308 312
311 310 313
310 314 313
314 315 313
315 316 313
317 316 315
318 317 315
317 318 319
320 317 319
321 320 319
322 321 319
322 323 321
323 324 321
324 323 325
326 324 325
325 327 326
327 328 326
328 327 329
330 328 329
330 329 331
329 332 331
332 31 331
31 32 331
319 333 322
333 334 322
335 327 325
336 335 325
325 323 336
332 329 337
329 338 337
329 327 338
327 335 338
338 335 339
335 340 339
335 336 340
337 338 341
338 339 341
342 339 340
343 342 340
343 340 344
336 344 340
336 345 344
346 345 334
345 346 344
347 346 334
334 333 347
348 343 344
344 346 348
334 345 322
345 323 322
323 345 336
341 339 349
339 342 349
337 341 350
351 337 350
35 351 350
351 35 30
31 351 30
39 35 350
350 71 39
71 70 39
39 70 37
70 40 37
40 70 67
59 40 67
41 40 59
57 41 59
41 57 47
57 54 47
31 332 351
332 337 351
55 44 47
44 55 46
71 349 69
349 352 69
68 69 352
353 68 352
352 354 353
354 355 353
354 356 355
356 357 355
356 358 357
358 359 357
358 360 359
360 361 359
360 358 362
358 348 362
358 356 348
361 360 363
364 361 363
363 360 365
360 362 365
363 366 364
366 367 364
367 366 368
369 367 368
368 366 370
366 371 370
365 371 363
371 366 363
372 371 365
347 372 365
347 365 362
333 372 347
372 333 373
370 371 373
371 372 373
333 374 373
375 373 374
376 375 374
374 318 376
318 377 376
378 376 377
379 378 377
377 380 379
380 381 379
381 380 382
383 381 382
381 383 384
383 385 384
333 319 374
319 318 374
373 375 386
370 373 386
375 376 387
376 378 387
314 382 380
388 382 314
383 382 388
310 388 314
301 388 310
315 314 380
315 380 377
318 315 377
389 384 385
390 389 385
385 307 390
391 307 385
303 307 391
300 303 391
391 388 300
388 301 300
391 383 388
383 391 385
307 306 390
384 389 392
393 384 392
381 384 393
379 381 393
393 394 379
394 378 379
378 394 395
387 378 395
395 396 387
396 397 387
398 397 396
398 399 397
399 386 397
399 398 400
400 369 399
369 368 399
399 368 386
401 398 396
368 370 386
387 397 375
397 386 375
396 402 401
396 395 402
402 403 401
395 404 402
395 394 404
394 405 404
394 393 405
393 392 405
406 181 407
181 178 407
407 178 188
407 188 408
408 188 409
188 187 409
410 407 408
407 410 406
187 196 409
196 411 409
196 193 411
193 412 411
410 413 406
412 193 194
414 412 194
414 194 198
415 414 198
415 198 416
198 417 416
417 198 197
418 417 197
418 419 417
419 420 417
419 421 420
421 422 420
423 418 197
200 423 197
423 424 418
424 419 418
424 423 425
423 426 425
426 423 200
424 427 419
427 421 419
421 427 428
429 421 428
421 429 422
429 428 430
431 429 430
429 431 432
429 432 422
431 433 432
431 430 434
435 431 434
433 431 435
434 436 435
436 437 435
436 438 437
438 439 437
434 430 440
430 441 440
440 442 434
442 436 434
438 436 443
436 442 443
444 443 442
445 444 442
445 442 440
446 444 445
447 446 445
447 445 448
448 440 441
448 445 440
449 447 448
450 449 448
451 450 448
451 448 441
449 450 452
453 449 452
449 453 447
441 454 451
454 455 451
454 211 455
211 213 455
213 214 455
214 456 455
450 451 456
451 455 456
211 454 206
454 457 206
206 457 458
207 206 458
207 458 459
209 207 459
459 425 209
425 216 209
456 214 217
460 456 217
428 458 457
430 428 457
428 427 458
427 459 458
425 459 424
459 427 424
216 425 426
461 216 426
461 203 216
203 461 200
461 426 200
460 217 223
462 460 223
452 460 462
452 450 460
450 456 460
463 452 462
453 452 463
464 453 463
465 453 464
453 465 447
446 447 465
466 446 465
446 466 467
468 446 467
468 467 469
467 470 469
444 446 468
471 444 468
444 471 472
473 472 471
474 473 471
471 468 474
468 469 474
443 444 472
472 475 443
475 438 443
439 438 475
476 439 475
474 469 258
469 257 258
257 469 470
258 263 474
263 473 474
473 263 264
477 473 264
475 472 477
472 473 477
477 264 274
478 477 274
476 475 478
475 477 478
274 275 478
275 479 478
478 479 476
479 275 297
480 297 275
268 480 275
480 268 481
268 267 481
482 481 267
269 482 267
482 269 483
269 271 483
280 483 271
277 280 271
482 288 481
288 290 481
480 481 290
483 286 482
286 288 482
280 284 483
284 286 483
292 480 290
297 480 292
297 296 484
296 485 484
302 485 296
484 485 486
485 487 486
487 485 309
485 302 309
487 309 488
488 309 312
486 487 489
488 489 487
489 490 486
486 490 491
490 492 491
492 493 491
492 494 493
494 495 493
437 493 495
435 437 495
495 433 435
494 496 495
496 433 495
433 496 497
432 433 497
422 432 497
498 422 497
422 498 420
498 499 420
420 499 417
499 416 417
493 437 439
491 493 439
491 439 500
439 476 500
479 500 476
500 486 491
486 500 479
479 484 486
484 479 297
172 184 168
184 170 168
189 180 205
180 185 205
185 210 205
182 183 501
183 502 501
171 182 501
162 171 501
162 501 503
160 162 503
503 130 160
130 129 160
132 130 503
504 132 503
502 504 501
504 503 501
133 132 504
505 133 504
504 502 505
113 133 505
133 113 506
120 133 506
120 506 114
114 506 104
506 100 104
113 100 506
507 113 505
113 507 99
507 508 99
508 97 99
507 509 508
505 509 507
509 510 508
509 505 511
502 511 505
502 183 511
183 512 511
509 511 512
406 512 183
181 406 183
406 413 512
413 513 512
513 509 512
514 509 513
509 514 510
97 508 515
508 510 515
515 516 97
516 96 97
516 517 96
517 516 518
516 519 518
519 516 515
518 520 517
520 521 517
521 520 522
520 523 522
523 17 522
17 6 522
517 524 96
517 521 524
521 12 524
522 10 521
10 12 521
10 522 7
522 6 7
12 13 524
13 88 524
88 13 15
88 94 524
94 96 524
525 519 515
510 525 515
525 510 514
0 49 1
49 62 1
77 82 526
82 527 526
77 526 79
526 528 79
80 79 528
83 80 528
529 530 531
530 532 531
532 533 531
533 534 531
531 535 529
531 534 535
535 536 529
536 535 537
538 536 537
537 535 539
534 539 535
540 537 539
541 537 540
537 541 538
542 541 540
541 543 538
541 544 543
544 541 542
544 545 543
545 544 546
547 545 546
548 544 542
549 544 548
550 544 549
540 539 551
551 539 552
551 552 553
552 554 553
554 555 553
553 555 556
555 557 556
558 551 553
559 551 558
560 559 558
560 558 561
558 562 561
556 562 553
562 558 553
562 556 563
556 564 563
556 557 564
561 562 565
562 563 565
557 566 564
565 567 561
567 568 561
561 568 560
568 569 560
559 560 570
560 569 570
571 570 569
572 571 569
568 573 569
573 572 569
573 568 574
568 567 574
573 574 575
576 573 575
576 577 573
577 572 573
577 578 572
578 571 572
576 575 579
575 580 579
579 581 576
581 577 576
581 582 577
582 578 577
571 548 570
548 542 570
559 570 542
540 559 542
559 540 551
582 550 578
550 549 578
578 549 571
549 548 571
583 584 585
584 586 585
586 584 587
588 586 587
585 586 589
589 590 585
590 591 585
583 585 591
586 592 589
592 586 588
593 592 588
594 583 591
593 595 592
595 596 592
590 589 597
589 598 597
596 598 592
598 589 592
595 599 596
599 600 596
600 601 596
601 598 596
597 598 602
598 601 602
603 602 601
604 603 601
603 604 605
604 606 605
604 601 607
601 600 607
599 608 600
608 607 600
606 604 609
604 607 609
609 607 610
607 608 610
605 606 611
606 612 611
606 609 612
609 613 612
609 610 613
610 614 613
610 547 614
610 608 547
547 546 614
608 545 547
545 608 599
543 545 599
543 599 595
538 543 595
538 595 593
536 538 593
536 593 588
529 536 588
529 588 587
530 529 587
615 530 587
530 615 616
532 530 616
533 532 616
617 533 616
616 615 618
617 616 618
615 619 618
618 619 620
619 621 620
618 620 622
622 617 618
620 623 622
620 624 623
620 621 624
624 625 623
621 626 624
627 624 626
624 627 625
628 627 626
627 628 629
628 630 629
627 631 625
632 631 627
633 632 627
634 622 623
634 635 622
636 635 634
554 635 636
555 554 636
555 636 637
557 555 637
638 636 634
638 634 639
640 638 639
638 640 641
642 638 641
638 642 636
642 637 636
637 642 643
644 637 643
557 637 644
643 642 645
642 641 645
566 557 644
646 645 641
647 646 641
647 641 640
648 647 640
639 649 640
649 648 640
648 649 650
651 648 650
651 652 648
652 647 648
646 647 653
647 652 653
653 652 654
652 655 654
651 656 652
656 655 652
650 657 651
657 656 651
654 655 658
659 654 658
658 655 660
655 656 660
660 656 661
656 657 661
650 649 631
649 625 631
625 649 639
623 625 639
639 634 623
661 657 633
657 632 633
631 632 650
632 657 650
231 232 662
232 235 662
662 230 231
533 554 534
554 552 534
539 534 552
533 617 554
617 635 554
635 617 622
663 239 244
244 247 663
247 664 663
240 239 663
665 240 663
665 663 664
666 665 664
664 247 250
667 664 250
666 664 667
667 250 252
668 667 252
252 253 668
253 669 668
669 253 670
253 257 670
670 257 470
668 669 671
669 672 671
671 673 668
673 667 668
673 666 667
672 669 674
669 670 674
470 675 670
675 674 670
470 467 675
467 676 675
467 466 676
466 677 676
678 677 466
465 678 466
678 465 464
430 457 441
457 454 441
356 343 348
356 354 343
354 342 343
354 352 342
352 349 342
346 362 348
346 347 362
349 71 341
71 350 341
679 584 680
584 583 680
587 584 679
681 587 679
679 680 682
683 682 680
684 683 680
680 583 684
685 679 682
681 679 685
686 681 685
583 594 684
686 685 687
685 688 687
682 683 689
690 682 689
682 690 685
690 688 685
687 688 691
688 692 691
690 693 688
693 692 688
693 690 694
690 689 694
694 695 693
695 696 693
696 695 697
698 696 697
696 699 693
699 692 693
691 692 700
692 699 700
698 701 696
701 699 696
701 702 699
702 700 699
698 697 703
704 698 703
701 698 704
705 701 704
702 701 705
706 702 705
630 702 706
700 702 630
629 630 706
628 700 630
691 700 628
626 691 628
687 691 626
621 687 626
686 687 621
619 686 621
686 619 681
619 615 681
681 615 587
707 708 709
708 710 709
711 709 710
712 711 710
708 707 713
707 714 713
710 708 715
708 713 715
712 710 716
710 715 716
707 717 714
717 718 714
718 717 719
720 718 719
721 720 719
722 721 719
719 723 722
723 719 717
723 724 722
725 724 723
726 725 723
727 721 722
728 727 722
722 724 728
728 729 727
724 729 728
729 724 725
729 730 727
729 731 730
731 729 725
731 732 730
733 723 717
726 723 733
734 726 733
717 707 733
707 709 733
734 733 709
711 734 709
732 735 736
735 737 736
735 738 737
738 739 737
737 739 740
739 741 740
736 737 742
737 740 742
741 739 743
744 741 743
741 744 745
746 741 745
742 740 746
740 741 746
738 747 739
747 743 739
744 743 748
743 749 748
749 743 747
748 750 744
750 745 744
751 749 747
748 749 752
749 753 752
753 749 751
754 752 753
755 754 753
755 753 756
756 753 751
757 755 756
752 754 758
759 752 758
750 748 759
748 752 759
758 754 760
754 755 760
760 755 757
716 760 757
756 751 761
761 762 756
763 762 761
764 763 761
762 765 756
766 763 764
767 766 764
766 768 763
768 762 763
762 768 765
768 769 765
764 761 770
771 764 770
767 764 771
771 770 772
773 771 772
774 773 772
775 773 774
776 775 774
777 774 772
778 774 777
776 774 778
779 778 777
779 777 738
735 779 738
780 778 779
780 776 778
781 780 779
781 779 735
782 781 735
772 783 777
783 738 777
772 770 783
775 784 773
784 771 773
784 767 771
782 785 786
785 787 786
786 787 788
787 789 788
789 790 788
790 791 788
790 789 792
789 787 792
790 792 793
794 790 793
790 794 791
792 795 793
785 795 787
795 792 787
795 796 793
794 797 791
798 797 794
799 798 794
794 793 799
793 800 799
793 796 800
796 801 800
798 799 802
799 803 802
803 799 800
802 803 804
803 805 804
805 803 806
806 803 800
800 801 806
807 805 806
806 808 807
801 808 806
808 809 807
804 805 810
805 807 810
810 807 769
807 809 769
811 812 813
812 814 813
813 814 815
814 816 815
815 816 817
817 816 818
816 819 818
818 819 820
821 818 820
821 820 822
823 821 822
824 822 820
825 824 820
820 819 825
824 825 826
827 824 826
828 824 827
824 828 822
829 828 827
823 822 830
828 830 822
831 823 830
825 832 826
819 832 825
832 833 826
833 832 814
812 833 814
814 832 816
832 819 816
834 835 836
835 837 836
836 837 838
837 839 838
838 839 840
841 838 840
842 815 817
843 844 845
844 846 845
845 847 843
847 848 843
844 849 846
849 850 846
849 851 850
851 852 850
853 852 851
854 853 851
849 844 855
856 849 855
851 849 856
855 857 856
857 858 856
856 858 859
859 851 856
854 851 859
858 860 859
861 857 855
862 861 855
855 844 862
844 843 862
860 863 859
863 864 859
864 854 859
862 843 865
843 848 865
865 866 862
866 861 862
867 868 869
868 870 869
869 870 871
872 869 871
871 873 872
873 874 872
770 751 783
751 770 761
875 876 877
876 878 877
876 879 878
879 880 878
881 880 879
881 882 880
882 883 880
883 882 884
882 885 884
886 884 885
887 886 885
886 888 884
888 889 884
883 884 889
890 889 888
891 890 888
891 888 892
892 888 886
893 891 892
894 886 887
894 892 886
895 894 887
889 890 896
896 883 889
890 897 896
896 897 878
897 877 878
878 880 896
880 883 896
898 899 900
899 901 900
899 902 901
902 903 901
904 903 902
905 904 902
906 881 879
907 908 909
908 910 909
909 910 911
910 912 911
913 908 907
914 913 907
915 913 914
916 915 914
915 916 917
918 915 917
908 913 919
913 920 919
920 913 915
919 920 921
920 922 921
922 920 923
923 920 915
923 915 918
924 922 923
919 921 925
926 919 925
908 919 926
910 908 926
924 923 927
923 928 927
928 923 918
910 926 929
912 910 929
929 926 930
926 925 930
931 932 933
932 934 933
934 932 935
932 936 935
935 936 937
936 938 937
