byte offset: 0
first index: 0
index count: 12342
topology: trianglelist
format: DXGI_FORMAT_R16_UINT

0 1 2
1 0 3
4 2 1
2 4 5
6 5 4
5 6 7
8 7 6
7 8 9
10 9 8
9 10 11
12 11 10
11 12 13
14 13 12
13 14 15
16 15 14
15 16 17
18 17 16
17 18 19
20 19 18
19 20 21
22 21 20
21 22 23
24 23 22
23 24 25
26 25 24
25 26 27
26 28 27
28 26 29
30 28 29
28 30 31
30 32 31
32 30 33
33 34 32
34 33 35
35 36 34
36 35 37
37 38 36
38 37 39
39 40 38
40 39 41
28 42 27
42 25 27
25 42 43
43 23 25
23 43 44
45 23 44
23 45 21
46 21 45
21 46 19
47 19 46
19 47 17
48 17 47
17 48 15
49 15 48
15 49 13
50 13 49
13 50 11
51 11 50
11 51 9
52 9 51
9 52 7
53 7 52
7 53 5
54 5 53
5 54 2
2 54 0
55 3 0
56 57 58
58 57 59
60 61 62
61 60 63
62 64 60
64 62 65
65 66 64
66 65 67
67 68 66
68 67 69
69 70 68
70 69 71
71 72 70
72 71 73
73 74 72
74 73 75
76 74 75
74 76 77
78 77 76
77 78 79
78 80 79
80 81 79
81 80 82
82 83 81
83 84 81
84 83 85
85 86 84
86 87 84
87 86 88
89 87 88
87 89 90
91 90 89
90 91 92
93 92 91
92 93 94
95 94 93
94 95 96
97 96 95
96 97 98
99 98 97
100 101 102
101 100 103
100 104 103
104 100 105
105 106 104
106 105 107
107 108 106
108 107 109
109 110 108
110 109 111
111 112 110
112 111 113
113 114 112
114 113 115
115 116 114
116 115 117
117 118 116
118 117 119
120 118 119
121 120 119
120 121 122
123 122 121
124 123 121
123 124 125
126 125 124
127 126 124
126 127 128
127 129 128
129 127 130
130 131 129
131 130 132
132 133 131
133 132 134
135 133 134
133 135 136
135 137 136
137 135 138
139 137 138
140 61 63
101 141 102
142 143 144
143 145 144
42 28 146
31 146 28
146 31 147
32 147 31
147 32 148
34 148 32
148 34 149
36 149 34
149 36 150
38 150 36
150 38 151
152 151 38
41 153 40
154 155 156
157 154 156
158 157 156
156 155 159
159 160 156
156 160 161
161 162 156
162 163 156
160 159 164
163 165 156
166 158 156
167 166 156
168 167 156
156 165 168
169 170 171
170 169 172
170 172 173
171 174 169
171 175 174
171 176 175
171 177 176
177 171 178
179 177 178
178 180 179
170 181 171
181 170 182
178 183 180
183 178 184
171 184 178
185 182 170
184 171 186
171 187 186
171 188 187
171 181 188
189 185 170
190 170 173
191 192 193
194 192 191
195 192 194
193 192 196
196 197 193
198 197 196
199 192 195
199 200 192
196 192 200
196 200 201
202 201 200
202 200 203
201 202 204
204 205 201
206 201 205
206 196 201
196 206 198
205 204 207
208 204 202
208 202 209
209 202 210
204 208 211
211 207 204
207 211 212
210 202 213
202 203 213
214 200 199
203 200 214
215 216 217
216 218 217
219 216 215
216 219 220
221 220 219
220 221 222
222 223 220
223 222 224
220 225 216
218 216 225
225 220 226
220 223 226
222 227 224
222 228 227
215 217 229
229 219 215
229 217 230
219 229 231
231 221 219
221 231 232
233 232 231
232 233 234
235 231 229
230 235 229
231 235 236
231 236 233
232 234 237
238 228 222
238 222 239
240 228 238
241 228 240
239 222 221
239 221 242
243 242 221
243 221 232
232 244 243
244 232 245
245 232 237
246 244 245
246 245 247
248 246 247
249 241 240
250 251 252
251 250 253
254 253 250
253 254 255
256 255 254
255 256 257
258 257 256
257 258 259
260 259 258
259 260 261
260 262 261
262 260 263
263 264 262
264 263 265
265 266 264
266 265 267
267 268 266
268 267 269
269 270 268
270 269 271
272 270 271
270 272 273
273 272 274
275 276 277
276 275 278
279 277 276
277 279 280
275 281 278
281 275 282
283 281 282
281 283 284
285 284 283
284 285 286
285 287 286
287 285 288
288 289 287
289 288 290
291 289 290
289 291 292
293 280 279
294 295 296
297 295 294
298 295 297
295 299 296
300 299 295
295 301 300
301 295 302
302 295 303
299 300 304
303 295 305
306 295 298
307 295 306
308 295 307
295 308 305
309 193 310
311 309 310
312 311 310
313 310 193
313 314 310
315 310 314
315 312 310
193 197 313
313 197 198
316 315 314
317 316 314
318 317 314
318 314 319
313 319 314
320 319 313
198 320 313
318 321 317
322 321 318
323 322 318
324 323 318
324 318 325
319 325 318
325 319 326
320 326 319
325 327 324
328 327 325
325 326 328
327 328 329
330 331 332
331 330 333
332 334 330
334 332 335
335 336 334
336 335 337
337 338 336
338 337 339
339 340 338
340 339 341
342 340 341
340 342 343
344 343 342
343 344 345
346 345 344
345 346 347
348 347 346
347 348 349
350 349 348
349 350 351
350 352 351
352 350 353
353 354 352
355 356 357
356 355 358
358 359 356
359 358 360
361 355 357
355 361 362
361 363 362
363 361 364
364 365 363
365 364 366
367 365 366
365 367 368
369 368 367
368 369 370
369 371 370
371 369 372
373 359 360
374 375 376
375 374 377
378 376 375
376 378 379
376 380 374
380 376 381
379 381 376
381 379 382
381 383 380
383 381 384
382 384 381
384 382 385
386 383 384
383 386 387
388 384 385
384 388 386
375 377 389
378 375 389
390 387 386
387 390 391
392 391 390
391 392 393
390 394 392
394 390 395
395 386 388
386 395 390
396 393 392
393 396 397
397 396 398
396 399 398
399 392 394
392 399 396
397 398 400
400 393 397
400 398 401
402 391 393
393 400 402
401 402 400
391 402 403
404 403 402
402 401 404
403 404 405
403 387 391
387 403 406
405 406 403
406 383 387
383 406 407
408 383 407
383 408 380
409 380 408
380 409 374
410 374 409
374 410 377
409 411 410
411 409 412
408 412 409
412 408 413
407 413 408
413 407 414
415 407 406
407 415 414
406 405 415
410 389 377
411 389 410
416 417 418
417 416 419
416 420 419
420 416 421
422 420 421
418 417 423
424 416 418
418 423 424
416 424 425
416 426 421
426 416 425
427 428 422
428 427 429
428 429 430
429 431 430
431 429 432
431 432 433
434 427 426
427 435 429
435 427 434
429 436 432
436 429 437
435 437 429
438 433 439
438 439 440
436 440 439
441 442 443
442 441 444
445 444 441
444 445 446
447 446 445
446 447 448
449 448 447
448 449 450
451 443 442
443 451 452
443 453 441
453 443 454
452 454 443
455 441 453
441 455 445
456 445 455
445 456 447
457 447 456
447 457 449
452 458 454
452 459 458
459 452 460
461 460 452
461 452 451
461 462 460
462 461 463
463 464 462
464 463 465
465 466 464
466 465 467
467 468 466
468 467 469
470 464 466
470 466 468
468 471 470
464 470 472
472 462 464
462 472 473
460 473 459
473 460 462
471 474 470
472 470 475
474 475 470
476 473 472
475 476 472
473 476 477
473 477 459
467 478 469
465 479 467
480 477 476
477 480 481
482 481 480
481 482 483
483 484 481
477 481 484
484 483 485
485 486 484
486 485 487
487 488 486
454 486 488
454 488 489
486 454 458
490 486 458
490 484 486
459 490 458
491 489 488
488 487 491
489 491 492
489 492 493
494 492 491
492 494 495
495 493 492
493 495 496
496 497 493
498 493 497
489 493 498
498 453 489
454 489 453
453 498 455
499 455 498
498 497 499
455 499 456
500 456 499
497 500 499
456 500 457
500 497 501
497 496 502
502 501 497
501 502 503
504 495 494
495 504 505
505 496 495
496 505 506
506 502 496
502 506 507
507 503 502
503 507 508
505 504 509
506 505 509
507 506 509
508 507 509
504 510 509
494 510 504
510 494 511
491 511 494
511 491 487
487 512 511
512 487 485
485 513 512
513 485 483
514 512 513
513 515 514
514 515 509
515 513 516
482 516 513
482 513 483
482 517 516
517 482 518
519 518 482
518 520 517
520 518 521
522 521 518
522 518 519
523 517 520
517 523 524
516 524 515
524 516 517
512 514 525
524 523 509
515 524 509
525 514 509
510 525 509
511 525 510
525 511 512
519 482 480
519 474 522
474 519 475
476 475 519
519 480 476
522 526 521
526 520 521
520 526 527
527 523 520
528 527 526
529 528 526
522 529 526
474 529 522
527 528 530
528 531 530
530 532 527
523 527 532
532 509 523
532 530 533
531 533 530
533 531 534
535 534 531
531 536 535
536 531 537
528 537 531
528 538 537
538 528 539
529 539 528
537 540 536
540 537 538
541 536 540
536 541 542
542 535 536
543 542 541
541 544 543
544 545 543
544 541 546
547 544 546
548 547 546
547 548 549
550 547 549
551 550 549
550 551 552
553 552 551
552 553 554
555 554 553
554 555 556
468 556 555
556 468 469
553 557 555
468 555 557
557 471 468
557 553 558
551 558 553
558 551 559
559 549 548
549 559 551
471 557 474
560 557 558
557 560 474
559 561 558
558 561 560
561 559 562
556 469 478
554 556 479
562 539 561
539 562 538
562 540 538
561 539 529
529 474 560
529 560 561
559 548 562
548 563 562
562 563 540
563 541 540
563 546 541
548 546 563
444 564 442
446 565 444
448 566 446
450 567 448
450 568 567
449 568 450
568 449 569
569 570 568
568 570 566
570 569 571
571 572 570
570 572 565
572 571 573
573 574 572
572 574 564
574 573 575
575 576 574
576 575 547
577 575 573
575 577 544
547 575 544
578 573 571
573 578 577
579 571 569
571 579 578
457 569 449
569 457 579
580 577 578
577 580 545
544 577 545
581 578 579
578 581 580
500 579 457
579 500 581
500 582 581
580 581 582
580 582 583
545 580 583
545 583 584
585 545 584
545 585 543
582 500 501
542 543 585
584 586 585
586 584 587
583 587 584
587 583 588
582 588 583
588 582 589
501 589 582
589 501 503
590 585 586
585 590 542
535 542 590
587 591 586
591 587 592
588 592 587
592 588 593
589 593 588
593 589 594
503 594 589
594 503 508
590 595 535
534 535 595
595 590 596
596 586 591
586 596 590
592 509 591
593 509 592
594 509 593
508 509 594
595 509 534
596 509 595
591 509 596
534 509 533
533 509 532
463 597 465
461 598 463
451 599 461
442 600 451
552 554 597
550 552 598
576 550 599
574 576 600
550 576 547
477 484 490
477 490 459
601 602 603
602 601 604
601 603 605
606 602 604
602 606 607
608 607 606
607 608 609
610 609 608
609 610 611
612 611 610
611 612 613
614 613 612
613 614 615
616 615 614
615 616 617
618 617 616
617 618 619
609 620 607
620 609 621
611 621 609
622 607 620
607 622 602
623 602 622
602 623 603
603 623 605
613 624 611
621 611 624
624 613 625
617 626 615
625 615 626
626 617 627
628 627 617
629 617 619
615 625 613
630 631 632
631 630 633
634 630 632
630 634 635
632 636 634
631 636 632
635 637 630
637 633 630
637 635 638
638 639 637
639 640 637
633 637 640
640 639 641
639 638 642
642 643 639
643 641 639
643 642 644
644 645 643
645 646 643
641 643 646
646 645 647
645 644 648
648 649 645
649 648 650
650 651 649
652 649 651
649 652 653
645 653 647
653 645 649
651 650 654
651 655 652
655 651 656
656 651 654
657 648 644
648 657 658
644 659 657
659 644 642
642 660 659
660 642 638
638 661 660
661 638 635
635 662 661
662 635 634
634 636 662
656 654 663
648 658 664
650 648 664
650 664 665
654 650 665
666 654 665
667 668 669
668 670 669
668 671 670
672 670 671
670 672 673
674 671 668
668 675 674
676 673 672
677 668 667
668 677 678
679 668 678
668 679 675
680 681 682
681 683 682
684 683 681
685 684 681
681 686 685
687 683 684
683 687 688
689 688 687
686 681 690
690 681 691
681 692 691
681 680 692
693 694 695
695 696 693
696 695 697
697 698 696
699 696 698
699 698 700
700 698 701
702 695 694
695 703 697
703 695 702
697 703 704
705 704 703
705 706 704
706 707 704
706 707 708
709 706 708
700 710 701
711 710 700
712 713 714
714 713 715
715 713 716
717 713 712
718 713 717
716 713 719
720 719 713
721 720 713
722 721 713
723 722 713
724 723 713
725 724 713
726 727 728
728 729 726
728 727 730
730 731 728
731 732 728
728 732 733
728 733 734
730 735 731
735 732 731
735 730 736
736 737 735
737 738 735
732 735 738
738 737 739
737 736 740
741 737 740
737 741 742
743 737 742
737 743 739
742 744 743
745 743 744
746 738 739
743 746 739
746 743 745
747 746 745
746 747 748
738 746 749
750 746 748
746 750 749
751 749 750
749 751 752
751 753 752
753 751 754
755 753 754
753 755 756
752 753 757
757 749 752
753 758 757
753 759 758
749 757 738
759 753 760
753 761 760
753 756 761
728 762 763
734 762 728
728 763 729
764 765 766
764 766 767
767 768 764
768 769 764
764 769 770
767 771 768
771 769 768
771 767 772
772 773 771
773 772 774
774 775 773
775 774 776
775 777 773
777 771 773
777 775 778
771 777 779
769 771 779
764 770 780
764 780 781
781 782 764
764 782 783
783 765 764
784 785 786
784 787 785
788 787 784
789 787 788
787 789 790
789 791 790
791 789 792
792 793 791
793 792 794
795 793 794
786 796 784
784 796 797
792 798 794
795 794 798
798 792 799
789 799 792
799 789 800
789 801 800
801 789 788
788 802 801
802 803 801
802 804 803
804 802 805
804 806 805
806 804 807
806 808 805
802 809 805
810 796 811
786 796 810
810 812 786
813 814 815
814 813 816
817 815 814
815 817 818
819 820 821
820 819 822
821 823 819
824 825 826
827 825 824
828 829 830
831 830 829
831 832 833
828 833 832
834 835 836
836 835 837
836 837 838
837 839 838
839 837 840
841 836 838
836 841 842
843 839 840
844 834 836
836 845 844
846 845 836
836 842 846
847 848 849
849 848 850
851 849 850
852 849 851
849 852 853
850 854 851
854 850 855
856 854 855
853 857 849
857 858 849
849 858 859
849 859 847
860 861 862
860 863 861
863 860 864
864 860 865
860 866 865
867 863 864
865 867 864
863 867 868
869 868 867
868 869 870
871 870 869
870 871 872
873 871 869
867 873 869
871 873 874
873 867 875
867 865 875
860 876 866
860 877 876
877 860 878
860 879 878
879 860 862
880 881 882
881 880 883
882 884 880
884 882 885
886 887 888
887 886 889
889 886 890
891 892 893
894 891 893
895 896 897
896 895 898
899 898 895
898 899 900
895 901 899
901 895 902
902 903 901
903 902 904
905 904 902
905 902 895
905 895 897
904 905 906
907 896 898
900 907 898
896 907 908
907 900 909
900 910 909
908 907 911
907 909 911
911 912 908
900 913 910
900 899 913
899 914 913
899 901 914
901 915 914
901 903 915
906 916 904
917 904 916
903 904 917
917 916 918
918 916 919
920 919 916
916 906 920
919 920 921
921 922 919
922 921 923
924 919 922
918 919 924
923 925 922
925 923 926
926 927 925
927 926 928
929 922 925
922 929 924
930 925 927
925 930 929
927 931 930
931 927 932
928 932 927
933 931 932
934 933 932
932 928 934
933 934 935
935 936 933
936 935 937
937 938 936
938 937 939
939 940 938
940 939 941
942 940 941
940 942 943
944 943 942
945 943 944
943 946 940
946 938 940
945 946 943
938 946 947
948 938 947
938 948 936
949 948 947
948 949 950
948 951 936
950 951 948
952 946 945
946 953 947
953 946 952
947 953 949
951 950 954
955 951 954
951 955 956
951 956 933
951 933 936
957 956 955
956 957 958
958 959 956
960 959 958
958 961 960
956 959 931
931 933 956
962 958 957
962 961 958
960 961 963
964 959 960
960 963 964
965 964 963
963 966 965
966 963 967
963 968 967
961 968 963
969 967 968
966 967 969
964 965 970
970 971 964
964 971 959
971 972 959
972 971 973
974 973 971
971 970 974
973 974 975
975 976 973
976 975 977
978 972 973
978 973 976
976 979 978
979 976 980
977 980 976
980 981 979
981 980 982
982 917 981
917 982 983
984 980 977
984 982 980
985 982 984
985 983 982
981 917 918
979 981 918
978 979 924
979 918 924
978 924 929
929 972 978
983 903 917
915 983 985
915 903 983
929 930 972
930 959 972
959 930 931
986 987 988
988 989 986
990 988 987
988 990 991
992 991 990
992 993 991
991 994 988
994 991 993
988 994 995
988 995 996
997 988 996
988 997 998
998 999 988
999 989 988
998 997 1000
998 1000 1001
1001 1002 998
998 1002 1003
998 1003 999
1002 1004 1003
1002 1005 1004
1006 1004 1005
1004 1006 1007
1008 1007 1006
1007 1008 1009
1008 1010 1009
1010 1008 1011
1012 1010 1011
1013 1012 1011
1005 1002 1014
1014 1002 1015
1016 1005 1014
1002 1001 1017
1002 1017 1018
1019 1005 1016
1005 1019 1020
1021 1020 1019
1020 1021 1022
1021 1023 1022
1024 1022 1023
1022 1024 1025
1025 1024 1026
1027 1025 1026
1028 1002 1018
1002 1028 1029
1030 1002 1029
1002 1030 1015
1030 1029 1031
1029 1032 1031
1032 1029 1033
1032 1033 1034
1034 1033 1035
1035 1029 1028
1029 1035 1033
965 1036 1037
1036 965 1038
1038 965 966
1036 1039 1037
1040 1039 1036
1039 1040 1041
1042 1041 1040
1043 1042 1040
1042 1043 1044
1043 1045 1044
1045 1043 1046
1047 1045 1046
1048 1047 1049
1049 1050 1048
1050 1049 1051
1051 1052 1050
1052 1051 1053
1047 1048 1054
1053 1055 1052
1055 1053 1056
1055 1056 1057
1058 1047 1054
968 1059 1060
1059 968 961
969 968 1060
961 962 1059
1061 1062 1063
1063 1064 1061
1064 1063 1065
1065 1066 1064
1066 1065 1067
1067 1068 1066
1068 1067 1069
1069 1070 1068
1071 1062 1061
1072 1061 1064
1061 1072 1071
1073 1064 1066
1064 1073 1072
1066 1068 1073
1074 1065 1063
1063 1062 1074
1062 1075 1074
1075 1076 1074
1065 1074 1076
1076 1067 1065
1076 1075 1077
1077 1078 1076
1067 1076 1078
1078 1069 1067
1078 1077 1079
1079 1080 1078
1069 1078 1080
1080 1079 1081
1081 1082 1080
1082 1081 1083
1083 1084 1082
1084 1083 1085
1085 1086 1084
1086 1085 1087
1087 1088 1086
1088 1087 1089
1089 1090 1088
1090 1089 1091
1091 1092 1090
1092 1091 1093
1093 1094 1092
1094 1093 1095
1095 1096 1094
1096 1095 1097
1097 1098 1096
1098 1097 1099
1099 1100 1098
1100 1099 1101
1101 1102 1100
1102 1101 1103
1104 1088 1090
1088 1104 1105
1106 1105 1104
1105 1106 1107
1107 1108 1105
1108 1107 1109
1109 1110 1108
1110 1109 1111
1111 1112 1110
1112 1111 1070
1104 1113 1106
1113 1104 1114
1114 1115 1113
1115 1114 1116
1116 1117 1115
1117 1116 1118
1118 1119 1117
1119 1118 1120
1082 1110 1112
1112 1080 1082
1080 1112 1069
1070 1069 1112
1110 1082 1084
1084 1108 1110
1108 1084 1086
1086 1105 1108
1105 1086 1088
1092 1116 1114
1114 1090 1092
1090 1114 1104
1096 1120 1118
1118 1094 1096
1116 1092 1094
1094 1118 1116
1120 1096 1098
1098 1121 1120
1121 1098 1100
1100 1122 1121
1121 1122 1123
1119 1121 1123
1119 1120 1121
1122 1100 1102
1102 1124 1122
1124 1102 1125
1125 1126 1124
1127 1124 1126
1124 1127 1128
1128 1122 1124
1122 1128 1123
1126 1125 1129
1130 1129 1125
1129 1130 1131
1131 1132 1129
1129 1132 1126
1132 1127 1126
1125 1103 1130
1103 1125 1102
1131 1133 1132
1130 1133 1131
1133 1130 1134
1103 1134 1130
1133 1135 1132
1134 1135 1133
1135 1134 1136
1136 1137 1135
1132 1135 1137
1137 1136 1138
1134 1103 1139
1139 1136 1134
1101 1139 1103
1139 1101 1140
1099 1140 1101
1140 1099 1141
1097 1141 1099
1141 1097 1142
1095 1142 1097
1142 1095 1143
1093 1143 1095
1143 1093 1144
1091 1144 1093
1144 1091 1145
1089 1145 1091
1145 1089 1146
1087 1146 1089
1146 1087 1147
1085 1147 1087
1147 1085 1148
1083 1148 1085
1148 1083 1149
1081 1149 1083
1149 1081 1150
1079 1150 1081
1150 1079 1151
1077 1151 1079
1151 1077 1152
1075 1152 1077
1152 1075 1153
1062 1153 1075
1153 1154 1152
1154 1153 1155
1155 1153 1062
1156 1155 1062
1157 1155 1156
1155 1157 1154
1158 1154 1157
1154 1158 1159
1159 1152 1154
1152 1159 1151
1160 1159 1158
1159 1160 1161
1151 1161 1150
1161 1151 1159
1162 1156 1062
1163 1156 1162
1156 1163 1157
1164 1157 1163
1157 1164 1158
1158 1164 1160
1165 1161 1160
1161 1165 1166
1167 1166 1165
1166 1167 1168
1169 1168 1167
1168 1169 1170
1171 1170 1169
1170 1171 1172
1173 1172 1171
1172 1173 1174
1175 1174 1173
1174 1175 1176
1177 1176 1175
1176 1177 1178
1179 1178 1177
1178 1179 1180
1181 1180 1179
1180 1181 1182
1170 1148 1168
1149 1168 1148
1168 1149 1166
1150 1166 1149
1166 1150 1161
1176 1145 1174
1146 1174 1145
1174 1146 1172
1147 1172 1146
1148 1170 1147
1172 1147 1170
1182 1142 1180
1143 1180 1142
1180 1143 1178
1144 1178 1143
1145 1176 1144
1178 1144 1176
1142 1182 1141
1183 1141 1182
1141 1183 1140
1184 1140 1183
1183 1185 1184
1181 1185 1183
1181 1183 1182
1140 1184 1139
1136 1139 1184
1184 1138 1136
1138 1184 1185
1186 1187 1188
1188 1187 1189
1190 1186 1188
1186 1190 1191
1190 1192 1191
1192 1190 1193
1193 1194 1192
1193 1195 1194
1195 1193 1196
1196 1197 1195
1197 1196 1198
1198 1199 1197
1197 1199 1200
1199 1201 1200
1201 1199 1202
1202 1203 1201
1203 1202 1204
1205 1203 1204
1203 1205 1206
1205 1207 1206
1198 1208 1199
1208 1202 1199
1202 1208 1209
1209 1204 1202
1204 1209 1210
1211 1204 1210
1204 1211 1205
1211 1207 1205
1198 1212 1208
1208 1213 1209
1213 1208 1212
1212 1214 1213
1215 1213 1214
1213 1215 1216
1209 1216 1210
1216 1209 1213
1216 1211 1210
1215 1217 1216
1211 1216 1217
1211 1217 1207
1217 1215 1218
1217 1218 1207
1214 1212 1219
1220 1219 1212
1198 1220 1212
1221 1220 1198
1220 1221 1222
1223 1222 1221
1222 1223 1224
1223 1225 1224
1226 1225 1223
1225 1226 1227
1226 1228 1227
1228 1226 1229
1228 1229 1230
1229 1231 1230
1232 942 941
942 1232 1233
941 1234 1232
1234 941 939
942 1233 944
937 1234 939
1235 896 1236
896 1235 1237
908 1236 896
1236 908 912
1238 1237 1235
1239 1240 1241
1240 1239 1242
1242 1243 1240
1243 1242 1244
1245 1240 1243
1240 1245 1246
1247 1246 1245
1246 1247 1248
1248 1249 1246
1249 1240 1246
1249 1241 1240
1249 1248 1250
1245 1251 1247
1243 1252 1245
1245 1252 1251
1239 1253 1242
1253 1244 1242
1253 1239 1254
1244 1253 1255
1244 1255 1256
1254 1257 1253
1253 1257 1255
1257 1254 1258
1244 1259 1243
1243 1259 1252
1247 1260 1248
1251 1261 1247
1247 1261 1260
1262 1260 1261
1260 1262 1263
1264 1263 1262
1263 1264 1265
1266 1265 1264
1265 1266 1267
1264 1268 1266
1262 1269 1264
1269 1268 1264
1270 1262 1261
1270 1269 1262
1271 1266 1268
1266 1271 1272
1267 1266 1272
1273 1272 1271
1272 1273 1274
1274 1275 1272
1267 1272 1275
1275 1274 1276
1277 1274 1273
1274 1277 1278
1278 1276 1274
1279 1278 1277
1278 1279 1280
1281 1280 1279
1280 1281 1282
1280 1282 1283
1284 1283 1282
1281 1284 1282
1285 1281 1279
1279 1286 1285
1286 1279 1287
1286 1287 1288
1288 1289 1286
1289 1288 1290
1291 1289 1290
1291 1292 1289
1292 1291 1293
1294 1292 1293
1292 1294 1295
1284 1296 1283
1297 1283 1296
1283 1297 1298
1294 1299 1295
1300 1298 1297
1298 1300 1301
1301 1302 1298
1302 1301 1276
1301 1303 1276
1303 1304 1276
1305 1304 1303
1306 1305 1303
1307 1306 1303
1306 1307 1308
1306 1309 1305
1309 1310 1305
1310 1309 1311
1312 1311 1309
1311 1312 1313
1314 1313 1312
1313 1314 1315
1314 1316 1315
1316 1314 1317
1318 1316 1317
1319 1318 1317
1317 1314 1320
1312 1320 1314
1319 1317 1320
1320 1312 1321
1322 1309 1306
1322 1312 1309
1312 1322 1321
1322 1323 1321
1323 1322 1324
1306 1324 1322
1325 1319 1320
1326 1320 1321
1320 1326 1325
1321 1323 1326
1324 1306 1308
1316 1327 1315
1327 1316 1328
1316 1318 1328
1329 1315 1327
1315 1329 1313
1311 1313 1329
1330 1331 1332
1331 1330 1333
1334 1332 1331
1332 1334 1335
1336 1334 1331
1337 1331 1333
1337 1336 1331
1338 1335 1334
1335 1338 1339
1340 1339 1338
1339 1340 1341
1334 1342 1338
1342 1334 1336
1338 1343 1340
1343 1338 1342
1304 1340 1343
1340 1304 1344
1344 1341 1340
1341 1344 1345
1305 1345 1344
1304 1305 1344
1345 1305 1310
1342 1275 1343
1343 1276 1304
1276 1343 1275
1267 1342 1336
1342 1267 1275
1267 1336 1265
1265 1337 1263
1263 1337 1260
1265 1336 1337
1260 1337 1333
1248 1260 1333
1333 1250 1248
1250 1333 1330
1278 1302 1276
1302 1278 1280
1302 1280 1298
1298 1280 1283
1346 1347 1348
1347 1346 1349
1347 1350 1348
1350 1347 1351
1352 1350 1351
1352 1351 1353
1354 1351 1347
1351 1354 1353
1347 1355 1354
1347 1356 1355
1347 1357 1356
1357 1347 1358
1358 1347 1359
1359 1347 1349
1358 1360 1357
1358 1361 1360
1362 1361 1358
1358 1363 1362
1358 1359 1363
1362 1363 1364
1362 1364 1365
1364 1366 1365
1366 1364 1367
1367 1368 1366
1368 1367 1369
1370 1368 1369
1368 1370 1371
1372 1371 1370
1373 1371 1372
1365 1374 1362
1374 1375 1362
1376 1374 1365
1361 1362 1377
1362 1378 1377
1365 1379 1376
1379 1365 1380
1380 1381 1379
1381 1380 1382
1381 1382 1383
1382 1384 1383
1384 1382 1385
1385 1386 1384
1387 1386 1385
1362 1388 1378
1388 1362 1389
1362 1390 1389
1390 1362 1375
1390 1391 1389
1392 1389 1391
1389 1392 1393
1392 1394 1393
1394 1395 1393
1389 1395 1388
1395 1389 1393
1396 1397 1398
1397 1396 1399
1400 1398 1397
1398 1400 1401
1299 1401 1400
1401 1299 1402
1403 1399 1396
1399 1403 1404
1403 1405 1404
1299 1406 1402
1303 1407 1307
1407 1303 1301
1300 1407 1301
1251 1270 1261
1239 1408 1409
1408 1239 1410
1409 1254 1239
1254 1409 1258
1411 1408 1410
1244 1256 1259
1412 1413 1414
1415 1413 1412
1416 1413 1415
1417 1413 1416
1417 1418 1413
1418 1419 1413
1419 1420 1413
1420 1421 1413
1422 1423 1424
1423 1422 1425
1423 1426 1424
1426 1427 1424
1426 1428 1427
1428 1429 1427
1429 1430 1427
1429 1431 1430
1431 1432 1430
1432 1431 1433
1434 1432 1433
1432 1434 1435
1435 1434 1436
1437 1435 1436
1438 1437 1436
1437 1438 1439
1440 1437 1439
1441 1440 1439
1441 1442 1440
1442 1441 1443
1444 1445 1446
1445 1444 1447
1446 1448 1444
1448 1446 1449
1449 1450 1448
1450 1449 1451
1451 1452 1450
1452 1451 1453
1454 1452 1453
1452 1454 1455
1456 1455 1454
1455 1456 1457
1458 1457 1456
1457 1458 1459
1460 1459 1458
1459 1460 1461
1462 1463 1464
1462 1465 1463
1465 1462 1466
1462 1467 1466
1467 1462 1468
1462 1469 1468
1462 1470 1469
1462 1471 1470
1471 1462 1472
1462 1473 1472
1473 1462 1474
1462 1475 1474
1476 1477 1478
1479 1477 1476
1477 1479 1480
1479 1481 1480
1482 1481 1479
1481 1482 1483
1484 1483 1482
1483 1484 1485
1486 1485 1484
1487 1486 1484
1484 1488 1487
1482 1488 1484
1486 1487 1489
1487 1490 1489
1490 1487 1491
1487 1492 1491
1493 1491 1492
1491 1493 1494
1492 1487 1495
1495 1487 1496
1488 1496 1487
1491 1497 1490
1494 1497 1491
1497 1494 1498
1499 1494 1493
1500 1494 1499
1501 1494 1500
1494 1501 1502
1502 1503 1494
1503 1498 1494
1504 1502 1501
1502 1504 1505
1506 1505 1504
1505 1506 1507
1508 1507 1506
1507 1508 1509
1510 1509 1508
1509 1510 1511
1512 1511 1510
1511 1512 1513
1514 1513 1512
1513 1514 1515
1516 1515 1514
1515 1516 1517
1518 1517 1516
1517 1518 1519
1518 1520 1519
1521 1522 1523
1522 1521 1524
1522 1525 1523
1526 1524 1521
1476 1526 1521
1526 1476 1478
1527 1523 1525
1523 1527 1528
1528 1527 1529
1530 1528 1529
1528 1530 1531
1531 1532 1528
1532 1531 1533
1533 1534 1532
1535 1531 1530
1535 1536 1531
1536 1533 1531
1536 1537 1533
1534 1533 1537
1537 1536 1538
1539 1528 1532
1528 1539 1523
1523 1539 1540
1540 1539 1541
1532 1541 1539
1541 1532 1534
1541 1542 1540
1543 1542 1541
1542 1543 1544
1523 1540 1521
1521 1540 1545
1521 1545 1476
1476 1545 1546
1476 1546 1479
1479 1546 1547
1548 1479 1547
1479 1548 1482
1488 1482 1548
1545 1549 1546
1549 1550 1546
1551 1546 1550
1546 1551 1552
1553 1552 1551
1552 1553 1554
1545 1555 1549
1545 1556 1555
1545 1557 1556
1558 1553 1559
1553 1558 1560
1559 1561 1558
1561 1559 1562
1562 1563 1561
1563 1562 1564
1564 1565 1563
1565 1564 1566
1566 1567 1565
1567 1566 1568
1568 1569 1567
1569 1568 1570
1571 1569 1570
1569 1571 1572
1573 1572 1571
1572 1573 1574
1574 1573 1575
1540 1576 1557
1540 1557 1545
1540 1577 1576
1540 1578 1577
1577 1578 1579
1578 1540 1580
1580 1579 1578
1580 1540 1542
1542 1581 1580
1582 1580 1581
1579 1580 1582
1581 1542 1544
1579 1582 1583
1584 1585 1586
1586 1587 1584
1588 1584 1587
1589 1588 1587
1590 1588 1589
1589 1587 1591
1589 1592 1590
1587 1593 1591
1594 1590 1592
1594 1595 1590
1590 1595 1588
1589 1596 1592
1596 1589 1597
1589 1591 1597
1592 1598 1594
1598 1599 1594
1599 1598 1600
1599 1600 1601
1602 1594 1599
1599 1603 1602
1604 1602 1603
1603 1605 1604
1605 1603 1606
1607 1604 1605
1604 1607 1608
1602 1604 1609
1604 1610 1609
1604 1608 1610
1611 1606 1603
1603 1599 1611
1611 1599 1601
1606 1611 1612
1601 1612 1611
1612 1601 1613
1609 1614 1602
1614 1609 1615
1609 1616 1615
1609 1610 1616
1615 1595 1614
1595 1615 1617
1618 1595 1617
1617 1619 1618
1615 1620 1617
1617 1620 1619
1615 1616 1620
1612 1621 1606
1622 1606 1621
1606 1622 1605
1623 1605 1622
1605 1623 1607
1624 1607 1623
1625 1607 1624
1626 1622 1621
1626 1621 1627
1621 1612 1627
1612 1628 1627
1628 1612 1613
1613 1629 1628
1629 1613 1630
1601 1630 1613
1630 1601 1631
1631 1632 1630
1632 1631 1633
1631 1634 1633
1631 1635 1634
1600 1635 1631
1601 1600 1631
1634 1635 1636
1636 1635 1637
1637 1635 1638
1635 1598 1638
1635 1600 1598
1630 1639 1629
1639 1630 1632
1640 1629 1639
1629 1640 1641
1642 1641 1640
1641 1642 1643
1644 1643 1642
1645 1643 1644
1645 1646 1643
1645 1647 1646
1626 1646 1647
1646 1626 1648
1643 1648 1641
1646 1648 1643
1649 1647 1645
1649 1650 1647
1651 1647 1650
1626 1647 1651
1651 1650 1652
1651 1652 1653
1653 1623 1651
1651 1623 1622
1626 1651 1622
1652 1654 1653
1654 1624 1653
1624 1623 1653
1624 1654 1655
1656 1624 1655
1656 1625 1624
1657 1625 1656
1657 1658 1625
1658 1608 1625
1659 1658 1657
1659 1660 1658
1660 1610 1658
1658 1610 1608
1661 1660 1659
1661 1662 1660
1662 1661 1663
1662 1616 1660
1660 1616 1610
1664 1662 1663
1620 1662 1664
1662 1620 1616
1664 1663 1665
1666 1664 1665
1666 1619 1664
1619 1620 1664
1666 1665 1667
1668 1666 1667
1668 1669 1666
1666 1669 1619
1668 1667 1670
1671 1668 1670
1672 1671 1670
1585 1668 1671
1668 1585 1669
1673 1585 1671
1674 1673 1671
1672 1674 1671
1585 1673 1586
1673 1675 1586
1676 1675 1673
1674 1676 1673
1677 1586 1675
1677 1675 1678
1678 1679 1677
1678 1675 1680
1676 1680 1675
1586 1677 1587
1584 1669 1585
1618 1669 1584
1588 1618 1584
1681 1676 1674
1682 1681 1674
1681 1683 1676
1680 1676 1683
1680 1683 1684
1684 1685 1680
1685 1684 1686
1687 1686 1684
1686 1687 1688
1689 1688 1687
1688 1689 1690
1691 1690 1689
1690 1691 1692
1689 1693 1691
1693 1689 1694
1689 1687 1694
1684 1695 1687
1684 1683 1695
1687 1695 1694
1696 1683 1681
1696 1695 1683
1697 1695 1696
1697 1694 1695
1696 1698 1697
1698 1696 1699
1681 1699 1696
1699 1681 1682
1694 1697 1700
1693 1694 1700
1701 1697 1698
1697 1701 1700
1702 1700 1701
1700 1702 1703
1703 1693 1700
1704 1703 1702
1703 1704 1705
1706 1705 1704
1693 1703 1707
1708 1703 1705
1703 1708 1707
1709 1708 1705
1709 1705 1706
1706 1710 1709
1710 1706 1711
1711 1712 1710
1712 1711 1713
1713 1714 1712
1714 1713 1715
1715 1716 1714
1716 1715 1717
1717 1718 1716
1718 1717 1719
1719 1720 1718
1720 1719 1721
1722 1709 1710
1709 1722 1723
1723 1708 1709
1724 1708 1723
1708 1724 1725
1725 1726 1708
1723 1727 1724
1727 1723 1722
1722 1728 1727
1728 1722 1729
1729 1730 1728
1730 1729 1731
1731 1732 1730
1732 1731 1733
1733 1734 1732
1734 1733 1735
1735 1736 1734
1736 1735 1737
1712 1731 1729
1729 1710 1712
1710 1729 1722
1731 1712 1714
1714 1733 1731
1733 1714 1716
1716 1735 1733
1735 1716 1718
1718 1737 1735
1737 1718 1720
1737 1738 1736
1738 1737 1739
1720 1739 1737
1739 1740 1738
1740 1739 1741
1742 1741 1739
1739 1720 1742
1741 1742 1743
1744 1743 1742
1743 1744 1745
1746 1743 1745
1746 1741 1743
1746 1740 1741
1721 1742 1720
1742 1721 1744
1685 1747 1748
1748 1680 1685
1678 1747 1749
1750 1751 1752
1753 1751 1750
1750 1752 1754
1754 1755 1750
1756 1750 1755
1755 1757 1756
1757 1755 1758
1759 1757 1758
1757 1759 1760
1750 1756 1761
1750 1761 1762
1753 1750 1762
1758 1763 1759
1763 1758 1764
1758 1765 1764
1765 1758 1755
1766 1759 1763
1759 1766 1767
1767 1760 1759
1768 1767 1766
1767 1768 1769
1770 1769 1768
1769 1770 1771
1772 1771 1770
1771 1772 1773
1773 1774 1771
1774 1773 1775
1776 1771 1774
1771 1776 1769
1777 1769 1776
1769 1777 1767
1778 1773 1772
1773 1778 1779
1773 1780 1775
1780 1773 1779
1779 1781 1780
1781 1779 1782
1782 1783 1781
1783 1782 1784
1785 1784 1782
1784 1785 1786
1783 1784 1787
1787 1784 1786
1788 1782 1779
1782 1788 1785
1760 1767 1777
1594 1602 1614
1594 1614 1595
1618 1588 1595
1618 1619 1669
1753 1789 1790
1751 1753 1790
1789 1753 1791
1753 1792 1791
1789 1791 1793
1789 1793 1794
1753 1762 1792
1638 1789 1794
1638 1592 1789
1795 1789 1592
1638 1598 1592
1596 1795 1592
1796 1638 1794
1637 1638 1796
1726 1691 1797
1691 1726 1692
1708 1726 1797
1708 1797 1707
1691 1707 1797
1707 1691 1693
1648 1627 1628
1628 1641 1648
1641 1628 1629
1648 1626 1627
1798 1799 1800
1799 1798 1801
1801 1798 1802
1803 1800 1799
1800 1803 1804
1803 1805 1804
1805 1803 1806
1806 1807 1805
1807 1806 1808
1808 1809 1807
1809 1808 1810
1810 1811 1809
1811 1810 1812
1812 1813 1811
1813 1812 1814
1814 1815 1813
1815 1814 1816
1816 1817 1815
1817 1816 1818
1818 1819 1817
1819 1818 1820
1820 1821 1819
1821 1820 1822
1822 1823 1821
1823 1822 1824
1824 1825 1823
1825 1824 1826
1827 1825 1826
1825 1827 1828
1829 1828 1827
1828 1829 1830
1831 1830 1829
1830 1831 1832
1833 1832 1831
1834 1835 1836
1835 1834 1837
1838 1834 1836
1834 1838 1839
1840 1839 1838
1839 1840 1841
1842 1841 1840
1841 1842 1843
1844 1843 1842
1843 1844 1845
1846 1845 1844
1845 1846 1847
1848 1847 1846
1847 1848 1849
1850 1849 1848
1849 1850 1851
1852 1851 1850
1851 1852 1853
1854 1853 1852
1853 1854 1855
1856 1855 1854
1855 1856 1857
1858 1857 1856
1857 1858 1859
1860 1859 1858
1859 1860 1861
1862 1861 1860
1861 1862 1863
1864 1863 1862
1863 1864 1865
1866 1865 1864
1865 1866 1867
1866 1868 1867
1868 1866 1869
1869 1870 1868
1870 1869 1871
1871 1872 1870
1872 1871 1873
1873 1874 1872
1874 1873 1875
1874 1875 1876
1877 1878 1879
1878 1877 1880
1880 1881 1878
1881 1880 1882
1879 1883 1877
1883 1879 1884
1884 1837 1883
1837 1884 1835
1885 1881 1882
1881 1885 1886
1887 1886 1885
1886 1887 1888
1887 1889 1888
1889 1887 1890
1891 1889 1890
1892 1893 1894
1893 1892 1895
1896 1894 1893
1894 1896 1897
1898 1897 1896
1897 1898 1899
1900 1899 1898
1899 1900 1901
1902 1895 1892
1895 1902 1903
1904 1903 1902
1903 1904 1905
1906 1907 1904
1908 1909 1910
1909 1908 1911
1912 1908 1910
1908 1912 1913
1914 1913 1912
1913 1914 1915
1911 1916 1909
1916 1911 1917
1918 1915 1914
1915 1918 1919
1920 1919 1918
1919 1920 1921
1922 1921 1920
1921 1922 1923
1922 1924 1923
1924 1922 1925
1925 1926 1924
1926 1925 1927
1927 1928 1926
1928 1927 1929
1929 1930 1928
1930 1929 1931
1932 1930 1931
1930 1932 1933
1934 1933 1932
1933 1934 1935
1936 1935 1934
1935 1936 1937
1937 1936 1938
1938 1936 1939
1940 1938 1939
1938 1940 1941
1940 1942 1941
1942 1940 1943
1944 1942 1943
1942 1945 1941
1945 1942 1946
1946 1942 1947
1947 1942 1944
1944 1948 1947
1948 1944 1949
1949 1950 1948
1950 1949 1951
1951 1952 1950
1952 1951 1953
1953 1954 1952
1954 1953 1955
1954 1955 1956
1957 1941 1945
1941 1957 1938
1937 1938 1957
1958 1959 1960
1959 1958 1961
1962 1961 1958
1961 1962 1963
1959 1964 1960
1965 1966 1967
1966 1965 1968
1968 1969 1966
1969 1968 1970
1971 1965 1967
1765 1755 1972
1755 1754 1972
1593 1677 1679
1677 1593 1587
1682 1674 1672
1973 1541 1534
1541 1973 1543
1537 1973 1534
1973 1537 1974
1538 1974 1537
1975 1976 1977
1977 1978 1975
1978 1977 1979
1978 1979 1980
1980 1981 1978
1981 1980 1982
1982 1983 1981
1983 1982 1984
1985 1983 1984
1985 1986 1983
1983 1986 1987
1987 1981 1983
1986 1985 1988
1989 1986 1988
1986 1989 1990
1991 1986 1990
1990 1992 1991
1992 1990 1993
1986 1991 1994
1994 1995 1986
1987 1986 1995
1990 1989 1996
1996 1993 1990
1993 1996 1997
1998 1992 1993
1999 1998 1993
1993 2000 1999
2000 1993 2001
2001 1993 2002
2002 1993 1997
2001 2003 2000
2003 2001 2004
2004 2005 2003
2005 2004 2006
2006 2007 2005
2007 2006 2008
2008 2009 2007
2009 2008 2010
2010 2011 2009
2011 2010 2012
2012 2013 2011
2013 2012 2014
2014 2015 2013
2015 2014 2016
2016 2017 2015
2017 2016 2018
2017 2018 2019
2020 2021 2022
2021 2020 2023
2020 2022 2024
2025 2021 2023
2025 1975 2021
1975 2025 1976
2022 2026 2024
2026 2022 2027
2027 2028 2026
2027 2029 2028
2029 2027 2030
2031 2030 2027
2030 2031 2032
2033 2032 2031
2032 2033 2034
2035 2029 2030
2035 2030 2036
2036 2030 2032
2034 2036 2032
2036 2034 2037
2027 2038 2031
2038 2027 2022
2022 2039 2038
2039 2040 2038
2031 2040 2033
2040 2031 2038
2040 2039 2041
2041 2042 2040
2042 2041 2043
2022 2021 2039
2021 2044 2039
2021 1975 2044
1975 2045 2044
1975 1978 2045
1978 2046 2045
1978 2047 2046
2047 1978 1981
1981 1987 2047
2044 2045 2048
2048 2045 2049
2045 2050 2049
2050 2045 2051
2051 2052 2050
2052 2051 2053
2044 2048 2054
2044 2054 2055
2044 2055 2056
2057 2052 2058
2052 2057 2059
2060 2059 2057
2059 2060 2061
2062 2061 2060
2061 2062 2063
2064 2063 2062
2063 2064 2065
2066 2065 2064
2065 2066 2067
2068 2067 2066
2067 2068 2069
2068 2070 2069
2070 2068 2071
2071 2072 2070
2072 2071 2073
2073 2074 2072
2039 2056 2075
2039 2044 2056
2039 2075 2076
2039 2076 2077
2076 2078 2077
2078 2079 2077
2077 2079 2039
2079 2041 2039
2080 2041 2079
2081 2080 2079
2079 2078 2081
2041 2080 2043
2081 2078 2082
2083 2084 2085
2084 2083 2086
2087 2086 2083
2088 2086 2087
2089 2088 2087
2088 2090 2086
2088 2089 2091
2086 2090 2092
2093 2091 2089
2093 2089 2094
2089 2087 2094
2088 2091 2095
2095 2096 2088
2088 2096 2090
2091 2093 2097
2098 2097 2093
2097 2098 2099
2098 2100 2099
2093 2101 2098
2102 2098 2101
2101 2103 2102
2104 2102 2103
2102 2104 2105
2103 2106 2104
2106 2103 2107
2103 2108 2107
2103 2101 2109
2103 2109 2108
2110 2107 2108
2111 2106 2107
2110 2111 2107
2112 2111 2110
2105 2113 2102
2098 2102 2113
2113 2100 2098
2113 2105 2114
2114 2100 2113
2100 2114 2115
2116 2110 2108
2117 2110 2116
2117 2112 2110
2118 2105 2104
2105 2118 2119
2119 2114 2105
2120 2104 2106
2104 2120 2118
2121 2120 2106
2111 2121 2106
2114 2119 2122
2114 2123 2115
2123 2114 2122
2124 2115 2123
2115 2124 2125
2125 2100 2115
2100 2125 2126
2127 2126 2125
2126 2127 2128
2126 2128 2129
2126 2129 2130
2099 2126 2130
2100 2126 2099
2129 2131 2130
2131 2132 2130
2132 2133 2130
2130 2133 2097
2130 2097 2099
2125 2134 2127
2134 2125 2124
2124 2135 2134
2135 2124 2136
2136 2137 2135
2137 2136 2138
2139 2137 2138
2140 2139 2138
2140 2138 2141
2140 2141 2142
2143 2142 2141
2141 2144 2143
2138 2136 2144
2141 2138 2144
2145 2140 2142
2145 2142 2146
2147 2146 2142
2143 2147 2142
2147 2148 2146
2147 2149 2148
2149 2147 2120
2147 2118 2120
2143 2118 2147
2143 2119 2118
2143 2122 2119
2144 2122 2143
2144 2123 2122
2148 2149 2150
2121 2150 2149
2121 2149 2120
2150 2121 2151
2152 2151 2121
2152 2121 2111
2112 2152 2111
2123 2136 2124
2136 2123 2144
2153 2084 2154
2155 2153 2154
2156 2154 2084
2156 2157 2154
2157 2156 2158
2157 2159 2154
2155 2154 2159
2157 2160 2159
2160 2157 2161
2162 2159 2160
2159 2162 2163
2159 2163 2164
2159 2164 2155
2165 2163 2162
2163 2165 2166
2165 2167 2166
2167 2165 2168
2168 2169 2167
2169 2168 2170
2169 2171 2167
2167 2171 2166
2171 2169 2172
2163 2166 2173
2163 2173 2164
2166 2171 2173
2174 2169 2170
2169 2174 2175
2175 2172 2169
2176 2175 2174
2177 2176 2174
2178 2176 2177
2176 2178 2179
2180 2179 2178
2179 2180 2181
2182 2181 2180
2181 2182 2183
2184 2183 2182
2183 2184 2185
2186 2185 2184
2185 2186 2187
2188 2187 2186
2187 2188 2189
2188 2190 2189
2190 2188 2191
2181 2192 2179
2192 2181 2193
2183 2193 2181
2193 2194 2192
2194 2193 2195
2196 2195 2193
2193 2183 2196
2185 2196 2183
2195 2196 2197
2198 2197 2196
2196 2185 2198
2187 2198 2185
2197 2198 2199
2200 2199 2198
2198 2187 2200
2189 2200 2187
2199 2200 2201
2202 2201 2200
2200 2189 2202
2190 2202 2189
2201 2202 2203
2204 2203 2202
2202 2190 2204
2203 2204 2205
2192 2194 2206
2194 2207 2206
2207 2208 2206
2208 2207 2209
2209 2210 2208
2210 2209 2211
2211 2212 2210
2171 2210 2212
2212 2211 2213
2213 2214 2212
2214 2213 2215
2212 2214 2173
2212 2173 2171
2215 2216 2214
2214 2216 2164
2214 2164 2173
2216 2155 2164
2216 2215 2217
2217 2218 2216
2216 2218 2155
2172 2208 2210
2172 2210 2171
2208 2172 2219
2172 2175 2219
2176 2219 2175
2176 2208 2219
2208 2176 2206
2192 2206 2176
2179 2192 2176
2218 2153 2155
2218 2220 2153
2153 2220 2085
2085 2084 2153
2085 2220 2221
2220 2222 2221
2223 2222 2220
2223 2220 2218
2217 2223 2218
2221 2222 2224
2221 2224 2225
2221 2225 2226
2221 2226 2085
2083 2085 2226
2227 2083 2226
2087 2083 2227
2225 2224 2228
2225 2228 2229
2225 2229 2230
2227 2226 2230
2225 2230 2226
2231 2227 2230
2227 2231 2094
2227 2094 2087
2232 2094 2231
2232 2231 2233
2231 2230 2233
2230 2229 2233
2233 2229 2234
2094 2232 2235
2109 2235 2232
2235 2109 2101
2109 2232 2236
2234 2236 2233
2232 2233 2236
2234 2116 2236
2237 2116 2234
2234 2238 2237
2229 2228 2238
2229 2238 2234
2101 2093 2235
2093 2094 2235
2237 2117 2116
2109 2236 2108
2116 2108 2236
2239 2240 2241
2242 2239 2241
2239 2243 2240
2241 2244 2242
2242 2244 2245
2245 2246 2242
2242 2246 2247
2245 2248 2246
2245 2249 2248
2242 2247 2250
2242 2250 2239
2239 2250 2251
2252 2239 2251
2239 2252 2253
2253 2243 2239
2243 2253 2254
2255 2253 2252
2253 2255 2256
2255 2257 2256
2257 2255 2258
2259 2256 2257
2256 2259 2260
2261 2256 2260
2256 2261 2253
2261 2254 2253
2257 2262 2259
2262 2257 2263
2258 2263 2257
2263 2264 2262
2264 2263 2265
2265 2266 2264
2266 2265 2267
2267 2268 2266
2268 2267 2269
2270 2269 2267
2269 2270 2271
2267 2272 2270
2272 2267 2265
2265 2273 2272
2273 2265 2263
2263 2258 2273
2269 2274 2268
2274 2269 2275
2269 2276 2275
2276 2269 2271
2277 2275 2276
2275 2277 2278
2279 2278 2277
2278 2279 2280
2280 2281 2278
2281 2280 2282
2279 2283 2280
2283 2282 2280
2284 2278 2281
2278 2284 2275
2133 2245 2091
2285 2091 2245
2133 2091 2097
2095 2091 2285
2133 2249 2245
2286 2249 2133
2132 2286 2133
2287 2288 2289
2288 2287 2290
2289 2291 2287
2290 2292 2288
2292 2290 2293
2293 2294 2292
2294 2293 2295
2296 2294 2295
2294 2296 2297
2298 2297 2296
2297 2298 2299
2300 2299 2298
2299 2300 2301
2302 2301 2300
2301 2302 2303
2304 2303 2302
2303 2304 2305
2306 2305 2304
2305 2306 2307
2308 2307 2306
2307 2308 2309
2310 2309 2308
2309 2310 2311
2312 2311 2310
2311 2312 2313
2314 2313 2312
2313 2314 2315
2314 2316 2315
2316 2314 2317
2317 2318 2316
2318 2317 2319
2319 2320 2318
2320 2319 2321
2322 2320 2321
2323 2324 2325
2324 2323 2326
2324 2327 2325
2327 2324 2328
2328 2329 2327
2329 2328 2330
2330 2331 2329
2331 2330 2332
2332 2333 2331
2333 2332 2334
2334 2335 2333
2335 2334 2336
2336 2337 2335
2337 2336 2338
2338 2339 2337
2339 2338 2340
2340 2341 2339
2341 2340 2342
2342 2343 2341
2343 2342 2344
2344 2345 2343
2345 2344 2346
2346 2347 2345
2347 2346 2348
2348 2349 2347
2349 2348 2350
2350 2351 2349
2351 2350 2352
2352 2353 2351
2353 2352 2354
2355 2353 2354
2353 2355 2356
2357 2356 2355
2356 2357 2358
2359 2358 2357
2358 2359 2360
2361 2360 2359
2360 2361 2362
2363 2362 2361
2362 2363 2364
2363 2365 2364
2366 2367 2368
2367 2366 2369
2370 2369 2366
2369 2370 2371
2372 2368 2367
2368 2372 2373
2326 2373 2372
2373 2326 2323
2370 2374 2371
2374 2370 2375
2375 2376 2374
2376 2375 2377
2378 2376 2377
2376 2378 2379
2380 2379 2378
2381 2382 2383
2382 2381 2384
2383 2385 2381
2385 2383 2386
2386 2387 2385
2387 2386 2388
2388 2389 2387
2389 2388 2390
2384 2391 2382
2391 2384 2392
2392 2393 2391
2393 2392 2394
2395 2393 2396
2397 2398 2399
2398 2397 2400
2398 2401 2399
2401 2398 2402
2402 2403 2401
2403 2402 2404
2405 2400 2397
2400 2405 2406
2404 2407 2403
2407 2404 2408
2408 2409 2407
2409 2408 2410
2410 2411 2409
2411 2410 2412
2413 2411 2412
2411 2413 2414
2415 2414 2413
2414 2415 2416
2417 2416 2415
2416 2417 2418
2419 2418 2417
2418 2419 2420
2419 2421 2420
2421 2419 2422
2422 2423 2421
2423 2422 2424
2424 2425 2423
2425 2424 2426
2426 2427 2425
2426 2428 2427
2428 2429 2427
2429 2428 2430
2430 2431 2429
2431 2430 2432
2431 2433 2429
2433 2427 2429
2433 2431 2434
2427 2433 2435
2425 2427 2435
2432 2436 2437
2437 2438 2434
2437 2436 2438
2439 2438 2436
2438 2439 2440
2441 2440 2439
2440 2441 2442
2443 2442 2441
2442 2443 2444
2445 2444 2443
2444 2445 2446
2445 2447 2446
2448 2449 2450
2449 2448 2451
2450 2452 2448
2452 2450 2453
2449 2451 2454
2455 2456 2457
2456 2455 2458
2459 2458 2455
2458 2459 2460
2461 2457 2456
2157 2462 2161
2463 2464 2465
2464 2463 2466
2465 2467 2463
2467 2465 2468
2469 2467 2468
2467 2469 2470
2471 2466 2463
2471 2463 2467
2471 2467 2470
2468 2191 2469
2191 2468 2190
2205 2465 2464
2465 2205 2204
2468 2204 2190
2204 2468 2465
2084 2086 2156
2092 2156 2086
2156 2092 2158
2040 2472 2033
2472 2040 2042
2472 2034 2033
2034 2472 2473
2037 2034 2473
2474 2475 2476
2475 2474 2477
2475 2478 2476
2474 2479 2477
2479 2474 2480
2480 2481 2479
2481 2480 2482
2482 2483 2481
2483 2482 2484
2484 2485 2483
2485 2484 2486
2486 2487 2485
2487 2486 2488
2488 2489 2487
2489 2488 2490
2490 2491 2489
2491 2490 2492
2493 2482 2480
2482 2493 2494
2494 2484 2482
2480 2495 2493
2495 2480 2474
2474 2496 2495
2496 2474 2476
2476 2478 2496
2497 2486 2484
2484 2494 2497
2486 2497 2498
2499 2490 2488
2488 2498 2499
2490 2499 2500
2501 2490 2500
2502 2492 2490
2498 2488 2486
2503 2504 2505
2504 2503 2506
2504 2507 2505
2507 2504 2508
2505 2507 2509
2503 2505 2509
2510 2508 2504
2506 2510 2504
2508 2510 2511
2512 2511 2510
2513 2512 2510
2510 2506 2513
2512 2513 2514
2511 2512 2515
2516 2515 2512
2514 2516 2512
2515 2516 2517
2518 2517 2516
2519 2518 2516
2516 2514 2519
2518 2519 2520
2517 2518 2521
2522 2521 2518
2521 2522 2523
2524 2523 2522
2522 2525 2524
2525 2522 2526
2518 2526 2522
2526 2518 2520
2523 2524 2527
2528 2524 2525
2524 2528 2529
2529 2527 2524
2521 2530 2517
2530 2521 2531
2532 2517 2530
2517 2532 2515
2533 2515 2532
2515 2533 2511
2534 2511 2533
2511 2534 2508
2535 2508 2534
2508 2535 2507
2507 2535 2509
2529 2536 2527
2527 2537 2523
2537 2538 2523
2523 2538 2521
2538 2531 2521
2539 2537 2527
2540 2541 2542
2541 2540 2543
2542 2544 2540
2544 2542 2545
2546 2542 2541
2542 2546 2547
2545 2542 2547
2546 2548 2547
2549 2544 2545
2549 2545 2550
2550 2545 2547
2543 2551 2541
2551 2543 2552
2552 2553 2551
2553 2552 2554
2555 2553 2554
2541 2556 2546
2556 2541 2551
2553 2556 2551
2553 2557 2556
2557 2558 2556
2546 2558 2548
2558 2546 2556
2553 2559 2557
2559 2553 2560
2555 2560 2553
2555 2561 2560
2561 2555 2562
2563 2561 2562
2561 2563 2564
2564 2565 2561
2560 2565 2559
2565 2560 2561
2565 2564 2566
2567 2557 2559
2557 2567 2568
2557 2568 2558
2569 2558 2568
2558 2569 2570
2566 2571 2565
2559 2571 2567
2571 2559 2565
2571 2566 2572
2568 2573 2569
2573 2568 2567
2571 2573 2567
2572 2574 2571
2573 2571 2574
2574 2572 2575
2576 2564 2563
2564 2576 2577
2577 2566 2564
2578 2577 2576
2577 2578 2579
2580 2579 2578
2579 2580 2581
2582 2581 2580
2581 2582 2583
2579 2584 2577
2584 2579 2585
2581 2585 2579
2566 2577 2584
2584 2572 2566
2583 2586 2581
2585 2581 2586
2586 2583 2587
2585 2588 2584
2588 2585 2589
2586 2589 2585
2572 2584 2588
2587 2590 2586
2589 2586 2590
2590 2587 2591
2589 2592 2588
2590 2592 2589
2591 2593 2590
2592 2590 2593
2593 2591 2594
2592 2595 2588
2595 2592 2596
2593 2596 2592
2575 2588 2595
2588 2575 2572
2594 2597 2593
2596 2593 2597
2597 2594 2598
2599 2591 2587
2587 2600 2599
2601 2599 2600
2600 2602 2601
2602 2600 2603
2583 2603 2600
2603 2583 2582
2604 2601 2602
2601 2604 2605
2599 2601 2606
2605 2606 2601
2600 2587 2583
2606 2605 2607
2606 2608 2599
2608 2606 2609
2607 2609 2606
2591 2599 2608
2609 2607 2610
2608 2611 2591
2612 2611 2608
2609 2612 2608
2610 2613 2609
2613 2612 2609
2614 2611 2612
2598 2611 2614
2611 2598 2594
2611 2594 2591
2605 2604 2615
2616 2607 2605
2605 2615 2616
2607 2616 2617
2617 2610 2607
2618 2617 2616
2618 2616 2615
2615 2619 2618
2617 2618 2620
2620 2621 2617
2610 2617 2621
2621 2613 2610
2621 2620 2622
2622 2623 2621
2613 2621 2623
2623 2622 2624
2624 2625 2623
2625 2624 2626
2623 2627 2613
2627 2623 2625
2613 2627 2628
2629 2618 2619
2618 2629 2630
2630 2620 2618
2631 2630 2629
2630 2631 2632
2633 2630 2632
2620 2630 2633
2633 2622 2620
2622 2633 2634
2634 2624 2622
2624 2634 2635
2635 2626 2624
2634 2636 2635
2636 2634 2637
2638 2637 2634
2632 2638 2633
2638 2634 2633
2639 2635 2636
2635 2639 2640
2626 2635 2640
2631 2641 2632
2641 2631 2642
2642 2643 2641
2641 2643 2644
2644 2632 2641
2632 2644 2638
2644 2643 2645
2645 2638 2644
2638 2645 2637
2645 2643 2646
2646 2637 2645
2637 2646 2636
2646 2643 2647
2647 2636 2646
2636 2647 2639
2639 2648 2640
2648 2639 2649
2647 2649 2639
2649 2650 2648
2650 2649 2651
2652 2650 2651
2650 2653 2648
2653 2650 2654
2654 2655 2653
2655 2654 2656
2657 2656 2654
2656 2657 2658
2659 2658 2657
2658 2659 2660
2660 2661 2658
2661 2660 2662
2662 2663 2661
2663 2662 2664
2604 2664 2662
2664 2604 2602
2602 2665 2664
2665 2602 2603
2603 2666 2665
2666 2603 2582
2582 2667 2666
2667 2582 2580
2580 2668 2667
2668 2580 2578
2578 2669 2668
2669 2578 2576
2576 2670 2669
2670 2576 2563
2563 2671 2670
2671 2563 2562
2555 2671 2562
2671 2555 2672
2673 2670 2671
2672 2673 2671
2670 2673 2674
2674 2669 2670
2673 2672 2675
2676 2675 2672
2555 2676 2672
2555 2554 2676
2552 2676 2554
2676 2552 2677
2675 2676 2678
2676 2679 2678
2676 2677 2679
2678 2679 2680
2678 2681 2675
2681 2678 2682
2678 2680 2682
2683 2674 2673
2683 2675 2681
2675 2683 2673
2674 2683 2684
2682 2573 2681
2573 2683 2681
2573 2682 2569
2680 2569 2682
2574 2684 2683
2683 2573 2574
2684 2574 2575
2575 2685 2684
2686 2684 2685
2685 2687 2686
2668 2686 2687
2686 2668 2669
2669 2674 2686
2684 2686 2674
2687 2667 2668
2667 2687 2688
2688 2666 2667
2666 2688 2689
2687 2685 2690
2690 2688 2687
2691 2689 2688
2688 2690 2691
2689 2691 2692
2690 2685 2693
2693 2691 2690
2694 2692 2691
2691 2693 2694
2692 2694 2695
2595 2693 2685
2693 2595 2596
2596 2694 2693
2685 2575 2595
2597 2695 2694
2694 2596 2597
2695 2597 2598
2689 2665 2666
2665 2689 2696
2692 2696 2689
2696 2664 2665
2664 2696 2663
2697 2663 2696
2696 2692 2697
2663 2697 2698
2698 2661 2663
2661 2698 2699
2699 2698 2700
2598 2701 2695
2702 2697 2701
2698 2697 2702
2700 2698 2702
2697 2692 2701
2701 2692 2695
2614 2702 2701
2701 2598 2614
2699 2658 2661
2658 2699 2656
2700 2656 2699
2656 2700 2655
2627 2655 2700
2700 2628 2627
2702 2614 2628
2628 2700 2702
2612 2628 2614
2628 2612 2613
2655 2627 2625
2625 2653 2655
2653 2625 2626
2626 2648 2653
2648 2626 2640
2703 2558 2570
2703 2570 2704
2704 2570 2705
2705 2570 2680
2569 2680 2570
2706 2703 2704
2704 2707 2706
2708 2707 2704
2708 2704 2705
2709 2680 2679
2679 2710 2709
2711 2709 2710
2710 2540 2711
2540 2710 2543
2544 2711 2540
2711 2544 2712
2709 2711 2713
2713 2711 2712
2714 2713 2712
2709 2713 2715
2680 2709 2715
2549 2712 2544
2549 2714 2712
2677 2543 2710
2710 2679 2677
2543 2677 2552
2716 2717 2718
2717 2719 2718
2720 2719 2717
2721 2720 2717
2720 2721 2722
2721 2723 2722
2717 2724 2721
2725 2721 2724
2724 2717 2726
2717 2716 2726
2727 2723 2721
2723 2727 2728
2727 2729 2728
2721 2730 2727
2730 2721 2725
2731 2727 2730
2732 2729 2727
2729 2732 2733
2732 2734 2733
2727 2735 2732
2735 2727 2731
2736 2732 2735
2737 2734 2732
2734 2737 2738
2737 2739 2738
2732 2740 2737
2740 2732 2736
2741 2737 2740
2742 2739 2737
2739 2742 2743
2742 2744 2743
2737 2745 2742
2745 2737 2741
2746 2742 2745
2742 2747 2744
2747 2742 2748
2746 2748 2742
2748 2746 2749
2750 2748 2749
2750 2751 2748
2751 2750 2752
2753 2748 2751
2748 2753 2747
2754 2755 2756
2756 2755 2757
2756 2757 2758
2758 2759 2756
2759 2758 2760
2759 2760 2761
2762 2756 2759
2763 2762 2759
2756 2762 2764
2764 2754 2756
2761 2765 2759
2765 2761 2766
2765 2766 2767
2759 2768 2763
2768 2759 2765
2769 2768 2765
2767 2770 2765
2770 2767 2771
2770 2771 2772
2765 2773 2769
2773 2765 2770
2774 2773 2770
2772 2775 2770
2775 2774 2770
2775 2772 2776
2774 2775 2777
2775 2778 2777
2778 2775 2779
2779 2780 2778
2780 2779 2781
2781 2782 2780
2782 2781 2783
2784 2785 2782
2785 2784 2786
2787 2785 2786
2785 2787 2788
2789 2788 2787
2788 2789 2790
2791 2792 2793
2794 2791 2793
2791 2794 2795
2796 2795 2794
2795 2796 2797
2798 2797 2796
2797 2798 2799
2800 2799 2798
2799 2800 2801
2802 2801 2800
2801 2802 2803
2804 2803 2802
2803 2804 2805
2806 2805 2804
2805 2806 2807
2808 2807 2806
2807 2808 2809
2810 2809 2808
2809 2810 2811
2812 2811 2810
2811 2812 2813
2814 2813 2812
2813 2814 2815
2814 2816 2815
2816 2814 2817
2817 2818 2816
2818 2817 2819
2820 2818 2819
2821 2822 2823
2821 2824 2822
2824 2821 2825
2825 2826 2824
2826 2825 2827
2827 2828 2826
2828 2827 2829
2829 2830 2828
2830 2829 2831
2831 2832 2830
2832 2831 2833
2833 2834 2832
2834 2833 2835
2835 2836 2834
2836 2835 2837
2837 2838 2836
2838 2837 2839
2840 2841 2842
2842 2843 2840
2843 2842 2844
2845 2843 2844
2846 2844 2842
2846 2842 2847
2844 2846 2848
2844 2848 2849
2844 2850 2845
2850 2844 2851
2849 2851 2844
2852 2850 2851
2851 2849 2853
2851 2853 2854
2855 2852 2851
2854 2855 2851
2852 2855 2856
2857 2856 2855
2855 2854 2858
2855 2858 2859
2860 2857 2855
2857 2860 2861
2862 2861 2860
2863 2855 2859
2855 2863 2860
2860 2863 2864
2865 2862 2860
2862 2865 2866
2867 2866 2865
2868 2860 2864
2860 2868 2865
2865 2868 2869
2867 2865 2870
2870 2871 2867
2871 2870 2872
2872 2873 2871
2873 2872 2874
2870 2865 2875
2865 2876 2875
2876 2865 2869
2875 2876 2877
2874 2878 2873
2878 2874 2879
2880 2878 2879
2881 2882 2883
2884 2882 2881
2882 2884 2885
2886 2885 2884
2885 2887 2882
2887 2888 2882
2887 2885 2889
2885 2890 2889
2891 2885 2886
2885 2891 2892
2892 2890 2885
2893 2892 2891
2890 2892 2894
2892 2895 2894
2893 2896 2892
2896 2895 2892
2896 2893 2897
2898 2896 2897
2895 2896 2899
2896 2900 2899
2898 2901 2896
2901 2898 2902
2903 2901 2902
2896 2904 2900
2904 2896 2901
2901 2905 2904
2903 2906 2901
2906 2903 2907
2908 2906 2907
2901 2909 2905
2909 2901 2906
2906 2910 2909
2908 2911 2906
2911 2908 2912
2913 2911 2912
2906 2914 2910
2914 2906 2911
2911 2915 2914
2911 2916 2915
2916 2911 2917
2913 2917 2911
2917 2918 2916
2917 2913 2919
2917 2920 2918
2921 2920 2917
2921 2917 2919
2919 2922 2921
2921 2922 2923
2920 2921 2924
2923 2924 2921
2924 2923 2925
2925 2923 2926
2927 2928 2929
2928 2927 2930
2927 2931 2930
2931 2927 2932
2932 2933 2931
2933 2932 2934
2934 2935 2933
2935 2934 2936
2936 2937 2935
2937 2936 2938
2938 2939 2937
2939 2938 2940
2940 2941 2939
2941 2940 2942
2942 2943 2941
2943 2942 2944
2944 2945 2943
2945 2944 2946
2946 2947 2945
2947 2946 2948
2948 2949 2947
2949 2948 2950
2950 2951 2949
2951 2950 2952
2952 2953 2951
2953 2952 2954
2953 2954 2955
2954 2956 2955
2957 2955 2956
2956 2958 2957
2957 2958 2959
2960 2961 2962
2961 2960 2963
2962 2964 2960
2964 2962 2965
2963 2966 2961
2965 2967 2964
2965 2968 2967
2968 2969 2967
2968 2970 2969
2970 2971 2969
2972 2973 2974
2973 2975 2974
2973 2976 2975
2976 2977 2975
2976 2978 2977
2979 2977 2978
2977 2979 2980
2981 2980 2979
2980 2981 2982
2983 2982 2981
2982 2983 2984
2985 2984 2983
2984 2985 2986
2985 2987 2986
2987 2985 2988
2988 2989 2987
2989 2988 2990
2990 2991 2989
2991 2990 2992
2992 2993 2991
2993 2992 2994
2995 2993 2994
2996 2997 2998
2882 2999 2883
2888 2999 2882
2928 3000 2929
2841 3001 2842
2842 3001 2847
2615 2659 2619
2659 2629 2619
2629 2659 3002
3002 2631 2629
2631 3002 3003
3004 3003 3002
3002 2657 3004
2657 3002 2659
2654 3004 2657
3004 2654 2650
3005 2631 3003
2631 3005 2642
2642 3005 2643
3005 3006 2643
3003 3006 3005
3006 3003 2652
3003 3004 2652
2652 3004 2650
3006 3007 2643
2652 3007 3006
3007 2652 2651
3007 3008 2643
2651 3008 3007
3008 2651 2649
3008 2647 2643
2649 2647 3008
2662 2615 2604
2662 2660 2615
2659 2615 2660
3009 3010 3011
3011 3010 3012
3013 3011 3012
3013 3014 3011
3014 3013 3015
3014 3015 3016
3017 3011 3014
3018 3017 3014
3011 3017 3019
3011 3019 3009
3016 3020 3014
3020 3016 3021
3020 3021 3022
3014 3023 3018
3023 3014 3020
3024 3023 3020
3022 3025 3020
3025 3022 3026
3025 3026 3027
3020 3028 3024
3028 3020 3025
3029 3028 3025
3027 3030 3025
3030 3027 3031
3030 3031 3032
3025 3033 3029
3033 3025 3030
3034 3033 3030
3032 3035 3030
3035 3032 3036
3035 3036 3037
3030 3038 3034
3038 3030 3035
3039 3038 3035
3040 3035 3037
3035 3040 3041
3041 3039 3035
3039 3041 3042
3043 3042 3041
3044 3043 3041
3043 3044 3045
3046 3044 3041
3041 3040 3046
3047 3048 3049
3048 3050 3049
3048 3051 3050
3052 3051 3048
3051 3052 3053
3052 3054 3053
3048 3055 3052
3056 3052 3055
3055 3048 3057
3057 3048 3047
3058 3054 3052
3054 3058 3059
3058 3060 3059
3052 3061 3058
3061 3052 3056
3062 3058 3061
3063 3060 3058
3060 3063 3064
3063 3065 3064
3058 3066 3063
3066 3058 3062
3067 3063 3066
3068 3065 3063
3067 3068 3063
3065 3068 3069
3068 3067 3070
3071 3068 3070
3068 3071 3072
3073 3072 3071
3072 3073 3074
3075 3074 3073
3074 3075 3076
3077 3078 3075
3078 3077 3079
3077 3080 3079
3080 3077 3081
3081 3082 3080
3082 3081 3083
3084 3085 3086
3084 3087 3085
3087 3084 3088
3088 3089 3087
3089 3088 3090
3090 3091 3089
3091 3090 3092
3092 3093 3091
3093 3092 3094
3094 3095 3093
3095 3094 3096
3096 3097 3095
3097 3096 3098
3098 3099 3097
3099 3098 3100
3100 3101 3099
3101 3100 3102
3102 3103 3101
3103 3102 3104
3104 3105 3103
3105 3104 3106
3106 3107 3105
3107 3106 3108
3109 3107 3108
3107 3109 3110
3111 3110 3109
3110 3111 3112
3113 3112 3111
3114 3115 3116
3117 3114 3116
3114 3117 3118
3119 3118 3117
3118 3119 3120
3121 3120 3119
3120 3121 3122
3123 3122 3121
3122 3123 3124
3125 3124 3123
3124 3125 3126
3127 3126 3125
3126 3127 3128
3129 3128 3127
3128 3129 3130
3131 3130 3129
3130 3131 3132
3133 3134 3135
3136 3134 3133
3134 3136 3137
3138 3137 3136
3137 3139 3134
3139 3140 3134
3139 3137 3141
3137 3142 3141
3143 3137 3138
3137 3143 3144
3144 3142 3137
3145 3144 3143
3142 3144 3146
3144 3147 3146
3145 3148 3144
3148 3147 3144
3148 3145 3149
3150 3148 3149
3147 3148 3151
3148 3152 3151
3150 3153 3148
3153 3150 3154
3155 3153 3154
3148 3156 3152
3156 3148 3153
3153 3157 3156
3155 3158 3153
3158 3155 3159
3160 3158 3159
3153 3161 3157
3161 3153 3158
3158 3162 3161
3160 3163 3158
3164 3163 3160
3163 3164 3165
3166 3165 3164
3165 3166 3167
3163 3168 3158
3169 3158 3168
3158 3169 3162
3168 3170 3169
3171 3167 3166
3167 3171 3172
3173 3172 3171
3174 3175 3176
3176 3177 3174
3177 3176 3178
3179 3177 3178
3180 3178 3176
3180 3176 3181
3178 3180 3182
3178 3182 3183
3178 3184 3179
3184 3178 3185
3183 3185 3178
3186 3184 3185
3185 3183 3187
3185 3187 3188
3189 3186 3185
3188 3189 3185
3186 3189 3190
3191 3190 3189
3189 3188 3192
3189 3192 3193
3194 3191 3189
3191 3194 3195
3196 3195 3194
3197 3189 3193
3189 3197 3194
3194 3197 3198
3199 3196 3194
3196 3199 3200
3201 3200 3199
3202 3194 3198
3194 3202 3199
3199 3202 3203
3204 3201 3199
3201 3204 3205
3206 3205 3204
3207 3199 3203
3199 3207 3204
3204 3207 3208
3209 3204 3208
3204 3209 3210
3210 3206 3204
3210 3209 3211
3206 3210 3212
3210 3211 3213
3213 3214 3210
3214 3212 3210
3212 3214 3215
3214 3216 3215
3214 3213 3217
3217 3216 3214
3216 3217 3218
3218 3219 3216
3220 3221 3222
3221 3220 3223
3224 3221 3223
3221 3224 3225
3226 3225 3224
3225 3226 3227
3228 3227 3226
3227 3228 3229
3230 3229 3228
3229 3230 3231
3232 3231 3230
3231 3232 3233
3234 3233 3232
3233 3234 3235
3236 3235 3234
3235 3236 3237
3238 3237 3236
3237 3238 3239
3240 3239 3238
3239 3240 3241
3242 3241 3240
3241 3242 3243
3244 3243 3242
3243 3244 3245
3246 3245 3244
3245 3246 3247
3248 3247 3246
3247 3248 3249
3249 3248 3250
3248 3251 3250
3251 3252 3250
3253 3254 3255
3254 3253 3256
3257 3256 3253
3256 3257 3258
3255 3254 3259
3258 3257 3260
3258 3260 3261
3261 3260 3262
3261 3262 3263
3263 3262 3264
3265 3266 3267
3267 3266 3268
3267 3268 3269
3269 3268 3270
3269 3270 3271
3270 3272 3271
3272 3270 3273
3273 3274 3272
3274 3273 3275
3275 3276 3274
3276 3275 3277
3277 3278 3276
3278 3277 3279
3280 3278 3279
3278 3280 3281
3282 3281 3280
3281 3282 3283
3284 3283 3282
3283 3284 3285
3286 3285 3284
3285 3286 3287
3288 3287 3286
3289 3290 3291
3176 3175 3292
3181 3176 3292
3220 3222 3293
3135 3134 3294
3134 3140 3294
1625 1608 1607
