byte offset: 0
first index: 0
index count: 14682
topology: trianglelist
format: DXGI_FORMAT_R16_UINT

0 1 2
1 0 3
3 0 4
3 4 5
6 5 4
4 7 6
5 6 8
4 9 7
4 0 9
3 5 10
7 9 11
7 11 12
11 13 12
13 11 14
14 15 13
16 17 8
18 19 16
16 20 18
21 22 16
23 24 21
18 25 26
26 20 27
27 28 29
29 30 31
32 27 33
33 34 32
34 33 35
36 37 38
38 37 39
39 37 40
41 37 36
42 43 44
43 42 45
44 46 42
47 46 44
48 46 47
46 48 49
48 50 49
51 50 48
52 50 51
50 52 53
54 43 45
43 54 55
55 54 56
57 55 56
56 58 57
58 56 59
58 59 60
61 58 60
60 62 61
62 60 63
52 64 53
63 65 62
66 67 68
67 66 69
69 70 67
70 69 71
71 72 70
73 74 75
74 73 76
77 78 79
78 77 80
81 82 83
81 83 84
83 82 85
86 85 82
85 86 87
88 85 87
85 88 89
90 85 89
90 91 85
90 92 91
93 94 95
94 96 95
94 97 96
96 97 98
93 95 99
93 99 100
100 101 93
101 100 102
101 102 103
104 105 106
105 104 107
108 109 110
109 111 110
111 109 112
108 110 113
114 111 112
114 115 111
111 115 116
117 111 116
114 112 118
119 120 121
119 122 120
120 122 123
122 124 123
123 124 125
123 125 126
125 127 126
127 128 126
127 129 128
128 129 130
131 130 129
130 131 132
133 132 131
132 133 134
133 135 134
136 137 138
139 137 136
140 137 139
136 138 141
141 138 142
141 142 143
144 143 142
144 145 143
145 146 143
145 147 146
147 148 146
148 149 146
149 150 146
150 151 146
146 151 152
153 152 151
152 153 154
154 153 155
156 140 157
157 158 156
158 157 159
157 160 159
160 157 161
162 158 159
163 156 158
162 163 158
163 164 156
163 165 164
163 162 166
167 168 169
170 169 168
170 168 171
170 171 172
172 171 173
174 172 173
175 172 174
176 172 175
176 175 177
178 176 177
176 178 179
179 178 180
179 180 181
182 179 181
181 183 182
182 183 184
182 184 185
184 186 185
186 187 185
185 187 188
189 185 188
189 188 190
189 190 191
192 191 190
193 194 195
195 196 193
195 197 196
197 198 196
195 194 199
200 199 194
201 199 200
201 200 202
203 201 202
196 198 204
205 204 198
206 204 205
206 205 207
206 207 208
207 209 208
207 210 209
209 210 211
211 210 212
212 210 213
213 214 212
212 214 215
214 216 215
216 214 217
217 218 216
218 217 219
219 220 218
220 219 221
222 220 221
220 222 223
222 224 223
223 224 225
225 224 226
226 227 225
228 229 230
229 231 230
231 229 232
232 233 231
233 232 234
235 233 234
233 235 236
237 238 239
240 238 237
238 240 241
242 241 240
241 242 243
244 243 242
245 246 247
248 249 250
249 248 251
252 250 249
250 252 253
252 254 253
254 252 255
255 256 254
257 256 255
258 257 255
257 258 259
258 260 259
258 261 260
261 258 262
263 261 262
264 263 262
264 262 265
264 265 266
264 266 267
268 269 270
271 268 270
272 268 271
269 273 270
269 274 273
273 274 275
275 274 276
277 275 276
277 278 275
279 272 271
280 272 279
281 280 279
251 281 279
251 248 281
275 278 282
278 283 282
282 283 284
283 285 284
285 286 284
286 287 284
288 289 290
290 291 288
290 292 291
293 291 292
290 289 294
294 295 290
296 295 294
296 297 295
298 297 296
298 299 297
300 299 298
299 300 301
300 302 301
302 300 303
303 304 302
304 303 305
304 305 306
306 305 307
306 307 308
308 307 309
309 310 308
309 311 310
310 311 312
312 311 313
314 315 316
315 314 317
317 314 318
319 317 318
320 317 319
321 317 320
321 322 317
315 323 316
323 315 324
325 323 324
323 325 326
327 326 325
326 327 328
327 329 328
329 327 330
331 329 330
330 332 331
332 330 333
334 332 333
334 333 335
335 336 334
337 336 335
338 337 335
339 338 335
340 339 335
341 340 335
335 342 341
327 343 330
344 330 343
345 330 344
330 345 333
346 333 345
346 347 333
347 346 348
349 347 348
350 347 349
351 347 350
352 347 351
353 347 352
347 353 354
343 327 355
327 356 355
356 327 325
325 357 356
357 325 324
315 357 324
357 315 358
315 359 358
359 315 317
317 360 359
361 360 317
362 361 317
363 362 317
363 317 322
364 365 366
367 364 366
368 364 367
369 368 367
370 368 369
371 370 369
365 372 366
372 365 373
365 374 373
375 374 365
374 375 376
376 375 377
378 379 380
379 378 381
379 382 380
382 383 380
383 382 384
385 383 384
383 385 386
387 386 385
386 387 388
389 388 387
388 389 390
391 390 389
390 391 392
393 392 391
392 393 394
395 394 393
394 395 396
395 397 396
396 397 398
397 399 398
400 398 399
401 402 403
402 401 404
405 403 402
403 405 406
407 406 405
406 407 408
407 409 408
409 407 410
410 411 409
411 410 412
412 413 411
413 412 414
414 415 413
413 415 416
417 416 415
418 417 415
419 417 418
417 419 420
421 420 419
420 421 422
423 422 421
422 423 424
423 425 424
425 423 426
426 427 425
427 426 428
428 429 427
429 428 430
431 432 433
432 434 433
434 432 435
435 436 434
436 435 437
437 438 436
438 437 439
439 440 438
440 439 441
442 440 441
440 442 443
442 444 443
444 442 445
445 446 444
446 445 447
448 446 447
446 448 449
448 450 449
450 448 451
451 452 450
452 451 453
453 454 452
452 454 455
456 457 458
457 459 458
457 460 459
460 457 461
461 462 460
462 461 463
463 464 462
464 463 465
466 464 465
464 466 467
468 467 466
467 468 469
470 469 468
469 470 471
472 471 470
471 472 473
472 474 473
474 472 475
475 476 474
476 475 477
477 478 476
478 477 479
479 480 478
480 479 481
482 480 481
480 482 483
484 483 482
483 484 485
486 485 484
485 486 487
486 488 487
489 488 486
489 490 488
490 489 491
490 491 456
456 458 490
492 493 494
493 495 494
494 495 496
494 496 497
496 498 497
498 499 497
499 500 497
500 501 497
501 502 497
502 503 497
492 494 504
504 494 505
506 497 503
507 497 506
508 497 507
509 497 508
510 497 509
511 497 510
494 511 505
494 497 511
512 381 378
513 514 515
514 513 516
516 517 514
517 516 518
518 519 517
518 520 519
521 519 520
521 522 519
523 522 521
522 523 524
525 524 523
524 525 526
527 528 529
528 527 530
529 528 531
530 532 528
532 533 528
533 532 534
532 530 535
536 535 530
535 536 537
534 538 533
538 534 539
533 538 540
533 540 528
540 541 528
528 541 531
542 531 541
539 543 538
543 539 544
536 545 537
545 536 546
546 547 545
547 546 548
548 546 549
549 550 548
550 551 548
552 547 548
547 552 553
554 553 552
553 554 555
552 556 554
552 548 556
556 548 557
548 551 557
558 557 551
559 555 554
555 559 560
561 560 559
560 561 562
563 564 562
565 566 561
567 568 569
570 571 572
572 573 574
574 575 576
576 575 577
578 579 580
580 579 581
581 579 582
579 583 582
584 585 586
584 586 587
587 586 588
587 588 589
587 589 590
590 589 591
592 590 591
590 592 593
593 592 594
595 596 597
597 596 598
597 598 599
600 601 602
600 603 601
604 603 600
605 606 607
606 605 608
609 608 605
608 609 610
611 610 609
610 611 612
606 613 607
614 615 616
615 617 616
617 615 618
618 619 617
619 618 620
620 621 619
621 620 622
622 623 621
621 623 624
621 624 625
621 625 626
627 628 629
629 630 627
629 628 631
631 628 632
631 632 633
633 632 634
633 634 635
636 633 635
633 636 637
638 637 636
637 638 639
640 639 638
639 640 641
642 641 640
643 641 642
644 645 646
644 647 645
648 647 644
648 649 647
649 648 650
651 649 650
649 651 652
652 651 653
651 650 654
653 651 654
653 655 652
653 656 655
653 657 656
657 653 658
653 654 658
657 659 656
656 660 655
656 659 660
661 660 659
660 661 662
661 663 662
648 664 650
654 650 664
665 664 648
666 667 668
669 668 667
668 669 670
671 670 669
670 671 672
673 672 671
672 673 674
674 673 675
673 676 675
673 677 676
673 678 677
679 680 681
680 679 682
680 683 681
683 684 681
683 685 684
685 686 684
685 687 686
685 688 687
688 685 689
689 690 688
690 689 691
691 692 690
692 691 693
694 692 693
695 694 693
696 697 698
696 698 699
700 696 699
701 700 699
700 701 702
701 703 702
703 701 704
704 705 703
703 706 702
705 706 703
705 704 707
705 707 708
709 705 708
705 709 710
705 710 706
709 708 711
708 707 712
708 712 711
712 713 711
713 712 714
713 714 715
700 702 716
706 716 702
717 700 716
718 719 720
719 721 720
721 722 720
720 722 723
723 722 724
724 722 725
725 722 726
725 726 727
727 726 728
729 727 728
728 730 729
729 730 731
732 731 730
731 732 733
732 734 733
722 721 735
735 721 736
735 737 722
735 738 737
735 739 738
740 739 735
741 740 735
739 740 742
742 740 743
744 743 740
743 744 745
745 746 743
747 745 744
747 748 745
745 748 749
749 750 745
751 750 749
751 752 750
747 744 753
744 754 753
719 754 744
719 755 754
756 755 719
756 757 755
758 757 756
758 756 759
757 758 760
761 752 751
761 762 752
761 763 762
763 743 762
743 763 764
765 761 751
765 766 761
766 765 767
767 768 766
768 767 769
765 751 770
770 751 771
771 751 772
773 772 751
772 773 774
774 773 775
742 743 764
776 777 772
778 777 776
779 777 778
777 779 780
781 780 779
781 782 780
782 781 783
784 782 783
785 782 784
782 785 786
785 787 786
787 785 788
788 789 787
789 788 790
790 791 789
791 790 792
792 793 791
793 792 794
793 794 795
793 795 796
796 795 797
798 796 797
796 798 799
800 799 798
801 799 800
802 796 799
803 796 802
803 802 804
804 802 805
806 804 805
804 806 807
806 808 807
808 806 809
810 809 806
809 811 808
811 809 812
811 812 813
811 813 814
814 815 811
816 815 814
816 814 817
816 817 818
816 819 815
820 819 816
820 821 819
722 821 820
722 820 822
823 722 822
824 722 823
722 824 825
722 825 826
722 826 827
827 826 828
826 829 828
826 830 829
830 831 829
831 832 829
832 831 833
833 834 832
722 835 821
722 737 835
836 837 838
839 838 837
839 840 838
841 838 840
840 842 841
842 840 843
844 842 843
844 843 845
838 841 846
846 847 838
845 848 844
848 845 849
845 850 849
849 850 851
852 851 850
851 852 853
852 854 853
838 847 855
838 855 856
856 855 857
856 857 858
859 856 858
859 860 856
860 861 856
862 863 864
862 864 865
866 865 864
867 865 866
868 865 867
869 868 867
869 870 868
863 871 864
864 871 872
873 872 871
872 873 874
874 873 875
876 871 863
877 871 876
877 876 878
878 879 877
879 878 880
879 880 881
882 879 881
882 881 883
882 883 884
884 885 882
885 884 886
887 885 886
887 886 888
888 889 887
889 888 890
890 891 889
891 890 892
891 892 893
893 894 891
895 894 893
896 894 895
895 897 896
897 895 898
897 898 899
899 898 900
899 900 901
900 902 901
903 902 900
904 905 906
904 906 907
904 907 908
906 909 907
910 907 909
908 907 910
909 906 911
911 906 912
912 906 913
912 913 914
915 914 913
914 915 916
916 915 917
917 915 918
910 919 908
920 908 919
921 908 920
922 908 921
923 908 922
920 919 924
925 924 919
924 925 926
925 927 926
927 925 928
928 929 927
929 928 930
929 930 931
931 930 932
931 932 933
934 933 932
935 933 934
935 934 936
936 934 937
936 937 938
908 923 939
940 908 939
941 908 940
942 908 941
943 908 942
943 904 908
944 904 943
905 904 944
945 905 944
946 905 945
947 905 946
946 948 947
949 948 946
948 949 950
951 950 949
952 950 951
953 954 955
954 953 956
957 953 955
957 958 953
957 959 958
960 958 959
960 961 958
960 962 961
962 963 961
961 963 964
963 965 964
966 965 963
965 967 964
967 965 968
968 969 967
969 968 970
971 969 970
969 971 972
971 973 972
971 974 973
971 975 974
971 976 975
976 977 975
976 978 977
978 979 977
978 980 979
980 981 979
981 980 982
982 983 981
984 985 986
985 984 987
988 989 990
989 988 991
992 993 994
993 995 994
993 996 995
997 996 993
998 996 997
997 999 998
1000 999 997
1001 999 1000
1002 1001 1000
1002 1003 1001
1004 1003 1002
1005 1004 1002
1004 1005 1006
1005 1007 1006
1008 1007 1005
1009 1007 1008
1010 1009 1008
1009 1010 1011
1012 1011 1010
1011 1012 1013
1013 1012 1014
1015 1013 1014
1016 1015 1014
1016 1014 1017
1016 1017 1018
1019 1018 1017
1020 1019 1017
1021 1019 1020
1019 1021 1022
1023 1022 1021
1022 1023 1024
1025 1024 1023
1024 1025 1026
1026 1025 1027
1027 1025 1028
1029 1027 1028
1030 1029 1028
1031 1029 1030
1032 1031 1030
1033 1032 1030
1034 1032 1033
1035 1034 1033
1034 1035 1036
1037 1036 1035
1036 1037 1038
1037 1039 1038
1039 1037 1040
1041 1039 1040
1042 1027 1029
1043 1042 1029
1043 1029 1044
1043 1044 1045
1045 1046 1043
1045 1047 1046
1048 1046 1047
1049 1046 1048
1050 1049 1048
1051 1049 1050
1052 1051 1050
1051 1052 1053
1054 1053 1052
1055 1053 1054
1056 1055 1054
1055 1056 1057
1058 1057 1056
1057 1058 1059
1060 1061 1062
1060 1063 1061
1063 1060 1064
1064 1065 1063
1065 1064 1066
1066 1067 1065
1067 1066 1068
1069 1067 1068
1067 1069 1070
1071 1070 1069
1072 1070 1071
1070 1072 1073
1074 1073 1072
1042 1075 1027
1026 1027 1075
1076 1077 1078
1077 1079 1078
1077 1080 1079
1081 1080 1077
1080 1081 1082
1083 1082 1081
1076 1078 1084
1083 1081 1085
1086 1083 1085
1087 1086 1085
1084 1088 1076
1084 1089 1088
1089 1090 1088
1091 1090 1089
1090 1091 1092
1093 1092 1091
1093 1094 1092
1095 1094 1093
1095 1096 1094
1096 1095 1097
1096 1097 1098
1098 1097 1099
1098 1099 1100
1099 1101 1100
1100 1101 1102
1101 1103 1102
1104 1105 1106
1104 1107 1105
1104 1108 1107
1109 1107 1108
1107 1109 1110
1111 1110 1109
1110 1111 1112
1113 1112 1111
1112 1113 1114
1115 1114 1113
1114 1115 1116
1117 1116 1115
1116 1117 1118
1117 1119 1118
1106 1105 1120
1121 1106 1120
1106 1121 1122
1123 1122 1121
1122 1123 1124
1125 1124 1123
1124 1125 1126
1127 1126 1125
1126 1127 1128
1127 1129 1128
1129 1127 1130
1131 1129 1130
1129 1131 1132
1133 1132 1131
1132 1133 1134
1135 1134 1133
1134 1135 1136
1136 1135 1137
1138 1139 1140
1140 1139 1141
1141 1142 1140
1141 1143 1142
1142 1143 1144
1143 1145 1144
1146 1144 1145
1144 1146 1147
1146 1148 1147
1147 1148 1149
1148 1150 1149
1151 1149 1150
1149 1151 1152
1153 1152 1151
1152 1153 1154
1154 1153 1155
1156 1157 1158
1157 1159 1158
1159 1157 1160
1161 1159 1160
1162 1159 1161
1163 1162 1161
1164 1162 1163
1165 1164 1163
1158 1166 1156
1167 1166 1158
1167 1168 1166
1169 1168 1167
1170 1164 1165
1170 1171 1164
1172 1171 1170
1171 1172 1173
1174 1173 1172
1173 1174 1175
1175 1174 1176
1177 1178 1179
1178 1177 1180
1181 1182 1180
1181 1183 1182
1184 1183 1181
1183 1184 1185
1186 1185 1184
1185 1186 1187
1186 1188 1187
1188 1186 1189
1190 1188 1189
1188 1190 1191
1192 1191 1190
1191 1192 1193
1194 1193 1192
1193 1194 1195
1196 1195 1194
1195 1196 1197
1197 1196 1198
1199 1198 1196
1198 1199 1200
1201 1200 1199
1200 1201 1202
1203 1204 1205
1204 1206 1205
1206 1204 1207
1207 1208 1206
1208 1207 1209
1210 1211 1212
1211 1210 1213
1211 1214 1212
1210 1212 1215
1215 1212 1216
1216 1212 1217
1212 1214 1218
1212 1218 1217
1219 1218 1214
1218 1219 1220
1221 1220 1219
1220 1221 1222
1221 1223 1222
1223 1221 1224
1224 1225 1223
1226 1223 1225
1225 1227 1226
1225 1228 1227
1228 1225 1229
1230 1228 1229
1228 1230 1231
1232 1231 1230
1216 1217 1233
1234 1233 1235
1235 1236 1234
1236 1235 1237
1237 1238 1236
1238 1237 1239
1239 1240 1238
1240 1239 1241
1242 1243 1244
1243 1242 1245
1242 1246 1245
1246 1247 1245
1247 1246 1248
1248 1249 1247
1249 1248 1250
1250 1251 1249
1251 1250 1252
1252 1253 1251
1253 1252 1254
1254 1255 1253
1255 1254 1256
1256 1257 1255
1256 1258 1257
1257 1258 1259
1260 1244 1243
1261 1262 1263
1262 1264 1263
1265 1262 1261
1266 1265 1261
1266 1261 1267
1268 1269 1270
1269 1268 1271
1269 1271 1272
1272 1273 1269
1273 1272 1274
1273 1274 1275
1273 1275 1276
1276 1275 1277
1276 1277 1278
1270 1279 1268
1280 1279 1270
1279 1280 1281
1281 1280 1282
1282 1280 1283
1282 1283 1284
1284 1283 1285
1285 1283 1286
1277 1287 1278
1277 1288 1287
1278 1287 1289
1278 1289 1290
1291 1292 1293
1292 1294 1293
1294 1292 1295
1295 1296 1294
1296 1295 1297
1297 1298 1296
1298 1297 1299
1300 1298 1299
1298 1300 1301
1300 1302 1301
1302 1300 1303
1303 1304 1302
1304 1303 1305
1306 1304 1305
1293 1307 1291
1308 1309 1306
1309 1308 1310
1311 1312 1313
1314 1311 1313
1311 1314 1315
1316 1315 1314
1315 1316 1317
1318 1319 1320
1318 1320 1321
1318 1321 1322
1320 1319 1323
1322 1321 1324
1322 1324 1325
1324 1326 1325
1326 1324 1327
1326 1327 1328
1327 1329 1328
1329 1327 1330
1330 1331 1329
1331 1330 1332
1332 1333 1331
1333 1332 1334
1335 1333 1334
1336 1337 1338
1338 1339 1336
1339 1338 1340
1339 1340 1341
1341 1340 1342
1341 1342 1343
1341 1343 1344
1344 1343 1345
1344 1345 1346
1346 1345 1347
1348 1346 1347
1346 1348 1349
1349 1348 1350
1349 1350 1351
1349 1351 1352
1352 1351 1353
1337 1354 1355
1336 1354 1337
1356 1357 1358
1359 1358 1357
1358 1359 1360
1361 1360 1359
1360 1361 1362
1361 1363 1362
1363 1361 1364
1365 1363 1364
1366 1365 1364
1366 1367 1365
1366 1368 1367
1366 1369 1368
1366 1370 1369
1371 1370 1366
1372 1370 1371
1372 1371 1373
1373 1374 1372
1375 1374 1373
1374 1375 1376
1377 1376 1375
1376 1377 1378
1379 1378 1377
1378 1379 1380
1380 1379 1381
1382 1380 1381
1383 1384 1382
1384 1383 1385
1386 1384 1385
1384 1386 1387
1388 1387 1386
1387 1388 1389
1390 1389 1388
1389 1390 1391
1390 1392 1391
1392 1390 1393
1393 1394 1392
1394 1393 1395
1395 1396 1394
1396 1395 1397
1397 1398 1396
1398 1397 1399
1399 1400 1398
1400 1399 1401
1401 1402 1400
1403 1404 1405
1404 1403 1406
1406 1407 1404
1407 1406 1408
1408 1409 1407
1409 1408 1410
1410 1411 1409
1411 1410 1412
1412 1413 1411
1413 1412 1414
1415 1413 1414
1413 1415 1416
1416 1415 1417
1416 1417 1418
1419 1403 1405
1417 1420 1418
1421 1420 1417
1421 1422 1420
1423 1422 1421
1423 1421 1424
1425 1423 1424
1426 1423 1425
1426 1425 1427
1428 1426 1427
1427 1429 1428
1429 1427 1430
1430 1431 1429
1431 1430 1432
1432 1433 1431
1433 1432 1434
1434 1435 1433
1435 1434 1436
1437 1435 1436
1435 1437 1438
1439 1438 1437
1438 1439 1440
1441 1440 1439
1440 1441 1442
1443 1442 1441
1442 1443 1444
1443 1445 1444
1445 1443 1446
1446 1447 1445
1447 1446 1448
1448 1449 1447
1449 1448 1450
1450 1451 1449
1451 1450 1452
1453 1451 1452
1454 1455 1456
1455 1454 1457
1456 1455 1458
1456 1458 1459
1460 1459 1458
1459 1460 1461
1461 1460 1462
1462 1460 1463
1461 1462 1464
1465 1466 1467
1467 1466 1468
1469 1468 1466
1468 1469 1470
1470 1469 1471
1471 1469 1472
1471 1472 1473
1473 1472 1474
1467 1468 1475
1476 1477 1478
1477 1476 1479
1480 1476 1478
1476 1480 1481
1482 1481 1480
1481 1482 1483
1484 1483 1482
1483 1484 1485
1479 1486 1477
1486 1479 1487
1488 1485 1484
1485 1488 1489
1490 1489 1488
1489 1490 1491
1492 1491 1490
1493 1486 1487
1486 1493 1494
1495 1496 1497
1496 1495 1498
1499 1497 1496
1497 1499 1500
1500 1499 1501
1502 1498 1495
1498 1502 1503
1504 1503 1502
1503 1504 1505
1504 1506 1505
1506 1504 1507
1507 1508 1506
1508 1507 1509
1509 1510 1508
1510 1509 1511
1512 1510 1511
1513 1512 1511
1514 1515 1516
1514 1516 1517
1517 1516 1518
1518 1516 1519
1518 1519 1520
1518 1520 1521
1518 1521 1522
1522 1521 1523
1523 1521 1524
1525 1523 1524
1524 1526 1525
1525 1526 1527
1528 1515 1514
1528 1529 1515
1528 1530 1529
1530 1528 1531
1532 1530 1531
1530 1532 1533
1534 1533 1532
1533 1534 1535
1534 1536 1535
1536 1534 1537
1538 1536 1537
1539 1540 1541
1541 1542 1539
1542 1541 1543
1544 1542 1543
1542 1544 1545
1546 1545 1544
1545 1546 1547
1547 1546 1548
1549 1547 1548
1549 1548 1550
1549 1550 1551
1549 1551 1552
1549 1552 1553
1554 1549 1553
1555 1554 1553
1554 1555 1556
1557 1556 1555
1558 1559 1560
1559 1561 1560
1558 1560 1562
1558 1562 1563
1563 1562 1564
1563 1564 1565
1565 1564 1566
1565 1566 1567
1567 1566 1568
1560 1561 1569
1561 1570 1569
1569 1570 1571
1570 1572 1571
1571 1572 1573
1572 1574 1573
1574 1572 1575
1575 1576 1574
1577 1578 1579
1579 1578 1580
1581 1580 1578
1580 1581 1582
1581 1583 1582
1583 1581 1584
1585 1583 1584
1586 1585 1584
1579 1580 1587
1588 1589 1590
1589 1588 1591
1592 1589 1591
1589 1592 1593
1589 1593 1594
1593 1595 1594
1593 1596 1595
1597 1588 1590
1598 1588 1597
1597 1590 1599
1600 1601 1602
1603 1604 1605
1604 1603 1606
1607 1603 1608
1603 1607 1609
1609 1610 1611
1610 1609 1612
1611 1613 1614
1613 1611 1615
1614 1616 1617
1616 1614 1618
1619 1617 1620
1621 1622 1623
1622 1621 1624
1623 1625 1626
1625 1623 1627
1627 1628 1629
1628 1627 1630
1631 1632 1622
1632 1631 1633
1634 1635 1630
1636 1637 1638
1637 1636 1639
1639 1640 1637
1640 1639 1641
1642 1640 1641
1640 1642 1643
1644 1643 1642
1643 1644 1645
1646 1645 1644
1638 1647 1636
1638 1648 1647
1649 1648 1650
1648 1649 1651
1652 1650 1648
1650 1652 1653
1654 1653 1652
1655 1653 1654
1656 1651 1649
1651 1656 1657
1651 1657 1658
1659 1660 1661
1660 1662 1661
1662 1660 1663
1663 1664 1662
1664 1663 1665
1665 1666 1664
1666 1665 1667
1667 1668 1666
1668 1667 1669
1670 1668 1669
1670 1669 1671
1672 1670 1671
1673 1674 1675
1674 1673 1676
1676 1677 1678
1677 1676 1679
1679 1680 1681
1680 1679 1682
1682 1683 1684
1683 1682 1685
1686 1687 1685
1687 1686 1688
1689 1690 1686
1690 1689 1691
1692 1693 1694
1695 1694 1693
1694 1695 1696
1697 1696 1695
1696 1697 1698
1698 1697 1699
1699 1697 1700
1699 1700 1701
1701 1700 1702
1692 1703 1693
1704 1705 1706
1705 1704 1707
1708 1709 1710
1709 1708 1711
1711 1712 1709
1712 1711 1713
1710 1714 1708
1714 1710 1715
1716 1714 1715
1714 1716 1717
1718 1717 1716
1717 1718 1719
1720 1719 1718
1719 1720 1721
1722 1712 1713
1721 1720 1723
1721 1723 1724
1723 1725 1724
1725 1726 1724
1726 1725 1727
1726 1727 1728
1728 1727 1729
1728 1729 1730
1729 1731 1730
1731 1732 1730
1731 1733 1732
1731 1734 1733
1733 1734 1735
1735 1734 1736
1734 1737 1736
1736 1737 1738
1738 1737 1739
1739 1737 1740
1741 1742 1743
1742 1741 1744
1745 1746 1742
1746 1745 1747
1748 1749 1745
1749 1748 1750
1751 1752 1748
1752 1751 1753
1754 1755 1751
1755 1754 1756
1757 1758 1754
1758 1757 1759
1760 1757 1761
1757 1760 1762
1763 1764 1765
1764 1763 1766
1767 1764 1768
1764 1767 1769
1770 1768 1771
1768 1770 1772
1773 1771 1774
1771 1773 1775
1776 1774 1777
1774 1776 1778
1779 1777 1780
1777 1779 1781
1782 1783 1784
1783 1782 1785
1785 1786 1787
1786 1785 1788
1789 1790 1788
1790 1789 1791
1789 1792 1793
1792 1789 1794
1794 1795 1796
1795 1794 1744
1797 1798 1782
1798 1797 1799
1800 1801 1798
1801 1800 1802
1803 1804 1805
1804 1803 1806
1807 1806 1803
1806 1807 1808
1809 1808 1807
1810 1805 1804
1805 1810 1811
1810 1812 1811
1809 1807 1813
1810 1814 1812
1812 1815 1811
1815 1812 1816
1817 1815 1816
1815 1817 1818
1819 1818 1817
1818 1819 1820
1819 1821 1820
1821 1819 1822
1822 1823 1821
1823 1822 1824
1825 1823 1824
1826 1825 1824
1809 1813 1827
1828 1809 1827
1809 1828 1829
1829 1830 1831
1832 1833 1834
1832 1834 1835
1834 1833 1836
1836 1833 1837
1836 1837 1838
1839 1840 1841
1840 1839 1842
1839 1843 1842
1843 1839 1844
1845 1846 1847
1846 1845 1848
1848 1845 1849
1848 1849 1850
1851 1852 1853
1852 1854 1853
1854 1852 1855
1856 1854 1855
1854 1856 1857
1858 1857 1856
1859 1860 1861
1860 1859 1862
1863 1860 1862
1860 1863 1864
1865 1866 1867
1867 1866 1868
1866 1869 1868
1869 1866 1870
1869 1870 1871
1872 1871 1870
1871 1872 1873
1874 1873 1872
1873 1874 1875
1874 1876 1875
1876 1874 1877
1878 1879 1880
1879 1878 1881
1882 1881 1878
1881 1882 1883
1884 1883 1882
1883 1884 1885
1885 1884 1886
1885 1886 1887
1888 1889 1890
1890 1889 1891
1890 1891 1892
1888 1890 1893
1888 1893 1894
1894 1893 1895
1895 1893 1896
1895 1896 1897
1897 1896 1898
1898 1896 1899
1898 1899 1900
1900 1899 1901
1901 1899 1902
1901 1902 1903
1903 1902 1904
1905 1906 1907
1908 1906 1905
1906 1908 1909
1905 1907 1910
1907 1911 1910
1911 1907 1912
1913 1911 1912
1911 1913 1914
1915 1914 1913
1915 1913 1916
1916 1917 1915
1917 1916 1918
1919 1920 1921
1919 1921 1922
1919 1922 1923
1921 1920 1924
1925 1926 1927
1925 1928 1926
1926 1929 1927
1929 1930 1927
1929 1931 1930
1932 1933 1934
1933 1932 1935
1936 1932 1934
1932 1936 1937
1938 1939 1940
1939 1938 1941
1940 1942 1938
1940 1943 1942
1944 1945 1946
1945 1944 1947
1947 1948 1945
1948 1947 1949
1950 1951 1952
1952 1951 1953
1954 1952 1953
1952 1954 1955
1954 1956 1955
1956 1957 1955
1957 1956 1958
1958 1959 1957
1959 1958 1960
1961 1959 1960
1959 1961 1962
1963 1964 1965
1964 1963 1966
1965 1967 1963
1967 1965 1968
1968 1969 1967
1969 1968 1970
1970 1971 1969
1971 1970 1972
1973 1974 1975
1973 1976 1974
1976 1977 1974
1977 1978 1974
1977 1979 1978
1979 1980 1978
1980 1981 1978
1980 1982 1981
1982 1983 1981
1983 1984 1981
1983 1985 1984
1985 1986 1984
1973 1975 1987
1975 1988 1987
1975 1989 1988
1990 1991 1992
1990 1993 1991
1990 1994 1993
1991 1995 1992
1996 1997 1998
1997 1999 1998
1997 2000 1999
2001 1999 2000
1999 2001 2002
2001 2003 2002
2003 2004 2002
2004 2003 2005
2006 2004 2005
2004 2006 2007
2008 2007 2006
2007 2008 2009
2010 2011 2012
2011 2010 2013
2012 2014 2010
2014 2012 2015
2015 2016 2014
2016 2015 2017
2017 2018 2016
2017 2019 2018
2018 2019 2020
2021 2022 2023
2021 2024 2022
2024 2025 2022
2025 2026 2022
2025 2027 2026
2027 2028 2026
2028 2029 2026
2028 2030 2029
2030 2031 2029
2031 2032 2029
2031 2033 2032
2033 2034 2032
2021 2023 2035
2023 2036 2035
2023 2037 2036
2037 2023 2038
2039 2040 2041
2041 2042 2039
2042 2041 2043
2039 2044 2040
2045 2040 2044
2040 2045 2046
2045 2047 2046
2047 2045 2048
2049 2047 2048
2049 2050 2047
2051 2050 2049
2050 2051 2052
2053 2042 2054
2055 2053 2054
2055 2056 2053
2055 2057 2056
2058 2059 2051
2060 2059 2058
2060 2058 2061
2060 2061 2062
2063 2064 2065
2064 2066 2065
2066 2067 2065
2066 2068 2067
2068 2066 2069
2068 2069 2070
2071 2070 2069
2070 2071 2072
2071 2073 2072
2073 2071 2074
2074 2075 2073
2075 2074 2076
2077 2078 2079
2078 2077 2080
2081 2080 2077
2080 2081 2082
2083 2082 2081
2082 2083 2084
2085 2084 2083
2084 2085 2086
2087 2088 2089
2089 2088 2090
2089 2090 2091
2087 2089 2092
2087 2092 2093
2093 2092 2094
2094 2092 2095
2094 2095 2096
2096 2095 2097
2097 2095 2098
2097 2098 2099
2099 2098 2100
2100 2098 2101
2100 2101 2102
2102 2101 2103
2104 2105 2106
2105 2104 2107
2108 2106 2105
2106 2108 2109
2110 2109 2108
2109 2110 2111
2112 2111 2110
2111 2112 2113
2114 2113 2112
2113 2114 2115
2115 2116 2117
2116 2115 2118
2119 2120 2121
2120 2119 2122
2120 2123 2121
2123 2120 2124
2124 2125 2123
2125 2124 2126
2126 2127 2125
2127 2126 2128
2128 2129 2127
2129 2128 2130
2130 2131 2129
2131 2130 2132
2133 2134 2135
2134 2133 2136
2137 2138 2139
2138 2137 2140
2141 2142 2143
2144 544 2142
544 2144 543
2145 2144 2146
2147 2148 2149
2149 2148 2150
2150 2148 2151
2147 2152 2148
2148 2153 2151
2154 2155 2156
2157 2158 2159
2158 2157 2160
2161 2162 2163
2162 2161 2164
2165 2166 2167
2166 2165 2168
2169 2170 2171
2170 2169 2172
2173 2174 2175
2174 2173 2176
2177 2178 2179
2180 2181 2182
433 2183 431
2183 2184 431
2185 2186 2187
2186 2185 2188
2187 2189 2185
2189 2187 2190
2191 2189 2190
2191 2192 2189
2192 2191 2193
2194 2192 2193
2192 2194 2195
2195 2194 2196
2196 2197 2195
2197 2196 2198
2199 2197 2198
2197 2199 2200
2201 2200 2199
2202 2200 2201
2201 2203 2202
2204 2203 2201
2204 2205 2203
2206 2205 2204
2207 2205 2206
2206 2208 2207
2209 2210 2211
2211 2210 2212
2212 2210 2213
2214 2212 2213
2214 2213 2215
2214 2215 2216
2215 2217 2216
2218 2217 2215
2218 2219 2217
2218 2220 2219
2221 2222 2223
2224 2222 2221
2225 2222 2224
2225 2226 2222
2222 2226 2227
2228 2227 2226
2229 2227 2228
2230 2229 2228
2231 2229 2230
2232 2233 2234
2233 2232 2235
2236 2232 2234
2232 2236 2237
2238 2237 2236
2237 2238 2239
2240 2239 2238
2239 2240 2241
2242 2241 2240
2241 2242 2243
2244 2243 2242
2243 2244 2245
2246 2245 2244
2245 2246 2247
2246 2248 2247
2248 2246 2249
2249 2250 2248
2250 2249 2251
2251 2252 2250
2253 2254 2255
2256 2257 2254
2257 2256 2258
2258 2259 2257
2259 2258 2260
2260 2261 2259
2261 2260 2262
2263 2261 2264
2261 2263 2265
2266 2265 2263
2265 2266 2267
2268 2267 2266
2267 2268 2269
2268 2270 2269
2271 2272 2273
2272 2271 2274
2273 2275 2271
2275 2273 2276
2275 2276 2277
2277 2276 2278
2277 2278 2279
2279 2280 2277
2280 2279 2281
2279 2278 2282
2283 2280 2281
2280 2283 2284
2284 2283 2285
2284 2285 2286
2279 2282 2287
2287 2282 2288
2287 2288 2289
2289 2288 2290
2290 2288 2291
719 744 721
2292 2293 2294
2294 2293 2295
2296 2297 2298
2299 2300 2301
2302 2303 2304
2304 2303 2305
2306 2307 2308
2309 2310 2311
2312 2311 2310
2313 2314 2315
2316 2317 2318
2319 2317 2316
2320 2321 2322
2321 739 2322
739 2321 738
782 786 2323
2323 786 2324
2325 2326 2327
2327 2326 2328
2327 2328 2329
2327 2329 2330
2329 2328 2331
2332 2328 2326
2328 2332 2331
2325 2327 2333
2327 2330 2334
2327 2334 2335
2327 2335 2333
2335 2334 2336
2337 2335 2336
2335 2337 2333
2338 2339 2340
2340 2339 2341
2338 2340 2342
2338 2342 2343
2343 2344 2338
2344 2343 2345
2346 2344 2345
2344 2346 2347
2347 2346 2348
2347 2348 2349
2349 2348 2350
2349 2350 2351
2349 2351 2352
2349 2352 2353
2353 2352 2354
2353 2354 2355
2353 2355 2356
2353 2356 2357
2357 2356 2358
2357 2358 2359
2360 2361 2362
2360 2362 2363
2364 2363 2362
2363 2364 2365
2365 2364 2366
2361 2367 2362
2367 2361 2368
2369 2366 2364
2369 2370 2366
2368 2371 2367
2368 2372 2371
2373 2374 2375
2373 2375 2376
2377 2373 2376
2378 2377 2376
2378 2376 2379
2379 2376 2380
2376 2381 2380
2381 2376 2382
2381 2382 2383
2384 2383 2382
2385 2383 2384
2385 2386 2383
2385 2387 2386
2388 2389 2390
2389 2388 2391
2392 2391 2388
2391 2392 2393
2389 2394 2390
2395 2396 2393
2395 2397 2396
2396 2397 2398
2399 2398 2397
2398 2399 2400
2401 2400 2399
2400 2401 2402
2403 2404 2405
2404 2406 2405
2406 2404 2407
2407 2408 2406
2408 2407 2409
2410 2408 2409
2411 2412 2410
2412 2411 2413
2411 2414 2413
2414 2415 2413
2415 2414 2416
2416 2417 2415
2415 2417 2418
2418 2417 2419
2420 2421 2422
2423 2422 2421
2422 2423 2424
2425 2424 2423
2424 2425 2426
2425 2427 2426
2428 2426 2427
2426 2428 2429
2430 2429 2428
2429 2430 2431
2430 2432 2431
2431 2432 2433
2434 2435 2436
2435 2437 2436
2434 2438 2435
2434 2439 2438
2440 2439 2434
2439 2440 2441
2440 2442 2441
2442 2440 2443
2443 2444 2442
2443 2445 2444
2445 2446 2444
2445 2447 2446
2445 2448 2447
2445 2449 2448
2449 2450 2448
2449 2451 2450
2449 2452 2451
2449 2453 2452
2453 2454 2452
2453 2455 2454
2456 2457 2458
2457 2456 2459
2458 2460 2456
2460 2458 2461
2461 2462 2460
2462 2461 2463
2463 2464 2462
2464 2463 2465
2465 2466 2464
2466 2465 2467
2457 2459 2468
2469 2470 2471
2472 2471 2470
2471 2472 2473
2474 2473 2472
2473 2474 2475
2476 2475 2474
2477 2478 2476
2478 2477 2479
2478 2479 2480
2481 2482 2480
2482 2481 2483
2482 2483 2484
2483 2485 2484
2485 2486 2484
2487 2488 2489
2488 2487 2490
2489 2491 2487
2491 2489 2492
2492 2493 2491
2493 2492 2494
2494 2495 2493
2495 2494 2496
2495 2496 2497
2496 2498 2497
2499 2488 2490
2500 2501 2502
2501 2500 2503
2504 2503 2500
2503 2504 2505
2504 2506 2505
2506 2504 2507
2507 2508 2506
2508 2507 2509
2509 2510 2508
2510 2509 2511
2511 2512 2510
2512 2511 2513
2501 2514 2502
2513 2515 2512
2516 2517 2518
2517 2516 2519
2518 2520 2516
2520 2518 2521
2519 2522 2517
2522 2519 2523
2523 2524 2522
2524 2523 2525
2526 2520 2521
2520 2526 2527
2528 2527 2526
2527 2528 2529
2528 2530 2529
2525 2531 2524
2532 2533 2534
2533 2532 2535
2533 2535 2536
2532 2537 2535
2536 2535 2537
2537 2538 2536
2539 2538 2537
2537 2532 2539
2538 2539 2540
2533 2541 2534
2541 2533 2542
2536 2542 2533
2542 2543 2541
2543 2542 2544
2544 2542 2536
2545 2543 2544
2536 2545 2544
2546 2545 2536
2540 2546 2538
2536 2538 2546
2546 2547 2545
2543 2545 2547
2547 2546 2548
2546 2540 2548
2549 2550 2551
2551 2550 2552
2552 2550 2553
2553 2550 2554
2554 2555 2553
2553 2555 2556
2556 2555 2557
2557 2555 2558
2559 2560 2561
2561 2560 2562
2562 2560 2563
2563 2560 2564
2564 2565 2563
2563 2565 2566
2566 2565 2567
2567 2565 2568
2569 2570 2571
2570 2569 2572
2571 2573 2569
2573 2571 2574
2575 2573 2574
2573 2575 2576
2577 2576 2575
2576 2577 2578
2579 2578 2577
2578 2579 2580
2579 2581 2580
2581 2579 2582
2583 2581 2582
2581 2583 2584
2570 2584 2583
2584 2570 2572
2585 2586 2587
2585 2588 2586
2585 2589 2588
2585 2590 2589
2591 2592 2593
2593 2592 2594
2593 2594 2595
2595 2594 2596
2595 2596 2597
2595 2597 2598
2598 2597 2599
2599 2600 2598
2600 2599 2601
2600 2601 2602
2603 2600 2602
2603 2602 2604
2604 2605 2603
2605 2604 2606
2607 2605 2606
2605 2607 2608
2609 2608 2607
2608 2609 2610
2611 2610 2609
2610 2611 2612
2613 2612 2611
2612 2613 2614
2615 2614 2613
2614 2615 2616
2617 2616 2615
2616 2617 2618
2619 2618 2617
2618 2619 2620
2621 2620 2619
2620 2621 2622
2623 2622 2621
2622 2623 2624
2625 2624 2623
2624 2625 2626
2627 2626 2625
2626 2627 2628
2627 2629 2628
2629 2627 2630
2630 2631 2629
2631 2630 2632
2632 2633 2631
2633 2632 2634
2635 2633 2634
2633 2635 2636
2637 2638 2639
2639 2640 2637
2637 2640 2641
2641 2640 2642
2641 2642 2643
2644 2641 2643
2644 2645 2641
2645 2644 2646
2647 2645 2646
2647 2648 2645
2648 2647 2649
2650 2648 2649
2650 2651 2648
2643 2642 2652
2653 2654 2655
2653 2656 2654
2657 2656 2653
2658 2656 2657
2659 2658 2657
2660 2658 2659
2661 2660 2659
2660 2661 2662
2661 2663 2662
2664 2663 2661
2665 2666 2667
2665 2667 2668
2665 2669 2666
2670 2665 2668
2670 2671 2665
2672 2671 2670
2672 2670 2673
2674 2671 2672
2674 2672 2675
2676 2674 2675
2676 2675 2677
2677 2678 2676
2678 2677 2679
2679 2680 2678
2681 2680 2679
2681 2682 2680
2683 2682 2681
2683 2684 2682
2683 2685 2684
2686 2684 2685
2686 2685 2687
2688 2686 2687
2688 2687 2689
2690 2688 2689
2690 2689 2691
2692 2690 2691
2690 2692 2693
2694 2693 2692
2693 2694 2695
2696 2695 2694
2695 2696 2697
2698 2697 2696
2697 2698 2699
2700 2699 2698
2699 2700 2701
2702 2701 2700
2701 2702 2703
2704 2703 2702
2703 2704 2705
2706 2705 2704
2705 2706 2707
2708 2707 2706
2707 2708 2709
2710 2709 2708
2709 2710 2711
2710 2712 2711
2712 2710 2713
2713 2714 2712
2714 2713 2715
2716 2714 2715
2714 2716 2717
2718 2719 2720
2720 2719 2721
2722 2719 2723
2719 2724 2723
2724 2719 2725
2726 2725 2727
2727 2728 2729
2727 2729 2730
2729 2728 2731
2731 2728 2732
2731 2732 2733
2732 2734 2733
2734 2732 2735
2735 2736 2734
2736 2735 2737
2737 2738 2736
2738 2737 2739
2739 2740 2738
2740 2739 2741
2741 2742 2740
2742 2741 2743
2743 2744 2742
2744 2743 2745
2745 2746 2744
2746 2745 2747
2747 2748 2746
2748 2747 2749
2749 2750 2748
2750 2749 2751
2751 2752 2750
2752 2751 2753
2753 2754 2752
2754 2753 2755
2755 2756 2754
2756 2755 2757
2757 2758 2756
2758 2757 2759
2759 2760 2758
2760 2759 2761
2762 2760 2761
2760 2762 2763
2764 2763 2762
2763 2764 2765
2765 2764 2766
2766 2764 2767
2768 2730 2769
2769 2730 2770
2770 2730 2771
2771 2730 2772
2771 2772 2773
2773 2772 2774
2774 2772 2775
2727 2730 2768
2776 2725 2728
2777 2778 2779
2780 2781 2782
2781 2780 2783
2782 2784 2780
2782 2785 2784
2785 2786 2784
2784 2786 2787
2786 2785 2788
2784 2787 2789
2784 2789 2780
2782 2790 2785
2787 2791 2789
2787 2792 2791
2793 2791 2792
2791 2793 2794
2794 2793 2795
2796 2788 2797
2798 2796 2799
2796 2798 2800
2801 2796 2802
2803 2801 2804
2798 2805 2806
2805 2807 2800
2807 2808 2809
2808 2810 2811
2807 2812 2813
2814 2813 2812
2813 2814 2815
2816 2817 2818
2817 2819 2818
2819 2820 2818
2821 2816 2818
2822 2823 2824
2823 2822 2825
2826 2825 2822
2825 2826 2827
2826 2828 2827
2829 2830 2828
2831 2832 2833
2832 2831 2834
2835 2836 2837
2836 2835 2838
2839 2840 2841
2839 2842 2840
2840 2843 2841
2844 2841 2843
2843 2845 2846
2845 2843 2847
2843 2846 2848
2849 2847 2843
2849 2843 2850
2849 2850 2851
2852 2853 2854
2854 2853 2855
2854 2855 2856
2855 2857 2856
2852 2858 2853
2852 2859 2858
2860 2859 2852
2859 2860 2861
2860 2862 2861
2863 2864 2865
2864 2863 2866
2867 2868 2869
2870 2869 2868
2869 2870 2871
2867 2872 2868
2873 2871 2870
2873 2870 2874
2870 2875 2874
2876 2875 2870
2873 2877 2871
2878 2879 2880
2878 2880 2881
2880 2882 2881
2881 2882 2883
2882 2884 2883
2882 2885 2884
2884 2885 2886
2886 2885 2887
2886 2887 2888
2887 2889 2888
2889 2890 2888
2890 2889 2891
2891 2892 2890
2892 2891 2893
2892 2893 2894
2895 2896 2897
2898 2895 2897
2899 2898 2897
2895 2900 2896
2900 2901 2896
2900 2902 2901
2903 2901 2902
2903 2902 2904
2904 2902 2905
2904 2905 2906
2906 2905 2907
2907 2905 2908
2908 2905 2909
2909 2905 2910
2905 2911 2910
2911 2912 2910
2912 2911 2913
2913 2914 2912
2915 2916 2899
2916 2915 2917
2917 2918 2916
2916 2918 2919
2919 2920 2916
2921 2918 2917
2922 2917 2915
2922 2921 2917
2922 2915 2923
2922 2923 2924
2921 2922 2925
2926 2927 2928
2927 2926 2929
2927 2929 2930
2930 2929 2931
2927 2932 2928
2933 2928 2932
2934 2933 2932
2934 2935 2933
2936 2935 2934
2929 2937 2931
2938 2931 2937
2939 2938 2937
2939 2940 2938
2939 2941 2940
2940 2941 2942
2940 2942 2943
2942 2944 2943
2944 2945 2943
2945 2946 2943
2946 2945 2947
2945 2948 2947
2949 2947 2948
2947 2949 2950
2951 2950 2949
2950 2951 2952
2953 2952 2951
2952 2953 2954
2953 2955 2954
2955 2953 2956
2955 2956 2957
2956 2958 2957
2958 2959 2957
2959 2958 2960
2961 2962 2963
2964 2963 2962
2963 2964 2965
2966 2965 2964
2965 2966 2967
2968 2967 2966
2966 2969 2968
2970 2971 2972
2972 2973 2970
2973 2972 2974
2974 2975 2973
2975 2974 2976
2977 2975 2976
2978 2979 2980
2981 2982 2983
2982 2981 2984
2984 2985 2982
2985 2984 2986
2987 2985 2986
2985 2987 2988
2988 2987 2989
2990 2988 2989
2990 2991 2988
2991 2990 2992
2991 2992 2993
2994 2991 2993
2991 2994 2995
2996 2995 2994
2997 2995 2996
2997 2998 2995
2997 2999 2998
2997 3000 2999
3001 3002 3003
3004 3002 3001
3005 3004 3001
3003 3002 3006
3003 3006 3007
3006 3008 3007
3008 3009 3007
3010 3009 3008
3010 3008 3011
3012 3004 3005
3013 3012 3005
3014 3012 3013
2983 3012 3014
2983 3014 2981
3008 3015 3011
3011 3015 3016
3015 3017 3016
3016 3017 3018
3018 3017 3019
3019 3017 3020
3021 3022 3023
3022 3021 3024
3022 3024 3025
3026 3025 3024
3022 3027 3023
3027 3022 3028
3029 3027 3028
3029 3028 3030
3031 3029 3030
3031 3030 3032
3032 3033 3031
3033 3032 3034
3035 3033 3034
3033 3035 3036
3037 3036 3035
3036 3037 3038
3037 3039 3038
3039 3040 3038
3039 3041 3040
3041 3042 3040
3042 3041 3043
3042 3043 3044
3043 3045 3044
3045 3046 3044
3047 3048 3049
3050 3048 3047
3051 3050 3047
3052 3050 3051
3053 3052 3051
3054 3052 3053
3049 3048 3055
3055 3056 3049
3049 3056 3057
3058 3049 3057
3057 3059 3058
3059 3060 3058
3061 3062 3063
3062 3061 3064
3061 3063 3065
3066 3065 3063
3065 3066 3067
3066 3068 3067
3068 3066 3069
3069 3070 3068
3070 3069 3071
3071 3072 3070
3072 3071 3073
3073 3074 3072
3074 3073 3075
3075 3076 3074
3076 3075 3077
3077 3078 3076
3078 3077 3079
3078 3079 3080
3079 3081 3080
3080 3081 3082
3083 3082 3081
3084 3085 3086
3087 3086 3085
3086 3087 3088
3089 3088 3087
3088 3089 3090
3091 3090 3089
3090 3091 3092
3093 3092 3091
3092 3093 3094
3093 3095 3094
3095 3093 3096
3097 3095 3096
3095 3097 3098
3099 3098 3097
3098 3099 3100
3099 3101 3100
3101 3099 3102
3103 3101 3102
3101 3103 3104
3105 3104 3103
3104 3105 3106
3106 3105 3107
3105 3108 3107
3109 3062 3064
3110 3111 3112
3113 3114 3115
3114 3116 3115
3116 3117 3115
3117 3118 3115
3119 3120 3121
3120 3122 3121
3122 3123 3121
3121 3123 3124
3125 3126 3127
3125 3128 3126
3128 3129 3126
3128 3130 3129
3128 3131 3130
3131 3132 3130
3131 3133 3132
3133 3131 3134
3134 3135 3133
3136 3137 3138
3137 3139 3138
3137 3140 3139
3141 3142 3143
3141 3143 3144
3145 3141 3144
3146 3147 3148
3147 3146 3149
3148 3150 3146
3150 3148 3151
3151 3152 3150
3152 3151 3153
3147 3149 3154
3155 3156 3157
3158 3157 3156
3157 3158 3159
3160 3161 3158
3161 3160 3162
3163 3164 3160
3164 3163 3165
3166 3163 3167
3163 627 3168
3163 3168 3169
3163 3169 3170
627 3171 3172
3171 627 3173
3171 3174 3172
3174 3175 3172
3174 3176 3175
3176 3177 3175
3176 3178 3177
3176 3179 3178
3179 3176 3180
3180 3181 3179
3181 3180 3182
3182 3183 3181
3183 3182 3184
3185 3183 3184
3186 3185 3184
3187 3188 3189
3187 3189 3190
3191 3187 3190
3192 3191 3190
3191 3192 3193
3192 3194 3193
3194 3192 3195
3195 3196 3194
3194 3197 3193
3196 3197 3194
3196 3195 3198
3196 3198 3199
3200 3196 3199
3196 3200 3201
3196 3201 3197
3200 3199 3202
3199 3198 3203
3199 3203 3202
3203 3204 3202
3204 3203 3205
3204 3205 3206
3191 3193 3207
3197 3207 3193
3208 3191 3207
3209 3210 3211
3210 3212 3211
3212 3210 3213
3213 3214 3212
3214 3213 3215
3215 3216 3214
3216 3215 3217
3217 3218 3216
3216 3218 3219
3216 3219 3220
3216 3220 3221
679 3222 3223
3223 3224 679
3223 3222 3225
3225 3222 3226
3225 3226 3227
3227 3226 3228
3227 3228 3229
3230 3227 3229
3227 3230 3231
3232 3231 3230
3231 3232 3233
3234 3233 3232
3233 3234 3235
3236 3235 3234
3237 3235 3236
3238 3239 3240
3238 3241 3239
3242 3241 3238
3242 3243 3241
3243 3242 3244
3245 3243 3244
3243 3245 3246
3246 3245 3247
3245 3244 3248
3247 3245 3248
3247 3249 3246
3247 3250 3249
3247 3251 3250
3251 3247 3252
3247 3248 3252
3251 3253 3250
3250 3254 3249
3250 3253 3254
3255 3254 3253
3254 3255 3256
3255 3257 3256
3242 3258 3244
3248 3244 3258
3259 3258 3242
3260 3261 3262
3262 3261 3263
3264 3263 3261
3261 3265 3264
3265 3266 3264
3266 3267 3264
3267 3268 3264
3267 3269 3268
3269 3270 3268
3271 3270 3269
3270 3271 3272
3271 3273 3272
3273 3274 3272
3274 3273 3275
3274 3275 3276
3263 3264 3277
3277 3278 3263
3277 3264 3279
3277 3279 3280
3277 3280 3281
3281 3282 3277
3283 3277 3282
3282 3281 3284
3284 3285 3282
3285 3286 3282
3286 3285 3287
3287 3285 3288
3289 3286 3287
3289 3287 3290
3287 3291 3290
3291 3287 3292
3293 3291 3292
3293 3292 3294
3289 3295 3286
3286 3295 3296
3262 3286 3296
3262 3296 3297
3298 3262 3297
3298 3297 3299
3299 3300 3298
3300 3301 3298
3300 3299 3302
3303 3293 3294
3303 3294 3304
3303 3304 3305
3285 3305 3304
3305 3285 3306
3307 3293 3303
3308 3307 3303
3307 3308 3309
3310 3309 3308
3309 3310 3311
3307 3312 3293
3312 3313 3293
3313 3314 3293
3314 3315 3293
3315 3314 3316
3316 3317 3315
3284 3306 3285
3318 3314 3319
3320 3318 3319
3319 3321 3320
3321 3319 3322
3323 3321 3322
3324 3323 3322
3323 3324 3325
3326 3325 3324
3324 3327 3326
3327 3324 3328
3329 3327 3328
3327 3329 3330
3331 3330 3329
3330 3331 3332
3333 3332 3331
3332 3333 3334
3335 3334 3333
3334 3335 3336
3335 3337 3336
3335 3338 3337
3338 3339 3337
3338 3340 3339
3340 3338 3341
3342 3340 3341
3343 3342 3341
3344 3341 3338
3345 3344 3338
3345 3346 3344
3346 3347 3344
3346 3348 3347
3348 3346 3349
3350 3348 3349
3348 3350 3351
3352 3348 3351
3353 3351 3350
3351 3353 3354
3353 3355 3354
3353 3356 3355
3356 3353 3357
3358 3356 3357
3358 3359 3356
3358 3360 3359
3358 3357 3361
3362 3358 3361
3362 3361 3363
3264 3362 3363
3264 3364 3362
3365 3364 3264
3366 3365 3264
3264 3367 3366
3264 3368 3367
3264 3369 3368
3369 3370 3368
3368 3370 3371
3368 3371 3372
3372 3371 3373
3374 3373 3371
3373 3374 3375
3375 3374 3376
3264 3363 3377
3264 3377 3279
3378 3379 3380
3381 3380 3379
3381 3379 3382
3379 3383 3382
3384 3382 3383
3382 3384 3385
3386 3385 3384
3386 3387 3385
3383 3379 3388
3388 3379 3389
3390 3387 3386
3387 3390 3391
3387 3391 3392
3391 3393 3392
3393 3394 3392
3394 3393 3395
3394 3395 3396
3379 3397 3389
3379 3398 3397
3398 3399 3397
3398 3400 3399
3401 3400 3398
3401 3398 3402
3402 3398 3403
3404 3405 3406
3404 3407 3405
3408 3405 3407
3409 3408 3407
3410 3409 3407
3411 3409 3410
3411 3410 3412
3406 3405 3413
3405 3414 3413
3414 3415 3413
3415 3414 3416
3416 3417 3415
3418 3406 3413
3419 3418 3413
3419 3420 3418
3421 3420 3419
3420 3421 3422
3421 3423 3422
3424 3423 3421
3424 3425 3423
3424 3426 3425
3427 3426 3424
3426 3427 3428
3429 3428 3427
3429 3430 3428
3431 3430 3429
3430 3431 3432
3433 3432 3431
3432 3433 3434
3433 3435 3434
3435 3433 3436
3437 3435 3436
3438 3437 3436
3439 3437 3438
3437 3439 3440
3439 3441 3440
3441 3442 3440
3441 3443 3442
3442 3443 3444
3445 3442 3444
3446 3447 3448
3446 3449 3447
3446 3450 3449
3451 3447 3449
3452 3451 3449
3450 3452 3449
3447 3451 3453
3453 3454 3447
3454 3455 3447
3454 3456 3455
3456 3457 3455
3457 3456 3458
3458 3459 3457
3459 3460 3457
3452 3450 3461
3462 3461 3450
3463 3462 3450
3464 3463 3450
3465 3464 3450
3462 3466 3461
3466 3467 3461
3467 3466 3468
3469 3467 3468
3467 3469 3470
3471 3470 3469
3470 3471 3472
3471 3473 3472
3473 3474 3472
3473 3475 3474
3476 3474 3475
3477 3476 3475
3477 3478 3476
3478 3479 3476
3478 3480 3479
3450 3481 3465
3482 3481 3450
3483 3482 3450
3484 3483 3450
3485 3484 3450
3485 3450 3446
3486 3485 3446
3448 3486 3446
3487 3486 3448
3488 3487 3448
3489 3488 3448
3488 3489 3490
3490 3491 3488
3491 3490 3492
3493 3491 3492
3494 3493 3492
3495 3496 3497
3496 3495 3498
3499 3498 3495
3499 3495 3500
3499 3500 3501
3502 3501 3500
3502 3500 3503
3502 3503 3504
3504 3503 3505
3503 3506 3505
3505 3506 3507
3508 3505 3507
3509 3507 3506
3507 3509 3510
3511 3510 3509
3510 3511 3512
3511 3513 3512
3513 3511 3514
3513 3514 3515
3513 3515 3516
3513 3516 3517
3513 3517 3518
3518 3517 3519
3518 3519 3520
3520 3519 3521
3520 3521 3522
3523 3522 3521
3522 3523 3524
3524 3523 3525
3526 3527 3528
3527 3526 3529
3530 3531 3532
3531 3530 3533
3534 3535 3536
3536 3535 3537
3536 3537 3538
3539 3536 3538
3540 3539 3538
3539 3540 3541
3542 3539 3541
3543 3542 3541
3544 3542 3543
3544 3543 3545
3546 3544 3545
3546 3547 3544
3547 3546 3548
3547 3548 3549
3550 3547 3549
3551 3550 3549
3551 3552 3550
3552 3551 3553
3554 3552 3553
3553 3555 3554
3555 3556 3554
3557 3556 3555
3558 3556 3557
3558 3559 3556
3558 3560 3559
3561 3559 3560
3562 3559 3561
3561 3563 3562
3563 3561 3564
3565 3563 3564
3564 3566 3565
3566 3567 3565
3567 3566 3568
3568 3569 3567
3569 3570 3567
3571 3570 3569
3572 3570 3571
3573 3572 3571
3574 3572 3573
3575 3572 3574
3576 3575 3574
3576 3577 3575
3577 3576 3578
3578 3579 3577
3579 3578 3580
3581 3579 3580
3579 3581 3582
3583 3582 3581
3584 3571 3569
3585 3571 3584
3585 3586 3571
3585 3587 3586
3587 3585 3588
3587 3588 3589
3590 3589 3588
3591 3590 3588
3592 3590 3591
3593 3592 3591
3593 3594 3592
3594 3593 3595
3596 3594 3595
3597 3596 3595
3597 3598 3596
3598 3597 3599
3599 3600 3598
3600 3599 3601
3602 3603 3604
3605 3602 3604
3602 3605 3606
3607 3606 3605
3606 3607 3608
3609 3608 3607
3608 3609 3610
3609 3611 3610
3611 3609 3612
3613 3611 3612
3612 3614 3613
3614 3612 3615
3616 3614 3615
3584 3569 3617
3568 3617 3569
3618 3619 3620
3620 3619 3621
3620 3621 3622
3622 3623 3620
3623 3622 3624
3625 3623 3624
3618 3626 3619
3625 3627 3623
3628 3627 3625
3629 3627 3628
3626 3618 3630
3626 3630 3631
3631 3630 3632
3633 3631 3632
3632 3634 3633
3635 3633 3634
3635 3634 3636
3637 3635 3636
3637 3636 3638
3638 3639 3637
3638 3640 3639
3640 3641 3639
3640 3642 3641
3641 3642 3643
3642 3644 3643
3643 3644 3645
3646 3647 3648
3646 3648 3649
3646 3649 3650
3649 3651 3650
3651 3649 3652
3652 3653 3651
3653 3652 3654
3654 3655 3653
3655 3654 3656
3656 3657 3655
3657 3656 3658
3658 3659 3657
3659 3658 3660
3659 3660 3661
3647 3662 3648
3647 3663 3662
3664 3665 3663
3665 3664 3666
3666 3667 3665
3667 3666 3668
3668 3669 3667
3669 3668 3670
3671 3669 3670
3669 3671 3672
3671 3673 3672
3673 3671 3674
3674 3675 3673
3675 3674 3676
3676 3677 3675
3677 3676 3678
3663 3647 3664
3678 3679 3677
3680 3681 3682
3681 3683 3682
3683 3681 3684
3683 3684 3685
3684 3686 3685
3685 3686 3687
3686 3688 3687
3688 3686 3689
3688 3689 3690
3689 3691 3690
3690 3691 3692
3691 3693 3692
3693 3691 3694
3694 3695 3693
3695 3694 3696
3696 3697 3695
3698 3699 3700
3701 3700 3699
3700 3701 3702
3703 3702 3701
3704 3703 3701
3705 3703 3704
3706 3705 3704
3707 3705 3706
3699 3698 3708
3709 3699 3708
3709 3708 3710
3711 3709 3710
3712 3707 3706
3712 3706 3713
3713 3714 3712
3714 3713 3715
3715 3716 3714
3716 3715 3717
3717 3718 3716
3719 3720 3721
3720 3719 3722
3723 3722 3724
3723 3724 3725
3726 3723 3725
3725 3727 3726
3727 3728 3726
3728 3727 3729
3730 3728 3729
3728 3730 3731
3730 3732 3731
3732 3730 3733
3733 3734 3732
3734 3733 3735
3735 3736 3734
3736 3735 3737
3737 3738 3736
3738 3737 3739
3739 3740 3738
3740 3741 3738
3741 3740 3742
3742 3743 3741
3743 3742 3744
3745 3746 3747
3748 3747 3746
3747 3748 3749
3750 3749 3748
3749 3750 3751
3752 3753 3754
3753 3752 3755
3753 3755 3756
3752 3757 3755
3757 3758 3755
3758 3759 3755
3755 3760 3756
3755 3759 3760
3760 3761 3756
3761 3760 3762
3762 3763 3761
3763 3762 3764
3765 3763 3764
3763 3765 3766
3766 3765 3767
3768 3767 3765
3767 3768 3769
3770 3767 3769
3767 3770 3771
3770 3772 3771
3772 3770 3773
3774 3772 3773
3758 3775 3759
3776 3777 3775
3778 3777 3776
3777 3778 3779
3780 3779 3778
3779 3780 3781
3782 3781 3780
3781 3782 3783
3784 3785 3786
3785 3784 3787
3784 3786 3788
3789 3788 3786
3788 3789 3790
3791 3790 3789
3790 3791 3792
3793 3792 3791
3792 3793 3794
3795 3794 3793
3794 3795 3796
3797 3796 3795
3796 3797 3798
3798 3797 3799
3798 3799 3800
3799 3801 3800
3802 3785 3787
3803 3804 3805
3805 3804 3806
3807 3803 3805
3808 3803 3807
3808 3809 3803
3810 3811 3812
3811 3810 3813
3811 3814 3812
3815 3814 3811
3814 3815 3816
3815 3817 3816
3815 3818 3817
3818 3819 3817
3818 3820 3819
3813 3810 3821
3821 3822 3813
3822 3821 3823
3823 3824 3822
3824 3825 3822
3824 3826 3825
3826 3827 3825
3827 3828 3825
3819 3820 3829
3819 3829 3830
3820 3831 3829
3820 3832 3831
3833 3834 3835
3836 3835 3834
3835 3836 3837
3838 3837 3836
3837 3838 3839
3840 3839 3838
3839 3840 3841
3840 3842 3841
3842 3840 3843
3844 3842 3843
3842 3844 3845
3846 3845 3844
3845 3846 3847
3848 3847 3846
3834 3833 3849
3850 3851 3848
3851 3850 3852
3853 3854 3855
3853 3856 3854
3856 3853 3857
3857 3858 3856
3858 3857 3859
3860 3861 3862
3860 3863 3861
3860 3864 3863
3861 3865 3862
3864 3866 3863
3864 3867 3866
3868 3866 3867
3866 3868 3869
3868 3870 3869
3871 3869 3870
3869 3871 3872
3873 3872 3871
3872 3873 3874
3875 3874 3873
3874 3875 3876
3877 3876 3875
3878 3879 3880
3881 3879 3878
3879 3881 3882
3881 3883 3882
3883 3884 3882
3883 3885 3884
3883 3886 3885
3886 3887 3885
3886 3888 3887
3888 3889 3887
3888 3890 3889
3890 3888 3891
3891 3892 3890
3891 3893 3892
3891 3894 3893
3894 3895 3893
3880 3896 3897
3878 3880 3897
3898 3899 3900
3899 3901 3900
3901 3899 3902
3902 3903 3901
3903 3902 3904
3905 3903 3904
3903 3905 3906
3907 3906 3905
3908 3906 3907
3908 3907 3909
3908 3909 3910
3908 3910 3911
3908 3911 3912
3913 3908 3912
3914 3913 3912
3914 3915 3913
3915 3914 3916
3916 3917 3915
3917 3916 3918
3918 3919 3917
3919 3918 3920
3921 3919 3920
3920 3922 3921
3922 3923 3921
3924 3923 3922
3925 3926 3924
3926 3925 3927
3925 3928 3927
3928 3925 3929
3929 3930 3928
3930 3929 3931
3931 3932 3930
3932 3931 3933
3934 3932 3933
3932 3934 3935
3936 3935 3934
3935 3936 3937
3938 3937 3936
3937 3938 3939
3940 3939 3938
3939 3940 3941
3942 3941 3940
3941 3942 3943
3943 3942 3944
3945 3946 3947
3946 3945 3948
3949 3948 3945
3948 3949 3950
3951 3950 3949
3950 3951 3952
3953 3952 3951
3952 3953 3954
3955 3954 3953
3954 3955 3956
3955 3957 3956
3957 3955 3958
3958 3959 3957
3958 3960 3959
3961 3947 3946
3959 3960 3962
3963 3959 3962
3963 3962 3964
3965 3963 3964
3965 3966 3963
3967 3966 3965
3968 3967 3965
3968 3969 3967
3970 3969 3968
3971 3969 3970
3969 3971 3972
3973 3972 3971
3972 3973 3974
3975 3974 3973
3974 3975 3976
3977 3976 3975
3976 3977 3978
3977 3979 3978
3979 3977 3980
3980 3981 3979
3981 3980 3982
3982 3983 3981
3983 3982 3984
3984 3985 3983
3985 3984 3986
3987 3985 3986
3985 3987 3988
3989 3988 3987
3988 3989 3990
3991 3990 3989
3990 3991 3992
3993 3992 3991
3992 3993 3994
3995 3994 3993
3996 3997 3998
3998 3999 3996
3997 4000 3998
3997 4001 4000
4001 4002 4000
4002 4001 4003
4003 4004 4002
4004 4005 4002
4003 4006 4004
4007 4008 4009
4008 4010 4009
4010 4011 4009
4011 4010 4012
4012 4013 4011
4013 4014 4011
4013 4015 4014
4015 4016 4014
4008 4017 4010
4018 4019 4020
4019 4018 4021
4018 4022 4021
4022 4018 4023
4023 4024 4022
4024 4023 4025
4025 4026 4024
4026 4025 4027
4028 4020 4019
4020 4028 4029
4027 4030 4026
4030 4027 4031
4031 4032 4030
4032 4031 4033
4034 4032 4033
4028 4035 4029
4035 4028 4036
4037 4038 4039
4038 4037 4040
4040 4041 4038
4041 4040 4042
4042 4043 4041
4039 4044 4037
4044 4039 4045
4045 4046 4044
4046 4045 4047
4048 4046 4047
4046 4048 4049
4050 4049 4048
4049 4050 4051
4052 4051 4050
4051 4052 4053
4054 4053 4052
4055 4053 4054
4056 4057 4058
4056 4059 4057
4059 4060 4057
4060 4061 4057
4060 4062 4061
4060 4063 4062
4060 4064 4063
4064 4065 4063
4065 4066 4063
4067 4066 4065
4066 4067 4068
4067 4069 4068
4070 4056 4058
4070 4058 4071
4072 4070 4071
4070 4072 4073
4072 4074 4073
4074 4072 4075
4075 4076 4074
4076 4075 4077
4078 4076 4077
4076 4078 4079
4080 4079 4078
4081 4082 4083
4084 4082 4081
4082 4084 4085
4084 4086 4085
4086 4084 4087
4087 4088 4086
4088 4087 4089
4089 4090 4088
4091 4090 4089
4091 4092 4090
4091 4093 4092
4091 4094 4093
4091 4095 4094
4096 4095 4091
4096 4097 4095
4097 4096 4098
4099 4097 4098
4100 4101 4102
4102 4101 4103
4100 4104 4101
4100 4105 4104
4105 4106 4104
4105 4107 4106
4107 4108 4106
4107 4109 4108
4109 4110 4108
4101 4111 4103
4103 4111 4112
4111 4113 4112
4112 4113 4114
4113 4115 4114
4116 4114 4115
4114 4116 4117
4117 4116 4118
4119 4120 4121
4120 4122 4121
4122 4123 4121
4123 4122 4124
4125 4123 4124
4123 4125 4126
4127 4126 4125
4128 4126 4127
4120 4129 4122
4130 4131 4132
4131 4130 4133
4131 4134 4132
4134 4131 4135
4131 4136 4135
4135 4136 4137
4135 4137 4138
4139 4133 4130
4140 4139 4130
4139 4141 4133
4142 4143 4144
4145 4146 4147
4146 4145 4148
4146 4149 4150
4149 4146 4151
4152 4151 4153
4151 4152 4154
4155 4153 4156
4153 4155 4157
4158 4156 4159
4156 4158 4160
4161 4162 4159
4163 4164 4165
4164 4163 4166
4167 4166 4168
4166 4167 4169
4170 4169 4171
4169 4170 4172
4173 4174 4164
4174 4173 4175
4176 4172 4177
4178 4179 4180
4179 4178 4181
4182 4180 4179
4180 4182 4183
4182 4184 4183
4184 4182 4185
4185 4186 4184
4186 4185 4187
4188 4186 4187
4181 4178 4189
4181 4189 4190
4191 4190 4192
4190 4191 4193
4193 4194 4190
4194 4193 4195
4196 4194 4195
4197 4196 4195
4192 4198 4191
4198 4192 4199
4192 4200 4199
4201 4202 4203
4204 4203 4202
4203 4204 4205
4206 4205 4204
4205 4206 4207
4208 4207 4206
4207 4208 4209
4210 4209 4208
4209 4210 4211
4212 4211 4210
4212 4213 4211
4214 4213 4212
4215 4216 4217
4216 4215 4218
4219 4218 4220
4218 4219 4221
4222 4221 4223
4221 4222 4224
4225 4224 4226
4224 4225 4227
4228 4229 4227
4229 4228 4230
4231 4232 4229
4232 4231 4233
4234 4235 4236
4235 4237 4236
4237 4235 4238
4238 4239 4237
4239 4238 4240
4240 4241 4239
4241 4242 4239
4241 4243 4242
4243 4244 4242
4234 4236 4245
4246 4247 4248
4247 4246 4249
4250 4251 4252
4251 4250 4253
4254 4252 4251
4252 4254 4255
4256 4253 4250
4253 4256 4257
4256 4258 4257
4258 4256 4259
4259 4260 4258
4260 4259 4261
4261 4262 4260
4262 4261 4263
4264 4255 4254
4263 4265 4262
4263 4266 4265
4265 4266 4267
4267 4266 4268
4268 4269 4267
4268 4270 4269
4270 4271 4269
4270 4272 4271
4271 4272 4273
4273 4272 4274
4273 4274 4275
4273 4275 4276
4275 4277 4276
4277 4278 4276
4276 4278 4279
4278 4280 4279
4280 4281 4279
4281 4282 4279
4283 4284 4285
4284 4283 4286
4287 4288 4283
4288 4287 4289
4290 4291 4288
4291 4290 4292
4293 4294 4291
4294 4293 4295
4296 4297 4294
4297 4296 4298
4299 4300 4297
4300 4299 4301
4302 4300 4303
4300 4302 4304
4305 4306 4307
4306 4305 4308
4309 4305 4310
4305 4309 4311
4312 4311 4313
4311 4312 4314
4315 4314 4316
4314 4315 4317
4318 4317 4319
4317 4318 4320
4321 4320 4322
4320 4321 4323
4324 4325 4326
4325 4324 4327
4328 4327 4329
4327 4328 4330
4331 4332 4330
4332 4331 4333
4334 4332 4335
4332 4334 4336
4337 4336 4338
4336 4337 4286
4339 4340 4325
4340 4339 4341
4342 4343 4339
4343 4342 4344
4345 4346 4347
4346 4345 4348
4347 4349 4345
4349 4347 4350
4351 4349 4350
4348 4352 4346
4352 4348 4353
4352 4353 4354
4351 4355 4349
4352 4354 4356
4357 4354 4353
4354 4357 4358
4357 4359 4358
4359 4357 4360
4360 4361 4359
4361 4360 4362
4363 4361 4362
4361 4363 4364
4365 4364 4363
4364 4365 4366
4367 4366 4365
4368 4366 4367
4351 4369 4355
4351 4370 4369
4370 4351 4371
4371 4372 4373
4374 4375 4376
4374 4377 4375
4375 4378 4376
4378 4379 4376
4378 4380 4379
4381 4382 4383
4382 4381 4384
4385 4381 4383
4381 4385 4386
4387 4388 4389
4388 4387 4390
4389 4391 4387
4389 4392 4391
4393 4394 4395
4396 4395 4394
4395 4396 4397
4396 4398 4397
4398 4396 4399
4400 4398 4399
4401 4402 4403
4402 4401 4404
4402 4405 4403
4405 4402 4406
4407 4408 4409
4408 4410 4409
4411 4409 4410
4409 4411 4412
4411 4413 4412
4413 4414 4412
4414 4413 4415
4415 4416 4414
4416 4415 4417
4418 4416 4417
4416 4418 4419
4420 4421 4422
4421 4420 4423
4422 4424 4420
4424 4422 4425
4425 4426 4424
4426 4425 4427
4427 4428 4426
4427 4429 4428
4430 4431 4432
4431 4433 4432
4431 4434 4433
4430 4435 4431
4430 4436 4435
4436 4437 4435
4437 4438 4435
4437 4439 4438
4439 4440 4438
4440 4441 4438
4440 4442 4441
4442 4443 4441
4443 4444 4441
4443 4445 4444
4445 4446 4444
4447 4448 4449
4449 4450 4447
4450 4449 4451
4447 4452 4448
4453 4448 4452
4448 4453 4454
4453 4455 4454
4455 4453 4456
4457 4455 4456
4457 4458 4455
4459 4458 4457
4458 4459 4460
4461 4462 4463
4461 4464 4462
4461 4465 4464
4462 4466 4463
4467 4468 4469
4467 4469 4470
4469 4468 4471
4471 4468 4472
4471 4472 4473
4474 4475 4476
4475 4474 4477
4474 4478 4477
4478 4474 4479
4480 4481 4482
4481 4480 4483
4483 4480 4484
4483 4484 4485
4486 4487 4488
4487 4486 4489
4490 4489 4486
4489 4490 4491
4492 4493 4494
4493 4495 4494
4493 4496 4495
4496 4493 4497
4496 4497 4498
4499 4498 4497
4498 4499 4500
4501 4500 4499
4500 4501 4502
4501 4503 4502
4503 4501 4504
4505 4506 4507
4506 4505 4508
4509 4508 4505
4508 4509 4510
4511 4510 4509
4510 4511 4512
4513 4512 4511
4512 4513 4514
4515 4516 4517
4515 4517 4518
4518 4517 4519
4519 4517 4520
4519 4520 4521
4521 4520 4522
4522 4520 4523
4522 4523 4524
4524 4523 4525
4525 4523 4526
4525 4526 4527
4527 4526 4528
4515 4529 4516
4516 4529 4530
4516 4530 4531
4532 4533 4534
4532 4534 4535
4532 4535 4536
4534 4533 4537
4538 4539 4540
4540 4539 4541
4540 4541 4542
4541 4543 4542
4543 4541 4544
4543 4544 4545
4546 4545 4544
4545 4546 4547
4546 4548 4547
4548 4546 4549
4549 4550 4548
4550 4549 4551
4552 4553 4554
4553 4552 4555
4556 4555 4552
4555 4556 4557
4558 4557 4556
4557 4558 4559
4559 4558 4560
4559 4560 4561
4560 4562 4561
4563 4564 4565
4563 4565 4566
4566 4565 4567
4567 4565 4568
4567 4568 4569
4569 4568 4570
4570 4568 4571
4570 4571 4572
4572 4571 4573
4573 4571 4574
4573 4574 4575
4575 4574 4576
4563 4577 4564
4564 4577 4578
4579 4564 4578
4564 4579 4580
4581 4582 4583
4584 4582 4581
4582 4584 4585
4581 4583 4586
4583 4587 4586
4587 4583 4588
4589 4587 4588
4587 4589 4590
4591 4590 4589
4591 4589 4592
4592 4593 4591
4593 4592 4594
4595 4596 4584
4597 4596 4595
4597 4595 4598
4597 4598 4599
4600 4593 4601
4602 4600 4601
4602 4603 4600
4602 4604 4603
4605 4606 4607
4607 4606 4608
4608 4606 4609
4610 4608 4609
4608 4610 4611
4610 4612 4611
4612 4613 4611
4613 4612 4614
4615 4613 4614
4613 4615 4616
4617 4616 4615
4616 4617 4618
4619 4620 4621
4620 4619 4622
4621 4623 4619
4623 4621 4624
4624 4625 4623
4625 4624 4626
4626 4627 4625
4627 4626 4628
4629 4630 4631
4630 4632 4631
4630 4633 4632
4629 4634 4630
4629 4635 4634
4635 4636 4634
4636 4637 4634
4636 4638 4637
4638 4639 4637
4639 4640 4637
4639 4641 4640
4641 4642 4640
4642 4643 4640
4642 4644 4643
4644 4645 4643
4646 4647 4648
4647 4646 4649
4648 4650 4646
4650 4648 4651
4651 4652 4650
4652 4651 4653
4653 4654 4652
4654 4653 4655
4655 4656 4654
4656 4655 4657
4658 4657 4659
4657 4658 4660
4661 4662 4663
4662 4661 4664
4665 4661 4663
4661 4665 4666
4667 4666 4665
4666 4667 4668
4669 4668 4667
4668 4669 4670
4671 4670 4669
4670 4671 4672
4673 4672 4671
4672 4673 4674
4675 4676 4677
4676 4675 4678
4679 4680 4681
4680 4679 4682
4683 4684 4685
4684 4686 4685
4686 4687 4685
4683 4685 4688
4685 4687 4689
4690 4691 4692
4691 4690 4693
4694 4695 4696
4695 4694 4697
4698 4699 4700
4699 4698 4701
4702 4703 4704
4703 4702 4705
4706 4707 4708
4707 4706 4709
4710 4711 4712
4713 4714 4715
3085 3084 4716
4716 3084 4717
4718 2186 2188
2186 4718 4719
4720 4719 4718
4719 4720 4721
4722 4721 4720
4723 4722 4720
4722 4723 4724
4725 4724 4723
4723 4726 4725
4726 4727 4725
4728 4727 4726
4727 4728 4729
4728 4730 4729
4730 4728 4731
4732 4730 4731
4733 4732 4731
4732 4733 4734
4735 4732 4734
4735 4734 4736
4737 4735 4736
4738 4737 4736
4737 4738 4739
4740 4741 4742
4741 4743 4742
4743 4744 4742
4745 4744 4743
4745 4746 4744
4745 4747 4746
4746 4747 4748
4749 4746 4748
4749 4748 4750
4749 4750 4751
4752 4753 4754
4755 4752 4754
4756 4755 4754
4756 4754 4757
4754 4758 4757
4759 4757 4758
4760 4759 4758
4761 4759 4760
4762 4761 4760
4763 4764 4765
4764 4763 4766
4763 4767 4766
4767 4763 4768
4768 4769 4767
4769 4768 4770
4770 4771 4769
4771 4770 4772
4772 4773 4771
4773 4772 4774
4774 4775 4773
4775 4774 4776
4776 4777 4775
4777 4776 4778
4779 4777 4778
4777 4779 4780
4781 4780 4779
4780 4781 4782
4782 4781 4783
4784 4785 4786
4785 4784 4787
4788 4787 4784
4787 4788 4789
4788 4790 4789
4790 4791 4789
4790 4792 4791
4793 4792 4790
4792 4793 4794
4792 4795 4791
4793 4796 4794
4796 4793 4797
4797 4798 4796
4797 4799 4798
4792 4800 4795
4800 4801 4795
4800 4802 4801
4802 4803 4801
4803 4804 4801
3262 3263 3286
4805 4806 4807
4806 4808 4807
4809 4810 4811
4812 4813 4814
4815 4816 4817
4816 4818 4817
4819 4820 4821
4822 4823 4824
4825 4824 4823
4826 4827 4828
4829 4830 4831
4832 4829 4831
4833 4834 4835
3281 4835 4834
4835 3281 3280
3324 4836 3328
4836 4837 3328
4838 4839 4840
4839 4841 4840
4839 4842 4841
4839 4843 4842
4842 4844 4841
4845 4841 4844
4841 4845 4840
4838 4846 4839
4839 4847 4843
4839 4848 4847
4839 4846 4848
4848 4849 4847
4850 4848 4846
4848 4850 4849
4851 4852 4853
4852 4854 4853
4851 4855 4852
4851 4856 4855
4857 4856 4851
4856 4857 4858
4857 4859 4858
4859 4857 4860
4860 4861 4859
4860 4862 4861
4862 4863 4861
4862 4864 4863
4862 4865 4864
4862 4866 4865
4866 4867 4865
4866 4868 4867
4866 4869 4868
4866 4870 4869
4870 4871 4869
4870 4872 4871
4873 4874 4875
4873 4876 4874
4876 4877 4874
4877 4876 4878
4878 4879 4877
4880 4875 4874
4875 4880 4881
4882 4877 4879
4882 4879 4883
4881 4880 4884
4881 4884 4885
4886 4887 4888
4886 4889 4887
4890 4889 4886
4891 4889 4890
4891 4892 4889
4892 4893 4889
4894 4889 4893
4889 4894 4895
4894 4896 4895
4897 4895 4896
4898 4897 4896
4898 4896 4899
4898 4899 4900
4901 4902 4903
4902 4901 4904
4903 4905 4901
4905 4903 4906
4902 4904 4907
4908 4906 4909
4908 4909 4910
4909 4911 4910
4911 4912 4910
4912 4911 4913
4913 4914 4912
4914 4913 4915
4916 4917 4918
4919 4918 4917
4918 4919 4920
4921 4920 4919
4920 4921 4922
4923 4922 4921
4924 4925 4923
4925 4924 4926
4925 4926 4927
4928 4927 4926
4927 4928 4929
4929 4928 4930
4928 4931 4930
4931 4932 4930
4933 4934 4935
4934 4936 4935
4936 4934 4937
4937 4938 4936
4938 4937 4939
4938 4939 4940
4939 4941 4940
4941 4939 4942
4942 4943 4941
4943 4942 4944
4943 4944 4945
4944 4946 4945
4947 4948 4949
4949 4948 4950
4947 4949 4951
4947 4951 4952
4952 4953 4947
4953 4952 4954
4955 4953 4954
4953 4955 4956
4956 4955 4957
4956 4957 4958
4958 4957 4959
4958 4959 4960
4958 4960 4961
4958 4961 4962
4962 4961 4963
4962 4963 4964
4962 4964 4965
4962 4965 4966
4966 4965 4967
4966 4967 4968
4969 4970 4971
4970 4969 4972
4973 4972 4969
4972 4973 4974
4975 4974 4973
4974 4975 4976
4977 4976 4975
4976 4977 4978
4979 4978 4977
4978 4979 4980
4970 4981 4971
4982 4983 4984
4983 4985 4984
4985 4983 4986
4986 4987 4985
4987 4986 4988
4989 4987 4988
4990 4991 4989
4991 4990 4992
4990 4993 4992
4994 4995 4993
4995 4994 4996
4994 4997 4996
4996 4997 4998
4998 4997 4999
5000 5001 5002
5001 5000 5003
5004 5003 5000
5003 5004 5005
5006 5005 5004
5005 5006 5007
5008 5007 5006
5007 5008 5009
5008 5010 5009
5009 5010 5011
5012 5002 5001
5013 5014 5015
5014 5013 5016
5015 5017 5013
5017 5015 5018
5019 5017 5018
5017 5019 5020
5021 5020 5019
5020 5021 5022
5023 5022 5021
5022 5023 5024
5025 5024 5023
5024 5025 5026
5014 5016 5027
5026 5025 5028
5029 5030 5031
5030 5029 5032
5033 5032 5029
5032 5033 5034
5035 5031 5030
5031 5035 5036
5037 5036 5035
5036 5037 5038
5033 5039 5034
5039 5033 5040
5040 5041 5039
5041 5040 5042
5041 5042 5043
5038 5037 5044
5045 5046 5047
5046 5045 5048
5046 5049 5047
5050 5045 5047
5049 5050 5047
5050 5049 5051
5051 5052 5050
5045 5050 5052
5052 5051 5053
5054 5046 5048
5046 5054 5055
5049 5046 5055
5056 5055 5054
5055 5056 5057
5057 5049 5055
5056 5058 5057
5049 5057 5058
5059 5049 5058
5059 5053 5051
5049 5059 5051
5060 5059 5058
5058 5056 5060
5059 5060 5061
5053 5059 5061
5062 5063 5064
5063 5065 5064
5065 5066 5064
5066 5067 5064
5067 5066 5068
5066 5069 5068
5069 5070 5068
5070 5071 5068
5072 5073 5074
5073 5075 5074
5075 5076 5074
5076 5077 5074
5077 5076 5078
5076 5079 5078
5079 5080 5078
5080 5081 5078
5082 5083 5084
5083 5082 5085
5086 5084 5083
5084 5086 5087
5086 5088 5087
5088 5086 5089
5089 5090 5088
5090 5089 5091
5091 5092 5090
5092 5091 5093
5094 5092 5093
5092 5094 5095
5094 5096 5095
5096 5094 5097
5097 5082 5096
5082 5097 5085
5098 5099 5100
5099 5101 5100
5099 5102 5101
5102 5103 5101
5102 5104 5103
5102 5105 5104
5105 5106 5104
5107 5106 5105
5106 5107 5108
5107 5109 5108
5110 5109 5107
5110 5111 5109
5112 5111 5110
5111 5112 5113
5112 5114 5113
5114 5112 5115
5115 5116 5114
5116 5115 5117
5117 5118 5116
5118 5117 5119
5119 5120 5118
5120 5119 5121
5121 5122 5120
5122 5121 5123
5123 5124 5122
5124 5123 5125
5125 5126 5124
5126 5125 5127
5127 5128 5126
5128 5127 5129
5129 5130 5128
5130 5129 5131
5131 5132 5130
5132 5131 5133
5133 5134 5132
5134 5133 5135
5136 5134 5135
5134 5136 5137
5138 5137 5136
5137 5138 5139
5140 5139 5138
5139 5140 5141
5140 5142 5141
5142 5140 5143
5144 5145 5146
5145 5144 5147
5144 5148 5147
5148 5149 5147
5148 5150 5149
5151 5150 5148
5152 5151 5148
5151 5152 5153
5154 5153 5152
5155 5154 5152
5154 5155 5156
5157 5156 5155
5157 5155 5158
5150 5159 5149
5160 5161 5162
5160 5162 5163
5164 5160 5163
5165 5164 5163
5166 5164 5165
5167 5166 5165
5167 5168 5166
5168 5167 5169
5168 5169 5170
5171 5168 5170
5172 5173 5174
5172 5175 5173
5172 5174 5176
5177 5175 5172
5177 5172 5178
5179 5177 5178
5179 5180 5177
5181 5179 5178
5181 5182 5179
5183 5182 5181
5183 5184 5182
5185 5184 5183
5184 5185 5186
5186 5185 5187
5188 5186 5187
5188 5187 5189
5190 5188 5189
5190 5189 5191
5190 5191 5192
5193 5192 5191
5193 5194 5192
5195 5194 5193
5195 5196 5194
5197 5196 5195
5197 5198 5196
5197 5199 5198
5199 5197 5200
5200 5201 5199
5201 5200 5202
5202 5203 5201
5203 5202 5204
5204 5205 5203
5205 5204 5206
5206 5207 5205
5207 5206 5208
5208 5209 5207
5209 5208 5210
5210 5211 5209
5211 5210 5212
5212 5213 5211
5213 5212 5214
5214 5215 5213
5215 5214 5216
5216 5217 5215
5217 5216 5218
5219 5217 5218
5217 5219 5220
5221 5220 5219
5220 5221 5222
5221 5223 5222
5223 5221 5224
5225 5226 5227
5226 5228 5227
5229 5230 5227
5231 5227 5230
5227 5231 5232
5233 5234 5232
5234 5235 5236
5234 5237 5235
5235 5238 5236
5238 5239 5236
5238 5240 5239
5241 5239 5240
5239 5241 5242
5243 5242 5241
5242 5243 5244
5245 5244 5243
5244 5245 5246
5247 5246 5245
5246 5247 5248
5249 5248 5247
5248 5249 5250
5251 5250 5249
5250 5251 5252
5253 5252 5251
5252 5253 5254
5255 5254 5253
5254 5255 5256
5257 5256 5255
5256 5257 5258
5259 5258 5257
5258 5259 5260
5261 5260 5259
5260 5261 5262
5263 5262 5261
5262 5263 5264
5265 5264 5263
5264 5265 5266
5267 5266 5265
5266 5267 5268
5267 5269 5268
5269 5267 5270
5270 5271 5269
5271 5270 5272
5272 5273 5271
5273 5274 5271
5275 5276 5237
5276 5277 5237
5277 5278 5237
5278 5279 5237
5278 5280 5279
5280 5281 5279
5281 5282 5279
5234 5275 5237
5283 5236 5232
5284 5285 5286
5287 5288 5289
5288 5287 5290
5289 5291 5287
5291 5289 5292
5292 5293 5291
5293 5292 5294
5294 5295 5293
5296 5290 5287
5290 5296 5297
5297 5298 5290
5298 5288 5290
5298 5297 5299
5299 5300 5298
5300 5299 5301
5302 5291 5293
5295 5302 5293
5291 5302 5303
5288 5298 5304
5287 5303 5296
5303 5287 5291
5298 5305 5304
5305 5298 5300
5300 5306 5305
5306 5300 5307
5307 5308 5306
5308 5307 5309
5309 5310 5308
5310 5309 5311
5312 5311 5309
5311 5312 5313
5313 5314 5311
5314 5313 5315
5315 5316 5314
5316 5315 5317
5317 5318 5316
5319 5314 5316
5318 5319 5316
5314 5319 5320
5311 5320 5310
5320 5311 5314
5309 5321 5312
5321 5309 5307
5307 5322 5321
5300 5322 5307
5300 5323 5322
5300 5301 5323
5324 5325 5326
5325 5324 5327
5328 5327 5324
5327 5328 5329
5330 5329 5328
5329 5330 5331
5331 5330 5332
5326 5333 5324
5333 5326 5334
5335 5334 5326
5334 5335 5336
5337 5336 5335
5336 5337 5338
5328 5339 5330
5332 5330 5339
5339 5328 5340
5326 5341 5335
5341 5326 5325
5324 5340 5328
5340 5324 5333
5335 5342 5337
5342 5335 5341
5343 5337 5342
5337 5343 5344
5345 5344 5343
5344 5345 5346
5347 5346 5345
5346 5347 5348
5348 5349 5346
5349 5344 5346
5349 5348 5350
5351 5350 5348
5350 5351 5352
5353 5352 5351
5352 5353 5354
5354 5353 5355
5351 5356 5353
5355 5353 5356
5356 5351 5357
5348 5357 5351
5357 5348 5347
5344 5349 5358
5344 5358 5359
5337 5344 5359
5337 5359 5360
5337 5360 5338
5361 5362 5363
5362 5361 5364
5365 5361 5363
5361 5365 5366
5367 5366 5365
5366 5367 5368
5367 5369 5368
5370 5364 5361
5364 5370 5371
5371 5372 5364
5372 5371 5373
5373 5374 5372
5374 5373 5375
5376 5366 5368
5369 5376 5368
5366 5376 5377
5364 5378 5362
5378 5364 5372
5361 5377 5370
5377 5361 5366
5372 5379 5378
5379 5372 5374
5374 5380 5379
5380 5374 5381
5375 5381 5374
5381 5382 5380
5382 5381 5383
5383 5384 5382
5384 5383 5385
5386 5385 5383
5385 5386 5387
5387 5388 5385
5388 5387 5389
5389 5390 5388
5390 5389 5391
5391 5392 5390
5383 5393 5386
5393 5383 5381
5381 5375 5393
5390 5394 5388
5394 5390 5395
5392 5395 5390
5388 5396 5385
5388 5394 5396
5396 5397 5385
5385 5397 5384
5398 5399 5400
5399 5398 5401
5402 5401 5398
5401 5402 5403
5404 5403 5402
5403 5404 5405
5405 5404 5406
5400 5407 5398
5407 5400 5408
5409 5408 5400
5408 5409 5410
5411 5410 5409
5410 5411 5412
5402 5413 5404
5406 5404 5413
5413 5402 5414
5400 5415 5409
5415 5400 5399
5398 5414 5402
5414 5398 5407
5409 5416 5411
5416 5409 5415
5417 5411 5416
5411 5417 5418
5418 5412 5411
5419 5418 5417
5418 5419 5420
5421 5420 5419
5420 5421 5422
5422 5423 5420
5423 5422 5424
5425 5424 5422
5424 5425 5426
5427 5426 5425
5426 5427 5428
5428 5427 5429
5420 5430 5418
5430 5420 5423
5412 5418 5430
5431 5427 5425
5427 5431 5432
5429 5427 5432
5425 5422 5433
5425 5433 5431
5433 5422 5434
5422 5421 5434
5435 5436 5437
5436 5435 5438
5439 5438 5435
5438 5439 5440
5441 5440 5439
5440 5441 5442
5442 5441 5443
5437 5444 5435
5444 5437 5445
5446 5445 5437
5436 5446 5437
5445 5446 5447
5448 5447 5446
5447 5448 5449
5439 5450 5441
5443 5441 5450
5450 5439 5451
5446 5436 5452
5435 5451 5439
5451 5435 5444
5446 5453 5448
5453 5446 5452
5454 5448 5453
5448 5454 5455
5456 5455 5454
5455 5456 5457
5458 5457 5456
5457 5458 5459
5459 5460 5457
5460 5455 5457
5460 5459 5461
5462 5461 5459
5461 5462 5463
5464 5463 5462
5463 5464 5465
5465 5464 5466
5462 5467 5464
5466 5464 5467
5467 5462 5468
5459 5468 5462
5468 5459 5458
5455 5460 5469
5455 5469 5470
5448 5455 5470
5448 5470 5471
5448 5471 5449
5472 5473 5474
5473 5472 5475
5474 5476 5472
5476 5474 5477
5477 5478 5476
5478 5477 5479
5479 5480 5478
5481 5475 5472
5475 5481 5482
5482 5483 5475
5483 5482 5484
5484 5485 5483
5485 5484 5486
5487 5476 5478
5480 5487 5478
5476 5487 5488
5475 5489 5473
5489 5475 5483
5472 5488 5481
5488 5472 5476
5483 5490 5489
5490 5483 5485
5485 5491 5490
5491 5485 5492
5492 5493 5491
5493 5492 5494
5494 5495 5493
5495 5494 5496
5497 5496 5494
5492 5497 5494
5496 5497 5498
5498 5499 5496
5499 5498 5500
5500 5501 5499
5501 5500 5502
5502 5503 5501
5504 5499 5501
5503 5504 5501
5499 5504 5505
5496 5505 5495
5505 5496 5499
5497 5492 5506
5492 5507 5506
5485 5507 5492
5485 5508 5507
5485 5486 5508
5509 5510 5511
5512 5513 5514
